ts te idle avg_span std_span max_span min_span c_bytes_all c_ack_cnt c_ack_cnt_p c_pkts_all c_pkts_data s_bytes_all s_ack_cnt s_ack_cnt_p s_pkts_all s_pkts_data video_rate
0.0 10000.0 8951.753210937499 301.6506000000001 363.35949454679246 933.3270000000011 79.6369999999988 14713.0 246.0 230.0 250.0 16.0 419156.0 262.0 16.0 262.0 242.0 1500.0
10000.0 20000.0 134.94615820312538 703.1241386021205 384.2705558366998 999.7010000000009 0.0 23503.344676022538 1779.245956803005 1751.1455464744067 1779.245956803005 28.100410328598258 4701195.864700794 2126.9447258172104 26.100410328598258 2126.9447258172104 2100.8443154886118 1750.0
20000.0 30000.0 13.154732421869994 740.7774523654512 347.2173660341992 999.9279999999999 60.6240234375 14107.655323977462 1711.5083788918855 1694.6087892204837 1711.5083788918855 16.899589671401742 4175738.5751994103 2276.8142574687636 16.899589671401742 2276.8142574687636 2259.9146677973617 3000.0
30000.0 40000.0 300.66615624999395 722.2682043585534 319.20286005675024 999.8009999999995 167.822021484375 13442.649608219937 1753.36827393655 1737.2593529941132 1753.36827393655 16.108920942437056 4560758.048773325 2141.2536677774924 16.108920942437056 2141.2536677774924 2125.144746835055 3000.0
40000.0 50000.0 1483.8863515625053 626.7421346435544 392.5342603940483 999.5930000000008 53.45599999999831 11500.633249754039 1218.9438309349218 1205.1438648726391 1218.9438309349218 13.79996606228263 3389224.4750017393 1553.5071115312148 13.79996606228263 1553.5071115312148 1539.7071454689321 3000.0
50000.0 60000.0 115.55369531247561 657.4177255859387 417.8460304339249 999.7930000000051 6.84912109375 13432.564125760095 1391.896172609369 1375.7979291461202 1391.896172609369 16.098243463248693 3864115.7448132127 1746.7423302357224 16.098243463248693 1746.7423302357224 1730.6440867724739 3000.0
60000.0 70000.0 280.90574414063303 575.9018169157606 373.75254802050824 999.9689999999973 77.88099999999395 18323.15301626593 1352.137407340287 1330.1445378082553 1352.137407340287 21.99286953203162 3791729.5662942827 1656.519895795605 21.99286953203162 1656.519895795605 1634.5270262635734 2490.0
70000.0 80000.0 26.56925585938734 688.0879615478498 419.16349608583465 999.4919999999984 53.16099999999278 12443.865611183926 1324.9459173402379 1310.0244617450076 1324.9459173402379 14.921455595230317 3753472.868795863 1694.6872964916006 14.921455595230317 1694.6872964916006 1679.7658408963703 3000.0
80000.0 90000.0 785.7236796874786 679.4288265830608 342.9940304001191 999.0580000000045 57.68300000000454 14258.134388816074 1528.954062143744 1511.8755177389744 1528.954062143744 17.078544404769683 4241540.856421372 1818.5307148823915 17.078544404769683 1818.5307148823915 1801.4521704776218 3000.0
90000.0 100000.0 806.2516757812409 804.6202999770227 299.2881361186926 999.2360000000044 56.402099609375 12510.0 1402.5550667067164 1387.5550667067164 1402.5550667067164 15.0 3949159.913716304 1756.6679551206919 15.0 1756.6679551206919 1741.6679551206919 3000.0
100000.0 110000.0 29.459908203149098 859.9692550781232 209.82077700949046 999.1469999999972 322.1609999999928 12431.515213335457 1410.606966658608 1395.700178994314 1410.606966658608 14.906787664293892 4005301.4055323787 1435.8415918946896 14.906787664293892 1435.8415918946896 1420.934804230396 3000.0
110000.0 120000.0 122.51232031248219 648.2089406020232 414.3127555726458 999.872000000003 53.12399999999616 12507.714545396675 1346.8471350925336 1330.8498494091648 1346.8471350925336 14.997285683368972 3841405.85400829 1387.444428266768 14.997285683368972 1387.444428266768 1371.447142583399 3000.0
120000.0 130000.0 3211.6014453124953 551.7074449869817 420.80072978627896 999.2760000000126 37.696999999985565 20098.610406016338 1139.9703836799536 1117.0041005374162 1141.9703836799536 22.96628314253722 2680872.1690434003 1240.0430266010683 22.96628314253722 1240.0430266010683 1215.076743458531 1928.5714285714287
130000.0 140000.0 1799.8579218749946 612.4367654389907 408.47460096447537 999.5260000000126 4.820999999996275 15118.159835251532 1281.0204478621886 1261.8908043523886 1281.0204478621886 18.12964350979992 3514068.6576996264 1702.0029981167822 19.12964350979992 1702.0029981167822 1681.8733546069825 2625.0
140000.0 150000.0 552.8411835937586 808.8543822021493 262.5967678035187 999.9830000000075 188.9880000000121 12146.43391291256 1444.7760879715343 1430.2078766735383 1444.7760879715343 14.568211297995914 4015176.739203863 1966.3217783555015 14.568211297995914 1966.3217783555015 1951.7535670575057 3000.0
150000.0 160000.0 17.36540429687011 766.2626131510401 331.8652552210901 999.9729999999981 53.51199999998789 12807.939178661785 1410.3253165770905 1394.9714695715538 1410.3253165770905 15.353847005536563 3967294.404953123 1909.283981278163 15.353847005536563 1909.283981278163 1893.9301342726267 3000.0
160000.0 170000.0 1925.8094667968398 698.9751037597689 384.2433402165289 999.3360000000102 0.0 14174.114377348453 1288.1123067380013 1271.1062326556396 1288.1123067380013 17.006074082361582 3542688.633238578 1679.1337197859434 17.006074082361582 1679.1337197859434 1662.1276457035817 2600.0
170000.0 180000.0 2106.089074218733 547.4597876233563 388.03359497054174 999.8030000000144 53.421000000002095 14987.510207537156 1114.4333803733375 1096.4331319748533 1114.4333803733375 18.000248398484313 3138535.4153765757 1613.8556604512926 18.000248398484313 1613.8556604512926 1595.8554120528083 2650.0
180000.0 190000.0 446.06316992183565 541.3869494140642 431.7570060284161 998.9090000000142 0.10000000000582077 15007.319205845866 1272.8983288303443 1254.9011551226731 1272.8983288303443 17.997173707671294 3613305.0031994474 1545.729066348225 17.997173707671294 1545.729066348225 1527.7318926405533 2700.0
190000.0 200000.0 515.952050781314 681.0007517089816 380.5376334994958 999.5119999999879 53.43100000001141 13194.73613555 1304.3002375091737 1288.4727599135085 1304.3002375091737 15.827477595665083 3726149.2172751813 1823.5534359378278 15.827477595665083 1823.5534359378278 1807.7259583421628 2800.0
200000.0 210000.0 64.618482421909 634.0720003906245 376.47864299476345 999.7429999999877 56.030999999988126 16822.352730638922 1492.4037402098706 1472.2346752091119 1492.4037402098706 20.169065000758817 4161399.725128742 2048.684843510969 20.169065000758817 2048.684843510969 2028.5157785102106 2737.5
210000.0 220000.0 114.96083789059776 660.5526840820312 430.8378166205956 999.4320000000007 53.388999999995576 12521.80228909169 1344.253771623184 1329.2397546527664 1344.253771623184 15.014016970417686 3745996.4101937492 1721.4934825768526 15.014016970417686 1721.4934825768526 1706.479465606435 3000.0
220000.0 230000.0 498.47008789065876 685.5516730685728 375.88583636105545 999.377999999997 53.146999999997206 13276.358220402744 1510.43627360837 1494.5244325865576 1510.43627360837 15.911841021812426 4190154.60113249 1973.1680295285641 15.911841021812426 1973.1680295285641 1957.2561885067516 3000.0
230000.0 240000.0 645.0933964843862 732.543275065104 352.37881992957097 998.7550000000047 45.8070000000007 13281.662786339803 1438.9746140571121 1423.0574515079713 1438.9746140571121 15.917162549140718 4024402.2923256033 1656.2807655037454 15.917162549140718 1656.2807655037454 1640.3636029546049 3000.0
240000.0 250000.0 637.321009765612 763.0081646050369 268.03766439833953 999.640000000014 197.66699999998673 12004.276583875313 1326.7552570313628 1311.356872130643 1326.7552570313628 14.39838490071957 3674534.0234706257 1671.3813278232178 14.39838490071957 1671.3813278232178 1655.9829429224983 3000.0
250000.0 260000.0 58.39001953124534 731.4704453125014 349.5256484428683 999.9290000000037 153.84899999998743 13145.260389055516 1437.8492413131341 1422.0937818279501 1437.8492413131341 15.75545948518403 4039683.3690244635 2027.2580081752799 15.75545948518403 2027.2580081752799 2011.5025486900959 3000.0
260000.0 270000.0 1942.8349804687314 723.4958253173827 401.57941070818913 999.9430000000284 43.601318359375 11765.028118326927 1174.3368435545622 1159.4070641090348 1174.3368435545622 14.114511016072727 3329887.6558747375 1627.3955297015862 14.114511016072727 1627.3955297015862 1612.465750256059 3000.0
270000.0 280000.0 268.5884355469607 552.8940805468754 358.12476376644815 999.630999999994 67.60399609373417 22421.170520371343 1688.614353228319 1661.710294864601 1690.614353228319 25.719326793172446 4192430.5676006856 2014.152621454264 26.719326793172446 2014.152621454264 1984.2485630905458 2688.8888888888887
280000.0 290000.0 992.0783183593303 738.4074014246306 347.96953952908876 999.9199999999837 7.863738281244878 12464.238733167853 1404.2781839974955 1389.3324049755456 1404.2781839974955 14.945779021949745 3908738.0290420456 1787.9704170080338 14.945779021949745 1787.9704170080338 1773.0246379860841 3000.0
290000.0 300000.0 222.4836796875461 817.4808013916008 253.19857165564198 999.6039999999921 301.28189648437547 12678.154544378118 1456.8259911948453 1441.6262827098358 1456.8259911948453 15.19970848500964 4062950.6258117477 2070.451982249858 15.19970848500964 2070.451982249858 2055.2522737648483 3000.0
