ts te idle avg_span std_span max_span min_span c_bytes_all c_ack_cnt c_ack_cnt_p c_pkts_all c_pkts_data s_bytes_all s_ack_cnt s_ack_cnt_p s_pkts_all s_pkts_data video_rate
0.0 10000.0 4951.064927734373 572.831208565848 427.23591110217507 999.7829999999994 63.76800000000003 20074.72911449591 859.8477495771062 837.5084038354246 863.8477495771062 22.339345741681605 1855170.5724762883 1157.2265313030473 26.339345741681605 1157.2265313030473 1126.8871855613656 1500.0
10000.0 20000.0 616.4037207031288 689.2587398097825 353.52706528376063 999.7669999999998 30.158935546875 20624.27088550409 1691.3515097825705 1665.6908555242521 1691.3515097825705 24.660654258318395 4014546.7077825237 2566.7152239526017 25.660654258318395 2566.7152239526017 2540.0545696942836 1772.7272727272727
20000.0 30000.0 169.58958789062308 726.7334206112128 337.9704877737967 999.8260000000009 143.6449999999968 13572.112581277033 1724.9953652959784 1708.731573631754 1724.9953652959784 16.263791664224506 4391055.352158222 2745.4234108151295 16.263791664224506 2745.4234108151295 2729.159619150905 3000.0
30000.0 40000.0 40.85881250000966 715.1768007812493 373.2101867356158 999.6670000000013 88.03899999999703 12558.055145053648 1457.324889385227 1442.2678167663983 1457.324889385227 15.057072618828562 3864999.09678939 2437.315590577091 15.057072618828562 2437.315590577091 2422.258517958263 3000.0
40000.0 50000.0 117.81225976563292 670.7420256347659 398.1533696550577 999.9989999999962 58.744000000006054 12622.161472738691 1551.250726725231 1536.131195969401 1551.250726725231 15.119530755830182 3954937.8664964316 2516.0105878433405 15.119530755830182 2516.0105878433405 2500.8910570875105 3000.0
50000.0 60000.0 235.67696679686196 777.4783304036472 262.54335344353626 999.6680000000051 108.78699999999662 14111.326365338882 1790.4297472468909 1773.5118815204437 1790.4297472468909 16.917865726447225 4706195.364020838 3003.590368372068 16.917865726447225 3003.590368372068 2986.6725026456206 3000.0
60000.0 70000.0 1103.1883769531269 665.7062019531246 356.4378018242846 999.4440000000031 108.99599999999919 11368.344435591744 1365.6238740786473 1351.9821348439777 1365.6238740786473 13.64173923466953 3652965.2762722755 2279.3640738624063 13.64173923466953 2279.3640738624063 2265.722334627737 3000.0
70000.0 80000.0 1397.0596406250115 659.4161529181977 371.8284960885404 999.755999999994 65.1469999999972 16520.64099055591 1409.8750780423516 1390.595219383734 1410.8750780423516 19.279858658617467 3679911.432454335 2346.636192442414 20.279858658617467 2346.636192442414 2325.356333783797 2650.0
80000.0 90000.0 1773.0235937499965 685.9504951746339 342.92330294831805 999.2189999999973 42.935302734375 12431.537502550678 1472.9957858923444 1457.0909082496446 1472.9957858923444 14.904877642699896 3728242.894808243 2402.782219460883 15.904877642699896 2402.782219460883 2385.877341818183 3000.0
90000.0 100000.0 1049.3598710937513 686.1788467447924 394.3242715420592 999.9700000000012 40.85400390625 12562.221037194387 1261.515028609263 1246.452860707841 1261.515028609263 15.06216790142189 3316350.3527692957 2103.8615022367603 15.06216790142189 2103.8615022367603 2088.7993343353382 2533.3333333333335
100000.0 110000.0 516.4244082031073 710.363192749026 351.17323105447446 998.9750000000058 124.61099609374651 13142.600469699026 1282.8399277304147 1267.086831933154 1282.8399277304147 15.753095797260745 3483819.8836895097 2226.7214729538473 15.753095797260745 2226.7214729538473 2210.968377156586 2300.0
110000.0 120000.0 1252.9203925780894 685.0978211805583 347.0940030926271 999.448000000004 0.0 12491.06205939881 1397.960053717171 1382.9949187058469 1397.960053717171 14.965135011323868 3663921.630218196 2371.580125242752 14.965135011323868 2371.580125242752 2356.6149902314282 2650.0
120000.0 130000.0 2513.512062499998 610.0438987630218 374.5312696075332 999.7850000000035 0.08499999999185093 12078.035487683792 1232.1216015375264 1217.6282699182632 1232.1216015375264 14.49333161926332 3024546.647428406 1945.2218368705996 14.49333161926332 1945.2218368705996 1930.7285052513362 2500.0
130000.0 140000.0 2709.8994355468603 656.9983170165997 362.0327402368494 999.8930000000109 92.8859999999986 14062.961264878573 935.7526202017546 918.8998530889199 935.7526202017546 16.852767112834634 2465223.0038363747 1542.2727410475302 16.852767112834634 1542.2727410475302 1525.4199739346955 1714.2857142857142
140000.0 150000.0 111.2544042969239 654.7712382812497 410.5467153239628 999.6969999999856 86.52700000000186 12522.109009132513 1414.53861092937 1399.5242296833692 1414.53861092937 15.014381246000609 3825740.774949437 2394.4025654491807 15.014381246000609 2394.4025654491807 2379.3881842031797 3000.0
150000.0 160000.0 104.83810351564898 686.3578903808575 370.14233974800305 999.8839999999909 98.46299999998882 12779.921245130741 1533.2877192793535 1517.9663951239188 1533.2877192793535 15.321324155434795 3920217.9475275483 2558.3439060854244 14.638171028113318 2558.3439060854244 2543.7057350573114 3000.0
160000.0 170000.0 265.78583593750955 697.4106013671859 310.8413011667098 999.9860000000044 98.74299999998766 13898.553666734679 1780.3308248294543 1763.6800885194907 1780.3308248294543 16.650736309963563 4510851.376938536 2938.451095690886 17.254740024819284 2938.451095690886 2921.1963556660667 3000.0
170000.0 180000.0 153.22164648439502 645.5690537683806 403.3813176556227 999.9619999999995 23.81669140624581 12472.206063352964 1369.557580178548 1354.6024660890553 1369.557580178548 14.955114089492831 3776375.402790231 2385.969361441858 15.034263501958588 2385.969361441858 2370.9350979398996 3000.0
180000.0 190000.0 232.64985742190038 642.9351744384749 416.9744055484614 999.8850000000093 58.986999999993714 12509.00595326903 1455.0976008430944 1440.0987814211596 1455.0976008430944 14.998819421934716 3888132.919654483 2479.2843524754935 14.998819421934716 2479.2843524754935 2464.2855330535585 3000.0
190000.0 200000.0 4081.3858535155887 625.3092283653857 423.92135104073867 999.3539999999921 32.320000000006985 12220.787828555822 911.5893832026258 897.4366557663301 912.5893832026258 14.152727436295617 2363903.3340561707 1549.625265427753 15.152727436295617 1549.625265427753 1533.4725379914573 2475.0
200000.0 210000.0 1920.5454960937495 615.7718467881916 338.42629498805223 999.9759999999951 125.43299999998999 14942.360885523205 1458.2684952046761 1439.3759153795952 1458.2684952046761 17.8925798250809 3789765.7773272735 2476.2597065905193 18.8925798250809 2476.2597065905193 2456.367126765438 2300.0
210000.0 220000.0 927.024101562507 639.8191560329869 379.8636968721705 999.755999999994 15.53200000000652 13228.689799665013 1521.348510704628 1505.4946016187705 1521.348510704628 15.853909085857456 3988186.6954688644 2538.0614032447093 15.853909085857456 2538.0614032447093 2522.2074941588517 2883.3333333333335
220000.0 230000.0 3882.584201171878 672.0123684895831 317.57482152830187 999.9560000000056 26.062999999994645 9874.115918223459 979.9382554029871 968.0860594305198 979.9382554029871 11.852195972467317 2520574.228838702 1634.8578543539106 11.852195972467317 1634.8578543539106 1623.0056583814435 2580.0
230000.0 240000.0 1658.3566718749935 572.2433876562515 367.7572172071706 999.9729999999981 26.862000000022817 21848.33721555581 1679.591844954531 1653.6464970873428 1681.591844954531 24.945347867188215 3796731.568759052 2365.766051944981 27.945347867188215 2365.766051944981 2334.8207040777925 2000.0
240000.0 250000.0 274.0663515625638 671.1712682291659 311.83094923519695 999.3929999999818 0.042000000015832484 13347.237457221463 1473.0005288607308 1456.9956643531705 1473.0005288607308 16.0048645075605 3807681.4307180815 2408.656309091278 16.0048645075605 2408.656309091278 2392.651444583718 2571.4285714285716
250000.0 260000.0 505.16537304682424 675.6942547607468 364.65806121894445 999.6390000000247 20.24900000001071 12820.807139283876 1479.3034004789652 1463.9298039809821 1479.3034004789652 15.373596497983065 3878861.5617497927 2502.1907337501534 15.373596497983065 2502.1907337501534 2486.81713725217 3000.0
260000.0 270000.0 2817.894037109276 638.9050183293338 380.3564274902642 999.1170000000275 0.0 9680.937608917267 1198.48939017386 1186.8687041077355 1198.48939017386 11.620686066124481 3069638.22183608 1990.9259079967399 11.620686066124481 1990.9259079967399 1979.3052219306155 2860.0
270000.0 280000.0 2127.8818535156315 720.1455186121268 299.15068904788154 999.9629999999888 40.552001953125 15190.941366816984 1395.9006463682986 1377.6992697724568 1395.9006463682986 18.201376595841722 3459761.75898166 2267.0570371721856 18.201376595841722 2267.0570371721856 2248.8556605763442 2300.0
280000.0 290000.0 84.76927148434334 697.0400978515681 315.7582460128694 999.4830000000075 159.99300000001676 13778.48427716316 1657.26193369522 1639.7622108953883 1657.26193369522 16.49972279983142 4246169.675294758 2704.4437162406643 16.49972279983142 2704.4437162406643 2686.943993440833 2700.0
290000.0 300000.0 179.6647675781278 748.5581259191214 308.1624493445483 999.5910000000149 56.85700000001816 13098.776480628887 1631.5947670652567 1615.5252574431324 1631.9538296865585 15.710447000822679 3997708.1504959683 2525.1778774128948 15.710447000822679 2525.1778774128948 2509.4674304120717 3000.0
