ts te idle avg_span std_span max_span min_span c_bytes_all c_ack_cnt c_ack_cnt_p c_pkts_all c_pkts_data s_bytes_all s_ack_cnt s_ack_cnt_p s_pkts_all s_pkts_data video_rate
0.0 10000.0 6930.289228515627 479.6929108664772 402.7339895311443 998.137999999999 45.05399999999645 20159.428723929235 466.5401205890971 444.03647326281555 470.5401205890971 22.50364732628156 1080430.6572303807 628.5547098942234 26.50364732628156 628.5547098942234 598.0510625679418 1311.4285714285713
10000.0 20000.0 1363.1200214843775 700.6205729851974 385.39673595527734 999.1310000000012 32.64400000000023 18762.068108030107 1470.7395473934816 1448.284172354016 1470.7395473934816 22.455375039465878 3124495.100000376 2020.0944854178153 22.455375039465878 2020.0944854178153 1997.6391103783494 1424.0
20000.0 30000.0 126.50112109375186 649.0625037841796 448.5116308886441 999.864999999998 40.91809374999866 12477.344897825926 1187.1121966984665 1172.150979480146 1187.1121966984665 14.961217218320577 2960690.582684797 1834.0976486429358 14.961217218320577 1834.0976486429358 1819.1364314246152 2300.0
30000.0 40000.0 516.1165488281258 695.3819412841794 374.7093382609514 999.9470000000001 63.47899999999936 12577.158270214735 1136.4029588153687 1121.3231983994367 1136.4029588153687 15.079760415931991 2959944.7337930435 1858.3723201233242 15.079760415931991 1858.3723201233242 1843.2925597073922 2300.0
40000.0 50000.0 3268.7610058593855 533.3276095920123 386.04780320201047 999.4949999999953 0.0 18378.0 566.2051765035861 543.2051765035861 567.2051765035861 22.0 1393863.926291403 932.8808359217013 23.0 932.8808359217013 909.8808359217013 690.4
50000.0 60000.0 2280.3093046875 596.133357142858 433.82260166155356 999.7299999999959 25.96700000000419 13338.0 1048.0 1032.0 1048.0 16.0 2290221.0 1415.0 16.0 1415.0 1399.0 1560.0
60000.0 70000.0 91.48510546874604 706.4210712239593 418.83147484700163 999.7419999999984 106.89500000000407 12469.523671184477 1172.2699690805543 1157.318040729979 1172.2699690805543 14.951928350575388 3019873.399511802 1854.2129412530533 14.951928350575388 1854.2129412530533 1839.261012902478 2300.0
70000.0 80000.0 811.5305527343589 679.6574007352953 376.96930681491887 999.4560000000056 34.630999999993946 13079.036355325063 1408.883880821218 1393.194472279472 1408.883880821218 15.689408541746232 3354003.746303502 2149.196332362338 15.689408541746232 2149.196332362338 2133.506923820592 2500.0
80000.0 90000.0 1480.3533085937524 610.3522808159711 378.0671294312622 999.804999999993 68.12600000000384 10267.439973490458 768.6660517876389 756.3073886799605 768.6660517876389 12.35866310767838 2025416.7165498722 1288.4106280740198 12.35866310767838 1288.4106280740198 1276.0519649663415 2300.0
90000.0 100000.0 4259.435958984381 528.1905040283209 331.4332717261136 999.8669999999984 75.92900000000373 21367.0 547.1800983105886 521.1800983105886 549.1800983105886 25.0 1275225.137634824 865.1800983105886 27.0 865.1800983105886 837.1800983105886 610.4
100000.0 110000.0 3860.7186875000043 614.9319946732959 387.39542066612074 996.9439999999886 91.15200000000186 12497.956877389857 774.1978225072708 759.2121255032448 774.1978225072708 14.985697004025958 2261786.3303867206 1486.152494082983 14.985697004025958 1486.152494082983 1471.166797078957 1820.0
110000.0 120000.0 235.7687890625093 649.077247802732 429.757465126016 999.9929999999877 14.272058593749534 12360.36203749002 1202.2784236361704 1187.4561409313128 1202.2784236361704 14.822282704857507 3011037.383781304 1966.9770736330759 14.822282704857507 1966.9770736330759 1952.1547909282183 2300.0
120000.0 130000.0 2256.3680820312584 676.3160069754459 331.1005980876703 999.3930000000109 111.36100000000442 12741.628119897334 1028.9436289274083 1013.6480453492842 1028.9436289274083 15.295583578124157 2387657.731377753 1611.488045137503 15.131479484190313 1611.488045137503 1596.3565656533126 1883.3333333333333
130000.0 140000.0 1746.2217499999679 582.1645712425608 386.2192628685686 999.9990000000107 0.0530000000144355 13262.052965222785 896.5801249291505 880.6836882161581 896.5801249291505 15.896436712992376 2193905.5544542223 1444.3823871464383 16.06054080692622 1444.3823871464383 1428.3218463395121 1500.0
140000.0 150000.0 1795.3725722656236 618.5061724494495 402.24013095662445 998.8699999999953 0.08499999999185093 15870.0 1188.6997256309219 1166.6997256309219 1189.6997256309219 19.0 3008265.4630272444 1949.5582249712213 20.0 1949.5582249712213 1929.5582249712213 2000.0
150000.0 160000.0 3339.8722324218543 586.9209960937515 424.0708487935219 999.323000000004 16.553000000014435 7624.97166855386 968.3978073038643 959.2064022282949 968.3978073038643 9.191405075569394 2211134.0163702257 1359.5783211374794 9.191405075569394 1359.5783211374794 1350.3869160619101 2460.0
160000.0 170000.0 2019.4187792968878 743.3861639597039 251.1838844666341 999.0739999999932 195.5130000000063 22438.02833144614 1085.9024670652138 1060.093872140783 1087.9024670652138 25.808594924430608 2575225.52060253 1687.8634538912993 27.808594924430608 1687.8634538912993 1658.0548589668686 1110.0
170000.0 180000.0 1527.5120996093901 749.508207031251 344.9914065738518 999.8850000000093 0.0 10772.737629715202 878.0584954816384 864.1241277503852 878.0584954816384 12.93436773125321 2340066.386763695 1497.2172235631742 12.93436773125321 1497.2172235631742 1482.2828558319209 2250.0
180000.0 190000.0 1850.9490957031667 725.502297851559 361.58600595144316 999.9990000000107 63.600687500002095 15929.262370284798 1167.0359813664202 1147.9703490976735 1167.0359813664202 19.06563226874679 2882378.2921636947 1875.460636676291 19.06563226874679 1875.460636676291 1856.395004407544 1500.0
190000.0 200000.0 1977.028218749998 621.2840844028999 419.3279230532099 999.0489999999991 59.14999999999418 12502.778870504175 1242.6791318005128 1227.6877079638093 1242.6791318005128 14.991423836703296 3343417.1601439943 2094.7578669348204 14.991423836703296 2094.7578669348204 2079.766443098117 2500.0
200000.0 210000.0 42.86526562497602 658.1392973345578 418.81374078589516 999.3569999999891 8.544740234385245 12515.620228696978 1584.836623342208 1569.8299484862735 1584.836623342208 15.006674855934651 4013140.694430163 2486.927334859427 15.006674855934651 2486.927334859427 2471.9206600034922 3000.0
210000.0 220000.0 480.60995703126537 754.9737108347027 314.12335682651894 999.9379999999946 1.899685546872206 13984.36984355909 1667.1633696954643 1650.4099613301923 1667.1633696954643 16.75340836527208 4368640.9697018955 2716.0039772429527 16.75340836527208 2716.0039772429527 2699.250568877681 3000.0
220000.0 230000.0 305.26614843748393 780.2197620117207 250.96642567916007 999.9869999999937 241.75108007813105 14309.144378729394 1680.1251372542724 1662.9361296785844 1680.1251372542724 17.18900757568812 4247943.941478133 2764.951326450908 17.18900757568812 2764.951326450908 2747.76231887522 3000.0
230000.0 240000.0 1092.3031992187898 708.5761959635362 370.8850316044907 999.8299999999872 53.40393945312826 10878.086678510363 1524.101261059484 1511.041775693082 1524.101261059484 13.059485366401855 3696891.555318425 2375.681634272427 13.059485366401855 2375.681634272427 2362.622148906025 3000.0
240000.0 250000.0 1274.4010429687332 780.4632158717079 335.2564791311543 999.7750000000233 10.300999999977648 12799.90812778882 1632.1057042740906 1616.7605755505324 1632.1057042740906 15.345128723558119 4001277.77166887 2543.2559819399735 15.345128723558119 2543.2559819399735 2527.9108532164155 3000.0
250000.0 260000.0 9.89113671873929 712.146161946616 345.23902499499883 999.7679999999818 0.0 14329.09187221118 1732.1393710626007 1715.3619621178132 1733.2619087309463 16.65487127644188 4611258.333802498 2789.1116310650636 17.777408944787563 2789.1116310650636 2770.334222120276 3000.0
260000.0 270000.0 197.79194335930515 751.7923001953138 277.0709720977592 999.8339999999735 124.35999999998603 18100.741066273727 1893.421321397311 1870.8897722886095 1894.2987837289652 21.65408677704718 4559151.80784242 3005.7766845681736 22.531549108701498 3005.7766845681736 2983.2451354594723 3000.0
270000.0 280000.0 75.36600781249581 759.728955078125 330.2619873768845 999.9259999999776 63.45600000000559 12764.2136163479 1622.074128957884 1606.77221254892 1622.074128957884 15.301916408964251 4061506.345242245 2555.1085530918417 15.301916408964251 2555.1085530918417 2539.8066366828775 3000.0
280000.0 290000.0 405.0811289062258 832.6029736328138 290.76609408328954 999.7110000000102 42.62068164063385 12497.892281813816 1639.401440323544 1624.4158200363543 1639.401440323544 14.985620287189807 3971558.3347625 2482.541272018155 14.985620287189807 2482.541272018155 2467.555651730965 3000.0
290000.0 300000.0 3210.0410605468205 593.5489248046943 385.5294914244473 998.070000000007 0.0 8813.246201990532 837.9330622681802 826.7818278638849 838.4794912069283 10.60480546554695 2048550.8850029046 1334.0059390264882 9.60480546554695 1334.0059390264882 1324.4011335609412 2625.0
