ts te idle avg_span std_span max_span min_span c_bytes_all c_ack_cnt c_ack_cnt_p c_pkts_all c_pkts_data s_bytes_all s_ack_cnt s_ack_cnt_p s_pkts_all s_pkts_data video_rate
0.0 10000.0 0.0 0.0 0.0 0.0 0.0 0.0 0.0 0.0 0.0 0.0 0.0 0.0 0.0 0.0 0.0 0.0
10000.0 20000.0 7672.292748046875 352.6420981889205 391.45956317628713 995.393 0.0 17886.006461811623 323.1710656668705 303.28905791269653 327.1710656668705 19.882007754173948 790637.8790822485 355.4073952023248 19.882007754173948 355.4073952023248 331.5253874481508 1500.0
20000.0 30000.0 407.1312929687556 652.0738339843747 367.37976676441036 999.9309999999969 51.78100000000268 27323.993538188377 1923.0811765058147 1890.9631842599888 1924.0811765058147 32.11799224582605 4093901.695247612 2349.1280512225662 31.117992245826052 2349.1280512225662 2317.01005897674 1585.7142857142858
30000.0 40000.0 276.84132421875256 668.4863681126643 390.5728375531418 999.6500000000015 17.70900000000256 14192.0 1692.835756599832 1674.835756599832 1692.835756599832 17.0 4514288.580376636 2743.7221200685053 17.0 2743.7221200685053 2725.7221200685053 3000.0
40000.0 50000.0 630.3408691406294 629.2735960115124 371.68832629161653 999.9839999999967 65.82600000000093 13854.192042476694 1540.1396189432116 1523.540816042408 1540.1396189432116 16.598802900803673 4191076.870237622 2473.838370310737 16.598802900803673 2473.838370310737 2457.2395674099334 3000.0
50000.0 60000.0 33.573888671860914 696.2631883544932 372.8422005034504 999.0489999999991 91.65700000000652 13174.343575861174 1428.213576500432 1412.4189629935997 1428.213576500432 15.79461350683231 3943960.359156719 2439.1148316792874 15.79461350683231 2439.1148316792874 2423.320218172455 3000.0
60000.0 70000.0 80.62702929685474 831.1286010199676 250.62034195222856 998.6760000000068 55.9890000000014 13538.088714293222 1658.1257969576538 1641.9080205711912 1658.1257969576538 16.217776386462695 4418475.1463199565 2713.5830191599207 16.217776386462695 2713.5830191599207 2697.365242773458 3000.0
70000.0 80000.0 658.3826269531128 650.0535893841923 387.1982614423302 999.4170000000013 53.10599999999977 13007.432860057344 1407.4302295736707 1390.8340355474177 1407.4302295736707 15.596194026253068 3998017.465517035 2230.4904073968573 15.596194026253068 2230.4904073968573 2213.8942133706037 3000.0
80000.0 90000.0 73.96585546876304 651.7634387207027 432.3540974159618 999.7219999999943 55.81900000000314 12669.417110367398 1297.6369352965417 1282.44736512526 1297.6369352965417 15.189570171281785 3662374.601166524 2154.0906223406832 14.99109167546502 2154.0906223406832 2139.099530665218 3000.0
90000.0 100000.0 1284.013058593744 715.3966831430287 411.1831150003311 999.724000000002 38.979999999995925 10498.52569694417 1165.3658439559727 1152.7628009476061 1165.3658439559727 12.60304300836647 3328222.402895646 1859.6251826191187 11.801521504183235 1859.6251826191187 1847.8236611149355 3000.0
100000.0 110000.0 1262.1867753906117 676.6753792724621 374.2574908451582 999.7590000000055 121.64900000000489 16091.568609683196 1281.0442589739469 1261.7508826206745 1281.0442589739469 19.29337635327219 3567250.2775134346 1928.3124313384733 19.29337635327219 1928.3124313384733 1909.0190549852011 2400.0
110000.0 120000.0 109.8041855468764 714.8418009033203 374.3858371619283 999.7079999999987 171.3110000000015 13193.927896770414 1104.8187261760543 1089.0134579525557 1104.8187261760543 15.80526822349872 3049774.2120523015 1528.3177311023778 10.987737240476257 1528.3177311023778 1517.3299938619016 2300.0
120000.0 130000.0 2221.723492187506 553.1207115119478 398.0409166797562 999.5419999999867 9.836999999999534 14293.305247098946 1182.8602752819484 1165.704283573899 1182.8602752819484 17.155991708049278 3229179.0665084384 1856.1351839347703 15.973522691071743 1856.1351839347703 1840.1616612436983 2700.0
130000.0 140000.0 629.017263671878 551.7859579613099 391.4699139719345 999.9100000000035 63.67600000000675 19081.273099006135 1492.5713072228955 1470.3210340468017 1493.5713072228955 22.2502731760939 4123893.7024097964 2432.7452375594435 21.2502731760939 2432.7452375594435 2410.4949643833497 2688.8888888888887
140000.0 150000.0 102.55075195315294 660.3303010253894 415.47724269469313 999.3319999999949 54.20800000001327 12474.055879859352 1283.247621639176 1268.2909278080201 1283.247621639176 14.956693831155846 3614155.109130587 2290.726117289334 14.956693831155846 2290.726117289334 2275.769423458178 3000.0
150000.0 160000.0 27.337976562528638 653.6857514648418 432.90461776403885 999.5359999999928 53.32699999999022 12339.444903371976 1383.6397906418972 1368.8421553537353 1383.6397906418972 14.7976352881618 3822608.67807432 2334.0914209939974 14.7976352881618 2334.0914209939974 2319.293785705836 3000.0
160000.0 170000.0 1602.195521484391 729.0720665283188 288.99697393233527 999.9379999999946 76.3859999999986 12297.424364209981 1466.8180200640818 1452.0772586443136 1466.8180200640818 14.740761419768269 4094701.9543111227 2317.671877781604 14.740761419768269 2317.671877781604 2302.931116361836 3000.0
170000.0 180000.0 2570.4014199218655 662.8801111111146 405.6765182493646 999.8559999999998 42.90700000000652 17965.0 1242.0 1221.0 1243.0 21.0 3340053.0 1711.0 20.0 1711.0 1689.0 2700.0
180000.0 190000.0 1128.2870273437002 571.5319640997054 407.1149655256637 998.1590000000142 5.0389999999897555 17897.832146309935 1332.7459749309762 1310.2787072848196 1332.7459749309762 21.46726764615655 3659142.625444428 2113.006652831099 22.46726764615655 2113.006652831099 2090.5393851849426 2562.5
190000.0 200000.0 76.53617578122066 648.8501649169939 431.87172951580925 998.9649999999965 55.89000000001397 12514.761718803658 1378.0122392801388 1363.0065022695321 1378.0122392801388 15.005737010606818 3848951.4180948352 2328.522687112627 14.769234682225134 2328.522687112627 2313.753452430402 3000.0
200000.0 210000.0 2007.9018671874946 641.3443867187508 427.21961119619215 999.7840000000142 53.26699999999255 10831.961110593063 1082.4663866043443 1069.4584270698322 1082.4663866043443 13.007959534512143 2987839.1327854954 1802.6552748096672 11.244461862893829 1802.6552748096672 1791.4108129467731 3000.0
210000.0 220000.0 25.19815429690061 675.063807714844 330.7004641675625 999.869000000006 21.687999999994645 19169.38307014337 1624.284967863067 1601.3154042882582 1624.284967863067 22.96956357480886 4481962.192542145 2234.8239672819723 22.744299691766674 2234.8239672819723 2212.0796675902056 2580.0
220000.0 230000.0 32.159939453122206 705.1955769042979 355.4560138400402 999.2080000000133 56.1140000000014 12482.202884817516 1361.8489654002606 1346.8824559004804 1361.8489654002606 14.966509499780141 3802616.7431118404 1657.5158775116925 15.191773382822326 1657.5158775116925 1642.3241041288702 3000.0
230000.0 240000.0 64.82387499997276 660.1203939568026 390.800203317787 999.8310000000056 53.61499999999069 12578.898572000826 1341.3942025518534 1325.3111922241415 1341.3942025518534 15.083010327711838 3781457.622102081 1843.7298476716019 14.832986530923662 1843.7298476716019 1827.8968611406783 3000.0
240000.0 250000.0 65.16800781249185 746.7841923177087 327.56386044564005 999.3969999999972 103.25099999998929 12314.951934355817 1337.2213171700962 1322.4530825233992 1337.2213171700962 14.768234646697048 3822931.308201975 1782.8893818107836 15.018258443485223 1782.8893818107836 1767.8711233672984 3000.0
250000.0 260000.0 4051.5454804688343 635.3347416294564 384.5116478830289 999.8769999999786 12.09326171875 15654.132453208895 988.89100223383 970.1312385186964 988.89100223383 18.759763715133612 2697922.895796704 1290.7494129605302 15.759763715133616 1290.7494129605302 1274.9896492453963 1875.0
260000.0 270000.0 57.435449218784925 654.3672202435623 411.9520675769855 999.9579999999842 53.179000000003725 16661.63293711917 1572.5807647214085 1553.1139229330176 1573.5807647214085 19.466841788390884 3939636.515381717 2385.8533407741193 19.466841788390884 2385.8533407741193 2365.386498985729 2785.714285714286
270000.0 280000.0 77.1259765625 696.7517462158248 376.5914807157065 999.9519999999902 53.22100000001956 12511.88751804569 1344.5984142336047 1329.5961401154773 1344.5984142336047 15.002274118127339 3758134.394003762 2283.918656943085 14.75369318716472 2283.918656943085 2269.1649637559203 3000.0
280000.0 290000.0 77.42533203115454 672.3052525634812 398.38994738804337 999.8589999999967 97.50699999998324 12313.003274505629 1349.406787214528 1334.640964174132 1349.406787214528 14.765823040396196 3857645.9676761427 2330.5065033151445 15.014403971358815 2330.5065033151445 2315.4920993437854 3000.0
290000.0 300000.0 154.39900585939176 658.8098319091769 404.420425453229 999.9319999999716 104.75099999998929 12294.352380096425 1343.5762451111837 1328.4557976086894 1343.9596775159998 14.737015097678567 3829750.8568460667 2396.229662249339 14.737015097678567 2396.229662249339 2381.4926471516605 3000.0
