ts te idle avg_span std_span max_span min_span c_bytes_all c_ack_cnt c_ack_cnt_p c_pkts_all c_pkts_data s_bytes_all s_ack_cnt s_ack_cnt_p s_pkts_all s_pkts_data videorate
0.0 10000.0 8109.4118203125 328.3360126953127 452.62227711009075 953.2959999999985 23.38300000000163 3801.0 13.174789375588299 8.174789375588299 17.1747893755883 5.0 18465.137140734198 29.524368126764898 8.08739468779415 29.524368126764898 17.43697343897075 0.0
10000.0 20000.0 82.52894531250058 596.2088664165293 353.4911877236379 999.9830000000002 0.0 38578.0 626.8252106244117 580.8252106244117 637.8252106244117 45.0 1338882.8628592659 919.4756318732351 79.91260531220584 919.4756318732351 825.5630265610292 320.0
20000.0 30000.0 485.5024374999921 706.8317235514327 333.10680342354334 999.5120000000024 58.67899999999645 15242.900185589788 1127.2514340392877 1106.9774135018715 1127.2514340392877 18.274020537416185 2166521.894988686 1412.7491305019976 39.54804107483237 1412.7491305019976 1372.2010894271652 1252.5
30000.0 40000.0 1154.5969570312445 663.8315556175598 367.2169066546832 999.387999999999 0.0 14170.005134157356 996.1390956486363 979.1590718633124 996.1390956486363 16.980023785323887 2475826.0941101755 1325.9330910021267 30.801049944836652 1325.9330910021267 1295.1320410572898 1500.0
40000.0 50000.0 588.795585937507 737.1815472005203 313.5051593983865 999.7160000000003 34.00991015625186 13829.316503473186 1198.2273367504056 1181.6606318885426 1198.2273367504056 16.566704861862732 3291211.39826003 1638.1667687111094 33.29240734953659 1638.1667687111094 1604.874361361573 2185.714285714286
50000.0 60000.0 713.2541015625175 675.2895905633226 325.37421292007855 999.8279999999941 101.506103515625 15252.224724577756 1223.187765109932 1203.89964935668 1223.187765109932 18.28811575325206 3571721.4951277813 1726.6782647793991 35.57623150650412 1726.6782647793991 1690.1020332728951 2600.0
60000.0 70000.0 330.98045312499744 768.4069026521381 305.72797464197686 999.9930000000022 0.0 13791.178327967991 1471.8983284832416 1455.3746223097355 1471.8983284832416 16.523706173506273 4434196.072174851 2049.4566828321495 30.047412347012546 2049.4566828321495 2019.409270485137 3000.0
70000.0 80000.0 357.573761718726 730.516808593751 289.0005692768965 997.7050000000017 236.9429999999993 12819.375124233924 1304.2960399684969 1288.928611079858 1304.2960399684969 15.367428888638864 3581746.0453384765 1806.0160621732175 30.73485777727773 1806.0160621732175 1775.2812043959398 3000.0
80000.0 90000.0 1272.2037695312465 762.8433347039467 334.3615879595864 999.630999999994 0.0 12639.24337612788 1521.9931328617188 1506.8253853841322 1521.9931328617188 15.167747477586557 4075180.6762498682 2064.2515391561087 29.335494955173115 2064.2515391561087 2034.9160442009356 4400.0
90000.0 100000.0 404.32589453125547 733.5788918340764 327.6470200324237 999.650999999998 57.36990820312349 15008.807828993853 1602.6318348731777 1584.6614261541906 1602.6318348731777 17.970408718986935 4498831.688994324 2274.787897168508 33.07897363454737 2274.787897168508 2241.708923533961 3085.714285714286
100000.0 110000.0 2270.0745820312586 693.9779285714279 289.79651111882237 998.653999999995 191.822021484375 10970.465998166892 958.1801498690426 945.026089454976 958.1801498690426 13.154060414066443 2790471.0856607505 1293.6259751944806 25.80345759809017 1293.6259751944806 1267.8225175963903 2700.0
110000.0 120000.0 790.7579785156122 686.0174995561101 342.1034026284094 998.9649999999965 162.50500000000466 17459.894780837614 1556.5759084866222 1536.1157146610376 1557.4521137047345 20.460193825584522 4284333.833349366 2161.468025007688 38.28689468463827 2161.468025007688 2122.304925104938 2800.0
120000.0 130000.0 257.76652929684496 699.8311719637793 334.86541586074657 999.9580000000133 24.021000000007916 12234.913010269462 1717.5444450390453 1701.9379636636243 1718.668239820933 14.606481375420909 4748451.96500648 2376.540101174026 31.212962750841818 2376.540101174026 2343.203343641296 3700.0
130000.0 140000.0 18.669433593779104 731.7845771093737 353.39079453310467 999.7049999999872 0.0 15296.067733694868 1645.9311278600364 1627.155348973237 1646.9311278600364 17.775778886799493 4821615.571964354 2259.585237129727 33.55155777359899 2259.585237129727 2224.0336793561273 3350.0
140000.0 150000.0 129.30114453125861 786.8254229029592 305.8566273091532 999.9510000000009 35.58602734375745 12538.86802484997 1461.4192656834957 1446.3995979712713 1461.4192656834957 15.019667712224509 4029027.5301172044 2007.2416696320788 31.039335424449018 2007.2416696320788 1976.2023342076297 2883.3333333333335
150000.0 160000.0 144.35622656252235 777.6111059570321 260.7578721815794 999.7179999999935 351.468994140625 12469.891497929877 1530.1006351645801 1515.1490291663195 1530.1006351645801 14.951605998260604 4043171.602798442 2078.789690310614 26.526006102828788 2078.789690310614 2052.2636842077854 3000.0
160000.0 170000.0 1764.2795390625251 751.7112053865122 268.99143778468 999.1229999999923 67.49600000001374 16052.146752557743 1379.6510054869495 1361.0404427659173 1380.6510054869495 18.610562721032217 3726905.8646758674 1885.8928696487906 34.59833133575685 1885.8928696487906 1850.2945383130339 2650.0
170000.0 180000.0 27.138824218767695 780.3834151475668 278.4047699837637 999.0890000000072 220.11699999999837 12521.16855868225 1414.7851979398054 1398.7878887298755 1414.7851979398054 14.997309209929876 3884146.7767272303 1921.648308239876 30.606606929157177 1921.648308239876 1890.041701310719 2883.3333333333335
180000.0 190000.0 773.9721699218208 836.5757959449422 305.27802669177896 999.8830000000016 31.041705078125233 12852.498499688752 1551.240262124797 1535.8172141054044 1551.240262124797 15.423048019392656 4152009.396544485 2090.042838883082 31.09724317020317 2090.042838883082 2058.9455957128785 3000.0
190000.0 200000.0 22.697904296859633 810.0394892578139 258.80536342468025 999.9729999999981 227.44200000001 12713.720706041488 1323.0770842372972 1307.8470479808434 1323.0770842372972 15.230036256453753 3823637.11380984 1807.4869879563892 30.596936872192224 1807.4869879563892 1776.8900510841968 3000.0
200000.0 210000.0 73.3413730468892 747.5007232307005 311.8812606072627 999.7729999999865 180.693115234375 13202.18098532385 1363.5833190546534 1347.747288847156 1363.5833190546534 15.836030207497277 3910166.5705103735 1867.9111469650093 27.8789461053693 1867.9111469650093 1840.03220085964 3000.0
210000.0 220000.0 19.837234374979744 683.2602555509902 360.90927037432465 998.9750000000058 0.0 13092.437706407476 1436.8553343607746 1421.1636031180103 1436.8553343607746 15.691731242764224 4193860.2319892123 2006.3441129316166 30.176576795153697 2006.3441129316166 1976.167536136463 3000.0
220000.0 230000.0 816.6117832031159 782.6602246093731 309.494768805797 999.8369999999995 85.844970703125 12637.659141053466 1458.9901022119266 1443.838488030153 1458.9901022119266 15.151614181773713 3921754.8887269595 1966.541653570934 29.303228363547426 1966.541653570934 1937.2384252073864 3000.0
230000.0 240000.0 203.46906640625093 767.3817697265622 323.99595152380476 999.7049999999872 56.77908593750908 12585.973501414515 1506.9490280147206 1491.8587982030645 1506.9490280147206 15.090229811656194 4157488.4699318744 2125.4449620826117 31.180459623312387 2125.4449620826117 2094.2645024592994 3000.0
240000.0 250000.0 56.22491796879331 834.768228745403 257.41478862218554 999.9340000000084 200.4541015625 13115.92961439122 1441.195774830995 1425.474582688934 1441.195774830995 15.721192142061128 3961840.9293271247 1952.114798140097 29.099468896247217 1952.114798140097 1923.0153292438497 3000.0
250000.0 260000.0 289.51525781245437 706.4695370008671 381.62350360439183 999.5439999999944 28.333999999973457 12476.085324115342 1443.6584449228417 1428.6988604949547 1443.6584449228417 14.959584427886881 3873442.2126903445 2054.335978586331 26.2620842436488 2054.335978586331 2028.073894342682 3000.0
260000.0 270000.0 682.8002949217916 685.7369575452329 297.0373939761025 999.9890000000014 160.94309374998556 13286.25563517768 1495.6532291300373 1479.73035893789 1495.6532291300373 15.922870192147293 3983366.1789725358 2123.6069919494566 30.845740384294587 2123.6069919494566 2092.761251565162 3000.0
270000.0 280000.0 38.98148242186289 708.9666791294612 376.6694846121807 999.8499999999767 70.50199999997858 12879.678134076637 1482.5791084187908 1467.1400607536168 1482.5791084187908 15.439047665174154 4228618.617857276 2132.4548777899167 29.87809533034831 2132.4548777899167 2102.5767824595687 3000.0
280000.0 290000.0 1405.7659824218717 776.3847996504874 307.9778237153086 999.9459999999963 24.811279296875 12398.423573205848 1214.2041812113512 1199.2682098909452 1214.2714135269853 14.868739004772236 3313125.0616004188 1798.6466488845604 29.28074057944251 1798.6466488845604 1769.365908305118 3000.0
