ts te idle avg_span std_span max_span min_span c_bytes_all c_ack_cnt c_ack_cnt_p c_pkts_all c_pkts_data s_bytes_all s_ack_cnt s_ack_cnt_p s_pkts_all s_pkts_data videorate
0.0 10000.0 7988.672824218753 391.8515873325892 386.4099539530873 999.3509999999987 89.48400000000038 14773.444168444019 298.15365462876423 282.079024461003 302.15365462876423 16.07463016776125 480652.07835181995 342.35319069634375 17.07463016776125 342.35319069634375 321.2785605285825 1500.0
10000.0 20000.0 273.31317578125163 729.3799447544645 313.0141822606022 999.8570000000036 123.90799999999945 21618.983110652203 1796.3122637699894 1770.4828803320859 1796.3122637699894 25.829383437903672 4301120.16131938 2502.11272770241 25.829383437903672 2502.11272770241 2476.2833442645065 1500.0
20000.0 30000.0 291.6943828125004 534.5609593098958 413.52771414014416 999.9979999999996 0.08299999999871943 17302.57272090378 1559.5067714989764 1538.4107851046413 1560.5067714989764 20.09598639433508 4275837.672261638 2517.817523179859 21.09598639433508 2517.817523179859 2494.721536785524 3000.0
30000.0 40000.0 1912.5074296874955 753.2192667968751 306.4760383716691 999.7770000000019 202.7960000000021 13418.000378372997 1290.9922407978522 1274.8803466049822 1290.9922407978522 16.11189419286992 3540315.909627699 2168.1112325928207 16.11189419286992 2168.1112325928207 2151.999338399951 2800.0
40000.0 50000.0 468.020437500003 687.8212865513387 298.09540622526373 999.9720000000016 61.69499999999971 16601.999621627 1500.9360990179234 1481.0479932107933 1500.9360990179234 19.88810580713008 4073511.828003962 2445.8770826828586 19.88810580713008 2445.8770826828586 2425.9889768757284 2562.5
50000.0 60000.0 86.48860937499558 798.8425610351565 252.53846984211438 999.9320000000007 243.8360058593753 13708.139644646533 1441.8605386592646 1425.4169969187267 1441.8605386592646 16.44354174053799 3998934.6831245758 2038.2115823887468 16.44354174053799 2038.2115823887468 2021.7680406482089 3000.0
60000.0 70000.0 1912.762699218758 707.6820082310276 406.05525468727154 999.698000000004 46.44800000000396 10330.762462657263 1114.3453316855037 1101.934114758598 1114.3453316855037 12.411216926905663 3170582.3638866115 1484.3497674780167 12.411216926905663 1484.3497674780167 1471.938550551111 3000.0
70000.0 80000.0 169.64776562499173 658.8334905273434 369.915087302787 999.525999999998 55.74000000000524 17996.298921228678 1373.0059490953956 1351.4303450778602 1373.0059490953956 21.57560401753523 3827666.940716939 1792.5582916926983 20.86042267504579 1792.5582916926983 1771.6978690176525 2562.5
80000.0 90000.0 2435.755986328135 662.8290689697269 407.16580995101236 998.9290000000037 0.0 12981.798971467526 1134.8871508463303 1119.3175135313093 1134.8871508463303 15.569637315021115 3167878.3627073755 1626.6086015862459 16.284818657510556 1626.6086015862459 1610.3237829287352 2250.0
90000.0 100000.0 1111.344240234379 655.8778120117195 377.45361693808655 999.7299999999959 87.52000000000407 14849.602904793192 1218.030499482732 1200.2004959403012 1218.030499482732 17.830003542430724 3396111.870602435 1575.9008147590662 17.830003542430724 1575.9008147590662 1558.0708112166355 2750.0
100000.0 110000.0 234.36892968749453 688.9053074951171 372.5313736454782 999.8709999999992 60.76799999999639 12982.766789901441 1333.5015923983024 1317.9419938989324 1333.5015923983024 15.559598499370038 3793553.4736195644 1704.7676699756655 14.864797478469658 1704.7676699756655 1689.9028724971956 3000.0
110000.0 120000.0 615.3477753906045 679.1462641858556 369.00473776899724 999.8889999999956 5.213000000003376 15193.118213596703 1397.1528966913402 1378.9455253496574 1397.1528966913402 18.207371341682776 3885893.2196017187 2000.3741312064124 18.90217236258316 2000.3741312064124 1981.4719588438293 2500.0
120000.0 130000.0 3490.6154257812304 692.0581533203118 326.30858923659304 999.7270000000135 10.029999999998836 12217.295435861415 1081.3871556758365 1066.742720316281 1081.3871556758365 14.644435359555452 2907818.605931646 1607.0656004311727 14.644435359555452 1607.0656004311727 1592.421165071617 2300.0
130000.0 140000.0 209.6181406250107 673.6777003676483 385.16928246231646 999.6739999999991 53.21400000000722 14645.436237976179 1300.124059325416 1282.537151504883 1300.124059325416 17.58690782053288 3596125.275207641 1643.3923331806132 17.58690782053288 1643.3923331806132 1625.8054253600803 2700.0
140000.0 150000.0 335.9481406249979 668.8928743896467 396.35127713296777 999.6130000000121 54.12299999999232 13034.398339552872 1308.2895230371876 1292.667697526444 1308.2895230371876 15.621825510743559 3757643.941292651 1548.8099639464117 15.621825510743559 1548.8099639464117 1533.188138435668 3000.0
150000.0 160000.0 1299.59504492188 782.0200023871536 306.41330078878724 999.752999999997 53.396999999997206 14108.993552622564 1486.0565589864682 1469.1565667543928 1486.0565589864682 16.899992232075377 4233836.356762288 1769.8566698762752 16.899992232075377 1769.8566698762752 1752.9566776441998 3000.0
160000.0 170000.0 27.628654296917375 713.0504149816167 320.7792146771609 999.4890000000014 53.30799999998999 12601.553833128408 1454.4978632691568 1439.3875574461108 1454.4978632691568 15.110305823046275 4143552.1252515307 1663.1427454261047 15.110305823046275 1663.1427454261047 1648.0324396030583 3000.0
170000.0 180000.0 260.81377929690643 691.9588201976097 339.13151635310754 998.820000000007 77.0229999999865 11831.951351062167 1338.894535787181 1323.1026785583576 1338.894535787181 14.173902695378768 3792530.3419490303 1655.905689863465 14.173902695378768 1655.905689863465 1640.1138326346418 3000.0
180000.0 190000.0 176.58125976563315 651.7944513671857 398.344321168475 999.7989999999991 24.236999999993714 15534.634164535531 1516.2786241743963 1497.8505888119564 1517.1720684146298 18.04598989588459 4241429.974767195 1727.038688324932 18.939434136118066 1727.038688324932 1706.8237644820251 3000.0
190000.0 200000.0 24.108523437491385 848.5308919270852 291.03059046963835 999.8789999999863 90.91500000000815 13533.593765134357 1495.9199050742466 1479.7473785410875 1496.026460834013 16.172526533159115 4163869.7737815375 1604.6146106428475 16.279082292925636 1604.6146106428475 1588.2289725901553 3000.0
200000.0 210000.0 122.41592382811359 680.7624301757824 390.7527811037761 999.8580000000075 53.32399999999325 13012.956460154097 1321.298614551436 1305.702918325393 1321.298614551436 15.595696226042772 3703154.4717596197 1548.9415221209779 15.595696226042772 1548.9415221209779 1533.3458258949352 3000.0
210000.0 220000.0 142.67790624999907 677.0205660400388 386.32895607547965 999.4929999999877 53.32399999999325 12461.27000041787 1350.4674515015276 1335.5261623443978 1350.4674515015276 14.941289157129962 3834095.0135297235 1646.1908106234132 14.941289157129962 1646.1908106234132 1631.249521466283 3000.0
220000.0 230000.0 96.02926953119459 693.7003151855497 387.203648713753 999.5739999999932 53.13399999999092 12490.430784894337 1315.2538988871224 1300.2774762547197 1315.2538988871224 14.976422632402816 3752339.74760653 1566.209808392565 14.976422632402816 1566.209808392565 1551.2333857601623 3000.0
230000.0 240000.0 89.79548046877608 672.9171597450637 405.5005241834044 999.8759999999893 37.568115234375 15162.998166368867 1542.8270992523278 1524.193366521763 1543.8270992523278 17.6337327305649 4351877.965416579 1769.7175135610914 17.6337327305649 1769.7175135610914 1750.0837808305264 3000.0
240000.0 250000.0 2565.994900390622 687.4450569852968 299.57648656107983 999.94200000001 58.005999999993946 25058.34171419856 1316.4395783350533 1286.5806250250548 1319.4395783350533 28.858953309998242 2445454.627918493 1353.3248910687403 29.0 1353.3248910687403 1322.3248910687403 1745.0
250000.0 260000.0 59.937710937461816 646.4875571831622 383.4012480803013 998.7139999999781 0.106000000028871 14633.861146867954 1331.3964932491335 1313.8467684132684 1331.3964932491335 17.549724835865028 3527810.421480923 1832.5709604572567 17.70433907293163 1832.5709604572567 1814.8666213843248 2883.3333333333335
260000.0 270000.0 60.55843749997439 665.2518044433637 408.0491524370852 999.9820000000182 55.786000000021886 11967.177002550969 1377.473699042806 1363.1184993062088 1377.473699042806 14.355199736597076 3810821.194176555 2023.5899314596613 15.059538809528709 2023.5899314596613 2008.5303926501329 3000.0
270000.0 280000.0 212.70391601562733 691.7548155517579 387.64679639600007 999.9839999999967 16.13900000002468 13104.236945879247 1346.5936124360112 1330.8868676564273 1346.5936124360112 15.706744779583907 3773891.169195795 2053.0289383990494 15.706744779583907 2053.0289383990494 2037.3221936194655 3000.0
280000.0 290000.0 162.75245898438152 728.2901061883251 343.46935873147567 998.7970000000205 55.021000000007916 13161.573099900092 1593.0594865811104 1577.304230490902 1593.0594865811104 15.755256090208505 4464641.560910679 2496.0854879285107 15.755256090208505 2496.0854879285107 2480.330231838302 3000.0
290000.0 300000.0 1950.1585937499185 694.2793596540245 326.383098742402 999.6520000000019 101.18800000002375 11262.790294944156 1151.4255927213906 1136.8893004927397 1151.4255927213906 13.536292228650874 3160317.7948236903 1750.2837047274575 13.536292228650874 1750.2837047274575 1735.7474124988066 3000.0
