ts te idle avg_span std_span max_span min_span c_bytes_all c_ack_cnt c_ack_cnt_p c_pkts_all c_pkts_data s_bytes_all s_ack_cnt s_ack_cnt_p s_pkts_all s_pkts_data video_rate
0.0 10000.0 5626.929748046874 631.396716911765 407.28470903292595 996.5349999999999 0.0 18351.0 262.88122315716345 241.88122315716342 269.8812231571634 20.0 473144.6797526258 366.0983953202192 26.0 366.0983953202192 334.0983953202192 508.8
10000.0 20000.0 192.46297656249953 759.730689152644 347.71489355625056 999.2739999999976 0.0 13611.25123137616 434.2053214470058 417.89658502366103 434.2053214470058 16.308736423344772 856537.110498091 629.2929650413714 16.308736423344772 629.2929650413714 612.9842286180266 288.0
20000.0 30000.0 363.27451171875873 701.5166839693503 347.50405385930975 999.0769999999975 15.497999999999593 17831.307932642732 668.371493981427 647.0344265462121 668.371493981427 21.33706743521485 1094123.8579810376 815.1292666483267 21.33706743521485 815.1292666483267 793.7921992131119 288.0
30000.0 40000.0 1882.4898046875023 724.2558591889881 278.60937657652687 999.125 111.6339999999982 14661.86600175134 483.7452108348948 466.1813301750862 483.7452108348948 17.563880659808632 856228.1419139651 640.3793945522258 16.88968762439562 640.3793945522258 623.4897069278301 288.0
40000.0 50000.0 2808.327847656248 640.7814262952295 344.65713553848065 998.4040000000023 23.301000000006752 13294.866056261286 426.33580927309913 410.3921932301051 426.33580927309913 15.943616042994098 715425.2973690706 538.1212391463306 16.617809078407113 538.1212391463306 521.5034300679234 288.0
50000.0 60000.0 4574.165480468757 447.87849002878113 374.1965632248354 999.9609999999957 0.0 14126.09392223514 436.3393505818767 419.4038198616949 436.3393505818767 16.935530720181774 837873.0940469605 612.0050358830849 16.935530720181774 612.0050358830849 595.0695051629032 477.0
60000.0 70000.0 3918.48154101563 581.8915121694702 354.11075152618054 999.028999999995 106.76300000000629 14112.614855733344 812.1215907245332 795.2104220060772 812.1215907245332 16.911168718455873 1730182.8184382492 1131.9737034084415 16.911168718455873 1131.9737034084415 1115.0625346899856 1217.142857142857
70000.0 80000.0 1596.052976562496 650.5386614583347 350.150747241721 999.7780000000057 51.1359999999986 15311.054271141758 1470.228841187056 1450.880583029054 1470.228841187056 18.348258158002118 3509608.5173479095 2294.7960028980656 18.17412907900106 2294.7960028980656 2275.6218738190646 2185.714285714286
80000.0 90000.0 70.30073632810672 668.5330032959 397.76075723616697 999.8650000000052 34.56100000000151 13676.854233790678 1637.8886154157788 1621.473570518985 1637.8886154157788 16.415044896793535 3610416.5147981364 2316.2737575678216 16.589173975794594 2316.2737575678216 2299.6845835920267 2700.0
90000.0 100000.0 53.811455078131985 789.8902925091902 329.8280425302611 999.0359999999928 154.61699999999837 13531.186804573459 1965.275282900313 1949.0800404568831 1965.275282900313 16.195242443429876 4621927.479799369 3033.2917084503115 16.195242443429876 3033.2917084503115 3017.0964660068817 3000.0
100000.0 110000.0 2713.4972578125016 635.4330048828124 375.6100768910089 999.7930000000051 41.417068359369296 10862.904690494106 1401.6072604968522 1388.5658059950777 1401.6072604968522 13.041454501774473 3435531.4880545856 2243.6385310838014 13.041454501774473 2243.6385310838014 2230.5970765820266 3000.0
110000.0 120000.0 1233.0638535156031 746.8458977179314 355.1378111713106 999.6510000000126 77.9200000000128 15011.331114537988 1875.0436802001188 1857.0565342789887 1875.0436802001188 17.987145921130107 4603238.937931068 3112.722328228371 17.987145921130107 3112.722328228371 3094.7351823072413 3000.0
120000.0 130000.0 42.48707031243248 715.3359889322969 379.0673120792604 999.426999999996 119.74900000001071 12906.866888599408 1618.0335705572707 1602.55541767944 1618.0335705572707 15.478152877830615 3935921.204671186 2664.0567949051147 14.745503478350255 2664.0567949051147 2649.3112914267645 3000.0
130000.0 140000.0 2009.6130527344067 670.3759244290839 383.9079606554588 999.9629999999888 141.35699999998906 10759.072759486047 1289.7320220638608 1276.816730294081 1289.7320220638608 12.915291769779888 3170988.8082241607 2088.809894071984 13.647941169260246 2088.809894071984 2075.161952902724 3000.0
140000.0 150000.0 447.0331523437344 710.5657943050993 355.63825115412385 999.9340000000084 26.33499999999185 14724.729237376556 1793.1907271787495 1775.5713177474904 1793.1907271787495 17.619409431259392 4415264.049173586 2921.4109827945294 17.619409431259392 2921.4109827945294 2903.7915733632703 2766.6666666666665
150000.0 160000.0 358.40673242189223 688.051951171875 410.34623988079335 999.6179999999877 114.49799999999232 13735.69765729138 1205.7740458019855 1189.2990787053654 1205.7740458019855 16.47496709662019 2981579.120954117 1976.4858383793198 15.737483548310097 1976.4858383793198 1960.7483548310097 2300.0
160000.0 170000.0 254.48419921880122 630.7513910845548 399.5603882322627 999.247000000003 115.40599999998813 12700.638297428506 1364.79280524952 1349.5693569684563 1364.79280524952 15.223448281063567 3343152.618915463 2189.6740876258027 15.960931829373664 2189.6740876258027 2173.713155796429 2300.0
170000.0 180000.0 53.5024550781236 699.5611354980465 349.8950616366533 999.6680000000051 137.19500000000698 14003.08080113787 1518.7256249531838 1501.9452249623641 1518.7256249531838 16.78039999081956 3817122.859428959 2476.7639801082028 16.0409923065679 2476.7639801082028 2460.722987801635 2650.0
180000.0 190000.0 95.06790234375512 672.4879395751941 390.6189705109419 999.7889999999898 140.81599999999162 11848.68660481257 1570.91192953475 1556.7003749512164 1570.91192953475 14.211554583533662 3977381.749597935 2582.7486157809244 14.950962267785322 2582.7486157809244 2567.7976535131393 3000.0
190000.0 200000.0 98.96374414063757 603.0978328993046 426.11944218586603 999.9219999999914 0.0 12551.4445163284 1510.7004146567574 1495.649872563674 1510.7004146567574 15.050542093083413 3900309.1992559377 2572.873405325013 15.050542093083413 2572.873405325013 2556.8228632319297 3000.0
200000.0 210000.0 98.95677148434334 684.7904492187499 383.5999089401211 999.9439999999886 123.06099999998696 13103.58603199682 1459.0218302379553 1443.3155929951295 1459.0218302379553 15.706237242826045 3778403.7260528775 2377.152985041898 14.982662598852825 2377.152985041898 2362.170322443045 3000.0
210000.0 220000.0 81.1975097655959 756.2332597656253 329.05697723938005 999.0750000000116 182.98499999998603 13311.946030812185 1649.3174741451842 1633.3657319393865 1649.3174741451842 15.951742205797814 4251702.71327347 2657.204974842139 16.675316849771036 2657.204974842139 2640.529657992368 3000.0
220000.0 230000.0 78.02240234374767 700.8690649126862 348.00664319718715 999.8949999999895 171.77900000000955 12772.31358540823 1654.5336373143941 1639.2210732895824 1654.5336373143941 15.312564024811795 4128530.7904012166 2630.1779176068967 15.312564024811795 2630.1779176068967 2614.865353582085 2766.6666666666665
230000.0 240000.0 213.25678124994738 653.217367065432 416.2962750835524 999.585000000021 50.89900000000489 12556.177714737638 1565.961233513774 1550.9049192275086 1565.961233513774 15.056314286265415 4039236.9377570786 2722.2068319142736 15.056314286265415 2722.2068319142736 2707.150517628008 3000.0
240000.0 250000.0 301.0996914061834 717.8991319010499 367.878323909068 999.8790000000154 28.411000000021886 12525.227918743267 1625.3906652739695 1610.3720946413557 1625.3906652739695 15.018570632613741 3815113.6805979083 2593.9180879939204 15.018570632613741 2593.9180879939204 2578.8995173613066 3000.0
250000.0 260000.0 128.2922226563678 665.0258751220645 407.56916358854437 999.75 118.3059999999823 13100.597538188555 1498.84967830629 1483.1475889884414 1498.84967830629 15.702089317848438 3749666.7508269106 2524.146581416091 14.957874440206616 2524.146581416091 2509.188706975885 3000.0
260000.0 270000.0 472.5598339843564 749.1113846435546 330.7723157329503 999.7760000000126 91.53700000001118 13631.213691589952 1808.6661311975759 1792.331865357158 1808.6661311975759 16.334265840418034 4305977.115012776 2883.4624206155886 16.255785122358176 2883.4624206155886 2867.2066354932304 2650.0
270000.0 280000.0 72.14903906249674 663.1216894531244 411.364561176143 999.8719999999739 119.04200000001583 11835.389611524624 1541.6072197543563 1527.4299153500579 1541.6072197543563 14.177304404298322 3662539.8610051796 2449.583176452422 15.0 2449.583176452422 2434.583176452422 2860.0
280000.0 290000.0 61.40194335934939 704.352666406252 388.76289506426366 999.1639999999898 82.83100000000559 13108.366590679083 1583.7188455089724 1567.9891301544858 1583.7188455089724 15.729715354486686 3917114.6378637156 2649.5721004621832 15.729715354486686 2649.5721004621832 2633.842385107697 3000.0
290000.0 300000.0 74.83475976565387 692.2983101806603 374.0590320085894 999.6610000000219 130.9319999999716 12521.918062597986 1662.5251591602287 1647.5106249375485 1662.5251591602287 15.01453422268047 4015788.039999511 2707.364679204902 15.01453422268047 2707.364679204902 2692.3501449822215 3000.0
