ts te idle avg_span std_span max_span min_span c_bytes_all c_ack_cnt c_ack_cnt_p c_pkts_all c_pkts_data s_bytes_all s_ack_cnt s_ack_cnt_p s_pkts_all s_pkts_data videorate
0.0 10000.0 9926.463 73.53700000000026  73.53700000000026 73.53700000000026 2718.0 10.0 7.0 11.0 3.0 6914.0 12.0 3.0 12.0 8.0 0.0
10000.0 20000.0 363.8561894531231 751.3165411044037 309.8251976209377 999.6310000000012 97.07900000000154 30924.432220918246 2109.6114286323455 2073.9293632271365 2112.6114286323455 35.68206540520899 4306717.232581779 2881.3967642980037 36.68206540520899 2881.3967642980037 2841.714698892795 1500.0
20000.0 30000.0 786.3013828124895 683.871444769966 338.6103755482615 999.4119999999966 61.71899999999732 15285.567779081754 1544.6570169561762 1526.3390823613852 1544.6570169561762 18.317934594791016 4043140.3753584567 2585.1373351142906 17.317934594791016 2585.1373351142906 2567.8194005194996 3000.0
30000.0 40000.0 77.70538476562069 663.1465217013889 368.89640427314356 999.3009999999995 90.30399999999645 13597.47034016928 1537.573820503843 1521.2677473466974 1537.573820503843 16.306073157145814 4301395.090354695 2666.185943134525 16.306073157145814 2666.185943134525 2649.8798699773797 3000.0
40000.0 50000.0 520.6245234375019 620.0987827148447 371.8532160395284 999.773000000001 24.14600000000064 19125.266392310732 1666.3753083733848 1641.1068723470626 1669.3753083733848 21.26843602632213 4053184.196218727 2484.3700778362695 21.26843602632213 2484.3700778362695 2456.1016418099475 3000.0
50000.0 60000.0 2224.328359375024 729.5355113525366 324.9487008388353 999.1619999999966 0.0 12995.368731389019 1165.8722977948541 1149.2839645742388 1165.8722977948541 15.588333220615684 3249665.39934851 1458.2972066278733 16.588333220615684 1458.2972066278733 1440.7088734072577 3000.0
60000.0 70000.0 216.8815781250014 729.1248715277769 279.95348501805506 999.8289999999979 236.04067968750314 15320.711571686228 1614.0129745399029 1596.2495313589802 1615.0129745399029 17.763443180922707 4521575.730822031 1909.388660319658 17.763443180922707 1909.388660319658 1890.6252171387355 3000.0
70000.0 80000.0 140.41041796872742 647.2903714599624 412.16816434632807 999.5890000000072 53.361000000004424 12423.017118078888 1333.0615733871657 1318.1663720400827 1333.0615733871657 14.895201347082999 3807582.2221139865 1610.1562024589177 14.895201347082999 1610.1562024589177 1595.2610011118345 3000.0
80000.0 90000.0 296.02420703125244 646.9480755208327 400.63219987501475 999.8429999999935 38.97500000000582 12761.655239586042 1426.3003121978418 1411.0023532472815 1426.3003121978418 15.297958950560213 4008330.048694615 1679.6198702512415 15.297958950560213 1679.6198702512415 1664.3219113006812 3000.0
90000.0 100000.0 1768.3542714843934 754.3351738281253 284.42318858237127 999.3439999999973 91.38400000000547 13258.510606779811 1346.8742812916519 1330.9937271743015 1346.8742812916519 15.880554117350451 3818737.342583714 1376.5363629738683 15.880554117350451 1376.5363629738683 1360.655808856518 3000.0
100000.0 110000.0 1865.5758320312598 694.4705528564455 338.59868405186995 998.9389999999985 49.028999999994994 12977.576430231858 1403.5975633221215 1388.0273481633021 1403.5975633221215 15.570215158819341 3987609.845502122 1434.7077236670007 15.0 1434.7077236670007 1419.7077236670007 3000.0
110000.0 120000.0 1054.0900996093696 645.5384265624986 360.5466790255809 999.6419999999925 98.59399999999732 12441.238161773124 1321.7764858698008 1306.8603417700774 1321.7764858698008 14.91614409972332 3759617.9599102805 1363.4851198947263 15.486359258542661 1363.4851198947263 1347.9987606361835 3000.0
120000.0 130000.0 2907.3679101562593 554.6027064887151 397.04630782569626 999.9539999999979 53.44099999999162 21492.185407995017 1081.2869371309114 1055.7732963894541 1084.2869371309114 24.513640741457337 3031824.556511082 1154.7187334236246 22.513640741457337 1154.7187334236246 1130.2050926821673 2875.0
130000.0 140000.0 1107.8080488281266 690.846320004112 396.69238298887205 999.9519999999902 2.529999999998836 15851.0 1355.5348836921764 1336.5348836921764 1355.5348836921764 19.0 3834078.392942936 1379.234108499017 19.0 1379.234108499017 1360.234108499017 2785.714285714286
140000.0 150000.0 1064.074783203163 727.3167779181967 353.2810351853885 999.5389999999898 49.155999999988126 12510.0 1351.7366107226037 1336.7366107226037 1351.7366107226037 15.0 3834062.693041967 1373.7422762004921 13.0 1373.7422762004921 1360.7422762004921 3000.0
150000.0 160000.0 68.14714453127817 734.2000446614558 339.71299802494457 999.5460000000021 146.3530000000028 13296.306521317325 1420.043831651086 1404.0964743964869 1420.043831651086 15.947357254599186 4020820.8323568352 1443.4442268571586 15.947357254599186 1443.4442268571586 1427.4968696025594 3000.0
160000.0 170000.0 52.73503710934892 654.7002451171902 420.4010517169735 999.7509999999893 53.12100000001374 12528.384550964827 1311.3977226343281 1296.3755725729247 1311.3977226343281 15.022150061403403 3727126.295030413 1343.807683485525 14.53739640340211 1343.807683485525 1329.270287082123 3000.0
170000.0 180000.0 112.33455664059147 624.1073677014807 394.2538469032914 998.5050000000047 50.17300000000978 13098.163925887135 1484.9994596150848 1467.3033222813156 1484.9994596150848 15.696137333769158 4210808.535745854 1532.3586436461794 16.180890991770454 1532.3586436461794 1514.177752654409 3000.0
180000.0 190000.0 1789.6235859375156 841.0898744791668 186.33253079794292 999.5499999999884 461.43599999998696 11117.145001830715 1267.287491684721 1253.9531363344927 1267.287491684721 13.33435535022825 3596202.2508819946 1291.4130613116276 13.33435535022825 1291.4130613116276 1278.0787059613995 3000.0
190000.0 200000.0 734.2306347656122 822.5965563964855 245.11574022602235 999.7749999999942 218.87100000001374 14192.0 1472.5238350228447 1455.5238350228447 1472.5238350228447 17.0 4202143.363233794 1518.5327965559627 17.0 1518.5327965559627 1501.5327965559627 3000.0
200000.0 210000.0 549.4981210936967 703.7131352864614 320.98584562362566 999.9670000000042 253.77499999999418 13216.345729406885 1409.2179062737227 1393.3668873226302 1409.2179062737227 15.851018951092634 3995036.8171576536 1435.3579257895121 14.851018951092634 1435.3579257895121 1420.5069068384196 3000.0
210000.0 220000.0 47.42769531250815 676.967192626953 375.2394932397998 999.7999999999884 26.703000000008615 12859.106863511932 1411.4442189923602 1396.0380661447555 1411.4442189923602 15.406152847604735 4002061.0503563066 1438.2952379434528 15.406152847604735 1438.2952379434528 1422.8890850958483 3000.0
220000.0 230000.0 1042.86973437501 677.4437269965306 376.98010632393294 999.9670000000042 21.668000000005122 14920.109828418143 1422.797846976822 1405.512783120725 1423.797846976822 17.285063856097118 4034452.629002996 1458.135732215178 17.285063856097118 1458.135732215178 1439.8506683590808 3000.0
230000.0 240000.0 1467.8048164062784 667.0837603400714 370.8722603190986 999.7429999999877 61.03599999999278 12742.100082050072 1370.8880905135293 1355.6124372094318 1370.8880905135293 15.275653304097473 3894321.64674286 1400.4575390285252 15.275653304097473 1400.4575390285252 1385.1818857244277 3000.0
240000.0 250000.0 1628.2368769531022 654.0408349609368 354.0637084919171 999.5199999999895 53.25500000000466 16310.156002361684 1263.14931089215 1244.1063702717681 1264.14931089215 19.042940620382048 3550182.6778920935 1322.9894433522645 18.042940620382048 1322.9894433522645 1303.9465027318824 2600.0
250000.0 260000.0 75.32237109361449 618.5638913845565 406.33949503720567 999.869000000006 2.8360000000102445 15126.807544875921 1648.6445198014399 1630.4925469100817 1648.6445198014399 18.151972891358085 3994401.751577221 1662.3522449407612 18.151972891358085 1662.3522449407612 1644.2002720494033 2900.0
260000.0 270000.0 807.8942499999539 636.2604490966842 385.19096890525987 999.9729999999981 42.90100000001257 12011.975460324156 1280.9953554773856 1266.6012677924964 1280.9953554773856 14.394087684889039 3559242.4183211615 1454.3194936580344 14.394087684889039 1454.3194936580344 1439.9254059731454 3000.0
270000.0 280000.0 211.8564960937947 639.383085363048 390.02100988613836 999.0630000000237 53.17399999999907 13482.965125020648 1419.7817933648166 1403.6119543342481 1419.7817933648166 16.169839030568756 3964096.1544762445 1582.6462100994088 16.169839030568756 1582.6462100994088 1566.4763710688399 3000.0
280000.0 290000.0 2149.9806640625466 708.7312620849516 316.9936541140406 999.3190000000177 34.99108398437966 12453.772352450847 1315.4021423484496 1300.467482524271 1315.4021423484496 14.934659824178757 3738926.7861462277 1348.2470070701524 14.934659824178757 1348.2470070701524 1333.3123472459738 3000.0
290000.0 300000.0 733.8022832031129 733.2377969835102 292.17788375082984 999.7310000000289 59.477000000013504 12932.661011579708 1564.927287629874 1548.0218517657213 1565.344112504295 15.488610989731352 4416925.162646396 1647.6107223704646 15.488610989731352 1647.6107223704646 1630.705286506312 3000.0
