ts te idle avg_span std_span max_span min_span c_bytes_all c_ack_cnt c_ack_cnt_p c_pkts_all c_pkts_data s_bytes_all s_ack_cnt s_ack_cnt_p s_pkts_all s_pkts_data videorate
0.0 10000.0 8985.3310546875 655.3509218750005 106.52159490250196 815.099000000002 599.39208984375 10168.73699793616 52.12161292659918 41.875383160967424 55.35105313731043 10.246229765631758 116453.45521902788 99.50111499030461 13.475669976343006 99.50111499030461 82.79600480325036 1500.0
10000.0 20000.0 954.2009941406213 565.3340082589285 334.4668029421939 994.5480000000025 0.0 23994.17254999472 352.51830542588226 321.6707780382759 362.28886521517103 28.39512334160102 685047.9518299085 530.1566198371132 31.618087176895063 530.1566198371132 488.3155688249241 591.0
20000.0 30000.0 1068.3700429687597 659.1459692007206 288.64929450785144 999.4809999999998 87.01499999999942 19524.09045206912 459.32045895922727 435.41421611246534 459.32045895922727 23.35864689276722 872401.6078941734 654.3026424842909 23.906242846761934 654.3026424842909 629.8488036835342 288.0
30000.0 40000.0 2313.4531152343698 624.2313053710935 371.89378583788744 998.2169999999969 0.08899999999994179 17162.551922885723 399.95721567240207 378.41471040915053 400.95721567240207 20.542505263251552 762911.7164229003 568.7223104109299 21.542505263251552 568.7223104109299 547.1798051476784 288.0
40000.0 50000.0 6481.2024355468675 265.16453982204945 224.6195121749403 773.3190000000031 5.197000000000116 16748.448077114277 451.08240701588926 431.6249122791408 452.08240701588926 19.457494736748448 761759.2686339901 519.3173122773613 20.457494736748448 519.3173122773613 497.8598175406129 591.0
50000.0 60000.0 2706.049781249996 602.0083655790445 394.4591000890653 999.9220000000059 52.501953125 13465.533321481187 1029.5650932645633 1012.4039981348562 1029.5650932645633 16.161095129707004 2213084.774651334 1441.991918319171 17.05438886605505 1441.991918319171 1423.937529453116 1500.0
60000.0 70000.0 28.38637695313082 773.971955273438 326.94578114222793 999.9159999999974 48.57700000000477 15120.042661363415 1543.8224389863462 1525.6554674698098 1543.8224389863462 18.16697151653657 3085511.7917310833 2014.660480332905 18.273677780188528 2014.660480332905 1996.3868025527165 2071.4285714285716
70000.0 80000.0 138.034859374995 775.2858829152966 312.36346297225805 999.9790000000066 79.287109375 13816.820785534655 1457.9690344800576 1441.3917648788968 1457.9690344800576 16.57726960116058 3262666.517681633 2122.336945096975 16.57726960116058 2122.336945096975 2105.759675495814 2300.0
80000.0 90000.0 271.05798046874406 705.0542280560655 342.04718096744654 999.898000000001 60.49101367186813 13106.576010133283 1329.24794448203 1313.536923510298 1329.24794448203 15.711020971731877 3378177.143487885 2188.8419588991487 15.711020971731877 2188.8419588991487 2173.130937927417 2300.0
90000.0 100000.0 172.94981640625338 563.2183017578121 433.43099912731697 999.3000000000029 3.1900000000023283 12616.864689437698 1478.563919492641 1463.4370018092231 1478.563919492641 15.126917683417693 3470849.6260636384 2257.016666168993 15.126917683417693 2257.016666168993 2241.889748485575 2300.0
100000.0 110000.0 1941.957888671881 593.4981048519717 360.89437676264754 999.8249999999971 74.32499999999709 18183.162532049762 976.831569294362 954.5748441969157 978.831569294362 21.25672509744627 2251136.146384426 1532.1520311828071 23.25672509744627 1532.1520311828071 1507.895306085361 1437.7142857142858
110000.0 120000.0 3813.102017578116 637.048826497395 373.223869306721 996.0389999999898 129.94500000000698 13014.364377917977 511.8155870639928 495.2103913759952 511.8155870639928 15.60519568799759 1169798.514256385 729.4207827519904 15.60519568799759 729.4207827519904 712.8155870639928 900.0
120000.0 130000.0 497.8299453124928 746.9418076685841 361.3818652460024 999.7969999999914 107.623291015625 12752.985155077851 1127.2203881994399 1111.9313768289157 1127.2203881994399 15.28901137052412 2574943.849274649 1741.6263351877553 16.289011370524122 1741.6263351877553 1725.3373238172312 1900.0
130000.0 140000.0 56.40087109376327 657.4891501736145 384.041274239641 999.9880000000121 29.849027343763737 15609.650467004172 1425.6887527947715 1407.5829598532932 1426.6887527947715 18.105792941478292 3446723.3875704138 2267.1457785723487 19.105792941478292 2267.1457785723487 2247.0399856308704 2300.0
140000.0 150000.0 2398.7129042969027 481.27921227384724 394.1504570973514 998.5460000000021 0.0560000000114087 17197.0 1024.2752719417958 1003.2752719417958 1026.2752719417958 20.0 2086948.2488985527 1346.8071034879058 22.0 1346.8071034879058 1323.8071034879058 1177.7142857142858
150000.0 160000.0 5008.1397695312335 619.6684531250011 321.5877781759498 999.1600000000035 49.087890625 12550.190627167914 858.150680811314 843.1004538742093 858.150680811314 15.05022693710466 1713670.8426750281 1141.150680811314 15.05022693710466 1141.150680811314 1126.1004538742093 1236.0
160000.0 170000.0 723.3813769530971 823.5332966579881 269.1689706577955 999.435999999987 197.19599999999627 13284.690017299936 1108.6689619538176 1092.7480863615788 1108.6689619538176 15.920875592238904 2553972.6683956413 1699.9396569678388 15.920875592238904 1699.9396569678388 1684.0187813756 1820.0
170000.0 180000.0 66.36392968750442 722.3791503906236 346.6630574516562 999.7159999999858 27.519287109375 15885.11935553215 1427.956756100713 1408.9278586300566 1427.956756100713 19.028897470656435 3537638.6812965125 2354.870526913224 19.01452766073392 2354.870526913224 2335.8559992524906 2600.0
180000.0 190000.0 668.3677695312654 637.4033123914916 383.80758079363096 999.8999999999942 0.0 12198.485013414429 1738.3688890056146 1723.7388592984717 1738.3688890056146 14.630029707143027 4114308.7818728993 2666.048047450532 14.644399517065544 2666.048047450532 2651.4036479334663 3000.0
190000.0 200000.0 637.4738105468859 557.8355713355649 406.92385273828336 999.1020000000135 14.260009765625 12833.507089770534 1663.8533959927013 1648.469149386529 1663.8533959927013 15.384246606172404 4204274.941978436 2719.4316793661105 15.384246606172404 2719.4316793661105 2704.047432759938 3000.0
200000.0 210000.0 11.376867187471362 920.101186121326 147.32075387067093 999.6259999999893 487.207275390625 14550.5200901965 1715.093093211873 1697.6174500556147 1715.093093211873 17.47564315625875 4310919.5614777 2833.3259860419953 16.965562625832938 2833.3259860419953 2816.360423416162 3000.0
210000.0 220000.0 1480.8921035156236 639.3990348165756 349.8831422724352 999.9569999999949 56.5221015624993 14285.598904876726 1581.3125511817252 1564.2013885868596 1581.3125511817252 17.11116259486547 3877622.2721933667 2566.637750706745 16.621243125291286 2566.637750706745 2550.0165075814534 2883.3333333333335
220000.0 230000.0 37.40979492189945 769.4381672794099 350.742990657455 999.4929999999877 71.931884765625 12936.94539847167 1685.3084166194506 1669.7989802792229 1685.3084166194506 15.509436340227634 4012254.4863396357 2680.6502952996475 15.99488202184912 2680.6502952996475 2664.655413277798 3000.0
230000.0 240000.0 54.59275390621042 555.8133636718791 423.91712209999827 999.3660000000091 4.722000000008848 12932.979019930759 1643.409536910773 1627.9071865308078 1643.409536910773 15.502350379965272 4115305.680121048 2762.3207632176645 16.016904698343787 2762.3207632176645 2746.303858519321 3000.0
240000.0 250000.0 52.631000000052154 610.0752406249987 394.4918095660315 999.4720000000088 62.771000000007916 12929.634959829931 1641.1404778852864 1625.6418341979063 1641.1404778852864 15.498643687379996 4084680.3608776163 2773.2544205472523 15.38713121536744 2773.2544205472523 2757.867289331885 3000.0
250000.0 260000.0 523.9071718750638 789.8555550321677 267.99059549219464 999.9249999999884 110.103271484375 13043.434630970376 1692.176410608145 1676.542749773445 1692.176410608145 15.633660834700162 4125988.971924268 2790.334115598551 15.74517330671272 2790.334115598551 2774.5889422918385 3000.0
260000.0 270000.0 0.0 805.6576364257838 302.7962830244329 999.6819999999716 123.26000000000931 13241.130167739766 1636.885542824669 1621.0152348069155 1636.885542824669 15.87030801775366 3928974.6390730836 2626.7528521691193 15.87030801775366 2626.7528521691193 2610.882544151366 3000.0
270000.0 280000.0 56.81069531245157 626.3452907986162 404.37043650015505 999.5659999999916 84.73100000002887 12833.76472479931 1599.9551962363034 1584.5706775607696 1599.9551962363034 15.384518675533622 4061303.112929444 2741.533535455253 15.384518675533622 2741.533535455253 2726.149016779719 3000.0
280000.0 290000.0 44.17033984372392 648.1718617876827 407.10245635486984 999.5470000000205 9.800999999977648 12183.070924674612 1622.1709428399483 1607.5592196514988 1622.1709428399483 14.611723188449657 3953772.0229260726 2622.6879749774826 14.611723188449657 2622.6879749774826 2608.076251789033 3000.0
290000.0 300000.0 582.5011640624725 671.9746102430573 361.56673235796524 999.8680000000168 69.9440000000177 12836.929075325388 1631.8723696244892 1616.4840928129388 1631.8723696244892 15.388276811550343 4109024.551205555 2699.9922519577485 15.388276811550343 2699.9922519577485 2684.603975146198 3000.0
