ts te idle avg_span std_span max_span min_span c_bytes_all c_ack_cnt c_ack_cnt_p c_pkts_all c_pkts_data s_bytes_all s_ack_cnt s_ack_cnt_p s_pkts_all s_pkts_data video_rate
0.0 10000.0 6634.121000000003 678.3990061035151 368.64159676556665 996.6699999999983 134.1929999999993 18783.40603860499 689.1160110299966 668.1488609840383 693.1160110299966 20.96715004595832 1350330.4437267263 908.9991125925794 24.96715004595832 908.9991125925794 880.0319625466211 1500.0
10000.0 20000.0 1231.5877695312483 684.318326334635 356.7322670368521 999.9199999999983 30.969951171875437 20170.132905006925 1745.5191615819388 1721.3954104771508 1745.5191615819388 24.123751104787917 4091204.4936095276 2671.908588788012 24.123751104787917 2671.908588788012 2647.784837683224 1772.7272727272727
20000.0 30000.0 406.9435722656199 690.3410746093753 402.4352418275482 999.6200000000026 72.74599999999919 12435.461056388087 1542.3648273880647 1527.455728538811 1542.3648273880647 14.909098849253764 3817473.062663746 2446.0922986194087 14.909098849253764 2446.0922986194087 2431.1831997701547 3000.0
30000.0 40000.0 455.81370507812244 670.1634052083333 406.75191270081274 999.7640000000029 13.091999999996915 13340.0 1233.9287902041879 1217.9287902041879 1233.9287902041879 16.0 3304863.601667257 2083.7793778060213 16.0 2083.7793778060213 2067.7793778060213 2500.0
40000.0 50000.0 84.57188281249546 694.4501095920132 403.3515906925834 999.9170000000013 67.60205078125 15147.071055486802 1479.9261719724893 1461.7899417851559 1479.9261719724893 18.136230187333496 3846958.135384262 2369.097310775657 18.068115093666748 2369.097310775657 2351.0291956819906 2400.0
50000.0 60000.0 1175.9677324218937 721.2209249441959 394.07310686452877 999.2119999999995 84.84500000000116 10714.928944513198 1311.1450378233226 1297.2812680106563 1311.1450378233226 12.863769812666504 3322237.262948481 2044.1233114183215 12.931884906333252 2044.1233114183215 2030.191426511988 3000.0
60000.0 70000.0 1196.713939453126 818.9069333333338 263.5246340974775 999.8600000000006 133.81900000000314 14192.0 1290.0 1273.0 1290.0 17.0 3282749.0 2090.0 17.0 2090.0 2073.0 2300.0
70000.0 80000.0 1336.055015624981 649.2366000000019 420.09548184954264 999.900999999998 53.78399999999965 12510.0 1286.0 1271.0 1286.0 15.0 3314182.0 2118.0 15.0 2118.0 2103.0 2300.0
80000.0 90000.0 2263.8671757812554 573.4451324218738 422.49880465951765 999.6600000000035 70.135986328125 12510.0 1137.7697582037563 1122.7697582037563 1137.7697582037563 15.0 2922166.73551054 1856.3852108752085 15.0 1856.3852108752085 1841.3852108752085 2300.0
90000.0 100000.0 171.87090039062605 779.2329945746525 247.6538585499334 998.8220000000001 267.6640000000043 17492.0 849.4810120643236 828.4810120643236 849.4810120643236 21.0 1998563.3242094768 1359.5936724125947 20.49794025014942 1359.5936724125947 1339.0957321624455 1633.3333333333333
100000.0 110000.0 2162.4909882812644 557.2853341145819 425.01287135707275 999.8929999999964 88.34799999999814 12631.535193203288 757.4902979831597 742.3420843329119 757.4902979831597 15.148213650247913 2065065.9402799834 1334.0211167121968 15.50205974985058 1334.0211167121968 1318.519056962346 1500.0
110000.0 120000.0 1224.280865234352 665.1782066406255 373.9690723088796 999.7190000000119 122.73199999998906 14070.464806796712 840.2589317487605 823.4071453990084 840.2589317487605 16.85178634975209 2302926.0 1431.0 17.0 1431.0 1414.0 1500.0
120000.0 130000.0 3626.541814453114 596.5233834134639 398.9463132958168 999.8280000000086 90.80600000001141 12609.64000625458 793.4581464329939 778.3366342302444 793.4581464329939 15.12151220274949 2006319.6900922551 1302.972097621996 15.12151220274949 1302.972097621996 1287.8505854192463 1500.0
130000.0 140000.0 2234.88797265623 587.9334305245554 442.76371787972647 999.0950000000012 85.74600000001374 12510.119275445788 680.7998716883633 665.7997262305025 680.7998716883633 15.000145457860716 1823920.5380264632 1169.3541007297347 15.000145457860716 1169.3541007297347 1154.3539552718742 1500.0
140000.0 150000.0 1002.7160156249884 747.7519992187483 356.03557323017 999.5950000000012 110.66399999998976 14092.240718299632 1026.741981878643 1008.863639539253 1026.741981878643 16.878342339389796 2517340.7718812814 1619.6738016482693 16.878342339389796 1619.6738016482693 1601.7954593088796 1500.0
150000.0 160000.0 1064.2033984375012 661.2982071614572 409.69743331655246 999.9919999999984 31.985107421875 12536.927499151385 1350.7944083854907 1335.7615699718913 1350.7944083854907 15.03283841359925 3535625.8391541108 2271.0454113318165 15.03283841359925 2271.0454113318165 2256.0125729182173 3000.0
160000.0 170000.0 104.64552929688944 729.3911933593762 383.5122723575435 999.9519999999902 134.70300000000861 12483.072500848615 1514.1612747207814 1499.1941131343808 1514.1612747207814 14.96716158640075 3956414.333347268 2536.1330069515725 14.937489134084704 2536.1330069515725 2521.1955178174876 3000.0
170000.0 180000.0 57.03296093750396 768.3781899414062 316.2889688948064 999.9960000000137 29.59999218748999 12510.0 1626.8276157137816 1611.8276157137816 1626.8276157137816 15.0 4049820.695939105 2620.569034915211 15.029672452316046 2620.569034915211 2605.539362462895 3000.0
180000.0 190000.0 93.00594531249953 842.0792172309027 304.8232159140264 999.8930000000109 55.58595312500256 14319.837423801464 1785.472387345601 1768.3164880482823 1785.472387345601 17.155899297318857 4433759.882853691 2800.8664366997386 17.0 2800.8664366997386 2783.8664366997386 3000.0
190000.0 200000.0 3903.403980468749 671.259001775568 346.69642865285476 999.8910000000033 36.796999999991385 9458.424112718678 779.8514013049962 768.4831797255054 779.8514013049962 11.368221579490834 2024556.7524949997 1300.7670984054273 11.524120876809691 1300.7670984054273 1289.2429775286175 2475.0
200000.0 210000.0 48.721167968731606 734.6067710404816 296.14168741315893 999.948000000004 65.637939453125 17649.678872044587 1656.0995021009787 1635.49012068108 1657.0995021009787 20.609381419898767 4259200.8281469755 2601.1631586855756 21.54263027154454 2601.1631586855756 2578.620528414031 2300.0
210000.0 220000.0 2097.4428222656425 652.8873780691938 445.4996118943542 999.9659999999858 0.2589999999909196 11465.847400148188 922.5353971470621 908.7781954916447 922.5353971470621 13.757201655417381 2408685.2857576963 1552.5397526315785 13.82395280377161 1552.5397526315785 1538.715799827807 2300.0
220000.0 230000.0 456.2572363280924 636.7577473575383 406.97416656367085 999.244000000006 84.19106835938874 13443.212191287086 1438.6431221431872 1422.533826095313 1438.6431221431872 16.10929604787416 3442241.4697147184 2189.972296319461 16.10929604787416 2189.972296319461 2173.8630002715863 2300.0
230000.0 240000.0 1016.026654296933 591.6162716064428 439.2270624879306 999.7749999999942 48.665283203125 12552.701543919311 1188.1665687625675 1173.1144937090075 1188.1665687625675 15.052075053560136 3118685.369150579 1940.9332300772624 15.052075053560136 1940.9332300772624 1925.8811550237021 2300.0
240000.0 250000.0 1253.5389628906269 612.9047308593756 389.1024884266459 999.4000000000233 103.07699999999022 12467.298456080689 1257.4599574687131 1242.5120325222733 1257.4599574687131 14.947924946439864 2953542.3054613 1906.2525944427039 14.947924946439864 1906.2525944427039 1891.3046694962638 2300.0
250000.0 260000.0 672.4045644531725 658.3984525505495 404.13702388278574 999.9839999999967 112.72600000002421 14291.418013249859 1367.052376537308 1349.931135057735 1367.052376537308 17.121241479572998 3612603.82803821 2278.4902725466363 17.121241479572998 2278.4902725466363 2261.3690310670636 2300.0
260000.0 270000.0 1214.0249042967916 569.0516562500064 417.4446003871352 998.2980000000098 0.0 12410.581986750141 1194.2132539431482 1179.3344954227214 1194.2132539431482 14.878758520427002 2966708.3031476624 1942.1760091118947 14.878758520427002 1942.1760091118947 1925.2972505914677 2300.0
270000.0 280000.0 1864.805699218763 629.5926594669102 418.5860305897815 999.9309999999823 56.459904296847526 16432.11670491002 1225.2022734294237 1206.076521350265 1226.2022734294237 19.12575207915856 3190913.854096328 2075.8768907418957 20.12575207915856 2075.8768907418957 2054.751138662737 2300.0
280000.0 290000.0 50.505947265657596 588.708426323784 458.61585346693437 999.689000000013 25.42499999998836 12499.133694127775 1326.9122184893622 1310.926825509439 1326.9122184893622 14.98539297992312 3662621.8642013124 2264.274657113059 15.98539297992312 2264.274657113059 2247.289264133136 2766.6666666666665
290000.0 300000.0 43.84652539063245 654.5950012207104 446.11785106016225 999.9459999999963 58.03100000001723 12417.749600962208 1515.435998821928 1500.3854567972 1515.5976859057382 14.888854940918321 4043620.4100454696 2600.3671992795607 14.888854940918321 2600.3671992795607 2585.4783443386423 3000.0
