ts te idle avg_span std_span max_span min_span c_bytes_all c_ack_cnt c_ack_cnt_p c_pkts_all c_pkts_data s_bytes_all s_ack_cnt s_ack_cnt_p s_pkts_all s_pkts_data video_rate
0.0 10000.0 7021.605152343753 463.7426546519882 330.95250456725574 998.3309999999983 0.0 20741.984002125697 395.727704215397 372.51538838682364 399.727704215397 23.212315828573395 873362.4346955026 538.1706136649373 36.105278595126066 538.1706136649373 498.0653350698112 940.0
10000.0 20000.0 1479.0514062500079 669.8067895507811 299.18833216745196 999.8510000000024 0.0 21508.131483196128 1297.188312469573 1270.4669994557214 1297.188312469573 25.72131301385157 2811548.7718009055 1627.0994219897807 51.76197908972387 1627.0994219897807 1574.3374429000567 1086.6666666666667
20000.0 30000.0 379.5899921875025 767.6371775045952 303.2433539740648 999.747000000003 66.2850078124975 17166.800725241064 1353.757308486409 1333.1934121381419 1353.757308486409 20.563896348267296 3753267.997438313 1853.190455916196 36.12779269653459 1853.190455916196 1817.0626632196615 2737.5
30000.0 40000.0 56.327900390620925 714.4704356689454 329.57342633532113 999.900999999998 286.88900000000285 12933.083789437113 1440.2213613021147 1424.7188864928069 1440.2213613021147 15.502474809307735 3942538.2046460793 1991.1156766689992 24.82411226571154 1991.1156766689992 1966.2915644032876 3000.0
40000.0 50000.0 50.752726562503085 700.483945190429 360.63686544023557 999.9560000000056 219.20799999999872 12058.884672649758 1428.7432698555765 1414.2790362776077 1428.7432698555765 14.464233577968832 3825228.2619331037 2014.3085035011936 25.10930450884159 2014.3085035011936 1989.199198992352 3000.0
50000.0 60000.0 15.88683203124674 811.4124821134886 260.4284520522156 999.9820000000036 76.12200000000303 14219.287211710587 1695.9791396532091 1678.946732038351 1695.9791396532091 17.03240761485818 4647905.949949656 2396.993948931891 30.064815229716363 2396.993948931891 2366.929133702174 3000.0
60000.0 70000.0 85.6459843749908 726.0754404296886 313.9808757058793 999.5149999999994 264.69899999999325 12501.638640210134 1363.5489994936422 1348.5589298496873 1363.5489994936422 14.990069643955028 3844250.6580423154 1932.0648717868721 24.980139287910056 1932.0648717868721 1907.084732498962 3000.0
70000.0 80000.0 178.39728320311406 693.5545441894546 334.09527908995244 999.8999999999942 172.2679999999964 12505.20287715222 1439.3150575809773 1424.320754876521 1439.3150575809773 14.994302704456317 3864258.654719019 1996.9048251435283 24.988605408912633 1996.9048251435283 1971.9162197346157 3000.0
80000.0 90000.0 48.308964843759895 699.5932559814455 346.67075598948077 999.6059999999998 207.03100000000268 12527.549727023285 1583.2991705068107 1568.278327600607 1583.2991705068107 15.020842906203427 3896410.5528095243 2097.076808860771 25.041685812406854 2097.076808860771 2072.0351230483643 3000.0
90000.0 100000.0 161.3327753906342 705.9812004394526 343.13675355117437 999.8959999999934 140.03100000000268 12913.480899786216 1512.1211336857004 1496.64078956297 1512.1211336857004 15.480344122730694 3876853.5691477596 2032.3800354501004 24.929539798490893 2032.3800354501004 2007.4504956516093 3000.0
100000.0 110000.0 28.01726171876362 811.094045365767 224.04740565847558 999.2899999999936 402.70900000000256 15943.41537210063 1547.2823007777313 1527.7033856701923 1548.2823007777313 18.57891510753872 4500442.966873323 2168.984421097833 35.18897866204793 2168.984421097833 2131.795442435785 3000.0
110000.0 120000.0 393.3548183593666 779.4909868164068 305.9357549502978 999.5590000000084 148.19899999999325 12446.97830354016 1421.0310894104932 1406.1059370309918 1421.0310894104932 14.925152379501377 3922903.627572032 1936.0464200871374 24.850304759002753 1936.0464200871374 1911.1961153281347 3000.0
120000.0 130000.0 1862.908935546875 647.5493486328093 363.3330707822774 999.698000000004 176.07399999999325 11260.56229582701 1207.0532375558234 1193.5395056130362 1207.0532375558234 13.513731942787425 2890637.914386039 1583.0768878469264 22.272082157585572 1583.0768878469264 1560.8048056893408 2720.0
130000.0 140000.0 83.14319140627049 761.3312456054664 283.9172832034916 999.7749999999942 258.2129999999888 13753.269082080813 1284.0942585101534 1267.6153166074446 1284.0942585101534 16.478941902708804 3674216.8185138004 1823.0121076066555 29.713265533406883 1823.0121076066555 1793.2988420732486 2400.0
140000.0 150000.0 26.182998046890134 689.5800813419131 344.52886557971675 999.747000000003 211.65700000000652 12538.796186806096 1278.1498953470598 1262.6107928918445 1278.1498953470598 15.034199746800589 3645345.6969932658 1834.475969756074 25.068399493601177 1834.475969756074 1808.902667554058 3000.0
150000.0 160000.0 72.14090820314595 757.228098632813 287.62311574374525 999.9159999999974 210.6689999999944 13896.131772243236 1439.10225319286 1421.9665840722107 1439.10225319286 16.640571829063923 4218045.776552896 2007.4566805746304 27.845334672412303 2007.4566805746304 1979.1162486106327 3000.0
160000.0 170000.0 204.91380664060125 690.0156400505546 335.77712055197634 999.8129999999946 220.2940234375128 12775.803808832106 1427.0008612751592 1411.6771390649412 1427.0008612751592 15.323722210217957 4107546.5893066847 2021.5428167833015 26.083253406151456 2021.5428167833015 1995.45956337715 3000.0
170000.0 180000.0 2027.3581660156196 764.6456640624982 328.50853954083533 999.5819999999949 0.0 14692.633260417208 1208.3267634544566 1191.310571933771 1209.3267634544566 17.01619152068552 3496238.5268711373 1725.3661353108596 31.03238304137104 1725.3661353108596 1693.3337522694885 2533.3333333333335
180000.0 190000.0 63.16158203128725 709.6892960205041 337.62304864258675 999.5329999999958 250.4429999999993 12517.772253180665 1500.018007375522 1485.0087766710321 1500.018007375522 15.0092307044901 3856116.257896471 1953.385003406764 25.0184614089802 1953.385003406764 1928.3665419977838 2883.3333333333335
190000.0 200000.0 89.32639843746438 771.8188718979791 302.8496472770003 999.8559999999998 245.6689999999944 13788.075197017737 1418.6804054861873 1402.1612877038665 1418.6804054861873 16.519117782320695 4018181.8739838004 1935.3932906490036 27.016259868353803 1935.3932906490036 1908.37703078065 3000.0
200000.0 210000.0 21.355246093764435 701.3096751953126 329.3323981069804 999.6289999999863 55.76999999998952 12913.7113049291 1563.065214278504 1547.584585621458 1563.065214278504 15.480628657046095 4381169.919296103 2210.309297019926 26.983233010379777 2210.309297019926 2183.3260640095464 3000.0
210000.0 220000.0 80.04714843750116 757.9372984619131 296.32108379934374 999.8399999999965 289.7740000000049 12921.181027521921 1340.5425139505314 1325.054175438035 1340.5425139505314 15.488338512496345 3844427.3894597497 1864.6495231879221 25.481205592077675 1864.6495231879221 1839.1683175958444 3000.0
220000.0 230000.0 27.15214257815387 718.2919274902324 337.95239151664407 999.8219999999856 173.0570000000007 12936.883602988233 1504.9930568654895 1489.4860692134844 1504.9930568654895 15.506987652005026 3956399.600614342 2051.113430558182 25.509446736925067 2051.113430558182 2025.6039838212569 3000.0
230000.0 240000.0 611.2281054687628 716.253405078124 360.89229551503473 999.8830000000016 0.0 12932.742503982885 1346.7586852706186 1331.2566157884535 1346.7586852706186 15.502069482164949 3690868.986498178 1927.8828542005153 24.004138964329897 1927.8828542005153 1903.8787152361856 3000.0
240000.0 250000.0 1479.8870058593457 835.3411722005177 265.8050568698342 999.8030000000144 178.04899999999907 15798.098154258752 1183.8595218109808 1164.9498138794643 1183.8595218109808 18.90970793151663 3275482.5141589167 1756.3515999957801 35.81941586303326 1756.3515999957801 1720.5321841327468 2142.8571428571427
250000.0 260000.0 216.21635742182843 656.201943359383 408.99347357684536 999.9679999999935 15.354999999981374 12104.295324654202 1372.0595297332052 1357.5412169059177 1372.0595297332052 14.518312827287359 4025559.863234135 2000.2332783231568 24.036625654574717 2000.2332783231568 1976.1966526685821 3000.0
260000.0 270000.0 1937.419125000073 738.5472350260399 336.8095573848113 999.9330000000191 0.0 11739.396421925485 1226.46190240571 1212.3794838523543 1226.46190240571 14.082418553355684 3209568.695857356 1701.2104543255082 23.164837106711367 1701.2104543255082 1678.0456172187967 2860.0
270000.0 280000.0 1385.1764179687598 696.1717929687519 311.0871924915735 999.935999999987 150.55900000000838 14112.343016395469 1174.3690847578157 1157.4613139544956 1174.3690847578157 16.907770803320034 3239383.400302695 1628.9933051861633 29.815541606640068 1628.9933051861633 1599.1777635795231 2271.4285714285716
280000.0 290000.0 38.02841015631566 722.4776918945245 355.18246271209927 999.9560000000056 56.568000000028405 12557.582362113506 1488.5087039804325 1473.452192861533 1488.5087039804325 15.056511118899651 3926603.3342964537 2111.548918670367 25.113022237799303 2111.548918670367 2086.4358964325675 3000.0
290000.0 300000.0 100.37911718746182 788.3404294819093 274.8218196880532 999.9510000000009 260.989990234375 13286.300179167907 1634.5915577350493 1618.6796955558616 1634.5915577350493 15.911862179187722 4523293.33907791 2350.967081878222 27.261733703869027 2350.967081878222 2323.705348174353 3000.0
