ts te idle avg_span std_span max_span min_span c_bytes_all c_ack_cnt c_ack_cnt_p c_pkts_all c_pkts_data s_bytes_all s_ack_cnt s_ack_cnt_p s_pkts_all s_pkts_data video_rate
0.0 10000.0 6119.394837890628 532.3764354248044 407.4294886737945 999.7599999999984 7.915000000000873 21100.548277574646 265.3255797482566 241.5084659590612 273.3255797482566 22.817113789195357 651791.7687080817 457.7714343981164 27.817113789195357 457.7714343981164 421.9543206089211 692.0
10000.0 20000.0 828.111937499998 727.761550337358 293.27166672174 999.9499999999971 26.250999999996566 12957.761574791019 428.4616098522599 411.93844969555226 428.4616098522599 15.523160156707652 750374.9800216526 539.7295165929778 16.52316015670765 539.7295165929778 522.2063564362702 288.0
20000.0 30000.0 155.201355468751 620.8661604817711 373.4262048455554 999.711000000003 138.5060234374978 17109.89965078877 616.7165515272412 596.2232427312938 616.7165515272412 20.493308795947513 1020178.2502177537 761.3341282018594 19.659726054096993 761.3341282018594 741.6744021477624 373.3333333333333
30000.0 40000.0 1448.3838007812592 558.7690783270468 342.3110262293591 999.9959999999992 34.1050000000032 28325.26942140443 1929.3127041713656 1894.7929865277542 1939.3127041713656 31.51971764361132 3841155.5960082025 2462.413978255575 38.35330038546184 2462.413978255575 2415.0606778701126 3553.3333333333335
40000.0 50000.0 1717.1101328124932 596.8862044836968 337.04143114652527 999.9320000000007 0.0650000000023283 18460.809605047696 1090.5601454937603 1066.0853122336086 1092.5601454937603 21.474833260151655 2560558.8271338437 1586.5506446670856 25.474833260151655 1586.5506446670856 1558.075811406934 2328.5714285714284
50000.0 60000.0 117.6230859375064 683.9248294836952 372.94211014396 999.9049999999988 22.139999999999418 12729.753032585566 2110.1478141493676 2094.8716987581156 2110.1478141493676 15.276115391252404 5131316.301682795 3225.8119604597423 15.276115391252404 3225.8119604597423 3210.5358450684894 4400.0
60000.0 70000.0 373.28423046875105 656.3483521569294 322.47883330064826 999.8579999999929 97.54899999999907 16984.37631145121 2224.2796408412387 2204.564344790434 2225.2796408412387 19.715296050804746 4905540.265035814 3031.320100575241 19.8957509631341 3031.320100575241 3010.424349612107 3000.0
70000.0 80000.0 19.319099609390832 650.2248919921869 367.4528202524639 999.9869999999937 135.8530000000028 12929.083981939297 1639.511700211106 1624.0135471330018 1639.511700211106 15.49815307810446 4011082.5513350223 2507.919271908136 16.31769816577511 2507.919271908136 2491.601573742361 3000.0
80000.0 90000.0 49.77900976562523 786.2190525045966 262.97162931495126 999.6649999999936 162.0240000000049 13087.4798796909 1603.9736241975154 1588.2756817183827 1603.9736241975154 15.69794247913277 4087105.522748 2418.0160878285424 14.988190969913951 2418.0160878285424 2403.0278968586285 3000.0
90000.0 100000.0 280.08568164063036 670.0164384341023 362.2260585677512 999.0 0.0 11418.331704265302 1750.8309115425627 1737.149828480716 1750.8309115425627 13.681083061846806 4681362.762118077 2840.768214154604 14.390834571065628 2840.768214154604 2826.3773795835377 3466.6666666666665
100000.0 110000.0 102.72685156248917 739.0387574869795 322.3778871984162 999.8310000000056 144.96199999999953 15278.686560461158 2043.1009925252797 2023.7977162320342 2044.1009925252797 18.303276293245315 4945137.163983173 3092.6641964965934 19.303276293245315 3092.6641964965934 3073.360920203348 3466.6666666666665
110000.0 120000.0 13.94957031251397 668.4419480468714 352.44610602039296 999.823000000004 122.9539999999979 12766.845843130508 2009.7831069074455 1994.4761209767598 2009.7831069074455 15.30698593068539 5100990.785342337 3107.195031631932 15.30698593068539 3107.195031631932 3091.888045701246 4166.666666666667
120000.0 130000.0 16.168863281258382 655.1214089133507 365.42581089514925 999.9530000000086 133.29699999999139 13616.78999414467 2019.469414764599 2003.1379962819603 2019.469414764599 16.331418482638572 5006478.809005077 3073.7987941798942 15.66889020165545 3073.7987941798942 3058.129903978239 3200.0
130000.0 140000.0 10.37045117188245 707.4280813210207 326.73540270154484 999.7129999999888 63.062000000005355 13912.91192236708 1836.1940457213288 1819.1587904917963 1837.1940457213288 16.03525522953247 4705393.2961427905 2926.4836919107406 18.697783510515592 2926.4836919107406 2905.7859084002253 3980.0
140000.0 150000.0 102.11491601564921 705.6849544921831 373.88818491151005 999.9709999999905 36.33499999999185 13488.75271057826 1735.2410497012759 1719.0782479780746 1735.2410497012759 16.16280172320119 4436494.465360501 2727.8155130920168 16.16280172320119 2727.8155130920168 2711.6527113688157 2825.0
150000.0 160000.0 341.9741484374681 705.6009523207732 356.9763939815578 999.9200000000128 23.74299999998766 13128.043890462322 1681.6402595479462 1665.890935108293 1681.6402595479462 15.74932443965316 4219038.669437693 2652.1037348921395 15.74932443965316 2652.1037348921395 2636.3544104524863 3000.0
160000.0 170000.0 493.4057832030812 660.8474937744177 391.35396437486014 999.439000000013 125.27600000001257 12029.655639317158 1495.450849097451 1481.036634903162 1495.450849097451 14.414214194289217 3956049.9857191877 2438.303700754804 14.414214194289217 2438.303700754804 2423.889486560515 3000.0
170000.0 180000.0 192.54324218750116 669.3608404296872 382.56447099006965 999.9929999999877 133.79099999999744 14854.960989675263 1656.0480578297104 1638.2252132638366 1656.0480578297104 17.82284456587381 4167966.1874838765 2567.1860931725923 17.82284456587381 2567.1860931725923 2549.363248606718 3000.0
180000.0 190000.0 17.157156250003027 765.9745361842108 316.03017086960676 999.9860000000044 150.03800000000047 12899.146140881709 1645.061993220226 1629.6017803098107 1645.061993220226 15.46021291041518 4283664.439661476 2568.407495862119 15.46021291041518 2568.407495862119 2552.9472829517035 3000.0
190000.0 200000.0 197.3236933593871 769.5077034179674 300.58958219265963 999.8820000000123 97.216064453125 12362.296467683283 1629.962020064395 1615.1445970665884 1629.962020064395 14.817422997806553 4173326.3532091877 2600.43565849699 14.817422997806553 2600.43565849699 2585.618235499184 3000.0
200000.0 210000.0 333.6938339843764 835.4220006009608 270.8812217084826 999.8729999999923 149.61600000000908 12904.71489466603 1650.5926507113202 1635.108840340408 1650.5926507113202 15.483810370912122 4210281.664324918 2602.512853164303 15.483810370912122 2602.512853164303 2587.0290427933915 3000.0
210000.0 220000.0 628.7867656249728 628.6641506835964 364.1658164361379 999.7410000000091 31.08400000000256 14931.733021225738 1538.1546467653363 1519.9057810459012 1539.1546467653363 17.24886571943522 3979741.8897396782 2483.6014092460136 18.415709154992335 2483.6014092460136 2463.1857000910213 3000.0
220000.0 230000.0 24.92405468749348 603.9669507279813 388.8719768043846 999.9619999999995 106.45699999999488 12798.011539378218 1765.6526693243354 1750.3002152224378 1765.6526693243354 15.352454101897653 4369310.012500477 2662.6026271576225 16.185610666340537 2662.6026271576225 2646.417016491282 3000.0
230000.0 240000.0 24.251173828117317 827.4177595358461 253.7293907872248 999.244000000006 106.4429999999993 13204.136946489758 1681.5810393834108 1665.7666500497512 1681.5810393834108 15.814389333659461 4276303.499715835 2578.5283010636954 15.814389333659461 2578.5283010636954 2562.7139117300358 3000.0
240000.0 250000.0 19.960693359433208 793.6077173713197 269.7051121308636 999.6840000000084 159.22999999998137 13053.219887860576 1658.2659737176232 1642.6035104397445 1658.2659737176232 15.66246327787875 4195403.379648943 2623.1047259151405 15.0 2623.1047259151405 2608.1047259151405 3000.0
250000.0 260000.0 131.23005664063385 760.401076171877 279.1858530167104 999.3780000000261 297.59799999999814 12435.490314707571 1574.0531644514117 1559.1576393929 1574.0531644514117 14.895525058511899 4001669.6716922093 2500.1901066369355 15.557988336390649 2500.1901066369355 2484.632118300545 3000.0
260000.0 270000.0 484.6680507812416 630.0120781250021 383.51379628876595 999.435999999987 31.081000000005588 13457.202363290044 1745.6118072503352 1729.4603758654662 1745.6118072503352 16.1514313848691 4287061.651140101 2708.5350225255243 16.1514313848691 2708.5350225255243 2692.383591140655 3000.0
270000.0 280000.0 365.508369140618 715.529780040922 351.31913562098185 999.8769999999786 75.61999999999534 14160.183282908663 1722.5668031954644 1705.57027326954 1722.5668031954644 16.996529925924502 4359001.955393078 2683.8289884037777 16.37442784239201 2683.8289884037777 2667.4545605613857 3000.0
280000.0 290000.0 26.7675410155789 845.6219853515634 242.57035808684694 999.7220000000088 166.00599999999395 12765.904151233146 1670.5995091746477 1655.305458821832 1670.5995091746477 15.29405035281575 4366440.6138010835 2681.6322447211146 15.916152436348241 2681.6322447211146 2665.7160922847665 3000.0
290000.0 300000.0 65.16699414065806 825.1545170898426 266.0396323660726 999.7729999999865 303.415283203125 12806.220379188131 1675.8903683035503 1660.167879573823 1676.2516126684138 15.361244364863575 4217404.314836782 2702.1235269312524 15.72248872972715 2702.1235269312524 2686.4010382015254 3000.0
