ts te idle avg_span std_span max_span min_span c_bytes_all c_ack_cnt c_ack_cnt_p c_pkts_all c_pkts_data s_bytes_all s_ack_cnt s_ack_cnt_p s_pkts_all s_pkts_data video_rate
0.0 10000.0 0.0 0.0 0.0 0.0 0.0 0.0 0.0 0.0 0.0 0.0 0.0 0.0 0.0 0.0 0.0 0.0
10000.0 20000.0 0.0 0.0 0.0 0.0 0.0 0.0 0.0 0.0 0.0 0.0 0.0 0.0 0.0 0.0 0.0 0.0
20000.0 30000.0 3728.2767324218803 557.2025056423614 382.6881841870521 997.4060000000027 0.0 14108.0 92.5751228687649 77.5751228687649 98.5751228687649 15.0 183949.34403254173 152.1502457375298 19.0 152.1502457375298 127.15024573752979 288.0
30000.0 40000.0 2051.448078125002 604.2798151041662 392.54287492045336 998.5200000000041 0.0 17493.454169600293 378.150390751736 356.2249907338589 380.150390751736 19.925400017877042 707502.1702136702 508.97213279618046 23.925400017877042 508.97213279618046 482.0467327783034 288.0
40000.0 50000.0 0.0 721.6461829202589 301.44072876830245 999.2550000000047 66.77587890625 21212.659064315478 620.1904189726226 594.8168746644095 621.1904189726226 25.37354430821316 1223199.4339765902 880.2339170915815 25.37354430821316 880.2339170915815 854.8603727833682 336.0
50000.0 60000.0 391.46492187499825 711.6016162997151 346.1810620434733 999.6900000000023 57.00900000000547 12252.886766084232 444.17477243112336 429.4737167572136 444.17477243112336 14.7010556739098 854433.9639867006 625.1888965487402 14.655596269725201 625.1888965487402 610.533300279015 448.0
60000.0 70000.0 2242.39958398437 725.0836264648433 298.4974726637025 999.0420000000013 41.083027343745925 15014.399899602062 392.50477332207373 374.5197556055433 392.50477332207373 17.985017716530393 697923.3465186022 524.9154456210624 18.03047712071499 524.9154456210624 506.88496850034744 288.0
70000.0 80000.0 4115.820798828136 535.7497687270225 358.7029332770449 996.0130000000063 13.891003906246624 13665.44601628349 370.1896607514834 353.8086310056053 370.1896607514834 16.38102974587811 613773.201140424 451.2528810019779 16.38102974587811 451.2528810019779 434.87185125609983 315.42857142857144
80000.0 90000.0 3331.2413925781 506.86722005208543 344.9952349767467 999.0350000000035 5.840087890625 15852.133663053222 651.5649275798551 632.5382823153672 651.5649275798551 19.00684989975156 1543671.5267047163 1013.7205122344989 19.00684989975156 1013.7205122344989 994.6938669700108 980.0
90000.0 100000.0 2885.525050781245 590.6794984130875 365.6059521125396 997.8540000000066 7.001000000003842 15555.020421061228 691.6499333223408 671.0426260492372 692.6499333223408 18.627102637839936 1360074.013426755 909.5659689684292 19.627102637839936 909.5659689684292 888.9586616953256 713.1428571428571
100000.0 110000.0 2993.938447265624 734.9026174879814 310.0725542073403 999.119000000006 203.8189999999886 14161.182218964675 1125.6087828404034 1108.644195882013 1125.6087828404034 16.96458695839035 2395402.605046313 1588.0405004727586 16.96458695839035 1588.0405004727586 1571.0759135143683 1390.0
110000.0 120000.0 2622.179126953153 601.9988370225651 402.14978762914825 999.4049999999988 0.0 16632.25166631168 1326.1201930431062 1306.7077801377477 1327.1201930431062 19.41241290535829 2877605.3358205976 1845.2894600143472 20.41241290535829 1845.2894600143472 1823.877047108989 1900.0
120000.0 130000.0 2156.492787109368 590.8975503472224 355.8255954084648 999.0320000000065 63.70199999999022 13854.566114723644 1460.2710241164905 1443.648023980239 1460.2710241164905 16.62300013625136 3570113.05913309 2331.670039512894 16.62300013625136 2331.670039512894 2315.0470393766427 2300.0
130000.0 140000.0 1004.8498398437223 714.0086134982671 309.6397180829588 999.497000000003 130.33600000001024 16150.454148250537 1596.7467248750384 1577.3676127937877 1596.7467248750384 19.37911208125064 3793539.3737787493 2492.0929403062837 19.0 2492.0929403062837 2473.0929403062837 2300.0
140000.0 150000.0 484.18039062499884 594.2147787024467 398.8496765507411 999.823000000004 0.0 13863.545851749463 1701.799467005856 1685.1785790871068 1701.799467005856 16.62088791874936 4258434.294854503 2793.4532515746105 17.0 2793.4532515746105 2776.4532515746105 3000.0
150000.0 160000.0 1075.818781250011 731.3117486328105 324.54093838765033 999.8299999999872 111.75 13145.879559967481 1551.5989097748022 1535.8428104169336 1551.5989097748022 15.756099357868585 3741294.936929539 2524.8483834943736 15.756099357868585 2524.8483834943736 2509.092284136505 2720.0
160000.0 170000.0 18.73971289061592 760.4861577148433 342.0299058834151 999.2710000000079 46.257080078125 15240.120440032519 1584.5492350021327 1566.3053343600013 1584.5492350021327 18.243900642131415 4269353.000946784 2552.808965015383 18.243900642131415 2552.808965015383 2534.5650643732515 3000.0
170000.0 180000.0 1083.509207031253 713.5012613281239 392.8361711965189 999.8369999999995 123.70300000000861 10828.0 1506.3056633421706 1493.3056633421706 1506.3056633421706 13.0 3753062.3934904234 2422.7964596093493 13.0 2422.7964596093493 2409.7964596093493 3000.0
180000.0 190000.0 454.4143027343671 795.9236376562517 284.75713446220084 999.8250000000116 0.0 18819.0 1998.647363282032 1976.647363282032 1999.647363282032 22.0 4896897.563289344 3119.5514830646416 23.0 3119.5514830646416 3095.5514830646416 3400.0
190000.0 200000.0 21.315103515633382 615.9914156901008 400.75826870884924 998.6359999999986 0.030999999988125637 17874.41028210618 1600.9256241766898 1578.04775479323 1603.9256241766898 20.87786938345974 4086198.963286125 2657.2125002136545 22.0 2657.2125002136545 2634.2125002136545 2971.4285714285716
200000.0 210000.0 802.4091347656504 725.3195331003271 377.2444911222124 999.8999999999942 65.998046875 13454.589717893821 1478.7918496170767 1461.6697190005364 1478.7918496170767 16.12213061654026 3634815.7923181136 2429.84489247128 18.0 2429.84489247128 2410.84489247128 2650.0
210000.0 220000.0 46.12984570313711 877.0673966145841 195.80548756508273 999.9100000000035 351.33300000001327 13242.515959244041 1793.4874716784486 1777.6151249335032 1793.4874716784486 15.872346744945418 4245032.011444755 2716.010243572302 15.872346744945418 2716.010243572302 2700.1378968273566 3000.0
220000.0 230000.0 68.18378515623044 663.899309448243 436.72655266061247 998.7119999999995 0.0 12577.168978172336 1505.869912727094 1490.790139593873 1505.869912727094 15.079773133221302 3859130.4421339217 2592.016844128137 15.079773133221302 2592.016844128137 2576.9370709949158 3000.0
230000.0 240000.0 326.63207226560917 689.3239460320711 340.27582092871125 999.5530000000144 46.404999999998836 14719.315062583622 1726.1557907168199 1708.1079105949862 1727.1557907168199 17.04788012183328 4131377.9810197186 2737.996490719487 19.04788012183328 2737.996490719487 2716.948610597654 3000.0
240000.0 250000.0 70.06173437502002 744.3005231250031 329.0679158389218 999.2380000000121 44.27700000000186 18498.0 1906.1219878018392 1884.1219878018392 1908.1219878018392 21.0 4470318.246508023 2899.367545830497 24.0 2899.367545830497 2872.367545830497 3200.0
250000.0 260000.0 962.7653339843964 708.6903793712789 405.6378034573374 999.8699999999953 10.278999999980442 16272.96158990004 1726.5018354209553 1706.072119242503 1729.5018354209553 18.429716178452427 4112213.7391708954 2679.7669442088118 21.429716178452427 2679.7669442088118 2655.3372280303593 3240.0
260000.0 270000.0 1474.0526855468052 665.3694301525359 339.42684436554174 999.8890000000247 41.27500000002328 23048.03841009996 1536.4981645790447 1507.927880757497 1538.4981645790447 26.570283821547573 3331652.2608291046 2184.2330557911882 30.570283821547573 2184.2330557911882 2149.6627719696407 1833.3333333333333
270000.0 280000.0 3378.474988281261 600.0535000000008 354.4741256730235 998.3009999999776 149.77700000000186 13350.0 954.0 938.0 954.0 16.0 2193803.0 1437.0 16.0 1437.0 1421.0 3000.0
280000.0 290000.0 4507.609662109404 524.3573749999996 354.37317523234253 997.1909999999916 0.045999999972991645 13352.0 821.0 805.0 821.0 16.0 1973005.0 1336.0 16.0 1336.0 1320.0 3000.0
290000.0 300000.0 5348.162804687454 765.2126363636344 322.3954978203908 977.1080000000075 105.04300000000512 15030.0 755.0 736.0 756.0 18.0 1875236.0 1228.0 19.0 1228.0 1209.0 1680.0
