ts te idle avg_span std_span max_span min_span c_bytes_all c_ack_cnt c_ack_cnt_p c_pkts_all c_pkts_data s_bytes_all s_ack_cnt s_ack_cnt_p s_pkts_all s_pkts_data videorate
0.0 10000.0 7809.257462890626 716.3788872070313 263.4059830609848 995.1919999999991 140.46900000000096 15497.848509910626 171.6375408700505 153.83279501189304 176.6375408700505 16.804745858157432 375606.03584254766 270.4677903958873 21.804745858157432 270.4677903958873 244.66304453772983 894.0
10000.0 20000.0 711.1540488281171 667.3622213040867 343.44760308695953 996.6500000000015 147.543029296874 18210.43090342405 473.51518027001487 452.06019479170806 474.51518027001487 21.454985478306867 937269.0437230942 671.3800172072013 22.454985478306867 671.3800172072013 647.9250317288945 288.0
20000.0 30000.0 493.8736191406206 695.9032207031249 342.05986670758494 998.7410000000018 48.99006250000093 17815.526959680203 576.1571529265888 554.8051324277994 576.1571529265888 21.35202049878933 939070.7013860168 706.3498215825472 21.14615956704726 706.3498215825472 685.2036620155 330.6666666666667
30000.0 40000.0 3739.4748105468825 631.8506920166014 353.0158952331425 994.262999999999 82.75800000000163 12836.193626985118 610.6901259333458 595.3018777685995 610.6901259333458 15.388248164746376 1079835.2190483413 735.8023708143643 15.594109096488443 735.8023708143643 720.2082617178758 685.7142857142857
40000.0 50000.0 3463.108347656271 581.0308491586525 317.3725297101984 999.351999999999 24.19000000000233 14020.012929032488 963.558557230571 946.7280536585802 963.558557230571 16.83050357199084 2031838.3359356953 1315.304167962287 16.0 1315.304167962287 1299.304167962287 1656.6666666666667
50000.0 60000.0 2013.3720722656144 550.1321644965291 404.3036128067843 998.9339999999938 88.94100000000617 11828.987070967512 1386.4414427694292 1372.2719463414198 1386.4414427694292 14.169496428009161 3209113.6640643044 1957.695832037713 15.0 1957.695832037713 1942.695832037713 2300.0
60000.0 70000.0 934.0071308593615 628.0224423828128 349.89681740955893 999.244000000006 54.620999999999185 14777.06491197962 1641.5338915045318 1623.8143225699598 1641.5338915045318 17.719568934571996 4093970.5269950754 2566.906673284555 17.719568934571996 2566.906673284555 2549.1871043499827 3000.0
70000.0 80000.0 65.5271015624894 713.8907696289061 321.4115239095019 999.974000000002 147.8139999999985 13302.046216940904 1719.388337186887 1703.4369611551974 1719.388337186887 15.951376031689225 4263371.198023968 2598.9888804180046 15.141170001170153 2598.9888804180046 2583.847710416834 3000.0
80000.0 90000.0 107.968017578125 749.5626519531252 324.05718057616065 999.9619999999995 133.08803906249523 11962.888871079474 1619.248660481809 1604.9196054480703 1619.248660481809 14.329055033738781 4224113.757743479 2626.3195928917803 15.139261064257854 2626.3195928917803 2611.1803318275224 3000.0
90000.0 100000.0 51.68953515625617 693.1770372242652 382.67466444463395 999.9400000000023 46.46499999999651 13200.421830084839 1500.802878335862 1484.980947585761 1500.802878335862 15.821930750101 3914419.2765695564 2395.909512916366 15.0 2395.909512916366 2380.909512916366 3000.0
100000.0 110000.0 21.611404296869296 583.1362703450523 402.82491475113864 999.7510000000038 89.05400000000373 13363.410406213638 1673.8391708387312 1656.8129748847298 1673.8391708387312 16.026195954001594 4221951.325471665 2654.9890609153763 16.848126704102597 2654.9890609153763 2637.140934211274 3000.0
110000.0 120000.0 33.50470312504331 745.4195845269068 322.6596896991251 999.3340000000026 106.81500000000233 12781.48882753192 1652.5581330833272 1637.2354943599223 1652.5581330833272 15.322638723405005 4168125.22243378 2611.5546447410784 15.322638723405005 2611.5546447410784 2596.232006017673 3000.0
120000.0 130000.0 13.391189453133848 754.5671099609375 343.05174829104044 999.6359999999986 39.10899999999674 12376.6789361696 1745.1297298923164 1730.3004953198242 1745.1297298923164 14.8292345724924 4302551.4324213555 2722.9228326657612 14.8292345724924 2722.9228326657612 2708.093598093269 3000.0
130000.0 140000.0 21.122939453140134 817.1706260279584 275.9928172529619 999.9400000000023 187.6068789062556 13005.1914922354 1614.6417002822855 1599.0378082185835 1614.6417002822855 15.603892063701709 4178254.741512302 2599.401900600951 15.603892063701709 2599.401900600951 2583.798008537249 3000.0
140000.0 150000.0 861.5559003906092 601.082586167281 399.71116135605286 999.9200000000128 84.35099999999511 12709.809111853754 1608.8694822630675 1593.6459926552345 1608.8694822630675 15.223489607832999 3835812.607394591 2423.393900537174 14.396107936298291 2423.393900537174 2408.997792600876 3000.0
150000.0 160000.0 966.1750234375068 594.4579031808049 373.1567061995331 999.94200000001 0.0 13578.958228700758 1584.0669638144159 1567.7570456874084 1584.0669638144159 16.309918127007354 3999012.7128382055 2533.260598611458 17.137299798542063 2533.260598611458 2516.1232988129163 3000.0
160000.0 170000.0 13.911833984369878 752.2325962890652 334.79638911615064 999.9590000000026 90.83400000000256 13781.420911983365 1819.8563015207974 1803.3390878180082 1819.8563015207974 16.517213702789316 4360413.344963388 2666.8372004767116 15.711730823346297 2666.8372004767116 2651.125469653365 3000.0
170000.0 180000.0 39.534792968741385 841.2009602272724 289.43044859046364 999.8349999999919 145.21910546874278 13381.663431052266 1703.740614475408 1687.6816606891473 1703.740614475408 16.058953786260744 4323167.542891842 2645.7050841508167 16.864436665703767 2645.7050841508167 2628.840647485113 3000.0
180000.0 190000.0 544.3261171874765 656.336228407119 347.32514284024836 999.9709999999905 101.04300000000512 12466.949371001294 1520.8138494480704 1505.8820875132496 1520.8138494480704 14.931761934820775 3973906.7425928963 2393.108999813993 14.931761934820775 2393.108999813993 2378.1772378791716 3000.0
190000.0 200000.0 25.509240234387107 673.5916154785155 336.5598953054443 999.7919999999867 0.0 15186.995860651505 1437.0169273814563 1419.2700642167124 1438.0169273814563 17.74686316474405 3624028.1556626502 2170.382604734585 17.92170941438892 2170.382604734585 2151.460895320196 2720.0
200000.0 210000.0 584.274933593726 620.0372226562505 345.8497842051855 999.9320000000007 33.966117187490454 15006.065500552468 1829.2885711608405 1810.3234565146274 1830.2885711608405 17.96511464621306 4141564.6959579377 2707.1286788850534 19.790268396568187 2707.1286788850534 2687.3384104884854 3350.0
210000.0 220000.0 5.094939453119878 742.1991970136118 327.83482017869164 999.9320000000007 0.0 18261.35563346347 2194.364934597815 2171.701838437989 2196.364934597815 22.663096159826424 5232052.213399798 3330.846214346245 23.833552963672687 3330.846214346245 3305.0126613825723 3500.0
220000.0 230000.0 97.32287304688361 758.8807084960936 332.5950925417457 999.939000000013 20.39999999999418 13330.59045850572 1695.9887749746613 1679.0090781678578 1695.9887749746613 15.979696806803561 3922784.560969826 2501.2532351746504 17.809240002957296 2501.2532351746504 2482.4439951716936 2883.3333333333335
230000.0 240000.0 1952.4791953125095 683.4608887746688 294.7787038448442 999.2760000000126 142.99299999998766 15848.0 1111.851078757717 1091.851078757717 1112.851078757717 19.0 2823024.9421576867 1704.0903848354403 20.0 1704.0903848354403 1684.0903848354403 1477.7142857142858
240000.0 250000.0 2789.7533222655766 587.052557373052 368.56183652299137 999.2160000000149 69.35399999999208 13198.781291720938 853.9142496542638 838.0918909736436 853.9142496542638 15.822358680620162 2097551.883741022 1291.9601951410855 15.0 1291.9601951410855 1276.9601951410855 1556.0
250000.0 260000.0 55.98010156251257 618.7329933965756 385.17028137315947 999.3630000000121 113.54300000000512 13312.553833191132 1395.2789394690608 1379.3132195192209 1395.2789394690608 15.965719949839905 3534554.9204174886 2181.5046889735645 16.25294599115594 2181.5046889735645 2165.251742982409 2533.3333333333335
260000.0 270000.0 824.3970546875498 742.2835265624919 299.11121917053754 999.7359999999753 97.58600000001024 13232.056635748748 1663.6890042332973 1647.8221972209474 1663.6890042332973 15.866807012350048 4164436.239609911 2575.9406268951784 15.582760079595014 2575.9406268951784 2560.357866815583 3000.0
270000.0 280000.0 107.62984374997905 813.2942833007867 318.21893384094955 999.8680000000168 150.60700000001816 12796.608239339184 1655.0989458822921 1639.7538315251022 1655.0989458822921 15.345114357189885 4279435.869635153 2699.5257588416634 16.164293929249048 2699.5257588416634 2683.3614649124147 3000.0
280000.0 290000.0 15.752039062499534 713.7870552300366 257.2170946352775 999.7679999999818 234.17800000001444 13993.757938496443 1701.3236796676697 1684.53349164565 1701.3236796676697 16.790188022019574 4142656.3922053394 2539.7712579578947 16.790188022019574 2539.7712579578947 2522.981069935875 3000.0
290000.0 300000.0 18.852935546950903 579.8630387961589 418.81813464243015 999.8800000000047 71.68900000001304 13100.639296687707 1696.061738688299 1680.3600857915521 1696.061738688299 15.701652896746996 4190822.9598170854 2587.761664434502 15.701652896746996 2587.761664434502 2572.060011537755 3000.0
