ts te idle avg_span std_span max_span min_span c_bytes_all c_ack_cnt c_ack_cnt_p c_pkts_all c_pkts_data s_bytes_all s_ack_cnt s_ack_cnt_p s_pkts_all s_pkts_data videorate
0.0 10000.0 6059.903142578125 662.1875387073861 366.57656842781944 999.6270000000004 27.39892578125 27991.0 646.3068503150575 613.3068503150575 650.3068503150575 33.0 1406583.8386865607 928.6084191383763 37.0 928.6084191383763 887.6084191383763 1264.0
10000.0 20000.0 4.218412109374185 691.4862134560032 408.4103792295553 999.9440000000031 0.0 19893.200453182075 2862.5765525753986 2836.032405681274 2865.5765525753986 22.54414689412448 5341868.003565431 3652.551412657631 22.54414689412448 3652.551412657631 3625.0072657635064 4400.0
20000.0 30000.0 19.805609375005588 633.4068665364588 410.06106233869576 999.9449999999997 0.0 10855.155324022358 2460.9797267550134 2447.9490338411197 2460.9797267550134 13.030692913893636 5526803.19423233 3621.7457981254347 13.030692913893636 3621.7457981254347 3608.715105211541 4400.0
30000.0 40000.0 317.6747304687524 692.0538511067704 345.3412166730185 999.9839999999967 44.40299999999843 21321.644222795567 1968.8263954468778 1941.401235254896 1973.8263954468778 24.42516019198188 4479090.927303715 2897.0232534974652 26.42516019198188 2897.0232534974652 2868.598093305483 2902.222222222222
40000.0 50000.0 2236.078125 527.7814267578116 346.20387218196765 999.679999999993 0.0 16886.237324078877 570.1754948485991 549.9462932533233 570.1754948485991 20.229201595275754 1218058.3695578286 804.2799389149536 20.229201595275754 804.2799389149536 784.0507373196779 477.3333333333333
50000.0 60000.0 6107.339615234378 401.56727610085295 219.31201259604134 683.1970449218788 86.9169921875 13006.876531567847 377.72450938427875 362.1198388643175 377.72450938427875 15.604670519961262 940731.8928365902 590.2145791066022 15.604670519961262 590.2145791066022 574.6099085866409 619.2
60000.0 70000.0 3136.9938183593767 588.0326600260412 342.6657850202357 997.6999999999971 40.48399999999674 15489.853604542872 1263.3503897801577 1244.7662482847184 1263.3503897801577 18.584141495439464 2652730.9951808196 1738.2924639916569 18.584141495439464 1738.2924639916569 1719.7083224962175 1900.0
70000.0 80000.0 1115.186625000002 654.3251903211809 370.6125375642078 999.3760000000038 0.0 12924.824794002856 1396.106687893052 1380.6140218669202 1396.106687893052 15.492666026131658 3471668.2969101863 2152.701618346484 15.492666026131658 2152.701618346484 2137.208952320352 2416.6666666666665
80000.0 90000.0 22.392333984360448 799.9822558593756 321.73612636107055 999.9780000000028 89.31268164062931 12679.54430261954 1585.8879275635916 1570.686568534352 1585.8879275635916 15.20135902923936 3906867.361156742 2448.9366467258405 14.20135902923936 2448.9366467258405 2434.735287696601 3000.0
90000.0 100000.0 473.58781640625966 627.6760023437506 365.83745867778623 999.9569999999949 0.0 13998.404785081184 1548.6652666907796 1532.4174246051432 1549.6652666907796 16.247842085636442 4017318.6290907194 2559.485591249485 17.247842085636442 2559.485591249485 2541.2377491638485 3000.0
100000.0 110000.0 467.7658769531263 712.5921341441757 289.6008357077887 999.3530000000028 1.5760000000009313 13779.35111226884 1140.2292196524559 1122.6755730210155 1141.2292196524559 16.553646631440476 3096843.583949599 1908.9028265344575 17.553646631440472 1908.9028265344575 1891.3491799030173 2720.0
110000.0 120000.0 1191.7609648437647 597.7322735460054 405.1838413601024 999.25 8.347115234384546 13577.138650731082 997.4197947783466 980.6905298753746 999.4197947783466 15.729264902971904 2571889.1948748496 1671.3181244359098 16.7959297563138 1671.3181244359098 1653.522194679596 2300.0
120000.0 130000.0 2344.1863613281166 671.483107216284 287.8880128804907 999.9459999999963 56.10000000000582 14847.630598592723 816.6496438538121 797.8675411714479 817.6496438538121 17.782102682364215 1932418.947816553 1221.5617014872166 19.240472839535474 1221.5617014872166 1202.3212286476812 1205.142857142857
130000.0 140000.0 984.1081269531569 617.7365267269703 396.35860386159646 999.9189999999944 16.305908203125 16970.28681969604 1374.2519318675024 1354.4624032078884 1375.2519318675024 19.789528659614092 3129731.115682765 1926.8315670031725 21.264493649100938 1926.8315670031725 1904.5670733540715 1967.5
140000.0 150000.0 671.063089843723 598.4181646792782 392.43829380988973 999.4610000000102 70.97501757813734 16194.368186221353 1600.5777917636633 1581.1771350189633 1600.5777917636633 19.40065674470033 3960098.2822653744 2421.157184004164 19.40065674470033 2421.157184004164 2401.7565272594634 3000.0
150000.0 160000.0 1402.9580722656683 700.2007783777543 331.4308676556904 999.8699999999953 84.94599999999627 12021.019345522158 1564.992237730887 1550.5727566933538 1564.992237730887 14.419481037533117 4062907.2110657077 2472.714481814122 14.419481037533117 2472.714481814122 2458.295000776589 3000.0
160000.0 170000.0 27.67751953122206 671.3282860351552 361.8450220698553 999.9910000000091 87.216064453125 12864.625308463017 1589.3766300312213 1573.9646531934948 1589.3766300312213 15.411976837726545 4164912.2063404825 2556.2717300758136 15.411976837726545 2556.2717300758136 2540.859753238087 3000.0
170000.0 180000.0 765.7656816406234 770.0385355674325 322.3483155465094 999.5480000000098 65.42724609375 14226.6502996056 1570.263938212304 1553.2096660098643 1570.263938212304 17.054272202439602 3832150.555271082 2395.8110878274756 16.11971450026185 2395.8110878274756 2379.6913733272136 3000.0
180000.0 190000.0 186.86914648435777 785.0290819010426 304.84294740080264 998.81700000001 86.444091796875 11857.812661747608 1629.0003094235287 1614.7919339405792 1629.0003094235287 14.208375482949393 4133115.15955534 2623.345395223919 15.142933185127143 2623.345395223919 2608.2024620387915 3000.0
190000.0 200000.0 211.1488378905924 658.4604495634215 412.43194985691963 999.7960000000021 5.127714843751164 14069.078892359566 1478.9549083569425 1462.0850338736768 1478.9549083569425 16.8698744832657 4015975.739210453 2568.1242759736174 16.8698744832657 2568.1242759736174 2551.2544014903515 3000.0
200000.0 210000.0 834.6388398437412 757.5389977213555 305.28235515063045 999.94200000001 5.380919921881286 12864.29678289884 1588.6187567937 1573.1978172103893 1588.6187567937 15.420939583310695 3901951.055257662 2502.485463357309 14.420939583310695 2502.485463357309 2488.0645237739986 3000.0
210000.0 220000.0 682.4531699218787 776.4241671645226 327.1029216384824 999.7049999999872 87.64990234375 12656.127571549832 1586.6079872089288 1571.4321417558003 1586.6079872089288 15.175845453128558 4050070.7785856165 2559.71303946688 16.17584545312856 2559.71303946688 2543.5371940137516 3000.0
220000.0 230000.0 79.59789062500931 711.5355293996721 374.9733733831611 999.9349999999977 0.0 12578.174156602608 1541.5534418216364 1526.4721252009817 1541.5534418216364 15.08131662065437 3844603.302492675 2394.083010313187 14.995595929393392 2394.083010313187 2379.0874143837937 3000.0
230000.0 240000.0 516.0072167968901 689.3614570312504 325.72961053710907 999.7699999999895 25.764892578125 14375.063603383831 1319.3823131789197 1300.3220914813935 1320.265004710853 17.23026592198637 3476916.28006987 2150.4535145547106 19.145942388787205 2150.4535145547106 2131.281758640664 2548.0
240000.0 250000.0 3040.8756562500494 449.0140548573311 373.9293446130047 998.3780000000261 0.12199999997392297 24614.90942362067 642.8815529432989 613.9499804984994 647.9988614113656 27.761528220339287 1539076.7524508382 946.5222809081165 30.765498754185014 946.5222809081165 909.7825956791912 729.0
250000.0 260000.0 1085.4447929687449 588.7151752485767 406.8152827023173 999.8719999999739 0.0 16808.320323031723 1166.5031755524926 1145.973357283005 1167.5031755524926 19.529818269487357 2764276.005184388 1678.095750311632 21.695891960101765 1678.095750311632 1654.39985835153 1900.0
260000.0 270000.0 1360.9794042967842 774.3960626148961 328.7344994448223 999.1979999999749 24.75004687497858 12016.177122059818 1262.9255343938044 1248.5300944386681 1262.9255343938044 14.395439955136297 3250786.4632095853 2051.01315783761 14.395439955136299 2051.01315783761 2036.6177178824735 2533.3333333333335
270000.0 280000.0 489.1679414062528 583.78872060547 377.46467452427544 999.4529999999795 30.917000000015832 12579.464857378223 1552.284604205337 1537.2019396800902 1552.284604205337 15.082664525247035 3840318.7427739734 2378.7494141978223 15.082664525247035 2378.7494141978223 2363.6667496725754 3000.0
280000.0 290000.0 336.6223750000354 665.0999739583317 380.14063243750167 998.9830000000075 0.0 12871.934936676775 1633.8269835465794 1618.3896793868919 1633.8269835465794 15.437304159687582 4241716.614412926 2559.7248366782724 15.437304159687582 2559.7248366782724 2544.287532518585 3000.0
290000.0 300000.0 533.1002324218862 635.014008029516 340.9567055004654 999.8510000000242 26.62400000001071 15224.486098091902 1650.8183028938652 1632.0884844682814 1651.2800657795792 18.26805553986976 4278768.890181004 2688.1039791194635 18.26805553986976 2688.1039791194635 2669.835923579594 3000.0
