ts te idle avg_span std_span max_span min_span c_bytes_all c_ack_cnt c_ack_cnt_p c_pkts_all c_pkts_data s_bytes_all s_ack_cnt s_ack_cnt_p s_pkts_all s_pkts_data videorate
0.0 10000.0 8248.899468750002 424.4355491536456 310.30874633544545 938.9559999999983 118.48300000000017 15352.502293198042 338.2451318259811 321.4300164362561 342.2451318259811 16.81511538972495 591802.4163647123 383.00850088489807 17.81511538972495 383.00850088489807 361.1933854951731 1500.0
10000.0 20000.0 14.919105468750786 741.4983493430395 286.6126112811886 999.8420000000006 131.62900000000081 21780.36477090749 1737.036011716898 1711.007386784543 1737.036011716898 26.02862493235497 4195512.689414934 2337.0539410475812 26.02862493235497 2337.0539410475812 2311.0253161152264 1500.0
20000.0 30000.0 120.48241992187104 575.3998291015628 462.8024976982231 999.6849999999977 15.942999999999302 14814.909835596894 1302.3787524550453 1284.6107133798932 1302.3787524550453 17.768039075151922 3614090.0630932306 1339.985674668213 17.768039075151922 1339.985674668213 1322.2176355930612 3000.0
30000.0 40000.0 207.45573437499843 633.0638884277341 440.5699256662514 999.5319999999992 37.33499999999913 12505.895342861819 1341.7336702852135 1326.7405492702142 1341.7336702852135 14.993121014999502 3837862.1172322105 1383.1356488579827 13.993121014999502 1383.1356488579827 1369.1425278429833 3000.0
40000.0 50000.0 491.668867187509 641.2021958007804 406.76459882513126 999.7149999999965 138.71899999999732 12410.884524005673 1342.946828238213 1328.066100772502 1342.946828238213 14.880727465710798 3817699.4126329096 1390.6710011847335 9.880727465710798 1390.6710011847335 1380.7902737190227 3000.0
50000.0 60000.0 387.21669140625454 752.2841627987141 364.9944931165805 999.7489999999962 72.49599999999919 12957.44323343008 1605.059740487681 1589.545368365623 1605.059740487681 15.514372122057857 4537292.347553974 1670.4765166443608 12.514372122057857 1670.4765166443608 1657.962144522303 3000.0
60000.0 70000.0 597.2707070312608 616.6684704733455 421.7373549556654 999.323000000004 59.32499999999709 13068.66237665627 1368.1379838212374 1351.4657065930107 1368.1379838212374 15.672277228226559 3915551.7973249895 1418.8875286130658 10.672277228226559 1418.8875286130658 1406.2152513848391 3000.0
70000.0 80000.0 704.7676542968838 670.1264654947911 393.67611485191355 999.9780000000028 141.99199999999837 11951.33762334373 1328.4618811697305 1314.1341583979572 1328.4618811697305 14.327722771773441 3755256.1563830394 1359.7811880991642 9.327722771773441 1359.7811880991642 1350.4534653273909 3000.0
80000.0 90000.0 224.60769140624325 703.6349386718745 407.7313609368683 999.9389999999985 70.23399999999674 13276.7140023438 1324.7074418721504 1308.7724247961214 1324.7074418721504 15.935017076029025 3780995.8034539167 1364.7724247961214 11.0 1364.7724247961214 1353.7724247961214 3000.0
90000.0 100000.0 1265.8732265625003 632.484732313367 426.2639301665076 999.5789999999979 5.297999999995227 14169.113588408669 1133.9651407559336 1116.965002233484 1133.9651407559336 17.000138522449593 3148789.8425712995 1429.4258941269875 16.0 1429.4258941269875 1413.4258941269875 2416.6666666666665
100000.0 110000.0 816.4971796874888 656.5183963694863 400.45428479594824 999.3570000000036 58.91000000000349 13425.17240924753 1257.327417371916 1241.2625729703946 1257.327417371916 16.06484440152138 3566995.353974784 1546.801681076891 17.0 1546.801681076891 1529.801681076891 2300.0
110000.0 120000.0 309.8410390624922 677.9214640625006 429.40663887898063 999.9790000000066 59.14900000000489 13861.730168037293 1034.5587076406048 1017.9320768728102 1034.5587076406048 16.626630767794577 2941368.7206380344 1061.118761488913 11.626630767794577 1061.118761488913 1049.4921307211184 2300.0
120000.0 130000.0 8022.000962890626 311.946764160155 308.03079756256403 975.8349999999919 59.421999999991385 4353.157890098701 277.42087529446246 272.17224090736465 277.42087529446246 5.2486343870977805 802862.1219740247 293.34092142278007 3.723805671617339 293.34092142278007 289.61711575116277 2300.0
130000.0 140000.0 167.73505859376746 604.4791661005431 366.2192307018418 998.2239999999874 60.01999999998952 26327.489404519412 1078.4005473857305 1046.3546205129942 1079.4005473857305 31.045926872736185 2960836.002757195 1261.2356792985906 28.57075558821663 1261.2356792985906 1230.6649237103738 1328.3333333333333
140000.0 150000.0 1159.6862246093806 659.0907673483462 387.9787663030403 999.9860000000044 68.4671054687642 13977.157810123783 1261.2159646388332 1244.4866930409753 1261.2159646388332 16.729271597857846 3518201.9572529197 1437.2259645620902 13.729271597857844 1437.2259645620902 1423.4966929642326 2300.0
150000.0 160000.0 1498.4479355468648 606.1940031250008 400.4653676970342 999.7360000000044 62.09299999999348 13232.649742919024 1100.364726538361 1084.4951119259435 1100.364726538361 15.869614612417598 3021199.8291740743 1121.479260011906 12.869614612417598 1121.479260011906 1108.6096453994885 2300.0
160000.0 170000.0 1960.5029863281234 558.524200911459 416.1756851270227 999.5359999999928 61.328000000008615 11246.814984301787 1080.039178502008 1066.5592567399121 1080.039178502008 13.479921762096014 2966806.3682037517 1130.5994132157202 8.479921762096014 1130.5994132157202 1122.119491453624 2300.0
170000.0 180000.0 907.7242167968652 652.8947348958347 405.1534122673968 999.9029999999912 59.38000000000466 13222.750952568678 1084.0097974367652 1068.1520947260929 1084.0097974367652 15.857702710672298 3002966.4063279447 1113.2963515027736 12.857702710672298 1113.2963515027736 1100.4386487921015 2300.0
180000.0 190000.0 931.4629394531657 637.0714703124967 419.3718299236423 999.7539999999863 61.64499999998952 12560.979661539322 1063.5890978471325 1048.515421760112 1063.5890978471325 15.073676087020388 2916369.327744106 1095.5770285903532 12.073676087020388 1095.5770285903532 1083.503352503333 2300.0
190000.0 200000.0 2043.3000058593752 628.3712134331613 401.7485728432408 999.3699999999953 38.845999999990454 15922.261271783977 1128.5800227855434 1109.1463511183063 1129.5800227855434 18.43367166723741 3115076.3251066813 1341.4695741387488 16.43367166723741 1341.4695741387488 1323.0359024715117 2300.0
200000.0 210000.0 134.77992187501513 668.2219998851103 413.75890299320906 999.5950000000012 63.75700000001234 13584.699176602757 1312.654586743783 1296.3737995883826 1312.654586743783 16.280787155400514 3359113.6116272938 2003.1677346591177 13.457868345235209 2003.1677346591177 1989.7098663138825 2300.0
210000.0 220000.0 1232.3710000000137 575.998562499999 419.7232274539681 999.551999999996 62.013999999995576 11475.4910102054 1090.989552685155 1077.234449183103 1090.989552685155 13.755103502052226 3050814.1948027606 1775.3311910550426 9.578022312217529 1775.3311910550426 1765.753168742825 2300.0
220000.0 230000.0 930.1299570312258 644.147402864584 407.47731464159494 999.9010000000126 64.65499999999884 13363.707225447928 1061.4606734738977 1045.4333482928535 1061.4606734738977 16.02732518104444 2945846.7831322653 1698.5853184193868 11.027325181044437 1698.5853184193868 1687.5579932383423 2300.0
230000.0 240000.0 959.2896464843652 650.5061391927107 418.9577077578817 999.8610000000044 109.86600000000908 12088.153977777418 1059.2205966202707 1044.7158833189108 1059.2205966202707 14.5047133013599 2939001.224780315 1701.8601502569093 8.57173369657273 1701.8601502569093 1693.2884165603366 2300.0
240000.0 250000.0 2962.9160664062365 531.4102532958987 380.0450585797115 999.7030000000086 66.80995117186103 12231.95672407452 965.6708340450434 950.6038136498306 966.6708340450434 14.06702039521283 2247379.7173423506 1315.8946452831651 12.0 1315.8946452831651 1301.8946452831651 2300.0
250000.0 260000.0 207.46669335931074 704.9557392578193 346.01389105730993 999.4920000000275 148.72100000001956 16571.91777985921 1549.2517002119464 1529.4005809682158 1549.2517002119464 19.851119243730743 4099085.8625332187 2459.5004641626942 19.851119243730743 2459.5004641626942 2439.649344918964 2300.0
260000.0 270000.0 706.7799648438231 617.1855021972624 419.14494069789885 999.7770000000019 61.43800000002375 13045.515187065144 1077.158031234344 1061.5248749462762 1077.158031234344 15.633156288067516 2984803.6519260723 1769.1288483133876 10.633156288067516 1769.1288483133876 1758.49569202532 2300.0
270000.0 280000.0 1209.828041015542 619.4301305989658 426.068472335701 998.9780000000028 59.81699999998091 12030.208403553304 1074.4497741763685 1060.0149748661208 1074.4497741763685 14.434799310247664 2968152.1530082594 1734.4430074036816 9.434799310247664 1734.4430074036816 1725.008208093434 2300.0
280000.0 290000.0 1856.3953320313012 657.4426746093707 425.68855258149597 999.5489999999991 64.41700000001583 11756.358629522341 1088.9653327397496 1074.8844075817956 1088.9653327397496 14.080925157954075 2961968.741668733 1834.7456862147394 9.080925157954075 1834.7456862147394 1825.6647610567852 2300.0
290000.0 300000.0 196.74997851561056 699.5408213465091 384.42888127096666 999.88400000002 91.65000000002328 14862.035574123818 1279.9296925514293 1262.1125759976198 1279.9296925514293 17.817116553809534 3535516.651358106 2066.7972381500012 16.817116553809534 2066.7972381500012 2049.9801215961916 2300.0
