ts te idle avg_span std_span max_span min_span c_bytes_all c_ack_cnt c_ack_cnt_p c_pkts_all c_pkts_data s_bytes_all s_ack_cnt s_ack_cnt_p s_pkts_all s_pkts_data videorate
0.0 10000.0 5379.592804687498 550.9983719308033 414.48040654042535 999.0999999999985 7.873291015625 19899.578935177407 840.7338051283166 818.4884619748992 844.7338051283166 22.245343153417352 1790369.5309017042 1133.8441731797802 26.245343153417352 1133.8441731797802 1103.598830026363 1500.0
10000.0 20000.0 1548.1867714843684 651.2602642045458 369.2242258019104 999.6809999999969 30.324000000000524 19639.648848088455 1626.018718819591 1601.5418525228324 1626.018718819591 23.47686629675865 3761508.993660347 2360.102673271625 24.47686629675865 2360.102673271625 2334.6258069748665 1750.0
20000.0 30000.0 1950.825580078119 698.3634845052094 413.7202385109766 999.724000000002 0.0 12750.819466764113 1330.1082700817037 1314.8101851866058 1330.1082700817037 15.29808489509778 3136108.240729288 1916.3998496153688 15.29808489509778 1916.3998496153688 1901.1017647202711 2250.0
30000.0 40000.0 1066.6300195312506 666.8739299316408 361.9360161683254 999.6679999999978 8.452880859375 11960.20772919002 880.5396133655593 866.1925789147701 880.5396133655593 14.347034450789074 2093914.0190636632 1372.9024809132593 14.347034450789074 1372.9024809132593 1358.5554464624704 1500.0
40000.0 50000.0 2779.0115390624997 631.3502039062499 345.539973785307 999.7630000000063 8.42724609375 12562.454595774585 800.9789067309324 785.9166316000865 800.9789067309324 15.06227513084593 2005153.113158516 1276.6320827459708 14.474947595138158 1276.6320827459708 1262.1571351508328 1500.0
50000.0 60000.0 3439.396519531263 526.5535609130848 364.04901426210597 999.7379999999976 21.620999999999185 13879.6523953975 1149.7449860717363 1133.1208179133214 1149.7449860717363 16.624168158414946 2863836.8654973293 1848.6692689433605 17.211495694122718 1848.6692689433605 1831.4577732492378 2000.0
60000.0 70000.0 1661.3427343750081 568.3693913845475 399.8025754616865 999.7700000000041 6.7392578125 13666.113754020758 1028.7912484364276 1012.3990014770984 1028.7912484364276 16.39224695932919 2547930.8055425426 1648.0471439628834 15.802110411520363 1648.0471439628834 1632.245033551363 1887.5
70000.0 80000.0 1154.0650136718905 640.5004410400379 388.4691964861982 998.1499999999942 9.279296875 12499.833860300616 774.5265813467481 759.538679800876 774.5265813467481 14.987901545871978 1969646.074236385 1278.3746762584212 15.578038093680803 1278.3746762584212 1262.7966381647407 1500.0
80000.0 90000.0 1218.845914062491 678.5423687744151 350.92665793160006 999.8619999999937 8.339111328125 12459.869408607938 847.007966157627 832.0674721898664 847.007966157627 14.940493967760652 1960638.949188492 1312.1290690383594 14.940493967760652 1312.1290690383594 1297.1885750705987 1500.0
90000.0 100000.0 3373.4890722656273 542.9382435302732 354.9327676751316 999.6959999999963 9.85498046875 12120.177120908624 866.264852206815 851.7425653067635 866.264852206815 14.522286900051649 2096372.7501041393 1360.8939040725822 14.522286900051649 1360.8939040725822 1346.3716171725303 1500.0
100000.0 110000.0 1136.7590292968816 599.0246152343736 382.2826505717148 999.804999999993 9.462890625 14629.296225369653 984.5991959215007 967.0650720551777 984.5991959215007 17.534123866323032 2431155.7395241056 1597.5796668347546 17.534123866323032 1597.5796668347546 1580.0455429684316 1500.0
110000.0 120000.0 2036.4223906250263 627.5461078124994 386.8494824264029 999.6160000000091 8.9208984375 12493.139299614693 847.6757361638887 832.6958613812906 847.6757361638887 14.979874782598266 2012664.214310127 1299.6639127710355 14.372723792560071 1299.6639127710355 1285.2911889784755 1500.0
120000.0 130000.0 1616.328511718777 617.7187802159906 358.63809329623007 999.9709999999905 59.60099999999511 14960.516876434638 1239.3251128009474 1221.4100308231118 1239.3251128009474 17.91508197783532 3192251.3562645437 2038.7988522611195 18.522232967873514 2038.7988522611195 2020.276619293246 2142.8571428571427
130000.0 140000.0 2019.2916894531227 742.1059934430814 345.176946907562 999.8930000000109 54.57699999999022 12061.352984336696 1248.1096158400362 1233.6437806565427 1248.1096158400362 14.465835183493443 3105270.2553987084 1961.337189871561 14.465835183493443 1961.337189871561 1946.8713546880674 2700.0
140000.0 150000.0 3078.1477929687535 583.6618556082582 326.5549452349792 999.1059999999998 167.75500000000466 11255.873154253197 976.8385669057433 962.3290741336668 976.8385669057433 13.509492772076502 2648303.633840464 1646.6125567918323 13.509492772076502 1646.6125567918323 1632.103064019756 2250.0
150000.0 160000.0 539.3127363281092 650.1861835937501 359.296521704357 999.7209999999905 9.572998046875 15624.4823023029 1617.2490058408996 1599.16397931493 1618.2490058408996 18.085026525969237 3871868.969097631 2417.8302183368833 19.085026525969237 2417.8302183368833 2397.745191810914 2400.0
160000.0 170000.0 612.3313261718722 681.0064527803316 372.2409715587581 999.7619999999879 87.93900000001304 13866.98304345821 1335.9368936106616 1319.3230301772946 1335.9368936106616 16.613863433367 3387253.4183265264 2140.8109194374056 16.613863433367 2140.8109194374056 2124.1970560040386 2300.0
170000.0 180000.0 1581.7200312499772 622.0789335937498 404.8538983379811 999.5709999999963 10.66796875 11702.690404749745 1119.6259660394094 1105.5870488908977 1119.6259660394094 14.0389171485116 2680726.662496853 1772.2129600705016 13.33801703047236 1772.2129600705016 1758.8749430400292 2300.0
180000.0 190000.0 887.0280332030961 669.2195659179706 343.810247725921 999.4809999999998 9.73193359375 12502.95095422053 1259.5659925057134 1244.5743842268794 1259.5659925057134 14.991608278833965 3024962.925912534 1938.9215373069342 15.692508396873208 1938.9215373069342 1923.229028910061 2300.0
190000.0 200000.0 559.7835957031348 755.7504108455871 265.03864537587305 999.9729999999981 309.08206640626304 14774.65705220044 1430.1557006502119 1412.4614061117964 1430.1557006502119 17.69429453841538 3674646.6189068845 2345.8447363044224 17.69429453841538 2345.8447363044224 2328.150441766007 2300.0
200000.0 210000.0 876.7509667969134 642.4265811767546 382.4156532475211 999.5819999999949 9.697265625 11940.744429795563 1226.5510824467815 1212.2294228399633 1226.5510824467815 14.321659606817956 3009252.324635277 1955.6131849707526 13.600177292228139 1955.6131849707526 1942.0130076785244 2300.0
210000.0 220000.0 897.8689570313145 652.6062991943327 350.53078580629017 999.9830000000075 8.904052734375 12258.718211945517 1120.5057289077697 1105.8077480829709 1120.5057289077697 14.697980824798687 2918109.149161013 1865.0626681366564 15.419463139388505 1865.0626681366564 1849.6432049972677 2300.0
220000.0 230000.0 5823.464917968726 438.59253590745413 432.63808160846196 999.9400000000023 0.0 8916.28230075937 659.3765191433671 648.6464729736535 659.3765191433671 10.730046169713589 1579840.8631714457 1000.9911505246027 9.730046169713589 1000.9911505246027 991.2611043548892 2300.0
230000.0 240000.0 48.537033203145256 651.6532039387967 363.0481500024337 999.3559999999998 8.083984375 18501.84995284141 1776.1880663053753 1753.6043665551897 1777.1880663053753 21.5836997501857 4519286.160639223 2868.869809615299 22.897247745139495 2868.869809615299 2843.9725618701596 2300.0
240000.0 250000.0 1110.5046523437486 613.9487586914038 382.8783382286283 999.6749999999884 7.506103515625 15451.91096900033 1448.5638284607533 1430.696073002644 1449.5638284607533 17.86775545810942 3542655.9697988094 2231.632127096738 19.55420746315563 2231.632127096738 2211.0779196335816 2300.0
250000.0 260000.0 202.5809394530952 709.5303652343779 363.63527356960475 999.960000000021 138.80099999997765 12820.900341879056 1236.74635032537 1221.3626866644236 1236.74635032537 15.3836636609462 3098902.2137651085 2017.031158224708 15.3836636609462 2017.031158224708 2001.647494563762 2300.0
260000.0 270000.0 633.0394941406557 743.1723925781176 329.48742857553657 999.619000000006 6.419921875 13086.199007934798 1402.3065996618989 1386.6224875907214 1402.3065996618989 15.684112071177559 3256019.848874398 2091.4419004597844 15.684112071177559 2091.4419004597844 2075.7577883886065 2300.0
270000.0 280000.0 663.5575214843848 656.9901933593724 397.693618980286 999.5260000000126 7.340087890625 12023.314869062735 1393.3011543059226 1378.8789367860857 1393.3011543059226 14.422217519836774 3316419.7975708875 2120.81768662857 13.830353228914934 2120.81768662857 2106.9873333996547 2300.0
280000.0 290000.0 519.0825800781604 623.9518922851566 394.7646567542381 998.880999999994 0.0 12521.158897072422 1266.3612884417917 1251.348030282552 1266.3612884417917 15.013258159239594 3156547.5877919174 1998.9334766064078 15.014223992895252 1998.9334766064078 1982.9192526135128 2300.0
290000.0 300000.0 164.79482617188478 588.0150350674733 417.91805274538785 999.7870000000112 3.722900390625 16197.200046320535 1511.2628505433713 1490.0894913990323 1512.5547160805966 18.881493607113576 3648538.225412802 2416.9917254977577 21.47239206437976 2416.9917254977577 2392.519333433378 2300.0
