ts te idle avg_span std_span max_span min_span c_bytes_all c_ack_cnt c_ack_cnt_p c_pkts_all c_pkts_data s_bytes_all s_ack_cnt s_ack_cnt_p s_pkts_all s_pkts_data video_rate
0.0 10000.0 9115.196044921875 430.6892695312499 349.12077057298717 884.803955078125 33.42699999999968 8552.135975965262 33.94053961863854 24.806045699302537 37.390421347253366 9.134493919336002 51950.55036655227 53.50868744726989 11.584375647950827 53.50868744726989 38.47443007070424 1500.0
10000.0 20000.0 430.4008925781309 574.1030247987691 387.70778709256183 995.3090000000011 0.0 26941.231280604232 577.9672886509643 545.5830420135081 584.5174069223494 30.38424663745606 1064724.106804709 760.9293662865014 34.93436490884124 760.9293662865014 720.4448831062749 490.0
20000.0 30000.0 1148.0790156249932 719.2605631793476 287.4457086616922 998.0749999999971 37.64794921875 19508.445999238873 706.2778613889105 682.9235956731998 706.2778613889105 23.35426571571072 1341424.131613646 972.2113168657836 23.31592756476041 972.2113168657836 948.8953893010231 439.5
30000.0 40000.0 8.007705078125582 781.6913243750002 239.3975309861308 999.4000000000015 172.45900000000256 13998.07550532001 1066.045904269404 1049.2453696640393 1066.045904269404 16.800534605364653 1865987.0605358668 1341.6635219166649 16.838872756314963 1341.6635219166649 1324.82464916035 990.0
40000.0 50000.0 3485.2520468749863 512.3013702059669 321.0608243646499 998.7079999999987 0.0 15236.139153609816 682.078731116475 663.8281419765856 682.078731116475 18.25058913988942 1434829.608115098 1012.9974325281726 18.25058913988942 1012.9974325281726 994.7468433882831 750.0
50000.0 60000.0 1043.385796875009 608.4155220588214 345.5946537529942 999.398000000001 65.98699999999371 14494.806954383237 1171.8458586928411 1154.459020932544 1171.8458586928411 17.386837760297094 2707909.6259396 1754.1439701484749 17.386837760297094 1754.1439701484749 1736.7571323881778 1957.142857142857
60000.0 70000.0 2034.3594062500197 609.1561240885407 389.90087871245316 999.2250000000058 38.75 11160.70606236991 1199.5428570694432 1186.146775013929 1199.5428570694432 13.396082055514324 2673475.047787466 1750.7765684702933 13.396082055514324 1750.7765684702933 1737.3804864147792 2533.3333333333335
70000.0 80000.0 117.61468750001222 796.7720981889189 244.06922640772316 999.9379999999946 289.9400000000023 15269.45906850866 1903.3009591933233 1885.0080090268916 1903.3009591933233 18.292950166431723 4388640.868837062 2942.76913633684 18.292950166431723 2942.76913633684 2924.4761861704083 2700.0
80000.0 90000.0 2317.735816406246 613.4297679227936 387.09985115463394 999.551999999996 22.505999999993946 12198.76867817674 886.8336493929814 871.1989660657796 886.8336493929814 14.634683327201833 2171528.731018919 1474.1435158634401 14.634683327201833 1474.1435158634401 1458.5088325362383 1326.6666666666667
90000.0 100000.0 1492.0199648437556 772.6982638888884 327.1273069635361 999.9279999999999 184.45094531250652 14507.604326623863 1386.1523582120376 1368.7809099854696 1386.1523582120376 17.371448226567882 3368700.5327082626 2264.0759575175794 17.371448226567882 2264.0759575175794 2246.704509291011 2173.3333333333335
100000.0 110000.0 199.63787695314386 755.6143486328115 310.14431400159634 999.9060000000027 64.59410546874278 13114.556646548155 1584.735056611066 1569.01324321074 1584.735056611066 15.721813400326196 3905168.5935674924 2635.9796642284227 15.721813400326196 2635.9796642284227 2620.2578508280967 3000.0
110000.0 120000.0 770.7621132812637 658.082306884764 364.29446685076147 999.7509999999893 22.288999999989755 12120.377561025036 1682.8826672581047 1668.3454017461984 1682.8826672581047 14.537265511906218 4153488.1710470123 2756.0520113588736 14.537265511906218 2756.0520113588736 2741.5147458469673 3000.0
120000.0 130000.0 15.08535156250582 700.3798035156229 292.84854216848345 999.9029999999912 166.99299999998766 21889.446967667667 1526.0175871031586 1499.280259643286 1529.8180946883335 24.737327459872667 3571699.741747299 2411.9864123346315 29.537835045047625 2411.9864123346315 2378.648069704409 1837.7142857142858
130000.0 140000.0 3150.351146484434 569.5615655517522 371.2125476674716 998.6749999999884 89.59700000000885 12823.9146153359 582.762292912255 565.4885021025273 582.9617853270801 15.273790809727771 1381670.3738075346 853.6475260453492 17.47328322455281 853.6475260453492 833.9747504059715 986.0
140000.0 150000.0 942.8851679687505 707.7125763578875 366.468729272482 999.4010000000126 20.945999999996275 13671.4315928556 1538.6448704055854 1522.770248561339 1539.6448704055854 15.874621844246558 3400903.1045175944 2320.7948646028417 16.87462184424656 2320.7948646028417 2302.920242758595 2171.4285714285716
150000.0 160000.0 925.0037480468454 656.6358994140636 321.7240082239815 999.4260000000068 4.904000000009546 27134.899611767036 1089.9715181048111 1056.1224686846604 1095.9715181048111 30.849049420150873 2799074.751585886 1742.3200480488622 34.84904942015088 1742.3200480488622 1704.4709986287112 946.9090909090909
160000.0 170000.0 6565.927656250016 270.31586666666556 326.53745307082283 897.2859999999928 0.008000000001629815 10824.0 170.0 157.0 170.0 13.0 474481.0 305.0 13.0 305.0 292.0 288.0
170000.0 180000.0 2532.407605468732 558.0118733016324 391.6829627807769 996.8930000000109 0.0 20174.0 392.45205554253306 367.45205554253306 395.45205554253306 23.0 749303.654261581 494.8136999765595 27.0 494.8136999765595 463.8136999765595 288.0
180000.0 190000.0 4048.575056640635 486.9317008272046 324.67559225761937 999.997000000003 98.67999999999302 17228.0 304.54794445746694 283.54794445746694 306.54794445746694 20.0 752090.345738419 449.1863000234405 22.0 449.1863000234405 426.1863000234405 288.0
190000.0 200000.0 4526.795417968766 619.5594552283627 347.66517258941974 999.7770000000019 44.69091796875 12547.721092849592 1061.008706215384 1045.963800152468 1061.008706215384 15.044906062916182 2582832.0184810935 1659.8498547949475 15.0 1659.8498547949475 1644.8498547949475 1980.0
200000.0 210000.0 28.194003906246508 888.0906770833341 147.22423608051685 999.0750000000116 548.72607421875 12569.228897590305 1386.4579201293852 1371.398067167675 1386.4579201293852 15.059852961710199 3331927.52806007 2226.407253500569 14.55237951231319 2226.407253500569 2211.854873988256 2650.0
210000.0 220000.0 190.05796093749814 792.7097319078963 313.93457301114154 999.6659999999974 51.4951171875 13363.099052258907 1635.0203842569442 1618.9791994157438 1635.0203842569442 16.041184841200767 3936857.4459603457 2590.288457535512 16.59356435351396 2590.288457535512 2573.694893181998 3000.0
220000.0 230000.0 3850.8688847656013 502.4869953613306 296.78161729224377 977.814000000013 47.77188281249255 16367.587014408737 678.9951306215789 658.3932881963045 679.9951306215789 19.601842425274445 1708929.2720558145 1147.1930674134394 20.601842425274445 1147.1930674134394 1126.5912249881649 1081.5
230000.0 240000.0 3079.9462773437263 536.7133222656284 340.38317066923537 999.2870000000112 113.81099999998696 16886.43234000363 1094.174886242541 1075.2052516344606 1096.174886242541 18.96963460808032 2801589.076793882 1892.6179529133783 20.96963460808032 1892.6179529133783 1869.648318305298 2033.3333333333333
240000.0 250000.0 1376.0846074219444 647.7660665147511 328.4179093285691 999.8339999999735 44.541259765625 12785.455569029236 1438.785374369615 1422.458229988345 1438.785374369615 15.327144381269875 3217059.1149860485 2143.1216923686543 16.327144381269875 2143.1216923686543 2125.7945479873847 2416.6666666666665
250000.0 260000.0 149.88615820312407 853.3494753289453 262.30135015773465 999.8670000000275 84.59399999998277 12733.416657905342 1693.2111050507665 1677.958669806566 1693.2111050507665 15.252435244200347 4135265.5201764912 2750.822156038328 15.252435244200347 2750.822156038328 2735.5697207941275 3000.0
260000.0 270000.0 171.54782226559473 834.0985405815978 214.6794984028058 999.8709999999846 418.02001953125 13147.485669375099 1700.7575790688088 1684.9902378957713 1700.7575790688088 15.767341173037583 4156032.082994327 2767.181407917147 15.767341173037583 2767.181407917147 2751.41406674411 3000.0
270000.0 280000.0 362.1425546875107 606.6226673177088 407.7848096727719 999.8389999999781 69.134033203125 13293.573706579153 1532.5899605969425 1516.6543022946323 1532.5899605969425 15.935658302310282 3900056.4414812974 2630.419259160125 15.935658302310282 2630.419259160125 2614.483600857815 3000.0
280000.0 290000.0 17.32068945316132 688.9347508544924 398.57448340607874 999.8420000000042 53.72100000001956 12132.258454928999 1642.2842216105737 1627.7328457733659 1642.2842216105737 14.551375837207837 4028614.135800651 2776.987790427199 14.551375837207837 2776.987790427199 2762.4364145899913 3000.0
