ts te idle avg_span std_span max_span min_span c_bytes_all c_ack_cnt c_ack_cnt_p c_pkts_all c_pkts_data s_bytes_all s_ack_cnt s_ack_cnt_p s_pkts_all s_pkts_data video_rate
0.0 10000.0 9908.663 91.33699999999953  91.33699999999953 91.33699999999953 2654.0 8.0 5.0 9.0 3.0 6906.0 9.0 3.0 9.0 5.0 0.0
10000.0 20000.0 406.5789492187505 696.2947403094952 355.9096540686078 999.3229999999967 105.40699999999924 30167.55601384354 1806.2662398134787 1771.5209916040285 1809.2662398134787 34.74524820945005 4203607.628526243 2463.09517535368 37.37262410472502 2463.09517535368 2422.7225512489554 1500.0
20000.0 30000.0 48.855494140625524 627.6770412326389 420.7447832139271 999.9110000000001 0.0 14854.738079635914 1748.7372471278552 1730.9310771740281 1748.7372471278552 17.806169953827215 4255706.644736154 2474.4508564859716 16.178794058552235 2474.4508564859716 2458.272062427419 2812.5
30000.0 40000.0 1203.1793769531214 684.8005854779416 365.9452446575627 999.7589999999982 45.1050000000032 14256.751382147935 1502.553902103808 1485.4496843102831 1502.553902103808 17.10421779352486 3944907.3265762525 2069.7404135336706 16.10421779352486 2069.7404135336706 2053.636195740146 2800.0
40000.0 50000.0 367.35696484374785 604.8990538194444 395.3873076004754 999.5650000000023 53.12299999999959 15414.726703329856 1365.3223137329023 1346.8264169439728 1365.3223137329023 18.495896788929496 3771389.3930591517 1722.3509211333799 18.495896788929496 1722.3509211333799 1703.8550243444504 2800.0
50000.0 60000.0 915.3961445312598 678.0898855698521 394.76995497342824 999.7949999999983 2.625 12943.186788458954 1397.388749301009 1381.8733731074817 1397.388749301009 15.515376193527588 3855840.567965788 1746.7788344086464 15.515376193527588 1746.7788344086464 1731.2634582151188 3000.0
60000.0 70000.0 785.3439316406293 738.5973606387869 325.76659658949694 999.7979999999952 0.0 12803.041032583802 1541.4797249604926 1526.1466338997518 1541.4797249604926 15.333091060740792 4294716.157027966 2003.6619442813844 14.333091060740792 2003.6619442813844 1989.3288532206436 3000.0
70000.0 80000.0 1947.3967324218684 591.6681048519738 400.5843636529568 999.9780000000028 0.0 14601.517451178806 1370.9621169708582 1353.4410116079923 1370.9621169708582 17.52110536286603 3849328.762330823 1821.2303873009607 15.521105362866031 1821.2303873009607 1805.7092819380948 2800.0
80000.0 90000.0 2521.9649570312467 577.9392984095986 422.2565119174643 999.4619999999995 64.12099999999919 12570.561098150843 1035.546714406562 1020.4467866174068 1035.546714406562 15.09992778915521 2869656.1576193683 1393.711390319538 13.09992778915521 1393.711390319538 1380.6114625303826 2766.6666666666665
90000.0 100000.0 753.3706621093734 659.1660362413191 350.59735407164834 999.8190000000031 116.25199999999313 16255.928782259318 1379.833658953288 1360.346380033602 1379.833658953288 19.4872789196863 3778439.7050562473 1778.5997092342443 16.4872789196863 1778.5997092342443 1762.112430314558 2475.0
100000.0 110000.0 2865.0349472656235 659.5810053385416 380.63039320801306 999.8899999999994 8.013000000006286 11588.992668411032 1092.9093326297457 1079.017644701453 1092.9093326297457 13.891687928292459 3048812.6571020056 1437.3803679485238 12.891687928292459 1437.3803679485238 1424.4886800202314 2300.0
110000.0 120000.0 719.224900390589 588.1236164279536 426.85629697740114 999.9260000000068 64.97900000000664 16464.763480676866 1150.5132245315924 1130.7469628219933 1150.5132245315924 19.766261709599117 3161845.028893413 1742.130093676793 17.766261709599117 1742.130093676793 1724.3638319671938 2500.0
120000.0 130000.0 3884.3892500000075 548.3900524739583 403.82619282286373 999.4569999999949 76.97099999999045 11839.194950524252 957.7672691388385 943.5739602650634 957.7672691388385 14.193308873775134 2643121.222336092 1323.4630999110004 11.193308873775132 1323.4630999110004 1312.2697910372253 2300.0
130000.0 140000.0 2018.0360683593608 599.1074144071711 394.967663832994 999.1339999999909 5.630999999993946 15165.971681259987 1209.422667386875 1191.2150499551449 1209.422667386875 18.20761743173012 3306157.3607579423 1596.1193517413913 15.624023424177935 1596.1193517413913 1580.4953283172135 2500.0
140000.0 150000.0 2553.9196992187644 589.829651194854 366.06789253044366 999.8289999999979 92.74900000001071 17500.74816437431 1034.8334771565092 1013.8516551995227 1034.8334771565092 20.98182195698649 2759174.2071292065 1555.762956865947 20.565415964538676 1555.762956865947 1535.1975409014083 2000.0
150000.0 160000.0 1117.2179550781439 715.5973126220724 358.25618217653044 999.9690000000119 49.03500000000349 11556.321723164585 1407.4633617861848 1393.6123717582757 1407.4633617861848 13.850990027909138 3989880.180883347 2286.5244978048686 13.850990027909138 2286.5244978048686 2272.673507776959 3000.0
160000.0 170000.0 678.1344042968994 630.9331447753884 422.46628973702354 999.9580000000133 38.655999999988126 15156.155257582073 1272.3285860959095 1254.1406736319118 1272.3285860959095 18.18791246399768 3555003.4489123328 1955.5230979838702 15.59395623199884 1955.5230979838702 1939.9291417518714 2766.6666666666665
170000.0 180000.0 96.08667773433262 717.3261571691204 378.17103298208 999.9429999999993 96.39400000000023 14166.974464378884 1299.1288021148216 1282.1575221427215 1299.1288021148216 16.971279972099858 3577719.7954142345 1959.3098486253975 13.985639986049929 1959.3098486253975 1945.3242086393475 2300.0
180000.0 190000.0 63.671666015608935 577.270950737849 445.21629811640946 999.551999999996 30.34299999999348 14146.360917930098 1363.9128930846327 1346.9401690871266 1363.9128930846327 16.97272399750614 3746704.501547087 1940.7416215749718 12.98636199875307 1940.7416215749718 1927.7552595762188 3000.0
190000.0 200000.0 76.56374609377235 637.1558853759761 441.83853502373483 999.640000000014 34.54199999998673 12066.54304144442 1367.8741238935963 1353.4011212036203 1367.8741238935963 14.47300268997617 3800992.3688317155 1949.6567637007552 12.038960906778009 1949.6567637007552 1937.6178027939773 3000.0
200000.0 210000.0 182.4438847655838 710.6515197610305 382.3022214538847 999.9059999999881 51.4090000000142 13695.966318664523 1471.1027972710863 1454.7077163946662 1471.1027972710863 16.395080876420153 4119028.551005313 2041.5413029308563 14.39508087642015 2041.5413029308563 2027.146222054436 3000.0
210000.0 220000.0 26.56057812497602 712.2958111213246 346.1897551483188 999.4469999999856 55.87899999998626 13474.607805648666 1485.9376397997562 1469.7754617206615 1485.9376397997562 16.16217807909478 4196634.225974288 2176.1746799863004 16.16217807909478 2176.1746799863004 2160.0125019072057 3000.0
220000.0 230000.0 2016.2070449219027 672.9237140066917 382.4513534517346 999.7300000000105 56.07399999999325 11199.610106350134 1092.9330211643546 1078.490055448329 1092.9330211643546 13.442965716025707 3076781.7549296813 1606.1328821731513 12.442965716025707 1606.1328821731513 1592.6899164571257 3000.0
230000.0 240000.0 2615.22928124998 655.6918819580096 356.17410873306915 999.4640000000072 129.43400000000838 12832.7820880012 1196.7821365758425 1181.387280370963 1196.7821365758425 15.394856204879513 3180085.353385348 1594.9198030246976 15.394856204879513 1594.9198030246976 1579.524946819818 2400.0
240000.0 250000.0 1318.827039062482 590.2258095238136 385.06397696273893 999.6089999999967 89.2270000000135 17988.0 1230.0 1209.0 1231.0 21.0 3315702.0 1777.0 18.0 1777.0 1758.0 2071.4285714285716
250000.0 260000.0 3218.5579160156194 565.716328385414 419.68426439943136 999.9510000000009 14.114999999990687 15119.408301551035 1108.2109224746202 1090.0672301743182 1108.2109224746202 18.14369230030209 2544622.7921945136 1426.9615375377612 16.14369230030209 1426.9615375377612 1410.817845237459 2250.0
260000.0 270000.0 934.562880859361 578.8377873391556 411.06553647379707 999.8400000000256 26.447265625 12025.751352587593 1405.7906378041089 1391.3730747209024 1405.7906378041089 14.41756308320664 3932175.173542049 2212.0029926983384 9.150172300884938 2212.0029926983384 2202.852820397454 3000.0
270000.0 280000.0 838.948263671773 681.8469110107471 375.2492029605581 999.570000000007 43.95199999999022 13386.646931771513 1471.61469755722 1455.5787954752773 1471.61469755722 16.035902081942748 4140484.450902421 2379.0072696286766 12.30329286426445 2379.0072696286766 2366.703976764412 3000.0
280000.0 290000.0 25.28899023437407 730.5723359375006 365.6815447884376 999.6149999999907 54.678000000014435 13803.885461532824 1504.148782024042 1487.5957081070321 1504.148782024042 16.55307391700993 4157802.240121628 2357.4762226901335 13.553073917009929 2357.4762226901335 2343.9231487731236 3000.0
290000.0 300000.0 129.63689062499907 642.0528552246105 424.56061834603963 999.7509999999893 53.322999999974854 11555.307952557036 1382.7384662894638 1368.888697671925 1382.7384662894638 13.849768617538595 3825093.9424053477 2154.667435873929 12.849768617538595 2154.667435873929 2141.8176672563905 3000.0
