ts te idle avg_span std_span max_span min_span c_bytes_all c_ack_cnt c_ack_cnt_p c_pkts_all c_pkts_data s_bytes_all s_ack_cnt s_ack_cnt_p s_pkts_all s_pkts_data videorate
0.0 10000.0 5349.4766503906285 600.7826404747594 356.5979668880672 997.9300000000003 40.891999999999825 20889.93611171329 914.0370639319501 890.5477837997049 918.0370639319501 23.489280132245288 2055951.6229566014 1314.4487400451144 27.489280132245288 1314.4487400451144 1282.959459912869 1500.0
10000.0 20000.0 1924.5300039062495 640.1928986150567 334.14292388887276 998.1100000000006 0.0 18677.616299536643 1377.6956730219845 1353.9408420870238 1378.6956730219845 21.75483093496084 3147971.1548697143 2094.882356923876 24.75483093496084 2094.882356923876 2067.127525988915 1500.0
20000.0 30000.0 2530.5879472656306 651.013945746527 391.61209630732844 999.9080000000031 6.6018808593726135 14492.341553554346 1015.3372840329133 997.9710697262426 1015.3372840329133 17.366214306670685 2524513.8900162363 1658.8888584145245 16.976539680547496 1658.8888584145245 1641.912318733977 1500.0
30000.0 40000.0 724.8681503906191 778.2251800537115 288.8604418440661 999.7390000000014 25.919000000001688 12838.106035195724 899.929979013152 884.5403043870288 899.929979013152 15.389674626123186 2217890.332157449 1448.7800446164852 15.779349252246373 1448.7800446164852 1433.0006953642387 1500.0
40000.0 50000.0 3348.3771425781306 700.6404363839277 358.86116115827326 999.9260000000068 30.83400000000256 13867.437837585181 844.2243563935247 827.6098221446111 844.2243563935247 16.614534248913518 2205777.6332456972 1439.8231237740115 16.229068497827033 1439.8231237740115 1423.5940552761845 1500.0
50000.0 60000.0 2935.396210937499 625.5139070012016 369.18295327333254 997.6839999999938 81.50999999999476 10535.59475392767 667.0148603341772 654.3627679752509 667.0148603341772 12.652092358926293 1630411.5717121412 1089.9965615821616 13.037558110012776 1089.9965615821616 1076.9590034721489 1500.0
60000.0 70000.0 2370.3741718749807 668.6589499782988 397.28143856528095 999.4700000000012 50.320000000006985 13126.967408487151 923.7607832722981 908.027409880138 923.7607832722981 15.733373392160189 2293599.7950421614 1483.180314643827 15.733373392160189 1483.180314643827 1467.4469412516669 1500.0
70000.0 80000.0 3307.913779296883 726.3791857096354 319.4188907477654 999.573000000004 189.714111328125 11770.451972188548 766.590145040172 752.4695862989618 766.590145040172 14.120558741210399 1880869.9436239386 1240.800033116666 13.711873527116897 1240.800033116666 1227.0881595895492 1500.0
80000.0 90000.0 2159.8708671875065 603.7905427517367 374.37083416549683 999.5679999999993 31.677999999999884 17132.548027811452 959.4182531117694 939.5388118529797 960.4182531117694 19.8794412587896 2422132.73770111 1588.5133815675867 21.288126472883107 1588.5133815675867 1566.2252550947037 1500.0
90000.0 100000.0 2137.8869785156276 703.4213751220714 316.5454166453279 999.9640000000072 227.18700195311976 13765.152695886693 936.2832585944274 918.7902031361297 936.2832585944274 16.493055458297732 2351620.93580482 1511.6657306829509 17.493055458297732 1511.6657306829509 1493.1726752246532 1500.0
100000.0 110000.0 623.5760605468677 652.0094374999999 409.0772634284747 999.2840000000142 0.0 12084.847304113307 1179.708343253631 1165.201398711929 1179.708343253631 14.506944541702266 3159078.382870131 1959.0208546327963 14.506944541702266 1959.0208546327963 1944.513910091094 2750.0
110000.0 120000.0 1874.4552636718727 771.8361418805829 308.21767381095265 999.6490000000049 14.260986328125 13363.257612146817 1101.7720085445194 1085.7443209110113 1101.7720085445194 16.027687633508116 2965980.921201555 1844.190568240849 16.027687633508116 1844.190568240849 1828.1628806073409 2300.0
120000.0 130000.0 3722.992146484379 592.5113572823674 343.89630159338645 999.7880000000005 130.38300000000163 11357.192609130369 1135.4953012824478 1121.8758705161606 1135.4953012824478 13.619430766286968 2707918.0132902917 1773.8375725401 13.619430766286968 1773.8375725401 1760.218141773813 2300.0
130000.0 140000.0 3442.1980136718485 589.2955930606627 410.2311238860072 999.8990000000049 0.0 12571.186654125135 1019.3397248884964 1004.2579610234029 1019.3397248884964 15.081763865093574 2668505.4860067787 1701.320685257077 14.081763865093574 1701.320685257077 1687.2389213919835 2300.0
140000.0 150000.0 1368.4719824218773 675.6692752878267 332.3380469494253 999.7980000000098 183.86328125 14593.125377169095 1523.449726679828 1505.980696482267 1523.449726679828 17.469030197560866 3946969.5372782894 2490.6627725810895 17.469030197560866 2490.6627725810895 2473.1937423835284 2300.0
150000.0 160000.0 263.26813671871787 658.2319732307018 379.64488209485614 999.0089999999909 15.578718750010012 12763.710554495461 1230.2787300431223 1214.967770099041 1230.2787300431223 15.310959944081407 2997148.2484610453 1946.1388201001926 15.310959944081407 1946.1388201001926 1930.827860156111 2300.0
160000.0 170000.0 941.2374257812626 698.8288332950358 360.5929037996605 999.7419999999984 0.20804296876303852 13695.67859396934 1352.0552574443238 1335.6463513571148 1352.0552574443238 16.40890608720913 3367804.154540763 2198.673011577941 16.017639234490098 2198.673011577941 2182.655372343451 2300.0
170000.0 180000.0 353.0631113281124 638.629229319852 377.39479531901895 999.9590000000026 111.8289999999979 12979.685263526448 1241.2878019312666 1225.7283397307515 1241.2878019312666 15.559462200514881 3238515.856343692 2067.6922817445834 15.950729053233912 2067.6922817445834 2051.7415526913496 2300.0
180000.0 190000.0 1072.0566171875107 705.1862292968765 336.6757117801838 999.6739999999991 139.09599999999045 12209.01980238656 1258.8959561773377 1244.2632747790442 1258.8959561773377 14.632681398293508 3024644.6794696194 1902.025580971789 14.632681398293508 1902.025580971789 1887.3928995734955 2300.0
190000.0 200000.0 2237.367103515571 552.5623139105932 413.5698086526485 999.9349999999977 0.0 14590.143533050777 1101.4254930086581 1084.5354151012066 1102.4254930086581 16.89007790745155 2728812.1034079655 1790.4587069863787 15.890077907451548 1790.4587069863787 1772.5686290789272 2300.0
200000.0 210000.0 6813.770705078146 494.34121428571444 438.17433496026786 998.3349999999919 25.84299999999348 16748.0 389.0 369.0 391.0 19.0 951360.0 602.0 22.0 602.0 577.0 690.4
210000.0 220000.0 7008.766070312471 403.09654545454856 339.0806266056375 976.8429999999935 27.127000000007683 16696.0 257.0 237.0 257.0 20.0 688480.0 429.0 20.0 429.0 409.0 336.0
220000.0 230000.0 2773.8877421874786 650.9277121394273 345.83527115362233 994.6080000000075 108.37700000000768 10787.123508787083 223.64070008608746 210.68454847040724 223.64070008608746 12.956151615680241 601125.986133712 348.5444904780935 12.956151615680241 348.5444904780935 335.58833886241325 480.0
230000.0 240000.0 3837.5702226562134 553.8860494791646 348.6240598220699 997.6540000000095 14.861999999993714 15903.876491212917 404.35929991391254 385.3154515295928 404.35929991391254 19.04384838431976 1036992.013866288 653.4555095219065 19.04384838431976 653.4555095219065 634.4116611375867 480.0
240000.0 250000.0 2562.745884765638 732.8705776110169 342.3008608624929 999.3620000000228 61.676025390625 12702.97458837023 1516.1636917648877 1500.920864873971 1516.1636917648877 15.242826890916941 3528826.590291457 2326.7570316506294 15.242826890916941 2326.7570316506294 2311.5142047597124 3746.6666666666665
250000.0 260000.0 0.0 820.577013802086 251.52366532313795 999.7640000000247 132.11399414064363 12301.213486582099 2884.9548578817958 2870.2109737533838 2884.9548578817958 14.74388412841197 5909494.784057454 3929.959689227359 14.74388412841197 3929.959689227359 3915.2158050989465 4400.0
260000.0 270000.0 13.417101562488824 762.3715675511851 313.24006869866577 999.8460000000196 0.24599999998463318 11672.81192504767 2546.344838434686 2532.331549454015 2546.344838434686 14.01328898067109 5622931.859185832 3731.013161306294 14.01328898067109 3731.013161306294 3716.9998723256235 4400.0
270000.0 280000.0 3914.0001562500256 528.9524222861816 373.67274729947985 999.6379999999772 25.93499999999767 10379.324367781779 1306.9722275836214 1294.4811184954342 1306.9722275836214 12.491109088186995 3155529.2875616564 2003.8327396676316 12.491109088186995 2003.8327396676316 1991.3416305794447 3700.0
280000.0 290000.0 167.9630429687095 765.0583390997074 273.9781823651674 999.744000000006 7.256999999983236 18797.635269644175 1640.4276530203458 1617.934824877342 1640.4276530203458 22.49282814300412 4249276.037089098 2756.0796210285607 22.49282814300412 2756.0796210285607 2733.5867928855564 1740.0
290000.0 300000.0 1214.891076171887 632.2120593261716 374.11349036332683 998.4619999999995 107.39100000000326 12929.658924822335 1180.333367417179 1164.8248835530635 1180.8257885124858 15.50848386411564 3097707.540304143 1981.2889238480243 15.50848386411564 1981.2889238480243 1965.7804399839088 2500.0
