ts te idle avg_span std_span max_span min_span c_bytes_all c_ack_cnt c_ack_cnt_p c_pkts_all c_pkts_data s_bytes_all s_ack_cnt s_ack_cnt_p s_pkts_all s_pkts_data video_rate
0.0 10000.0 0.0 0.0 0.0 0.0 0.0 0.0 0.0 0.0 0.0 0.0 0.0 0.0 0.0 0.0 0.0 0.0
10000.0 20000.0 6076.657072265625 593.6390919921876 388.83107408808877 999.773000000001 48.883999999998196 18510.9660060466 394.42078632229214 373.7609779693448 399.42078632229214 20.65980835294734 806643.0641741891 537.7891520837245 24.65980835294734 537.7891520837245 508.1293437307772 888.0
20000.0 30000.0 1242.1083027343848 557.6773922230102 368.7353067580107 999.5360000000001 24.07499999999709 9282.65188935818 284.1882352863553 271.0144998388189 286.18496345520765 11.173735447536403 603392.5829001238 414.0743050285603 13.173735447536403 414.0743050285603 398.9005695810239 416.0
30000.0 40000.0 1408.9380058593742 721.338980179398 338.7614990063827 999.1540000000023 2.792750000000524 22319.500559122487 651.8117565179625 625.7109758450518 652.8150283491101 26.100780672910545 1259052.7414332689 886.7808120798767 28.100780672910545 886.7808120798767 856.6800314069662 409.2
40000.0 50000.0 2410.780789062497 594.8579493164063 379.8747332902517 999.474000000002 16.406093750003492 16902.881545472737 1166.57922187339 1146.5135463467843 1168.57922187339 19.065675526605716 2479132.611492418 1595.3557308078384 22.065675526605716 1595.3557308078384 1570.2900552812328 1500.0
50000.0 60000.0 2540.490724609379 722.8832615885408 301.81017781044244 999.3000000000029 35.771999999997206 13946.314032121267 1194.2909567753347 1177.574574065201 1194.2909567753347 16.716382710133896 2963180.186696966 1820.2982962608035 16.716382710133896 1820.2982962608035 1803.5819135506695 2166.6666666666665
60000.0 70000.0 168.4716308593779 716.8351319444441 369.8969513664641 999.7590000000055 96.2670000000071 14358.473131262575 1514.0308359353235 1496.8151673825314 1514.0308359353235 17.215668552792284 3811184.3965613013 2300.7722126390636 17.215668552792284 2300.7722126390636 2283.556544086271 2800.0
70000.0 80000.0 222.68518749998475 843.2222829733466 238.73098174298 999.4590000000026 67.93270117187058 13228.586368589977 1673.8255985187438 1657.9460422615111 1673.8255985187438 15.879556257232752 4065772.6185382367 2497.7885321074946 15.691163777391683 2497.7885321074946 2482.0973683301027 3000.0
80000.0 90000.0 685.2032402343757 546.9212076171883 420.9510442896348 999.8899999999994 0.0 12776.757352475846 1685.8147869512625 1670.497667228029 1685.8147869512625 15.317119723233526 4114609.510847447 2479.3213182581153 15.376784959682137 2479.3213182581153 2463.944533298433 3000.0
90000.0 100000.0 1132.165076171892 639.9494637276769 368.12321292808906 999.9829999999929 117.25299999999697 12401.869115550335 1657.0378218193352 1642.1665490627277 1657.0378218193352 14.871272756607542 4247469.287356049 2550.819640734524 15.0 2550.819640734524 2535.819640734524 3000.0
100000.0 110000.0 1376.0676015624922 745.9412769097229 312.9783090178739 999.4539999999979 121.98388671875 14839.677850426466 1585.0136557812305 1567.2441510849642 1585.0136557812305 17.769504696266218 4039545.8909810875 2500.5960143792636 17.769504696266218 2500.5960143792636 2482.8265096829978 3000.0
110000.0 120000.0 513.433837890625 737.7172376302076 306.23360898805936 999.8120000000054 100.90400000000955 12865.46597815179 1684.2057938408907 1668.7866552959185 1684.2057938408907 15.419138544972038 4355211.419541575 2591.4846087480537 15.419138544972038 2591.4846087480537 2576.0654702030815 3000.0
120000.0 130000.0 62.77700000000186 542.2129608623788 387.7393814151659 999.9949999999953 2.337999999988824 20740.142897123435 1460.2832905480232 1434.9065280956452 1463.2832905480232 24.37676245237824 3727689.763022474 2173.4221170428264 25.37676245237824 2173.4221170428264 2145.0453545904484 2890.0
130000.0 140000.0 0.0 767.592663085936 310.0104958386509 999.859999999986 37.720000000001164 23178.546440543265 2482.9967409316578 2451.9602069979055 2489.9967409316578 26.036533933752814 5587260.84457541 3346.3378738891506 31.036533933752814 3346.3378738891506 3309.3013399553975 4822.222222222223
140000.0 150000.0 294.45511718749185 667.815805013018 323.02053173832866 999.9700000000012 54.17499999998836 26457.166833755044 1672.5005188981975 1640.1024585255668 1677.5005188981975 30.39806037263069 3947877.081879453 2390.1593859407053 33.398060372630695 2390.1593859407053 2353.7613255680744 1429.090909090909
150000.0 160000.0 593.3753066406352 800.0689968133198 286.0585015792224 999.5499999999884 76.44800000000396 12353.825454424474 1373.0014881743375 1357.4990831325013 1373.6884051609723 14.815488055201513 3206891.4654687764 2055.5813334921813 15.317893097037794 2055.5813334921813 2040.2634403951438 2457.6
160000.0 170000.0 3119.9732636718836 573.5256680989561 310.0840128269361 998.4709999999905 7.725999999995111 16508.362853637533 602.9213140127754 582.846298261189 603.2343970261406 19.761932738221297 1510350.1210146411 942.2963994739916 20.25952769638502 942.2963994739916 922.0368717776065 753.0
170000.0 180000.0 1986.738316406263 649.6408522600437 337.5242261432303 999.8999999999942 108.79999999998836 14964.133885902138 1188.2010359391238 1170.824392369169 1189.2010359391238 17.376643569955036 2893443.4724415597 1854.6878931287833 18.376643569955036 1854.6878931287833 1835.3112495588284 2033.3333333333333
180000.0 190000.0 546.0491191406327 612.3033841145834 387.4963781417182 999.939000000013 45.88510742186918 12548.677806035854 1600.5518830660708 1585.5059474294485 1600.5518830660708 15.045935636622154 3823883.5543175247 2317.116476620655 15.045935636622154 2317.116476620655 2302.0705409840325 2766.6666666666665
190000.0 200000.0 537.1658964843955 712.4041435546877 334.83435494400317 999.9169999999867 74.6490410156257 13191.049617394729 1527.4843973543732 1511.674940893659 1527.4843973543732 15.809456460714129 4007381.001672281 2453.4400270721517 15.809456460714129 2453.4400270721517 2437.630570611437 2883.3333333333335
200000.0 210000.0 19.985509765625466 728.0570852272741 304.63683479511417 999.8429999999935 170.16189453125116 14076.627856862566 1405.7606160872663 1388.8728374595787 1405.7606160872663 16.887778627687414 3757440.947028268 2296.651016305013 16.887778627687414 2296.651016305013 2279.7632376773254 2860.0
210000.0 220000.0 74.37389843750861 701.4851483444925 350.83353003803563 999.7939999999944 0.28700000001117587 13155.605236762367 1773.2499178173225 1757.4824465980994 1773.2499178173225 15.767471219222761 4355362.173470161 2732.921095733521 15.767471219222761 2732.921095733521 2717.1536245142984 3000.0
220000.0 230000.0 275.1812109375023 646.0351103515626 363.426964741811 999.4130000000005 56.13300000000163 15161.717288980337 1552.0978448996484 1534.562551207273 1554.0978448996484 17.5352936923757 4156137.938815873 2546.6620700027756 18.5352936923757 2546.6620700027756 2526.1267763104 3000.0
230000.0 240000.0 405.9952929687279 624.4980358323306 386.99734785445645 999.6840000000084 20.55600000001141 17596.782815193706 1387.8216450872167 1365.7683322119863 1388.8216450872167 21.053312875230606 3526957.52753849 2142.0602187253644 22.053312875230606 2142.0602187253644 2120.0069058501335 2357.1428571428573
240000.0 250000.0 1195.982906249992 671.4491311383955 338.3975664293255 999.9000000000233 73.41800000000512 23428.217184806294 1248.9098575618652 1218.9631704370959 1252.9098575618652 26.946687124769394 3165136.7982324245 1929.5834694455637 29.946687124769394 1929.5834694455637 1897.6367823207943 1837.7142857142858
250000.0 260000.0 1914.2242714843596 593.6061799316412 406.14222553505573 999.2669999999925 7.896000000007916 13104.5874991714 811.0673192671253 794.3605873404127 811.0673192671253 15.70673192671253 1618366.380088593 1066.4807831205503 16.70673192671253 1066.4807831205503 1048.7740511938377 1125.6
260000.0 270000.0 491.03138085937826 730.1069642693003 335.4170284759349 999.8640000000014 10.59499999997206 13144.66047421826 1287.7437540294727 1271.9858209046536 1287.7437540294727 15.757933124819134 3232814.6137591186 2119.5760042971524 15.757933124819134 2119.5760042971524 2103.818071172333 2416.6666666666665
270000.0 280000.0 108.4911601562053 685.4817785373307 375.30386294383766 999.5869999999995 69.39500000001863 15927.559369148425 1610.1531564435704 1591.6441785704726 1611.1531564435704 18.50897787309789 4032799.3385594017 2605.3260178002392 19.50897787309789 2605.3260178002392 2584.817039927141 3000.0
280000.0 290000.0 1161.9647558594006 549.4244857421843 384.10384905652575 999.8709999999846 26.311714843730442 12532.192657461914 1747.0357702598317 1732.0094131844612 1747.0357702598317 15.026357075370443 4183264.667592887 2729.617194782058 15.026357075370443 2729.617194782058 2714.590837706688 3000.0
290000.0 300000.0 1876.3642890625633 822.2689364583309 246.37234424080768 999.7469999999739 161.89100000000326 12986.47108530748 1550.4021722033413 1534.2704119056987 1550.9680523521624 15.565880148821233 3860178.83736977 2507.1607863413583 15.565880148821233 2507.1607863413583 2491.594906192537 3000.0
