ts te idle avg_span std_span max_span min_span c_bytes_all c_ack_cnt c_ack_cnt_p c_pkts_all c_pkts_data s_bytes_all s_ack_cnt s_ack_cnt_p s_pkts_all s_pkts_data videorate
0.0 10000.0 6545.8630722656235 578.1455410156252 362.8994459940415 998.0829999999987 128.06700000000274 18163.57025173821 544.1824287192701 524.1668073574996 548.1824287192701 20.01562136177055 1269665.1111396195 806.6360941354869 24.01562136177055 806.6360941354869 778.6204727737165 1236.0
10000.0 20000.0 1198.8360058593753 622.3812394080524 381.1039082891397 999.9040000000023 0.0 23755.231660352376 1459.1399771959213 1429.2971639827624 1460.1399771959213 27.842813213158887 3046661.7045022855 2058.478624092638 30.842813213158887 2058.478624092638 2023.6358108794789 1238.1818181818182
20000.0 30000.0 215.26117187499767 751.4843273259943 326.15094934286657 999.6339999999982 25.851999999998952 15981.198087909415 1900.7157114389809 1881.5741460139102 1900.7157114389809 19.141565425070567 4389127.267795646 2913.2754173503463 19.141565425070567 2913.2754173503463 2894.133851925276 2912.5
30000.0 40000.0 734.0667207031365 780.1792613932287 304.51504390146215 999.5729999999967 103.68870507812244 15858.0 1407.9618826458277 1387.9618826458277 1408.9618826458277 19.0 3360865.91656245 2233.609864421529 20.0 2233.609864421529 2213.609864421529 1716.888888888889
40000.0 50000.0 5407.781201171863 480.026666666666 287.275667095162 945.7360000000044 117.46099999999569 15440.0 438.0 419.0 439.0 18.0 1124701.0 779.0 20.0 779.0 757.0 738.0
50000.0 60000.0 4975.196673828119 600.470011718749 349.57219099324686 989.119000000006 40.312000000005355 9966.0 445.075046213282 433.075046213282 445.075046213282 12.0 1108324.3331856395 769.3117952907483 12.0 769.3117952907483 757.3117952907483 1766.6666666666667
60000.0 70000.0 178.76495117187733 746.8860511718747 283.0680171987435 999.9649999999965 202.6579999999958 18781.05109002324 1783.1193187552503 1761.3099432178467 1784.4016310911168 21.809375537403415 4489683.502795834 2955.9789145907116 23.05412640307365 2955.9789145907116 2931.642475851771 2300.0
70000.0 80000.0 3524.8747382812435 539.192580652573 371.9085006445982 995.898000000001 0.0 18021.948909976763 556.8056350314679 534.6150105688713 558.5233226956013 21.19062446259658 1128865.1640185271 742.70929011854 21.94587359692635 742.70929011854 720.0457288574803 735.1111111111111
80000.0 90000.0 2853.9893066406366 683.3559098307293 309.7676238463181 998.9959999999992 128.5170000000071 14088.267148483024 884.4266960264251 867.5475188904596 884.4266960264251 16.879177135965588 2360880.7245754804 1578.5577576361966 16.879177135965588 1578.5577576361966 1561.678580500231 1496.0
90000.0 100000.0 2170.878685546879 730.1071654730905 359.03977619401394 999.5880000000034 2.5899999999965075 13787.814847155865 1397.038112832694 1380.5020288427404 1397.038112832694 16.536083989953653 3156040.768556544 2037.844042700674 16.243714552913275 2037.844042700674 2021.6003281477608 2300.0
100000.0 110000.0 1916.1015488281264 721.1947341579855 343.130392016062 999.6969999999856 64.5 12929.677077665316 1651.4481859395105 1635.9400779792416 1651.4481859395105 15.50810796026914 3894648.4353238894 2592.893703027213 15.800477397309518 2592.893703027213 2577.0932256299043 2800.0
110000.0 120000.0 648.0764472656301 622.6888955543164 370.8176764309555 999.8360000000102 42.546000000002095 15653.537270998653 1419.2679881388601 1399.526718719926 1420.2679881388601 18.741269418934074 3421742.2190449857 2276.879395088773 19.741269418934074 2276.879395088773 2257.1381256698387 1983.0
120000.0 130000.0 5229.955492187553 448.60433675129997 305.8610846397325 955.7619999999879 104.40608203125885 13599.854647696 510.6724280077116 494.3463883750682 510.6724280077116 16.326039632643415 1280984.330359512 860.9047979269111 16.326039632643415 860.9047979269111 844.5787582942677 766.0
130000.0 140000.0 2146.8490800781 597.3906642020114 400.7087976529964 999.6510000000126 0.0 12495.849008001142 778.0969151562755 763.0875932940413 778.0969151562755 15.009321862234135 2042969.978681656 1347.8706297217086 15.009321862234135 1347.8706297217086 1332.8613078594744 1820.0
140000.0 150000.0 3538.7151015624695 474.2337850585958 399.00366995993335 999.6320000000123 36.26199999998789 21332.0164659795 710.5677338049995 684.2280467907722 714.5677338049995 24.339687014227437 1495309.1626367015 1067.1967482135158 28.339687014227437 1067.1967482135158 1033.8570611992884 903.5555555555555
150000.0 160000.0 3736.7035546874977 611.8491568509579 352.9509347274967 998.4469999999856 28.465999999985797 13610.173348834302 1162.0887569755305 1145.756009530359 1162.0887569755305 16.33274744517138 2624478.2433613753 1764.9627391798424 16.33274744517138 1764.9627391798424 1748.6299917346712 1900.0
160000.0 170000.0 475.85852929684916 788.8544571814933 316.9652072103371 998.8889999999956 190.40700000000652 13478.730906588016 1274.1886231109902 1258.011983079413 1274.1886231109902 16.176640031577218 3373705.7509002103 2187.9523531987106 16.176640031577218 2187.9523531987106 2171.7757131671333 2650.0
170000.0 180000.0 1963.3674960937933 708.130548076919 341.9934120938713 999.984999999986 139.19899999999325 13157.868683568788 1100.2570588992082 1084.4353621253736 1100.2570588992082 15.821696773834665 2980866.09566281 1944.458256387079 15.821696773834665 1944.458256387079 1928.6365596132446 3000.0
180000.0 190000.0 32.3848164062656 657.4141595865889 371.66052571587727 999.9960000000137 0.0 19539.529945094328 1724.9361484496978 1700.7490582536238 1728.9361484496978 23.18709019607402 4362299.3523232 2811.5637985589456 26.18709019607402 2811.5637985589456 2781.376708362872 2500.0
190000.0 200000.0 2253.7608984375256 714.4171427001947 370.81551456498903 999.0329999999958 0.0 12754.849922282745 1193.0967767669629 1178.424476017346 1194.0967767669629 14.672300749616948 2623729.750411864 1716.6729967057377 15.672300749616948 1716.6729967057377 1700.0006959561208 2860.0
200000.0 210000.0 377.914376953122 751.5799971590922 309.1475824210552 999.994000000006 31.05999999999767 14388.89712312881 2240.83866129359 2223.6027113954497 2240.83866129359 17.235949898140245 5489005.779683716 3579.2292169633124 17.235949898140245 3579.2292169633124 3561.993267065172 3000.0
210000.0 220000.0 13.855986328126164 803.6979919577202 316.4451679501209 999.1000000000058 181.79199999998673 14306.946696725834 1904.2774838512012 1887.1422564987092 1904.2774838512012 17.135227352492052 4692655.1835597595 3105.219382120962 17.135227352492052 3105.219382120962 3088.0841547684704 3000.0
220000.0 230000.0 219.51841796876397 670.8255833740241 408.03069890158207 999.929999999993 49.27501953125466 12470.893813905906 1495.8914095203968 1480.9365650075304 1495.8914095203968 14.954844512866309 3774529.1263956386 2486.6091016785094 14.954844512866309 2486.6091016785094 2471.654257165643 3000.0
230000.0 240000.0 244.4006582031143 681.2227283935536 402.0501975889437 999.9029999999912 24.669999999983702 12474.40675374227 1519.6911597016324 1504.7334319655965 1519.6911597016324 14.95772773603595 3927921.827890276 2537.102947062629 14.95772773603595 2537.102947062629 2522.145219326593 3000.0
240000.0 250000.0 2946.8216523437295 658.130424665179 340.91524821459666 999.4380000000237 116.90999999997439 13388.690775502575 1094.8627587686435 1077.8144324319421 1094.8627587686435 16.048326336701393 2576316.068351536 1718.9835987191427 16.048326336701393 1718.9835987191427 1700.9352723824413 1780.0
250000.0 260000.0 2147.7165624999907 663.7150904948008 396.0120008729805 998.8420000000042 89.46000000002095 13465.995564646928 1093.3573965654675 1077.2196346122053 1093.3573965654675 16.137761953262384 2783044.577011979 1867.0570419642572 16.137761953262384 1867.0570419642572 1850.9192800109947 2033.3333333333333
260000.0 270000.0 1789.7463945312775 636.8949165900738 380.28023336814493 999.9820000000182 92.09200000000419 13680.274802025691 1241.0557270504207 1223.1809663372287 1242.0557270504207 15.874760713191902 3175039.808845007 2111.061466039694 17.874760713191904 2111.061466039694 2089.1867053265023 2650.0
270000.0 280000.0 185.37894921872066 711.8596150645399 291.0340037026566 999.7119999999995 121.74699999997392 20173.305547517804 2203.542646276405 2179.515384908317 2206.542646276405 23.027261368087878 4992042.603904058 3216.9372904373618 26.027261368087878 3216.9372904373618 3186.910029069274 3000.0
280000.0 290000.0 169.41710156248882 661.6803178710907 422.15013358062447 999.039999999979 48.92399999999907 12444.487080990379 1422.5100825124214 1407.5866088329722 1422.5100825124214 14.923473679449287 3623597.053081982 2382.295430973375 14.923473679449287 2382.295430973375 2367.371957293926 2766.6666666666665
290000.0 300000.0 120.35321484383894 656.0339396972558 421.04648162455163 999.8759999999893 56.93599999998696 12497.970798400722 1525.226458908776 1510.2407453714832 1525.226458908776 14.98571353729302 3926804.1107271053 2498.3903275526254 14.98571353729302 2498.3903275526254 2483.4046140153323 3000.0
