ts te idle avg_span std_span max_span min_span c_bytes_all c_ack_cnt c_ack_cnt_p c_pkts_all c_pkts_data s_bytes_all s_ack_cnt s_ack_cnt_p s_pkts_all s_pkts_data videorate
0.0 10000.0 8771.231029296876 503.3825026041662 314.9395513588701 934.2469999999994 21.42399999999907 12610.348666045806 88.12084946298386 75.58217222203109 93.39076033888352 12.538677240952772 185856.77885544935 155.55746880797636 21.07849899275211 155.55746880797636 129.2090589393246 1500.0
10000.0 20000.0 268.1567050781232 625.0168521902906 346.8949483516047 999.724000000002 0.0 26455.780609497036 869.6346358222327 836.7011022718146 870.364724946333 31.933533550418026 1986866.1160051702 1303.9672471802826 60.86592258998948 1303.9672471802826 1241.371235466193 517.6
20000.0 30000.0 3003.371521484376 663.3917164522063 345.3553186743448 999.7810000000027 0.0 12490.402668015642 538.084272204788 523.1016293177303 538.084272204788 14.982642887057839 1207571.124850144 741.5994812820338 25.965285774115678 741.5994812820338 715.6341955079181 720.0
30000.0 40000.0 4598.595291015619 542.9625512319724 308.22517172015546 999.7410000000018 188.247314453125 12446.139730402521 485.82906386975725 470.8999425934935 485.82906386975725 14.929121276263778 1113441.2821736727 662.7819173385374 24.86522739565251 662.7819173385374 637.9166899428849 660.0
40000.0 50000.0 2490.0142167968734 597.1660714111335 335.54732033772694 999.7690000000002 4.6480917968729045 15145.119349890301 665.170815302165 647.0194089933761 665.170815302165 18.151406308788943 1880284.9941241993 958.1210889705934 31.005515486724416 958.1210889705934 927.1155734838691 1390.0
50000.0 60000.0 198.6771328124887 655.4301041666687 349.1216470959608 996.9020000000019 102.74700000000303 13003.90448507761 1286.622173574864 1271.02221478295 1286.622173574864 15.599958791914332 3669506.31849795 1837.156737154013 26.49022987155718 1837.156737154013 1810.6665072824558 2900.0
60000.0 70000.0 113.78417187498417 689.3936106770836 313.1369900688222 998.9199999999983 232.36500000000524 12847.299296143548 1334.6510160526266 1318.249545175632 1334.6510160526266 15.40147087699441 3679878.770437028 1880.8923835233788 25.221814326209863 1880.8923835233788 1853.670569197169 3000.0
70000.0 80000.0 83.52728515624767 729.9596033296118 264.67191148755956 999.9649999999965 313.0599999999977 14778.451362879634 1446.8600751722204 1429.164169280444 1446.8600751722204 17.69590589177636 4238756.154181298 2051.967442708175 30.972939211331674 2051.967442708175 2020.994503496843 2800.0
80000.0 90000.0 104.2681171875156 655.1250808823517 380.27105382707975 999.4529999999941 75.11999999999534 12752.305507557587 1222.159317540617 1206.8709516147717 1222.159317540617 15.288365925845044 3649050.1411209176 1694.606410038093 25.576731851690088 1694.606410038093 1669.0296781864029 3000.0
90000.0 100000.0 62.50799414064386 708.8554824218745 320.4603918360513 999.7639999999956 153.4820000000036 12494.234230110604 1404.146090811515 1389.1648150037827 1404.146090811515 14.981275807732308 3863031.3905008812 1961.2531363711087 24.962551615464616 1961.2531363711087 1936.2905847556442 3000.0
100000.0 110000.0 76.32111718750093 732.8756248779282 312.1917816167833 999.7989999999991 291.3619999999937 12501.660279816992 1296.6048676740184 1281.6147723298177 1296.6048676740184 14.990095344200704 3852141.2494427403 1811.3007152886025 24.980190688401407 1811.3007152886025 1786.3205246002012 3000.0
110000.0 120000.0 662.0209355468687 737.5914236225332 335.99978588052 999.9230000000098 0.0 15748.958725577384 1393.462385888525 1374.1532482334374 1394.462385888525 18.30913765508763 3900257.499675138 1988.2388294741634 31.886278417843226 1988.2388294741634 1954.3525510563204 2766.6666666666665
120000.0 130000.0 1339.0189980469004 749.4063104440773 268.55336861681496 999.935999999987 264.16699999998673 15565.252210206681 1277.504789140953 1258.4502558509291 1278.504789140953 18.054533290024093 3752448.633876286 1841.0413572977507 33.84106347238021 1841.0413572977507 1805.2002938253706 2700.0
130000.0 140000.0 42.93580273439875 698.5375926011029 337.5951024205797 999.7799999999988 143.78105859374045 12223.088737177384 1543.7486608716508 1528.0894105899674 1543.7486608716508 14.659250281683354 3917288.3048278694 2084.860183382115 25.318500563366708 2084.860183382115 2058.541682818748 3000.0
140000.0 150000.0 74.60307617188664 687.6628101806618 374.61393837642237 997.9649999999965 56.34299999999348 12546.945569854242 1370.45945958306 1355.4155812340643 1370.45945958306 15.043878348995538 3731983.1176513447 1887.3691267181093 25.087756697991075 1887.3691267181093 1862.2813700201182 3000.0
150000.0 160000.0 147.70946679689223 734.5263839432553 342.1092894709929 999.8580000000075 0.0 15018.108571747025 1653.2865814579964 1635.8458349357315 1654.2865814579964 17.440746522264874 4286462.095724058 2199.3261240642223 29.88149304452975 2199.3261240642223 2168.4446310196927 3000.0
160000.0 170000.0 1162.552314453118 666.5325150082247 362.6117181676084 999.7760000000126 36.97299999999814 16297.0 1228.5565536730192 1208.5565536730192 1229.5565536730192 19.0 3631287.008672769 1685.7828551430812 34.26000974607874 1685.7828551430812 1649.5228453970026 2600.0
170000.0 180000.0 43.40109375002794 629.4832596628265 402.6708106173191 999.7820000000065 31.363000000012107 12123.201968326011 1282.3789808309523 1266.8383609160758 1282.3789808309523 14.540619914876498 3750206.9594590934 1817.9233379776924 25.82123008367425 1817.9233379776924 1791.102107894018 2883.3333333333335
180000.0 190000.0 169.457763671875 750.2838734130873 324.2474342520181 999.2229999999981 113.75599999999395 12471.766357617675 1336.5634260948973 1321.6088342212424 1336.5634260948973 14.954591873655197 3851358.266201638 1848.7438446602587 24.909183747310394 1848.7438446602587 1823.834660912948 3000.0
190000.0 200000.0 274.2410214843694 737.1784978027317 286.0303077941063 999.9750000000058 267.1389999999956 12374.30860110966 1318.9023768664883 1304.0635305468807 1318.9023768664883 14.838846319607672 3757784.90837634 1839.970481544202 25.677692639215344 1839.970481544202 1814.2927889049865 3000.0
200000.0 210000.0 88.396765625017 778.3312679687496 262.2559132380627 998.3260000000009 303.4789999999921 12348.348951535942 1339.1736985028638 1324.3665435725038 1339.1736985028638 14.807154930359886 3938313.281719657 1925.3046167226878 25.61430986071977 1925.3046167226878 1899.6903068619679 3000.0
210000.0 220000.0 431.22334570312523 750.9796536132795 296.7896872870834 999.1549999999988 151.67199999999139 16692.138899471327 1696.4109358147216 1677.054803511106 1697.4109358147216 19.356132303615496 4489477.819887125 2419.412270408494 35.71226460723099 2419.412270408494 2382.700005801263 2700.0
220000.0 230000.0 77.01328320312314 718.7647073974604 334.0675867754233 999.6050000000105 96.73300000000745 12518.78650174904 1406.4023222479177 1391.3918869726813 1406.4023222479177 15.010435275236391 3795666.059186952 1900.4467172998225 24.133401300652594 1900.4467172998225 1876.3133159991698 3000.0
230000.0 240000.0 109.48364453125396 678.2455683593769 350.03089538082605 999.8269999999902 70.63099999999395 12520.498945542517 1362.3321182682898 1347.319649211826 1362.3321182682898 15.012469056463797 3945268.6772330776 1934.0554254335511 25.912407362747786 1934.0554254335511 1908.1430180708035 3000.0
240000.0 250000.0 859.3844843749539 719.9705035400402 308.6637517912844 999.9710000000196 2.6859999999869615 12523.813374352358 1221.4797664815203 1206.4633610487979 1221.4797664815203 15.016405432722516 3108143.2470998387 1697.7486163466333 27.03281086544503 1697.7486163466333 1670.715805481188 2250.0
250000.0 260000.0 1922.4713945311378 731.7086457868406 346.8407605021392 999.9679999999935 0.0 11218.136400295469 1020.7656120945354 1007.3022672010728 1020.7656120945354 13.463344893462551 2874583.9685619553 1459.5039291154035 22.892210061501945 1459.5039291154035 1436.6117190539014 2420.0
260000.0 270000.0 45.983453124936204 800.8278491210979 312.77070388301087 999.8620000000228 34.472898437525146 15464.779142832267 1475.0217766794137 1456.5077871986155 1475.0217766794137 18.51398948079842 4284594.946053125 2180.2018994478644 33.06245868701999 2180.2018994478644 2147.139440760844 2562.5
270000.0 280000.0 101.44516601564828 734.220413028492 315.8361629365642 999.1290000000154 73.54100000002654 14184.004154443039 1462.233524638553 1445.2430208921837 1462.233524638553 16.99050374636941 3907252.8043754916 2082.3054407792297 26.98100749273881 2082.3054407792297 2055.3244332864906 3000.0
280000.0 290000.0 1954.6666308593703 670.9413793247784 325.6731618807665 998.6049999999814 99.43699999997625 10978.388434186349 1188.8135778987703 1175.6419162151071 1188.8135778987703 13.171661683663164 3191016.5435387106 1599.1875569188596 22.64521938817116 1599.1875569188596 1576.5423375306884 3000.0
290000.0 300000.0 145.71080664056353 762.9489233141495 268.244333500565 999.8859999999986 286.39788671873976 14042.866527341399 1389.1434848074455 1372.3136560379878 1389.1434848074455 16.829828769457677 3755276.2910288954 1961.8692786752313 29.35776151807052 1961.8692786752313 1932.5115171571606 2500.0
