ts te idle avg_span std_span max_span min_span c_bytes_all c_ack_cnt c_ack_cnt_p c_pkts_all c_pkts_data s_bytes_all s_ack_cnt s_ack_cnt_p s_pkts_all s_pkts_data video_rate
0.0 10000.0 0.0 0.0 0.0 0.0 0.0 0.0 0.0 0.0 0.0 0.0 0.0 0.0 0.0 0.0 0.0 0.0
10000.0 20000.0 4785.463646484375 537.7668864583333 386.15169086937874 999.1189999999988 40.20899999999892 21563.091863455964 739.4046229197262 715.1320740206347 743.4046229197262 24.27254889909158 2013537.9178432403 1041.5578307805158 25.27254889909158 1041.5578307805158 1012.2852818814242 1500.0
20000.0 30000.0 30.710281249994296 667.5907507812501 385.6408153857124 999.8600000000006 5.580000000001746 20337.368193167356 1543.366337891566 1519.030264395618 1543.366337891566 24.336073495947993 4011942.9790931228 1882.5132289430717 24.336073495947993 1882.5132289430717 1858.1771554471236 2045.4545454545455
30000.0 40000.0 147.6797421875017 800.0013452435664 274.1232802604977 999.112000000001 150.9820000000036 13438.376415856417 1383.7832284407918 1367.6703611099522 1383.7832284407918 16.112867330839627 3886165.097995136 1613.2458604188369 16.112867330839627 1613.2458604188369 1597.1329930879974 3000.0
40000.0 50000.0 1856.6994941406301 532.5396147656248 389.20876485393546 999.9599999999991 31.006999999997788 20366.430811291317 1175.340679639206 1151.5048448000362 1176.340679639206 23.835834839169557 2844782.1784983827 1422.4792207042067 24.835834839169557 1422.4792207042067 1396.643385865037 2190.0
50000.0 60000.0 132.72579882812715 651.8500487060537 403.8911367406701 999.8910000000033 53.120999999999185 12608.726444802893 1360.4747017063196 1345.3574493965775 1360.4747017063196 15.117252309742153 3789946.0246671797 1769.3090791065329 15.117252309742153 1769.3090791065329 1754.1918267967908 3000.0
60000.0 70000.0 150.31790039062616 665.3305501708983 392.8238025592687 999.4630000000034 53.13400000000547 12471.319552482957 1339.7247444336745 1324.7706832074473 1339.7247444336745 14.954061226226791 3703971.5545444884 1802.3895617852436 14.954061226226791 1802.3895617852436 1787.4355005590166 3000.0
70000.0 80000.0 742.9349687499925 658.2973584558829 321.8501867267902 999.3029999999999 198.215087890625 14016.591132953257 1098.2622719722638 1081.444595294698 1098.2622719722638 16.817676677565824 3016321.8491663137 1127.873672668132 16.817676677565824 1127.873672668132 1111.0559959905663 2400.0
80000.0 90000.0 652.4768398437591 689.0267647058824 321.4597014358455 999.9320000000007 196.324951171875 12279.79698207592 1086.4190289667085 1070.6922855224934 1086.4190289667085 14.726743444215185 2952456.934873632 1116.2439310595921 14.726743444215185 1116.2439310595921 1100.517187615377 2300.0
90000.0 100000.0 85.25072460937372 660.4580910866484 383.47839156311926 999.5650000000023 53.07600000000093 18333.151688800397 1478.7264673078068 1456.2773722231395 1479.7264673078068 21.449095084667416 3846970.4406708227 1775.1278020988148 22.449095084667416 1775.1278020988148 1749.6787070141474 2562.5
100000.0 110000.0 117.87471484375419 678.3150179443355 381.55710920645953 999.6729999999952 53.236000000004424 12483.98480971807 1313.6235574113134 1298.6544543118857 1313.6235574113134 14.969103099427635 3658072.7201213175 1742.4805300071548 14.969103099427635 1742.4805300071548 1727.5114269077271 3000.0
110000.0 120000.0 48.283039062516764 660.4914201660167 409.5192891549437 999.5589999999938 53.33900000000722 12574.577154226952 1280.0516475989218 1264.9749526414078 1280.0516475989218 15.076694957514196 3651106.848385252 1691.0452148603458 15.076694957514196 1691.0452148603458 1675.9685199028318 3000.0
120000.0 130000.0 1637.821285156242 696.0608226102931 327.55817366502066 999.8409999999858 171.51900000000023 14105.297880376063 1098.9142239773778 1081.9898797013968 1098.9142239773778 16.924344275981074 3029136.3588268273 1404.563944956341 16.924344275981074 1404.563944956341 1387.6396006803598 2400.0
130000.0 140000.0 2759.6989589843724 629.6678249080895 312.2725159103916 999.9990000000107 167.21199999999953 15978.208557683178 981.298958986044 962.1478799389143 981.298958986044 19.151079047129663 2641604.4855301087 1557.3039685504505 19.151079047129663 1557.3039685504505 1538.1528895033207 1600.0
140000.0 150000.0 1060.7460449218925 616.9835448069806 406.44417617091887 999.9770000000135 53.204999999987194 14092.765324442491 1162.2553612692473 1145.3459012639712 1162.2553612692473 16.909460005276117 3300378.6404293757 1626.0403335096767 16.909460005276117 1626.0403335096767 1609.1308735044006 2785.714285714286
150000.0 160000.0 58.858289062511176 658.792790893558 414.50078827819146 999.8099999999977 53.26000000000931 12524.328624831944 1298.3011489309752 1283.2841315618161 1298.3011489309752 15.017017369159078 3674685.3267609263 1728.2845174724453 15.017017369159078 1728.2845174724453 1713.2675001032862 3000.0
160000.0 170000.0 46.65261914060102 666.9464095818026 379.95318183753284 999.3450000000012 55.845000000001164 13882.701050593761 1350.29036995916 1333.6311932302856 1350.29036995916 16.659176728874268 3825118.2172949756 1940.7272642976386 16.659176728874268 1940.7272642976386 1924.0680875687642 2800.0
170000.0 180000.0 1763.739011718746 715.4892135416662 349.1729641099582 999.4629999999888 101.49408203124767 12166.41284433918 1049.9300181876656 1035.3453890396243 1049.9300181876656 14.584629148041474 2971723.020580028 1583.1486726794435 14.584629148041474 1583.1486726794435 1568.564043531402 2300.0
180000.0 190000.0 1942.6902089843934 644.5629916992169 353.1876552703274 999.8679999999877 53.288999999989755 14801.697858985863 1255.5892119369817 1236.8569943531863 1255.5892119369817 17.73221758379543 3448463.722972301 1682.1100804772832 17.73221758379543 1682.1100804772832 1663.3778628934879 2300.0
190000.0 200000.0 261.2258535156143 595.896574652778 410.7427172911034 999.5650000000023 55.73000000001048 16362.629058513288 1337.3184405677298 1318.3271946550065 1338.3184405677298 18.99124591272362 3387471.4126543743 1760.292436530969 18.99124591272362 1760.292436530969 1740.3011906182455 2900.0
200000.0 210000.0 124.43442578121903 680.4599160156286 383.0036483544398 999.573000000004 53.13200000001234 12504.451092514659 1375.8741392096767 1360.8807293610846 1375.8741392096767 14.993409848592233 3787981.972826994 1902.6987633967824 14.993409848592233 1902.6987633967824 1887.70535354819 3000.0
210000.0 220000.0 477.3350527343573 667.3377207031265 349.6309148879156 999.8859999999986 88.43599999998696 14077.185982555582 1254.600230923074 1237.7104130122127 1254.600230923074 16.88981791086136 3533386.6559387883 1828.548355247453 16.88981791086136 1828.548355247453 1811.6585373365915 2700.0
220000.0 230000.0 1332.4078496093862 619.4321107177748 347.44311491861777 998.9459999999963 108.62200000000303 12141.55017906442 1019.4412459836934 1004.8795986847074 1019.4412459836934 14.561647298986005 2865705.754946308 1634.6395690936604 14.561647298986005 1634.6395690936604 1620.0779217946745 2300.0
230000.0 240000.0 283.57149023437523 677.4685762746698 354.6917526208324 999.747000000003 66.06899999998859 16312.645991927708 1386.1344429540384 1366.5842666513586 1386.1344429540384 19.550176302679603 3795716.8980884883 1782.1907976979428 19.550176302679603 1782.1907976979428 1762.6406213952632 2650.0
240000.0 250000.0 2246.1604257812724 667.9506582031215 316.4267530727292 999.8569999999891 101.73999999999069 14248.428703517353 991.2267460893598 974.1324127122609 991.2267460893598 17.094333377098994 2683858.980709032 1257.4432156152163 17.094333377098994 1257.4432156152163 1240.3488822381173 1928.5714285714287
250000.0 260000.0 1058.8631035156432 585.1794630055117 415.86757929023537 999.2609999999986 53.40500000002794 14089.978992124792 1187.832326200832 1170.9261753788312 1187.832326200832 16.906150822000942 3385685.013411383 1228.620214466875 16.906150822000942 1228.620214466875 1211.7140636448742 2785.714285714286
260000.0 270000.0 413.6135253905668 644.9703051470603 364.4920029904596 999.9050000000279 53.353999999992084 14136.2392883221 1216.8193131664789 1199.8591886399154 1216.8193131664789 16.960124526563472 3435456.3249346954 1251.1314135601413 16.960124526563472 1251.1314135601413 1234.1712890335775 2700.0
270000.0 280000.0 1565.3990898437332 700.9794704861124 359.71174133685014 999.9220000000205 43.88799999997718 13904.045937388079 1228.203242225915 1211.5454619021455 1228.203242225915 16.65778032376943 3424909.0097627686 1511.6094429090117 16.413013034647804 1511.6094429090117 1495.196429874364 2300.0
280000.0 290000.0 1927.7442363281734 634.1506506076354 421.54372149224776 999.9380000000237 0.14500000001862645 14478.264303903754 1126.7470446692316 1109.3785486530396 1126.7470446692316 17.36849601619196 3085762.615115398 1499.3352608415748 17.613263305313588 1499.3352608415748 1481.7219975362614 2475.0
290000.0 300000.0 142.83715234382544 662.6824353027259 397.20398354883497 999.9220000000205 53.289999999979045 12520.682615654476 1297.801692535814 1282.7890053438255 1297.801692535814 15.01268719198869 3656925.4983142596 1497.0139480298192 15.01268719198869 1497.0139480298192 1482.0012608378306 3000.0
