ts te idle avg_span std_span max_span min_span c_bytes_all c_ack_cnt c_ack_cnt_p c_pkts_all c_pkts_data s_bytes_all s_ack_cnt s_ack_cnt_p s_pkts_all s_pkts_data videorate
0.0 10000.0 7695.061646484377 445.82866493055514 366.0579910392169 948.2010000000009 99.20599999999831 16202.540330241247 518.8274485682997 500.8520987728283 522.8274485682997 17.97534979547138 866351.7030468596 580.679547341128 21.97534979547138 580.679547341128 554.7041975456566 1500.0
10000.0 20000.0 704.5744023437437 689.4635015490311 357.8396746184539 999.4630000000034 11.77801562500099 21163.167574637915 2045.572790813529 2019.9008692936682 2046.572790813529 24.671921519860952 4143179.0114862532 2736.36833705511 26.671921519860952 2736.36833705511 2707.6964155352493 1500.0
20000.0 30000.0 90.11959765624488 717.1898711914062 349.1968190187487 999.6160000000018 60.925999999999476 15237.651183476946 1555.378485459917 1537.122797583485 1555.378485459917 18.255687876431935 3961901.4923484763 2554.946248924314 18.255687876431935 2554.946248924314 2536.690561047882 2500.0
30000.0 40000.0 363.9472851562532 683.2592317425281 388.29712903002337 999.4250000000029 48.49604687499959 14245.203442334921 1549.2143018788925 1531.1260941695984 1550.2143018788925 17.08820770929396 3924147.9214769364 2590.495406760405 18.08820770929396 2590.495406760405 2572.407199051111 2571.4285714285716
40000.0 50000.0 59.2304941406328 601.4226748934651 438.05168238564903 999.8880000000063 6.583251953125 15677.947351986104 1511.0883522880965 1492.9233695332284 1512.0883522880965 18.15076882658682 3799720.3375380575 2470.940247232897 19.16498275486812 2470.940247232897 2450.761050549748 2357.1428571428573
50000.0 60000.0 772.106794921885 776.8092246093738 242.04004642069512 999.6699999999983 119.01499999999942 12904.21411946477 1586.457011982532 1570.0015854454325 1586.457011982532 15.469640465381023 4076114.957310347 2615.778780191724 15.843850344073651 2615.778780191724 2598.9491437759316 3000.0
60000.0 70000.0 96.64198242189013 776.9146978600544 330.5084853826621 999.9070000000065 2.870999999999185 15815.275997858098 1702.4616090087334 1684.0731852017593 1703.4616090087334 18.388423806973925 4267852.576793071 2733.791432494422 20.0 2733.791432494422 2712.791432494422 3000.0
70000.0 80000.0 755.0527402343723 803.6085739103621 224.8176431211635 999.7510000000038 300.80599999999686 12208.254372257741 1702.3885366691857 1686.746904398096 1702.3885366691857 14.641632271089954 4137539.32857135 2629.5689119829217 15.641632271089954 2629.5689119829217 2610.927279711832 3000.0
80000.0 90000.0 371.6849804687372 684.8882592773443 274.53064455855105 999.945000000007 268.70500000000175 13651.745627742259 1469.494954234987 1453.136586506077 1469.494954234987 16.358367728910046 3857514.7979270844 2476.5764209789686 16.358367728910046 2476.5764209789686 2460.2180532500583 3000.0
90000.0 100000.0 591.6822773437307 614.9103267886516 401.1195391071245 999.9600000000064 33.25 16446.189898037115 1630.3822758692631 1611.2811002183878 1631.3822758692631 19.101175650875433 4251516.27516352 2764.190972864072 20.101175650875433 2764.190972864072 2743.0897972131966 3000.0
100000.0 110000.0 362.01860546875105 752.7664161086307 298.82710402665657 999.994000000006 140.93799999999464 12424.810101962885 1803.734233226564 1788.8354088774395 1803.734233226564 14.898824349124567 4383943.598338045 2848.663694174038 14.898824349124567 2848.663694174038 2833.764869824913 3000.0
110000.0 120000.0 1313.2479648437584 724.7162323133671 321.1298539549325 999.75 95.02900000000955 13567.935951204676 1397.193263490392 1380.9103432154755 1397.193263490392 16.28292027491638 3564251.5619179746 2261.594962753637 16.28292027491638 2261.594962753637 2245.3120424787207 3000.0
120000.0 130000.0 2416.729072265647 568.1254379882812 337.8739686214095 999.8759999999893 35.478000000002794 22781.064048795324 1473.6175110839054 1445.9004313588218 1474.6175110839054 26.71707972508362 3062148.6453071735 2055.964535326927 28.71707972508362 2055.964535326927 2024.2474556018433 1806.6666666666667
130000.0 140000.0 1509.588451171905 603.5476923828082 370.31887856959526 999.1559999999881 19.630000000004657 12578.424433826262 1226.3939409285213 1210.3124832692042 1226.3939409285213 15.081457659316978 3180768.4269868387 2013.220779738734 16.0 2013.220779738734 1997.220779738734 2416.6666666666665
140000.0 150000.0 2959.036408203072 536.7000612792999 424.72022172740117 999.1059999999998 23.815999999991618 10759.575566173738 975.7952844971815 962.8767421564984 975.7952844971815 12.918542340683022 2387851.3657880137 1587.2197221807023 13.0 1587.2197221807023 1574.2197221807023 3000.0
150000.0 160000.0 998.6259550781397 758.785741262334 312.1541446092659 999.0249999999942 35.33999999999651 14950.906870812578 1595.8000992175103 1577.9000909493843 1595.8000992175103 17.900008268125845 3864105.4393757973 2482.6501116196987 17.900008268125845 2482.6501116196987 2464.7501033515728 2500.0
160000.0 170000.0 523.7045664062607 778.0579496527757 285.8758784860699 999.3209999999963 49.99491601562477 14187.169223122539 1660.3453300614303 1643.3247647224055 1660.3453300614303 17.0205653390249 4108966.964248198 2738.0194420371845 17.0205653390249 2738.0194420371845 2720.9988766981596 3000.0
170000.0 180000.0 597.0416250000126 520.3520690569193 406.82802093416433 999.0309999999881 0.0 17727.668756475345 1590.5648409391479 1568.5819911402693 1595.5648409391479 19.982849798878693 4002850.1660073195 2582.7992750762787 22.982849798878693 2582.7992750762787 2555.8164252774 3185.714285714286
180000.0 190000.0 927.0299511718622 633.4566576171885 397.09989013782325 999.6369999999879 48.14888867188711 14233.505781173832 1640.220264866325 1623.1709435996906 1640.220264866325 17.049321266634337 3847450.632502196 2477.520775704913 17.049321266634337 2477.520775704913 2460.4714544382787 2142.8571428571427
190000.0 200000.0 1129.2652656249702 642.5217930664076 312.25420261147195 999.9530000000086 47.12802148438641 13022.152850474744 1671.7952628051 1656.1844319038842 1671.7952628051 15.610830901216033 3982657.1595650427 2546.7569390295125 15.610830901216033 2546.7569390295125 2531.1461081282964 3000.0
200000.0 210000.0 565.6960156249988 683.6250997023834 322.56709279160526 999.7200000000012 24.54899999999907 14442.310151255695 1605.4812679897882 1588.133279714484 1605.4812679897882 17.3479882753044 4042406.9548381357 2533.671007826867 17.3479882753044 2533.671007826867 2516.3230195515625 3000.0
210000.0 220000.0 306.27077343751444 756.4494392755653 267.6779197329633 999.7909999999974 56.81668945311685 13573.451163487629 1908.9910086188058 1892.7026143267267 1908.9910086188058 16.288394292079005 4898988.547958266 3139.5786814192343 16.288394292079005 3139.5786814192343 3123.2902871271554 3000.0
220000.0 230000.0 271.4873886718706 685.3712000976564 254.3913287006096 999.9789999999921 274.26900000000023 14022.835203197641 1763.1171450695533 1746.3171032108164 1763.1171450695533 16.80004185873679 4360557.918245085 2821.8866464392795 16.80004185873679 2821.8866464392795 2805.0866045805424 3000.0
230000.0 240000.0 416.27275390629075 628.6431794577186 326.72390181755276 999.7619999999879 31.94200000001001 12510.0 1491.1389116390365 1476.1389116390365 1491.1389116390365 15.0 3979034.6252629706 2572.2208940476157 15.0 2572.2208940476157 2557.2208940476157 3000.0
240000.0 250000.0 644.070273437479 711.6879034598186 322.8225787662179 999.6109999999753 129.34399999998277 16171.395947309498 1925.8514879216484 1906.9769084117797 1926.8514879216484 18.874579509868763 4523905.713086652 2927.405592013326 19.874579509868763 2927.405592013326 2906.531012503457 3000.0
250000.0 260000.0 1256.1208222656278 694.373819247158 321.8228624193682 999.9400000000023 69.51199999998789 13436.34842698198 1767.515601805758 1750.4130502297699 1767.515601805758 16.1025515759881 4298581.088213217 2732.9792264775942 17.1025515759881 2732.9792264775942 2714.876674901606 3000.0
260000.0 270000.0 653.4123750000144 690.3416081814277 334.6591699410258 999.4349999999977 20.48599999997532 12529.255625708522 1927.3220449278301 1912.299176013687 1927.3220449278301 15.022868914143137 4169271.114011275 2667.3952311609273 15.022868914143137 2667.3952311609273 2652.372362246784 3000.0
270000.0 280000.0 55.43788671877701 731.3145395220592 363.14769976253666 999.6489999999758 77.8720703125 12566.486330070822 1713.1652103796096 1698.0981057232907 1713.1652103796096 15.067104656318802 4289608.324395602 2728.110778074513 14.988158123697326 2728.110778074513 2713.1226199508155 3000.0
280000.0 290000.0 317.01020507805515 664.8656608072989 372.94894217954675 999.939000000013 5.65901953127468 12453.51366992918 1702.2821048781027 1687.3492095344216 1702.2821048781027 14.932895343681198 4186886.7118462543 2677.580705104 15.011841876302675 2677.580705104 2662.5688632276974 3000.0
