ts te idle avg_span std_span max_span min_span c_bytes_all c_ack_cnt c_ack_cnt_p c_pkts_all c_pkts_data s_bytes_all s_ack_cnt s_ack_cnt_p s_pkts_all s_pkts_data videorate
0.0 10000.0 6138.9305625000015 740.0289904119319 256.2831668857228 999.6399999999994 339.4190000000017 18734.477354914212 669.2524800035355 648.3259071776386 673.2524800035355 20.926572825897054 1728328.0784455822 920.6153015411711 35.25052847061706 920.6153015411711 881.3647730705541 1500.0
10000.0 20000.0 35.90625195312168 751.6615433756515 317.4218058019583 999.6860000000015 64.96800000000076 20984.522645085788 1770.0086062350854 1744.9351790609824 1770.0086062350854 25.073427174102946 4648069.094002909 2491.9676249421395 49.74947152938294 2491.9676249421395 2442.2181534127567 1875.0
20000.0 30000.0 15.699810546873778 774.4154896599263 311.52201075991024 999.6520000000019 97.42399999999907 13213.149717857104 1409.911385203013 1394.0538855470895 1409.911385203013 15.857499655923299 4062864.4076970574 1976.162043926093 27.8574996559233 1976.162043926093 1948.3045442701698 3000.0
30000.0 40000.0 163.44951171875437 709.7447282714838 357.70172896677457 998.4709999999977 113.12000000000262 13109.97994176466 1368.0491723446326 1352.336636266072 1368.0491723446326 15.712536078560756 3925096.804080387 1977.1770307217032 24.927518211318727 1977.1770307217032 1952.2495125103846 3000.0
40000.0 50000.0 1032.1922792968762 728.7064986572259 323.8767412497243 999.676999999996 99.23799999999756 11848.775267452853 1349.6250666547226 1335.41229150253 1349.6250666547226 14.212775152192307 3899510.61185659 1933.0153052700564 25.997793019434333 1933.0153052700564 1907.017512250622 3000.0
50000.0 60000.0 20.43387695311685 834.3592453497037 262.40111566787755 999.9159999999974 215.18510937500105 14508.14250939317 1672.0505434188076 1653.672722254355 1672.0505434188076 17.377821164452598 4654273.81429573 2432.330567699894 30.665510007272623 2432.330567699894 2400.6650576926213 3000.0
60000.0 70000.0 92.51475000001665 723.3622490234366 351.92189542886246 999.7839999999997 61.528000000005704 12252.883357554892 1379.436904916168 1364.7427433160497 1379.436904916168 14.694161600118212 3966960.0027636895 1976.0169513510975 24.40647275729819 1976.0169513510975 1951.6104785937991 3000.0
70000.0 80000.0 2003.9449042968772 741.3446979549643 377.3804098485227 999.997000000003 0.0 13931.844975219914 1146.2685286664464 1129.5657611499314 1146.2685286664464 16.70276751651499 3327145.2177764857 1640.5390814063746 27.92398693263391 1640.5390814063746 1612.6150944737408 2533.3333333333335
80000.0 90000.0 58.22791992187558 700.8188120117184 365.26362189800494 999.8579999999929 217.09610742187942 11902.69323562748 1249.0223473691117 1234.7439707260564 1249.0223473691117 14.278376643055001 3687199.7975992477 1766.387075709959 25.057157226936084 1766.387075709959 1741.329918483023 2860.0
90000.0 100000.0 92.22097656250116 705.5536184895835 352.79273919384246 999.9909999999945 153.61011523437628 13626.81595060494 1443.1601087245895 1426.8321840826748 1443.1601087245895 16.327924641914613 4161003.7390822084 1961.857152898294 27.687822107139883 1961.857152898294 1934.1693307911542 3000.0
100000.0 110000.0 148.14415039062442 732.6167837171049 300.3856988676348 999.1820000000007 98.95200000000477 13702.12137830915 1543.4339715640522 1527.0166215664417 1543.4339715640522 16.41734999761059 4405348.8965091575 2224.706741487832 27.266846307214138 2224.706741487832 2197.439895180618 3000.0
110000.0 120000.0 253.67316796875093 777.3049427490241 285.4587829118661 999.6540000000095 162.7829999999958 11893.9354375055 1332.628939721528 1318.3609548898098 1332.628939721528 14.2679848317182 3823622.6612189636 1879.2079262262278 25.058591056889384 1879.2079262262278 1854.1493351693384 3000.0
120000.0 130000.0 430.0620859375049 720.9338814338245 371.5755378852591 999.6570000000065 0.0 12459.170007968323 1364.2763879622062 1349.338375757367 1364.2763879622062 14.93801220483942 3868498.961406636 1918.8218767755552 24.93801220483942 1918.8218767755552 1893.8838645707158 3000.0
130000.0 140000.0 124.9303417969204 706.0013790283174 360.5822257954245 999.7919999999867 100.43499999999767 13104.169061233135 1327.401318898443 1311.6949370112575 1327.401318898443 15.706381887185703 3853154.8309134063 1906.5800919558287 25.706381887185703 1906.5800919558287 1880.8737100686428 3000.0
140000.0 150000.0 2681.520994140621 728.5741506911066 315.25289856420926 999.2090000000026 146.92999999999302 7906.319159508877 880.474238317659 870.9678296917446 880.474238317659 9.506408625914311 2429555.0823519505 1286.6152280877736 18.50640862591431 1286.6152280877736 1268.1088194618594 3000.0
150000.0 160000.0 469.00869531248463 724.6165140115494 308.5743491734439 999.6669999999867 138.23000000001048 19201.174832981345 1683.8769065966044 1661.4445613326257 1684.8769065966044 22.432345263978554 4551842.850176815 2495.9494702296247 42.1781425417095 2495.9494702296247 2452.771327687915 2300.0
160000.0 170000.0 172.6933828125184 698.9421705729151 332.97489050071476 999.9510000000009 14.806000000011409 13657.499512968463 1383.0952936674041 1366.7280360704685 1383.0952936674041 16.367257596935854 3972970.6761202356 2050.617964365357 28.621460319204907 2050.617964365357 2021.9965040461516 2650.0
170000.0 180000.0 1967.9242285155924 727.85894360352 366.51048727371307 999.554999999993 0.0 13388.475860200186 1326.3781335253207 1310.331211744589 1326.3781335253207 16.046921780731935 3423603.1068819417 1817.322473119287 26.046921780731935 1817.322473119287 1791.275551338555 2580.0
180000.0 190000.0 2016.6392246093892 686.9986195068323 362.72180796527743 999.9239999999991 72.14499999998952 13110.804750687934 1176.307107128846 1160.5953225564874 1176.307107128846 15.711784572358392 3131790.5560957743 1656.2216154529233 26.932629965356025 1656.2216154529233 1629.2889854875673 2400.0
190000.0 200000.0 2687.769044921879 667.1986498325901 339.0880959660112 998.3269999999902 87.96199999999953 11215.045043162067 1167.342559081825 1153.9008682958297 1167.342559081825 13.441690785995267 3222751.8107252335 1664.8884768328085 25.22084539299763 1664.8884768328085 1639.6676314398107 2400.0
200000.0 210000.0 143.95539843747974 790.3049934512887 298.0665208263797 999.3710000000137 56.28299999999581 14783.476473519097 1505.718373787312 1487.0159076667428 1505.718373787312 17.702466120569 4228769.264379749 2162.19728964552 28.702466120569 2162.19728964552 2132.494823524951 3000.0
210000.0 220000.0 133.357564453152 727.9724827665435 328.7909846706173 999.9519999999902 110.96100000001024 13398.58919051475 1488.3227026662976 1472.2470399282888 1488.3227026662976 16.075662738008862 4238230.2468870375 2094.63139484827 26.07566273800886 2094.63139484827 2068.555732110261 3000.0
220000.0 230000.0 143.04558593747788 706.9519974365285 363.4763089300532 999.9640000000072 97.52900000000955 12517.87427985123 1286.642502684856 1271.6328999045497 1286.642502684856 15.00960278030638 3845312.0380753335 1848.246332505708 25.00960278030638 1848.246332505708 1823.2367297254018 3000.0
230000.0 240000.0 2130.0966308594216 712.3061297104732 384.29014805817997 999.435999999987 0.0 12376.207999587476 1201.02021062496 1186.1916390827703 1201.02021062496 14.828571542189831 3234790.3172167344 1709.1635600396316 27.4448747232639 1709.1635600396316 1681.7186853163678 2440.0
240000.0 250000.0 901.9601953124511 744.3308777754949 269.66872149955634 999.6070000000182 150.21999999997206 18331.617063332716 1425.403978695573 1403.4334693684148 1425.403978695573 21.970509327158112 3886302.9249602873 2010.2880889037533 31.35420614608404 2010.2880889037533 1978.9338827576692 2533.3333333333335
250000.0 260000.0 246.81447070313152 718.1913144531281 313.7537826528433 999.8640000000014 104.43800000002375 15192.490316308576 1294.8720674691576 1276.6866052468506 1294.8720674691576 18.18546222230683 3801249.7248801747 1824.760038248749 26.18546222230683 1824.760038248749 1798.5745760264422 3000.0
260000.0 270000.0 1769.4752890625386 816.0848600725336 262.18412403277813 999.609999999986 206.90503124997485 15603.57147544992 1109.9741268378052 1091.2239824143273 1109.9741268378052 18.75014442347797 3206173.3535670126 1622.0691943358695 27.53314881728002 1622.0691943358695 1594.5360455185894 2883.3333333333335
270000.0 280000.0 256.1014433593955 728.5712167968773 357.5109566836738 998.7849999999744 0.0 12928.173201436233 1299.198536845125 1283.7209559991422 1299.198536845125 15.47758084598302 3766686.3218691074 1871.8241600641786 25.69457645218097 1871.8241600641786 1846.1295836119975 2600.0
280000.0 290000.0 1892.7670937499497 695.6583053768435 284.10729584056804 999.3269999999902 261.9120000000112 13330.0 915.1396974603858 899.1396974603858 915.1396974603858 16.0 2571623.3438457344 1246.151779660258 29.0 1246.151779660258 1217.151779660258 2250.0
290000.0 300000.0 1206.3819785155938 708.4034356553813 356.53944333745966 999.5690000000177 0.0 18153.95493795721 887.631322142703 864.8801575842185 888.631322142703 21.7511645584844 2459082.7048220397 1270.3521619885976 35.7511645584844 1270.3521619885976 1234.6009974301132 1404.4444444444443
