ts te idle avg_span std_span max_span min_span c_bytes_all c_ack_cnt c_ack_cnt_p c_pkts_all c_pkts_data s_bytes_all s_ack_cnt s_ack_cnt_p s_pkts_all s_pkts_data video_rate
0.0 10000.0 7932.887953124999 521.0028645833336 334.16192012595394 941.4890000000014 107.75700000000143 14371.241308120285 406.0154087523673 390.331432106198 410.0154087523673 15.683976646169356 683565.2527118576 441.7100203309426 19.683976646169356 441.7100203309426 418.02604368477324 1500.0
10000.0 20000.0 1273.7013515625003 644.5649492187503 356.89534105828966 998.622000000003 2.6240000000034343 23581.787883836212 1511.6248860077133 1482.4220804948989 1511.6248860077133 28.20280551281438 3185278.7560442677 1972.5719331238738 28.25941443332251 1972.5719331238738 1943.3125186905513 1223.076923076923
20000.0 30000.0 14.833925781247672 692.9042125822368 380.01584676250013 999.9570000000022 49.882080078125 12647.71399085428 1795.2893479781897 1780.1488501059262 1795.2893479781897 15.140497872263564 4253945.624276937 2691.7552157897467 16.08388895175543 2691.7552157897467 2675.6713268379917 3000.0
30000.0 40000.0 272.0324355468765 760.240284352022 332.8067945530675 999.9789999999994 0.0 14898.134338817159 1790.382230114913 1772.4939950598616 1790.382230114913 17.888235055051418 4494410.37315924 2848.1065193448217 17.888235055051418 2848.1065193448217 2830.2182842897705 3000.0
40000.0 50000.0 793.4911425781029 625.2602944623179 434.6152593727332 999.8650000000052 42.1360058593782 12049.89422773213 1328.728162182521 1314.2902970866735 1328.728162182521 14.437865095847705 3671800.215744827 2228.916643876902 14.437865095847705 2228.916643876902 2214.4787787810537 3000.0
50000.0 60000.0 2363.006851562488 567.4048340928825 406.3811005986195 999.9980000000069 2.85009765625 13753.671413951914 1313.7480570230434 1297.2178248940631 1313.7480570230434 16.53023212898038 3320138.349101336 2126.7891397119897 16.53023212898038 2126.7891397119897 2110.25890758301 2500.0
60000.0 70000.0 765.0674960937467 691.4520017233453 394.63745336106393 999.6839999999938 8.922119140625 14296.126274006308 1341.2075801973363 1324.0822026779188 1341.2075801973363 17.12537751941748 3533116.836288373 2234.985100032949 17.12537751941748 2234.985100032949 2217.8597225135313 2300.0
70000.0 80000.0 650.4998300781299 564.7586995117177 383.4322668797015 999.653999999995 47.12399999999616 17044.680336858484 1255.5404584161115 1234.688628005536 1257.5404584161115 19.85183041057541 3240179.785198015 2073.561971747774 21.85183041057541 2073.561971747774 2050.7101413371984 1808.0
80000.0 90000.0 6363.097687500005 301.48725898437357 257.95443148952626 971.028999999995 30.468999999997322 12990.006053033307 434.1532362329681 417.5800133087744 434.1532362329681 15.57322292419365 1089264.38014864 733.8970819380438 16.57322292419365 733.8970819380438 716.3238590138503 674.0
90000.0 100000.0 5095.437970703133 608.0618980034714 417.8431564644681 999.2189999999973 36.270999999993364 8785.744172789922 444.3106330948366 433.7446762601499 444.3106330948366 10.565956834686654 1237923.4273265062 788.7063741029565 10.565956834686654 788.7063741029565 778.1404172682699 1500.0
100000.0 110000.0 1742.0465019531257 656.9625995205967 378.87136705433835 999.747000000003 32.086999999999534 21069.99964254469 1704.3772457615914 1680.2809766369892 1706.3772457615914 24.096269124602518 4048534.290516403 2553.0010632805697 26.06328247025236 2553.0010632805697 2524.937780810317 2300.0
110000.0 120000.0 1236.9379042968794 667.6354958984375 365.24906530138236 999.8699999999953 32.930708984378725 16204.224133032134 1675.8870898700068 1656.4770652890952 1675.8870898700068 19.41002458091173 3954733.5632801373 2492.7821534675713 19.443011235261885 2492.7821534675713 2473.33914223231 2300.0
120000.0 130000.0 4305.641945312498 490.0677851562524 318.0089746550241 999.9720000000088 47.306884765625 14050.814235865413 596.2119114597471 578.3880388864153 597.2119114597471 16.823872573331826 1542287.2496732902 957.8391111557039 17.823872573331826 957.8391111557039 940.015238582372 832.0
130000.0 140000.0 4034.921806640632 558.3084230143262 380.95426189360734 999.7319999999891 103.71100000001024 13790.208964500383 820.3151048110592 803.771479552625 820.3151048110592 16.543625258434197 2062057.5930493958 1332.9069393713623 16.543625258434197 1332.9069393713623 1316.3633141129283 1528.0
140000.0 150000.0 31.396191406267462 658.0814329833975 445.27613825221084 999.9759999999951 54.64999999999418 11761.150374546061 1213.113800697904 1199.0041808321494 1213.113800697904 14.109619865754713 3069042.761795178 1978.8284616252558 14.109619865754713 1978.8284616252558 1964.7188417595012 2440.0
150000.0 160000.0 37.542294921848224 744.588001209077 348.96686253507676 999.7980000000098 16.249111328128492 13464.71138573854 1861.6327280424807 1845.5209424103446 1861.6327280424807 16.11178563213617 4539140.69332335 2925.292045935241 16.11178563213617 2925.292045935241 2909.1802603031047 3000.0
160000.0 170000.0 18.143466796871508 715.9933381696437 377.9092874540775 999.2880000000005 40.171000000002095 12551.38574124167 1779.3259852679803 1764.2760082339119 1779.3259852679803 15.049977034068483 4220010.550598625 2692.5378784465297 15.049977034068483 2692.5378784465297 2677.4879014124613 3000.0
170000.0 180000.0 291.6750527343538 683.2344429931672 370.3243826627991 999.2509999999893 20.22190624999348 13185.765605634313 1700.6487107733733 1684.8228359607797 1700.6487107733733 15.825874812593547 4042046.7567581222 2584.5878563119004 15.825874812593547 2584.5878563119004 2568.761981499307 3000.0
180000.0 190000.0 81.67463281253004 650.2892435302729 452.3937001501001 999.7719999999972 28.539896484377095 12533.739916896791 1511.4874233158569 1496.45847219769 1511.4874233158569 15.02895111816682 4007665.5410054997 2444.224490405866 15.02895111816682 2444.224490405866 2429.195539287699 3000.0
190000.0 200000.0 1918.9559785156453 788.7745979166687 357.226882663526 999.6510000000126 50.820999999996275 13344.163980367859 1270.4648571958537 1254.4744133173563 1270.4648571958537 15.990443878497388 3188937.1443996276 2030.1781735507755 15.990443878497388 2030.1781735507755 2014.187729672278 2440.0
200000.0 210000.0 38.39300390626886 721.641825252757 358.047089982101 999.7930000000051 9.428031249990454 15011.123168370566 1626.1827646284992 1608.2078023036972 1626.1827646284992 17.97496232480192 4127457.59464484 2625.206774694002 16.992259223152267 2625.206774694002 2608.2145154708496 2650.0
210000.0 220000.0 103.82956445313175 615.0943004365802 453.6422945557356 999.8189999999886 17.211001953139203 10979.020734853748 1507.1379218423328 1493.9824751738342 1507.1379218423328 13.155446668498492 4078156.461006662 2440.0048597808973 14.138149770148145 2440.0048597808973 2425.866710010749 3000.0
220000.0 230000.0 61.03236132810707 797.7585303385412 316.4660635802965 999.7580000000016 74.55799999998999 14020.081590264512 1484.136212843699 1467.3168374337417 1484.136212843699 16.819375409957246 3795427.729159999 2406.230737332279 15.849261269079722 2406.230737332279 2390.3814760631994 3000.0
230000.0 240000.0 66.98721874997136 649.8797462158236 456.2399973340124 999.7539999999863 29.623939453129424 11719.610526143315 1640.0782434896153 1626.0184717713703 1640.0782434896153 14.059771718244956 4026342.0707888715 2504.379454642046 15.029885859122478 2504.379454642046 2489.3495687829236 3000.0
240000.0 250000.0 153.82170898438198 738.7505146484364 369.6397061102773 999.9899999999907 119.16499999997905 14557.924745852302 1666.6438303523078 1649.207638042568 1666.6438303523078 17.436192309739674 4123942.5003376403 2586.046090948397 16.463309853552047 2586.046090948397 2569.582781094845 3000.0
250000.0 260000.0 13.809425781248137 727.872509971212 320.22760071714293 999.3159999999916 26.93501562497113 12869.059785833959 1756.1410748972542 1740.715840060384 1756.1410748972542 15.425234836870281 4446937.44459253 2748.482352246499 16.398117293057908 2748.482352246499 2732.084234953441 3000.0
260000.0 270000.0 78.3937343750149 665.6266896972666 429.672138963387 999.5590000000084 54.25 12519.427186041927 1522.419555310764 1507.4081972552917 1522.419555310764 15.0113580554722 3995333.098820862 2471.6864696143607 15.0113580554722 2471.6864696143607 2456.6751115588886 3000.0
270000.0 280000.0 61.46486328123137 659.2913116455093 443.168431177453 999.8780000000261 63.51504101563478 12578.528516367674 1517.2281460186043 1502.145581541053 1517.2281460186043 15.082564477551415 3939032.179126507 2416.6549325568485 14.10488963773463 2416.6549325568485 2402.5500429191143 3000.0
280000.0 290000.0 1382.338199218735 650.5250079273862 414.21144196356886 999.4419999999809 22.148054687480908 13562.229152948337 1178.563731194292 1161.3317525408058 1179.563731194292 16.231978653486223 3053844.477303627 1928.1861885147405 17.20965349330301 1928.1861885147405 1910.9765350214373 1920.0
290000.0 300000.0 3261.3280683593475 599.5354169921858 353.3196554997246 999.570000000007 46.92099999997299 20759.47642543192 804.8686741894846 779.1113125073897 806.8686741894846 23.757361682094988 2018134.794041002 1300.107629375118 27.757361682094988 1300.107629375118 1268.350267693023 1200.0
