ts te idle avg_span std_span max_span min_span c_bytes_all c_ack_cnt c_ack_cnt_p c_pkts_all c_pkts_data s_bytes_all s_ack_cnt s_ack_cnt_p s_pkts_all s_pkts_data video_rate
0.0 10000.0 7659.011869140624 568.381003173828 279.3708388860475 955.5040000000008 208.54296875 16835.59886138986 553.8587140354327 535.1647996986422 557.8587140354327 18.6939143367905 1074186.0060875295 718.9675569415347 30.17646677113812 718.9675569415347 684.7910901703965 1500.0
10000.0 20000.0 1061.2889335937507 756.4030897549718 281.8834475077487 999.4530000000013 221.4559999999983 20329.40113861014 1660.1412859645675 1635.8352003013579 1660.1412859645675 24.3060856632095 4134659.9939124705 2269.032443058465 47.82353322886188 2269.032443058465 2221.2089098296033 1500.0
20000.0 30000.0 4410.755072265631 628.8790847355771 303.67364823829354 999.0169999999998 255.14100000000326 13389.35182466139 830.1045844840538 814.0545723673275 830.1045844840538 16.050012116726318 2148052.6245144177 1111.4853373887222 28.248628520197975 1111.4853373887222 1083.2367088685244 2000.0
30000.0 40000.0 3058.5821367187527 677.5940569010418 273.75896443718227 997.7770000000019 267.8899999999994 12012.623550099466 756.9123717823854 742.4947188998235 756.9123717823854 14.417652882562036 1982975.85189458 1046.8925627747612 27.686701478378733 1046.8925627747612 1019.2058612963823 1500.0
40000.0 50000.0 2684.772275390642 603.0937837456581 367.46310404704866 999.9829999999929 7.668999999994412 13945.323722228179 883.1354017051954 866.4291019455901 883.1354017051954 16.706299759605198 2595651.3182863393 1247.735191968971 29.996949278435505 1247.735191968971 1217.7382426905356 1500.0
50000.0 60000.0 2026.750248046883 587.2118453776033 363.47156041966184 998.8990000000049 0.0 14462.431285981824 953.280701308348 935.958549222858 953.280701308348 17.32215208548989 2781824.2076668874 1340.5520294099856 30.059954411754667 1340.5520294099856 1309.4920749982311 1928.5714285714287
60000.0 70000.0 1470.752072265619 693.2509878906257 289.81291468215954 998.0810000000056 252.19500000000698 12579.752209738024 1131.7260627559203 1116.6432216517185 1131.7260627559203 15.082841104201927 3107750.563725909 1572.1791738147317 24.744640156989227 1572.1791738147317 1547.4345336577426 2250.0
70000.0 80000.0 1168.2970937500068 688.623066015624 334.53540606434734 999.974000000002 264.7679999999964 12408.059612880032 759.8062651668719 744.9276760636087 759.8062651668719 14.878589103263174 2048346.9219980626 1054.2992137984959 25.178220257940975 1054.2992137984959 1029.120993540555 1500.0
80000.0 90000.0 4036.986083984346 579.2452106370217 329.22965530829543 999.1530000000057 64.27791601562058 10967.772027252371 578.1413225036713 563.9851167265989 578.1413225036713 13.15620577707233 1564383.0317980764 784.2339538963448 21.47642637112036 784.2339538963448 761.7575275252244 1500.0
90000.0 100000.0 2985.7399609375134 556.715295496324 375.3580074880428 998.2480000000069 0.0 14265.104938698532 845.5604133627039 828.4641433683631 845.5604133627039 17.096269994340812 2347790.912011567 1158.4571229830203 29.492874160093113 1158.4571229830203 1128.9642488229272 1500.0
100000.0 110000.0 2205.814968749997 666.6328252604163 349.1599447375398 999.8099999999977 157.42802929687605 12064.808251804689 786.6725096697155 772.201510214688 786.6725096697155 14.470999455027547 2157586.4555112687 1094.281778739551 24.477649921667908 1094.281778739551 1069.8041288178833 1500.0
110000.0 120000.0 4098.625236328138 613.5989890624983 334.36309497695385 999.5799999999872 0.0 14218.477041558275 864.2020156972724 847.1800241790481 864.2020156972724 17.021991518224343 2453502.082805056 1201.3051492691638 29.442476138191896 1201.3051492691638 1171.8626731309719 1500.0
120000.0 130000.0 2334.8300273437926 695.1268472377186 287.0193900563762 999.0709999999963 279.30799999999 13618.553350831324 767.1896452779375 750.8605128452583 767.1896452779375 16.32913243267915 2092299.7538566412 1086.1965130214644 25.887263369722685 1086.1965130214644 1060.309249651742 1500.0
130000.0 140000.0 2197.6136445312004 668.5542885416711 335.48219155796437 999.5530000000144 40.38801562500885 12538.540564032486 725.5575755293553 710.5234969339975 725.5575755293553 15.034078595357599 1986742.7507509412 999.4573581301569 25.02542915676616 999.4573581301569 974.4319289733908 1500.0
140000.0 150000.0 3113.7553867187526 599.4639149739581 335.68556449950097 998.551999999996 7.286042968742549 14137.266073229475 869.3590416835763 852.4240023121693 869.3590416835763 16.935039371407 2395977.7571843565 1268.1496416850346 29.28531517065544 1268.1496416850346 1238.8643265143792 1714.2857142857142
150000.0 160000.0 303.97546484379563 679.3559990234353 372.3806237600425 998.7049999999872 0.0 12498.150578889567 1373.9948202171936 1359.0088931638807 1373.9948202171936 14.985927053313025 3914452.1323941457 1877.0339004634511 24.97185410662605 1877.0339004634511 1852.062046356825 3000.0
160000.0 170000.0 141.62287695307168 702.9351298828169 339.8401510621169 999.3859999999986 238.00299999999697 12270.54232632689 1357.6957921145267 1342.9808264430512 1357.6957921145267 14.714965671475618 3854915.0896186507 1967.269596452582 24.429931342951235 1967.269596452582 1942.8396651096307 3000.0
170000.0 180000.0 345.47789648437174 702.6453885498031 308.472129521757 999.6760000000068 142.5840449218813 13150.884821189062 1282.5162059214483 1266.7414119116158 1282.5162059214483 15.774794009832565 3512172.846408077 1775.0091209471834 25.54958801966513 1775.0091209471834 1749.4595329275185 2700.0
180000.0 190000.0 547.3999394530838 745.3658708639748 248.9211560317408 999.255999999994 356.47607421875 14068.610541458605 1193.073526684587 1176.1964315737148 1193.073526684587 16.877095110872354 3073061.102560876 1619.5501884218659 26.6836799960559 1619.5501884218659 1592.86650842581 2300.0
190000.0 200000.0 1234.6799414062698 727.7182277166179 320.6824314136518 999.6959999999963 0.0 18322.86562785848 1474.9951204196416 1453.2064247658834 1476.9951204196416 20.788695653758104 3946975.0094998246 2154.6903770230983 38.826530685600524 2154.6903770230983 2112.8638463374978 2300.0
200000.0 210000.0 790.5138203125098 712.396201782225 308.96881703377494 999.8960000000079 177.93392773438245 12307.65510235913 1063.2048054688667 1048.4418644842212 1063.2048054688667 14.762940984645534 3074862.0465897983 1599.3480716912889 23.339036210072372 1599.3480716912889 1576.0090354812166 2300.0
210000.0 220000.0 3405.9795449218655 605.3410348115858 389.7376090571735 998.3310000000056 0.0 10524.82890252165 1071.2245626482697 1058.5950427040518 1071.2245626482697 12.629519944217922 2509066.015375261 1350.0720461803567 21.24965518322281 1350.0720461803567 1328.8223909971339 2300.0
220000.0 230000.0 2012.6010000000242 670.868248506432 344.14588208229054 999.5709999999963 0.0 12649.061645565467 1052.7309378611953 1037.5643787534204 1052.7309378611953 15.166559107774631 2998231.9957072968 1492.7320400964538 26.749838661661943 1492.7320400964538 1465.9822014347917 2300.0
230000.0 240000.0 552.5537285156024 741.7907306743451 359.9515217375222 999.3839999999909 0.0 15675.33600083508 1359.9163177372639 1341.1180794691109 1359.9163177372639 18.79823826815292 3974726.529841966 1956.0696318433163 33.197357402229386 1956.0696318433163 1922.872274441087 2300.0
240000.0 250000.0 3024.078234375047 670.2159398193326 346.4809568218946 999.3649999999907 144.69900000002235 12778.510712290197 1039.893914107569 1024.5750177746827 1039.893914107569 15.318896332886219 2985706.3206548505 1515.8885107982537 27.95668899865866 1515.8885107982537 1487.9318217995951 2300.0
250000.0 260000.0 1086.4263222657028 678.9002294347396 321.0898591216128 999.4639999999781 195.0749101562542 15572.971543935575 975.0181972190875 956.3810378886454 975.0181972190875 18.637159330442028 2504302.5425857776 1418.979656191731 32.95542232799784 1418.979656191731 1386.0242338637331 2300.0
260000.0 270000.0 971.2842109375051 746.1671680772561 292.8704954023285 999.3769999999786 13.501062499999534 14448.02111656286 1492.267333693939 1474.9634186748567 1492.267333693939 17.303915019082275 3889537.1487590447 2124.8630851130906 31.1718298200622 2124.8630851130906 2093.6912552930285 2300.0
270000.0 280000.0 173.1359316406306 709.3349425551509 325.8756453683922 998.085000000021 164.77495507814456 12706.042864287683 1048.8878449306985 1033.654292766225 1048.8878449306985 15.233552164473464 2926031.4865792566 1516.2725255271253 25.90310454704928 1516.2725255271253 1490.369420980076 2300.0
280000.0 290000.0 1526.2877890625386 661.16282638889 357.81357736791267 999.3099999999977 123.77600000001257 14113.193608067391 1155.703892157036 1138.8083685152221 1155.703892157036 16.89552364181389 3317308.107763164 1672.444008116371 29.596524039278844 1672.444008116371 1642.847484077092 2300.0
