ts te idle avg_span std_span max_span min_span c_bytes_all c_ack_cnt c_ack_cnt_p c_pkts_all c_pkts_data s_bytes_all s_ack_cnt s_ack_cnt_p s_pkts_all s_pkts_data video_rate
0.0 10000.0 5713.28875390625 670.0349985795457 319.99355297123276 999.8230000000003 251.1259765625 17758.2666555643 836.8788654597062 817.3100547704504 840.8788654597062 19.568810689255695 2125646.1188226123 1142.5412363710086 33.098691171015226 1142.5412363710086 1105.4425451999934 2033.3333333333333
10000.0 20000.0 1171.0698496093719 633.01712828125 364.94498653294573 999.1489999999976 0.0 22241.46935992527 1680.4951498177857 1652.9045096351551 1680.4951498177857 26.590640182630526 4814517.37121324 2465.415897022237 48.601539528283354 2465.415897022237 2414.814357493954 1875.0
20000.0 30000.0 18.29582226562343 709.2137535342263 336.9331001649744 999.8640000000014 21.909912109375 14509.789678785244 1858.246983893861 1840.857719620368 1858.246983893861 17.38926427349301 5133013.869853603 2622.7641594606334 35.87043043739975 2622.7641594606334 2586.8937290232343 3600.0
30000.0 40000.0 587.0046269531158 701.7221690027582 351.4151929193844 999.7300000000032 0.0 12868.43892741852 2047.1340454731667 2031.6840232750174 2047.1340454731667 15.450022198149219 5833142.025150657 3020.9478911505744 26.428076206830116 3020.9478911505744 2994.5198149437447 4400.0
40000.0 50000.0 271.7498437499962 776.5661010974703 311.8525237179115 999.1000000000058 1.170111328123312 16191.498113030928 2051.539322804349 2032.7025937170888 2052.539322804349 18.83672908726045 5897464.1317939665 3085.7531692917487 35.50766194883826 3085.7531692917487 3049.2455073429105 4400.0
50000.0 60000.0 83.87429687501572 758.05218954613 305.5261769702946 999.9290000000037 22.006103515625 12393.010197227479 2330.114669701593 2314.2785132986037 2330.114669701593 14.836156402988864 6240018.715926036 3268.8303070486672 29.20828579512537 3268.8303070486672 3238.6220212535413 4400.0
60000.0 70000.0 170.5922617187607 721.6553769531247 340.36056474638787 999.9339999999938 22.294921875 12820.555201330279 2060.8593177115363 2045.489920415605 2060.8593177115363 15.369397295931575 5850317.768557133 2846.3381905890164 24.474166904164356 2846.3381905890164 2821.8640236848523 4400.0
70000.0 80000.0 1388.595027343763 724.1401217041011 327.7470901999301 999.8570000000036 83.69489843750489 13595.859705389614 1786.685569314499 1770.3692404671638 1786.685569314499 16.316328847335345 5124985.146427708 2525.7348506127837 29.525845962432946 2525.7348506127837 2496.2090046503504 3800.0
80000.0 90000.0 745.5679121093708 778.7381178042767 238.7235763800586 998.4959999999992 267.3579999999929 13046.625551697382 1879.083932850541 1863.4467533027453 1879.083932850541 15.637179547795565 5336314.912638796 2645.7460754037347 32.12968826918775 2645.7460754037347 2613.616387134547 3933.3333333333335
90000.0 100000.0 4507.356966796884 483.254817626952 360.09418902230794 998.6589999999997 0.0 10383.566967319355 1043.5214936802856 1031.049180925211 1043.5214936802856 12.472312755074666 3074640.823372757 1581.4369715090913 23.089296336552714 1581.4369715090913 1558.3476751725386 3280.0
100000.0 110000.0 178.83400781250384 636.7218976004473 340.43125758384144 999.7690000000002 60.18399999999383 14827.59559793267 2204.9482723161386 2187.194498877091 2204.9482723161386 17.75377343904738 5804826.79760802 3118.2723798452225 33.57552646272978 3118.2723798452225 3084.696853382493 3400.0
110000.0 120000.0 245.5424062499951 578.8531291852692 391.45653806815625 999.6780000000144 0.0 13448.094400893951 2117.1562301355007 2101.0482058707103 2117.1562301355007 16.108024264790693 5748100.806151934 3035.61655199302 30.14806894494636 3035.61655199302 3005.4684830480737 4400.0
120000.0 130000.0 14.032843749999302 784.3946161534952 301.52234222831396 999.9860000000044 22.4873046875 12250.554408870115 2342.262213262714 2327.5845849384136 2342.262213262714 14.677628324300638 6105663.3905567555 3403.8811544681284 29.355256648601276 3403.8811544681284 3374.5258978195275 4400.0
130000.0 140000.0 817.4650605468778 671.6491057477681 355.43335129847236 999.9629999999888 1.041259765625 12547.603566993364 2258.83949163991 2243.7964635246317 2258.83949163991 15.043028115278567 5808140.705714316 3058.6827295496596 30.086056230557134 3058.6827295496596 3028.5966733191026 4400.0
140000.0 150000.0 1820.0144824218878 819.3378347656243 272.3886140510079 999.4489999999932 281.50800000000163 12788.102683568319 1818.3898242295093 1803.0345610337981 1818.3898242295093 15.355263195711103 5059029.799843754 2578.4261922773444 28.72837451470963 2578.4261922773444 2549.6978177626343 4400.0
150000.0 160000.0 88.14182031250675 725.4053388671862 317.868490690686 999.9880000000121 17.795042968762573 12658.654477512031 2154.6555314207053 2139.503811829073 2154.6555314207053 15.151719591632137 6223054.097832812 3046.094848736196 26.78770951012682 3046.094848736196 3019.307139226069 4400.0
160000.0 170000.0 690.7279199218901 700.5532991727916 337.44646130381165 999.2889999999898 20.73193359375 12142.296522756846 2152.0925382419546 2137.5283561921287 2152.0925382419546 14.564182049825357 5919941.141592673 3010.9026876666917 26.56601551925035 3010.9026876666917 2984.3366721474413 4400.0
170000.0 180000.0 518.358019531297 736.7168791503864 352.1776871577489 999.5920000000042 0.0 13216.61950554395 1857.7142492709263 1841.8510491390373 1857.7142492709263 15.863200131888973 5490330.761279253 2636.399088240801 26.802970001638574 2636.399088240801 2609.596118239163 4400.0
180000.0 190000.0 150.12711523435428 809.9474017578119 332.3989753019629 999.9899999999907 16.121000000013737 13382.750813956492 2094.3064078927378 2078.292652547074 2094.3064078927378 16.013755345663945 6177393.423707914 3059.2643672967824 31.01117108371766 3059.2643672967824 3028.2531962130647 4400.0
190000.0 200000.0 18.490824218752095 792.2689993489605 320.96234136321146 999.8820000000123 22.3740234375 12583.400281547298 2139.0561982302056 2123.968369851074 2139.0561982302056 15.087828379131107 6066919.507566909 2903.1446691072447 30.175656758262214 2903.1446691072447 2872.9690123489827 4400.0
200000.0 210000.0 255.51637695313548 667.7042863051465 383.96489506070776 999.5290000000095 0.0 12551.974075255424 2107.0383073438097 2091.987736168803 2107.0383073438097 15.050571175006535 5694644.836040788 2908.5042735118045 26.033234703917394 2908.5042735118045 2882.471038807887 4400.0
210000.0 220000.0 999.2073261718324 648.4351143092116 336.5411243178985 999.7000000000116 0.0 14310.564660223325 2300.731348313834 2283.5664739422764 2300.731348313834 17.164874371557815 5880075.241729101 3202.8587231338342 29.40268620127261 3202.8587231338342 3173.4560369325613 4400.0
220000.0 230000.0 509.29538867188967 685.1321080078109 387.32856438873506 999.5380000000005 0.0 12337.87141508479 2101.4780379453505 2086.706577892238 2101.4780379453505 14.771460053112953 6016811.012948568 3119.6703677043433 29.537890294164605 3119.6703677043433 3090.132477410179 4400.0
230000.0 240000.0 1216.9039765625203 841.3481524522584 279.58265570310255 999.2840000000142 159.77900000000955 13231.367331453646 1938.2739056382572 1922.394189380387 1938.2739056382572 15.8797162578703 5147192.614308221 2747.1464129559154 28.807566541008175 2747.1464129559154 2718.3388464149075 4400.0
240000.0 250000.0 26.568896484328434 764.6714515625033 358.61307431816977 999.6730000000098 18.60693359375 11845.18146003879 2389.0063575935737 2374.8190817555164 2389.0063575935737 14.187275838056967 6547900.196942146 3470.3674772592053 28.266174023792694 3470.3674772592053 3442.101303235412 4400.0
250000.0 260000.0 312.65241015632637 731.7695550537028 296.5771097729174 999.9969999999739 322.98300000000745 14405.05748419977 2086.4005380532644 2069.1230895530853 2086.4005380532644 17.27744850017872 5874476.862307018 2999.0787647545058 26.6151406274111 2999.0787647545058 2972.4636241270946 4400.0
260000.0 270000.0 910.1068749999977 753.1278750000017 314.3133108322657 999.835000000021 89.16100000002189 12128.108018864908 1911.1205595473436 1896.5507144183798 1911.1205595473436 14.569845128963667 5420773.351926702 2805.7080361743388 27.153254815995556 2805.7080361743388 2778.554781358343 4400.0
270000.0 280000.0 32.13608007808216 708.5852541503882 376.92335410746045 999.8640000000014 13.50499609374674 13260.9670012453 1987.5930351713082 1971.7001404160962 1987.5930351713082 15.892894755212028 5604007.09194262 2792.112820325578 25.892894755212026 2792.112820325578 2766.2199255703663 4400.0
280000.0 290000.0 226.9494531249511 795.4616735491103 324.5671785033158 999.7640000000247 22.678955078125 13000.01807601412 2459.2185536604457 2443.6600631010515 2459.2185536604457 15.55849055939402 6457071.813917681 3374.352351357774 31.62373533950819 3374.352351357774 3342.7286160182653 4400.0
290000.0 300000.0 366.9267402344267 701.5089858940919 339.9887226368456 999.5729999999749 20.87890625 13085.819691524539 2135.215919470995 2119.46641609034 2135.215919470995 15.710631494711201 5932856.06087566 2974.159735048174 28.73904878319343 2974.159735048174 2945.3818143790368 4400.0
