ts te idle avg_span std_span max_span min_span c_bytes_all c_ack_cnt c_ack_cnt_p c_pkts_all c_pkts_data s_bytes_all s_ack_cnt s_ack_cnt_p s_pkts_all s_pkts_data video_rate
0.0 10000.0 3961.8439511718752 620.0546900634765 381.0949129212347 999.655999999999 67.39099999999962 23647.076125794425 1610.6682158150945 1583.0181251891486 1614.6682158150945 26.650090625945744 3529264.787519681 2164.631175325336 31.650090625945744 2164.631175325336 2127.98108469939 2300.0
10000.0 20000.0 500.90128515624383 673.6597708629259 395.1524024992357 999.4389999999985 9.822000000000116 19114.923874205575 2169.3317841849057 2146.9818748108514 2170.3317841849057 22.349909374054256 5236474.21248032 3198.368824674664 22.349909374054256 3198.368824674664 3175.01891530061 2300.0
20000.0 30000.0 312.7484882812496 729.5891312255858 374.30921547172835 999.9349999999977 53.5 15757.00481764081 2318.997722206702 2300.1242224264115 2318.997722206702 18.873499780290132 5804695.610083518 3592.5309679223597 18.936749890145066 3592.5309679223597 3573.5942180322145 3800.0
30000.0 40000.0 2189.1239902343805 714.4365643136152 422.7435357117171 999.7609999999986 27.290000000000873 11774.99518235919 1409.0022777932982 1394.8757775735883 1409.0022777932982 14.126500219709866 3660460.3899164824 2217.4690320776403 15.063250109854934 2217.4690320776403 2202.4057819677855 2720.0
40000.0 50000.0 72.19814648437023 709.7453884277352 390.5280016666696 999.7339999999967 26.9453125 11734.78584131132 1970.861378434086 1956.8074845215572 1970.861378434086 14.053893912528665 5073137.948978553 3195.742982247158 14.053893912528665 3195.742982247158 3181.6890883346296 3980.0
50000.0 60000.0 100.66156250001222 585.1174318576377 462.1862502655533 999.8559999999998 0.0 14045.264575884747 2250.5428937244287 2233.6931124355165 2250.5428937244287 16.84978128891238 5663076.1402331805 3474.61564837188 15.897943688191857 3474.61564837188 3457.7177046836887 4400.0
60000.0 70000.0 889.8844902343699 662.9740964133525 415.76316483611737 999.5019999999931 25.69000000000233 17026.52600853146 2357.8137268267124 2336.9347798284816 2358.8137268267124 19.878946998230674 5614229.835320536 3567.0552568604435 22.830784598951197 3567.0552568604435 3542.2244722614923 3400.0
70000.0 80000.0 44.103837890637806 727.9702629394524 381.899455321043 999.9860000000044 94.49489062500652 12621.254929874169 2324.531793710372 2309.3977516261866 2324.531793710372 15.134042084185747 5614793.736045437 3488.0858408802687 14.175709942257015 3488.0858408802687 3473.9101309380117 4400.0
80000.0 90000.0 72.72741796873743 712.0517943115246 379.8957236740231 999.8080000000045 41.39468359375314 12486.265454378083 2191.1320634936633 2176.160659331762 2191.1320634936633 14.971404161901305 5621499.882558342 3475.262812287099 15.929736303830037 3475.262812287099 3459.3330759832693 4400.0
90000.0 100000.0 83.45909374998882 728.2488083984375 344.7028055693841 999.8160000000062 38.14892578125 13127.98611672675 2832.6106494937685 2816.898989969604 2832.6106494937685 15.711659524164515 6774505.061001957 4259.560550382638 15.711659524164515 4259.560550382638 4243.848890858473 4400.0
100000.0 110000.0 66.79412890624371 754.9085403645838 338.02542967974716 999.6579999999958 80.39100000000326 12802.081124637545 2220.1768516786237 2204.80686739081 2220.1768516786237 15.369984287813393 5659774.567232303 3554.165548889207 15.369984287813393 3554.165548889207 3538.795564601394 4400.0
110000.0 120000.0 92.05428515622043 662.8092387695342 433.53247043906487 999.3990000000049 29.588701171887806 13296.847700802398 2084.6861621533753 2068.7498361555145 2084.6861621533753 15.936325997861484 5482673.534816533 3360.779543714855 14.983306870062403 3360.779543714855 3345.7962368447925 4400.0
120000.0 130000.0 2214.21664843749 749.4901403459828 368.03009640404457 999.8910000000033 46.131880859378725 12517.785317614174 1581.4726613476494 1566.4632814469094 1581.4726613476494 15.009379900739969 4083129.768691238 2527.9952331213844 15.962399028539048 2527.9952331213844 2512.0328340928454 3140.0
130000.0 140000.0 92.63511718754307 669.9847518310507 425.8070841843373 999.9809999999998 40.00691601561266 11703.541575268611 1886.034786692594 1871.9949138184088 1886.034786692594 14.039872874185356 4878356.449550144 2984.559340875936 14.039872874185356 2984.559340875936 2970.5194680017503 3980.0
140000.0 150000.0 31.124042968731374 730.4003764880971 365.19182409893045 999.9130000000005 35.735107421875 14383.725111523117 2496.6840470636225 2479.479020315167 2496.6840470636225 17.20502674845528 6141563.340298862 3786.577784939952 17.20502674845528 3786.577784939952 3769.3727581914964 4400.0
150000.0 160000.0 56.25088281251374 695.1381417236335 390.3535157513512 999.9860000000044 40.85500000001048 13177.848687394464 2225.2146134027525 2209.398208689113 2225.2146134027525 15.81640471363933 5787598.684041046 3539.7074496092887 15.81640471363933 3539.7074496092887 3523.8910448956494 4400.0
160000.0 170000.0 69.24686328123789 643.2764456571689 430.7914003134711 999.7179999999935 23.123712890635943 11900.24946009791 2290.2263476853095 2275.972754630886 2290.2263476853095 14.253593054423773 5662645.737895375 3499.349751189433 14.253593054423773 3499.349751189433 3485.0961581350093 4400.0
170000.0 180000.0 182.08824218748487 695.0068785400417 375.0203701464569 999.9169999999867 68.3750781250128 13825.345949451852 2312.4265294453407 2295.8417752893743 2312.4265294453407 16.58475415596609 5762662.355626671 3476.131457427505 16.58475415596609 3476.131457427505 3459.546703271539 4400.0
180000.0 190000.0 62.00779882809729 740.1153507582734 379.18707427240616 999.9569999999949 85.12508007811266 13400.510558605096 2443.934246107239 2427.8755410827075 2443.934246107239 16.058705024531637 6027555.096909589 3732.264106179921 16.058705024531637 3732.264106179921 3716.205401155389 4400.0
190000.0 200000.0 14.500083984370576 719.4545802641383 403.66181680868516 999.9530000000086 37.944091796875 12856.091261896547 2862.9126928511805 2847.523029125124 2862.9126928511805 15.389663726056336 6903259.10828573 4153.286534682009 15.389663726056336 4153.286534682009 4137.896870955953 4400.0
200000.0 210000.0 79.19937500002561 690.5601789550783 391.2770014444338 999.7110000000102 38.554931640625 12496.52455615179 2317.5966965231673 2302.612382892245 2317.5966965231673 14.984313630922186 5742106.674670067 3490.452563566533 14.984313630922186 3490.452563566533 3475.4682499356113 4400.0
210000.0 220000.0 2242.5179121093825 769.3710971235785 333.4569358718372 999.5899999999965 167.4659999999858 9760.36576984997 1362.1418593661142 1350.3896114506324 1362.1418593661142 11.752247915481892 3433899.077844436 2099.4075947744877 11.752247915481892 2099.4075947744877 2087.6553468590055 4400.0
220000.0 230000.0 1119.1383828124963 745.76660047743 372.8470057949208 999.8539999999921 0.0 15421.266884026745 1945.4242840036513 1926.9633195294437 1945.4242840036513 18.460964474207625 5047031.604659338 3153.8252255348507 18.460964474207625 3153.8252255348507 3135.364261060643 3000.0
230000.0 240000.0 1646.7370097656094 733.2260036132823 376.57401136791094 999.9979999999923 11.589000000007218 13753.961147572985 2075.6695018974774 2059.213341512117 2075.6695018974774 16.45616038536017 5389945.692382502 3286.521464390512 16.45616038536017 3286.521464390512 3270.065304005152 3600.0
240000.0 250000.0 253.93482226569904 761.465263569075 322.4940252038807 999.7239999999874 38.720947265625 12708.739167615335 2529.523272217939 2514.2862197290547 2529.523272217939 15.237052488884093 6381716.555574807 4001.467390053691 15.237052488884093 4001.467390053691 3986.230337564807 4400.0
250000.0 260000.0 2287.9641093750834 658.9492625732346 326.58249574356483 999.7189999999828 28.37005859374767 10971.962152621245 2117.8401348192124 2104.6666864425606 2117.8401348192124 13.173448376652104 4965159.701523244 3102.78980299709 13.173448376652104 3102.78980299709 3089.616354620438 4400.0
260000.0 270000.0 42.44274414057145 742.2492628173859 376.5181787527107 999.8180000000284 91.54800000000978 14706.29243439818 2068.29284898522 2050.6616676539406 2068.29284898522 17.631181331279535 5309048.700558353 3187.532549262311 17.631181331279535 3187.532549262311 3169.901367931032 3466.6666666666665
270000.0 280000.0 1985.0203300780267 678.1060314941496 401.16997351438766 999.515000000014 38.805908203125 12534.841199061826 1838.611782668495 1823.6049517937352 1838.611782668495 15.006830874759846 4767595.920923294 2949.498554920461 14.208205670816575 2949.498554920461 2935.2903492496444 3840.0
280000.0 290000.0 32.16165234375512 707.6990644531263 341.60623945582444 999.6479999999865 36.8720703125 13463.750084437586 2224.815366427919 2208.68122957625 2224.815366427919 16.134136851668565 5497783.456531377 3409.090302010133 16.932762055611835 3409.090302010133 3392.157539954521 3400.0
