ts te idle avg_span std_span max_span min_span c_bytes_all c_ack_cnt c_ack_cnt_p c_pkts_all c_pkts_data s_bytes_all s_ack_cnt s_ack_cnt_p s_pkts_all s_pkts_data videorate
0.0 10000.0 6385.296771484373 548.6311818181817 418.2646999307546 999.9190000000017 72.61000000000058 17969.0 1031.4189891525843 1011.4189891525842 1035.4189891525843 20.0 1961557.4625692114 1254.6001018874915 24.0 1254.6001018874915 1226.6001018874915 2300.0
10000.0 20000.0 855.4857421875058 768.3677652343746 298.89182488007623 999.9040000000023 45.682999999997264 21428.44091060212 2359.1603647536185 2333.509231126387 2359.1603647536185 25.65113362723147 5901597.615693729 3618.4666617173502 25.325566813615737 3618.4666617173502 3593.1410949037345 2681.818181818182
20000.0 30000.0 1960.0193085937499 712.5171118489583 359.5483367693969 999.7490000000034 72.22499999999854 13256.056671646635 1879.9594879312044 1864.0612863210727 1879.9594879312044 15.89820161013165 4896719.208157711 2901.1921639139064 16.223768423747387 2901.1921639139064 2884.968395490159 3800.0
30000.0 40000.0 1955.0402773437527 656.0408760986325 366.36618496196 999.9720000000016 0.0 12053.502417751246 1700.4611581625927 1686.010493399956 1700.4611581625927 14.450664762636876 4175641.7135793483 2502.741072481252 14.450664762636876 2502.741072481252 2488.2904077186154 3000.0
40000.0 50000.0 1400.0170312499977 707.1771103515639 382.55963160917054 999.7709999999934 0.0 14469.223894842784 1797.7081557226584 1780.3700778021184 1797.7081557226584 17.33807792053998 4733546.427252529 2855.3558440404986 17.33807792053998 2855.3558440404986 2838.0177661199587 3000.0
50000.0 60000.0 1988.6235625000118 643.9245449218733 408.6972627598858 999.9159999999974 0.0 12232.776105157216 1863.120358565629 1847.458436486169 1863.120358565629 14.66192207946002 4817922.452047465 2873.928976155215 15.66192207946002 2873.928976155215 2857.267054075755 4400.0
60000.0 70000.0 2719.8161464843724 673.1641793428306 354.4834916188589 999.875 50.53200000000652 11198.633347836487 1877.7141090066839 1864.2728788306881 1877.7141090066839 13.44123017599582 4892734.440855876 2855.08605858689 13.44123017599582 2855.08605858689 2841.6448284108938 4400.0
70000.0 80000.0 180.5334511718538 685.6043713107639 369.2141335115353 999.9320000000007 35.44400000000314 14144.940943648426 2644.135061356009 2627.1816887375107 2644.135061356009 16.95337261849798 6677718.493992055 3955.5023188516816 16.55876982400418 3955.5023188516816 3938.943549027678 4400.0
80000.0 90000.0 116.0779570312443 689.2271500459567 392.67231524132654 999.6659999999974 25.00927734375 13631.525220953486 1879.005834149849 1862.6738110257422 1879.005834149849 16.332023124106687 4769379.160931685 2821.172617534522 16.726625918600483 2821.172617534522 2804.4459916159212 3600.0
90000.0 100000.0 56.26812109374441 675.7521987847229 394.42777706406963 999.7780000000057 46.45600000000559 13292.983724191905 1919.0834370701605 1903.1521313783628 1919.0834370701605 15.931305691797474 5073772.906632643 2927.4590890141208 15.602339886598497 2927.4590890141208 2911.8567491275226 3466.6666666666665
100000.0 110000.0 192.90035546873696 654.2254249267589 411.10568950904826 999.9529999999941 83.45500000000175 11963.916763369696 1984.062751353193 1969.7206829635911 1984.062751353193 14.342068389602044 5307103.0680547375 3081.2913397393295 14.671034194801022 3081.2913397393295 3066.620305544528 4400.0
110000.0 120000.0 2429.6511855469143 655.0376681082541 365.7131259190837 999.8889999999956 44.696999999985565 12326.89200582439 1343.0791219300695 1328.2876857784738 1343.0791219300695 14.79143615159565 3642488.916529116 2172.775563657525 14.395718075797825 2172.775563657525 2158.3798455817273 3233.3333333333335
120000.0 130000.0 1421.1208613281487 735.7082990722611 317.6305436973706 999.6929999999993 171.02499999999418 13017.58298366066 1835.2934263534457 1819.6891612983525 1835.2934263534457 15.604265055093435 4801272.738837192 2840.7315756817643 15.604281924202175 2840.7315756817643 2825.1272937575623 3000.0
130000.0 140000.0 97.55411914063734 735.7491665900726 342.3379733595663 999.9260000000068 34.762939453125 13567.03796890739 1561.2064800757503 1544.9521656699183 1561.2064800757503 16.254314405831927 4096153.3866762663 2456.6516429278636 16.650015612521013 2456.6516429278636 2440.0016273153424 3000.0
140000.0 150000.0 1976.6192597656336 686.9142956194181 386.2985146966471 999.872000000003 93.75 11677.070909178994 1654.3738598555244 1640.363726409596 1654.3738598555244 14.010133445928368 4279723.939979972 2583.040326830876 13.680058916703677 2583.040326830876 2569.3602679141723 3560.0
150000.0 160000.0 899.6932324218506 684.5746175537133 369.98066832786304 999.7209999999905 82.27999999999884 12257.390429466068 1569.3886573515308 1554.6878621453004 1569.3886573515308 14.700795206230502 3989953.4874861334 2356.3651719752934 15.030869735455191 2356.3651719752934 2341.3343022398385 3233.3333333333335
160000.0 170000.0 103.68965429684613 752.7823962673623 326.076852613337 999.9720000000088 196.41699999998673 14397.746949613005 1836.2937296313946 1818.455549165674 1836.2937296313946 17.242811748136614 4742578.538129907 2868.5466488368993 17.242811748136614 2868.5466488368993 2850.7084683711787 3000.0
170000.0 180000.0 188.1096972656378 705.307130629594 327.2149198109302 999.609999999986 238.33591796873952 12411.39456709226 1591.385990065981 1576.1000175475936 1591.385990065981 14.881341235971433 4105206.835495429 2451.9736041578244 14.881341235971433 2451.9736041578244 2436.687631639437 3000.0
180000.0 190000.0 369.1850761718233 853.8165830729218 224.84822268921886 999.948000000004 341.83400000000256 12106.884186257232 1716.1490275121207 1701.6341247609087 1716.1490275121207 14.514902751212071 4030110.207098994 2452.1192220096964 14.514902751212071 2452.1192220096964 2437.604319258485 3000.0
190000.0 200000.0 1308.560722656257 663.2312184895835 373.1545327135823 999.8649999999907 143.6469999999972 12810.744046853788 1486.3408826198818 1470.9741215871331 1486.3408826198818 15.36676103274852 3690887.7883037427 2289.378084962571 15.36676103274852 2289.378084962571 2274.0113239298225 3000.0
200000.0 210000.0 442.22927734372206 713.6453148437528 368.09341391403797 999.6080000000075 155.76399999999558 12209.255953146214 1596.6591173801185 1582.0258784128669 1596.6591173801185 14.63323896725148 3980670.211696258 2431.621915037429 14.63323896725148 2431.621915037429 2416.9886760701775 3000.0
210000.0 220000.0 672.5079335937626 740.070551974825 335.1260211478524 999.6449999999895 168.9539999999979 16614.420868152476 1763.497864126885 1744.1497898974308 1764.497864126885 19.34807422945424 4599349.784309182 2762.282457962519 20.34807422945424 2762.282457962519 2739.934383733065 3000.0
220000.0 230000.0 376.359056640591 677.3508790211396 373.1945205071531 999.6140000000014 15.564000000013039 12316.471626530822 1563.6536835247084 1547.8911771348085 1563.6536835247084 14.76250638989991 4074151.1941930503 2434.7994761019595 15.76250638989991 2434.7994761019595 2419.0369697120595 3000.0
230000.0 240000.0 2608.951968749985 742.5026519252236 359.1357459677254 999.7660000000033 56.24199999999837 12741.78249312881 1503.768481483653 1488.4843365081142 1503.768481483653 15.284144975538666 3791528.1114798193 2346.732179574551 14.88941938064585 2346.732179574551 2331.8427601939056 3000.0
240000.0 250000.0 1569.906976562459 677.9949342041073 343.9783038829569 999.9650000000256 183.5810000000056 12481.681960366157 1605.0847558701887 1590.1192900648641 1605.0847558701887 14.96546580532458 4088628.739030348 2459.470288565971 15.360191400217397 2459.470288565971 2444.1100971657534 3000.0
250000.0 260000.0 1037.3324394531664 722.1970854492101 362.4072617308861 999.9199999999837 30.811279296875 13680.987272226848 1602.4368901270086 1586.0452403171453 1602.4368901270086 16.391649809863384 4132638.2028994057 2535.2104106140437 16.391649809863388 2535.2104106140437 2518.81876080418 3000.0
260000.0 270000.0 93.93087695317809 737.2199224494398 321.9530664303707 999.3470000000088 230.1919999999809 13237.866070205255 1821.5087255796923 1805.644188582059 1821.5087255796923 15.864536997633257 4633715.354478396 2847.2099147773815 15.556347893776238 2847.2099147773815 2831.6535668836054 3000.0
270000.0 280000.0 415.74200195318554 745.043799869786 326.5916199043786 999.7160000000149 241.86999999999534 11997.789709389632 1569.0495992878639 1554.6659774955779 1569.0495992878639 14.38362179228596 3919866.613609799 2353.2952724035745 14.691810896142979 2353.2952724035745 2338.6034615074313 3000.0
280000.0 290000.0 1399.4901992187952 683.7153115808786 373.8258963480362 999.9930000000168 58.3300000000163 16834.624676474534 1748.5689532958108 1728.921212721745 1749.5689532958108 19.647740574065704 4546429.654502388 2753.466986499322 20.32387028703285 2753.466986499322 2731.143116212289 3000.0
290000.0 300000.0 1357.2162578124553 657.2201930803587 427.92515092445586 999.984999999986 30.929999999993015 10290.375323525466 1773.4310467041892 1760.0787872782548 1773.4310467041892 12.352259425934298 4718272.345497612 2758.533013500678 13.67612971296715 2758.533013500678 2744.856883787711 4120.0
