ts te idle avg_span std_span max_span min_span c_bytes_all c_ack_cnt c_ack_cnt_p c_pkts_all c_pkts_data s_bytes_all s_ack_cnt s_ack_cnt_p s_pkts_all s_pkts_data video_rate
0.0 10000.0 7237.27587890625 492.85752408854205 387.13497437997256 997.9569999999985 19.36200000000099 19610.477841869604 284.2672942738874 261.6415530907208 293.14254133494296 20.625741183166603 725904.3568024316 500.2771767161088 27.500988244222135 500.2771767161088 464.9009414108311 1390.0
10000.0 20000.0 1721.2340488281188 726.1999044531254 335.0444579854096 999.487000000001 64.73200000000361 23034.788390202197 804.7589884620013 777.2666960755225 804.8837414009458 27.49229238647882 1660464.0703427186 1188.0474752858795 27.617045325423284 1188.0474752858795 1160.3056770215119 387.6923076923077
20000.0 30000.0 23.413011718752387 727.8605178444602 343.2235289361125 999.6370000000024 127.22200000000157 12792.84396027226 868.7684239679647 853.425828991304 868.7684239679647 15.34259497666067 1490805.2970835879 1084.088206252658 15.34259497666067 1084.088206252658 1068.7456112759971 761.1428571428571
30000.0 40000.0 1404.7596171875048 625.1574675958807 385.2531618671168 998.6189999999988 0.0 14873.937301361038 514.7899599947739 496.97110281729266 514.7899599947739 17.81885717748118 835428.772094797 627.8182432616832 17.81885717748118 627.8182432616832 609.9993860842019 357.0
40000.0 50000.0 5841.173230468747 416.3087788085936 271.18052007683815 883.1790000000037 43.28200000000652 13880.134931038003 859.2591544118068 842.627576973253 859.2591544118068 16.631577438553812 1609327.8531721532 1066.6127195941046 16.631577438553812 1066.6127195941046 1049.981142155551 1059.4285714285713
50000.0 60000.0 1142.5222324218776 671.9180509033204 355.1355673294364 999.773000000001 34.10099999999511 14519.23026953501 1562.2655806172256 1544.849550318429 1562.2655806172256 17.416030298796812 3562043.7369243028 2160.7394054292504 17.138344634682085 2160.7394054292504 2143.601060794568 2700.0
60000.0 70000.0 33.43985546876502 644.505068359375 394.9781061987186 999.8509999999951 36.91400000000431 13322.44994658772 1662.5796178732207 1645.6004611670596 1662.5796178732207 15.979156706161188 3959110.634504106 2363.7865820384795 16.24845467069115 2363.7865820384795 2346.5381273677885 3400.0
70000.0 80000.0 970.2216171874898 708.6234363511047 373.66288334921006 999.744000000006 2.3467441406246508 11429.845153732227 1750.9350740374189 1737.2356016191522 1750.9350740374189 13.69947241826652 4400688.141497443 2572.543288706654 13.707860117851288 2572.543288706654 2558.835428588803 3233.3333333333335
80000.0 90000.0 1613.0262089843745 685.5891447610287 330.89571896021624 999.8950000000041 114.05400000000373 14174.29220540194 1551.5210305737555 1534.5267531593213 1551.5210305737555 16.99427741443439 4066809.7778819264 2402.846940825916 16.99427741443439 2402.846940825916 2385.8526634114814 3000.0
90000.0 100000.0 722.5351894531341 604.0347814670126 386.76813641456584 999.9489999999932 18.067966796879773 13616.726104853136 2185.961897811014 2169.645120964395 2185.961897811014 16.31677684661893 5239312.235822257 3171.913180365317 16.31677684661893 3171.913180365317 3155.5964035186985 3600.0
100000.0 110000.0 2233.4599707031302 682.6022506510417 398.22992501412267 999.7989999999991 101.44999999999709 11111.047511606663 1660.143991880241 1646.810093684636 1660.143991880241 13.333898195605006 4216028.381324784 2473.3628510408166 13.333898195605006 2473.3628510408166 2460.0289528452117 3840.0
110000.0 120000.0 872.0221621093224 636.1348211167308 385.94986750323966 999.7570000000123 36.06300585938152 11524.61999237189 1729.7179358358505 1715.8879667751683 1729.7179358358505 13.829969060682389 4143997.651791694 2526.091473320038 13.829969060682387 2526.091473320038 2512.261504259355 3000.0
120000.0 130000.0 168.61770117186825 701.2715455729145 347.1938163133022 999.9860000000044 23.394999999989523 14710.4996630737 1797.8045248727158 1780.7816086577268 1798.8045248727158 17.022916214988893 4083536.554812315 2717.3298393832274 18.022916214988893 2717.3298393832274 2698.3069231682384 3000.0
130000.0 140000.0 1320.0148046874674 721.7959888980273 323.70704260382445 999.6669999999867 140.76500000001397 16112.58317190293 2456.1345279826664 2436.850511352537 2456.1345279826664 19.284016630129237 5885106.66130936 3557.70025689828 19.284016630129237 3557.70025689828 3538.4162402681504 3000.0
140000.0 150000.0 78.70026757815504 683.5787518310535 377.1591236280895 999.380999999994 128.71400000000722 12938.173463339062 2027.626587473082 2012.102228664399 2027.626587473082 15.524358808682653 4934945.981242818 3014.1853702406497 15.524358808682651 3014.1853702406497 2998.661011431967 3933.3333333333335
150000.0 160000.0 45.668808593734866 693.2600708007831 369.5222145380434 999.935999999987 122.18400000000838 12514.766542585696 2259.2551435969212 2244.2494826199786 2259.2551435969212 15.005660976942632 5490336.408206459 3383.4982506846945 15.005660976942632 3383.4982506846945 3368.492589707752 4400.0
160000.0 170000.0 891.2767265624716 814.6931375000005 305.06455225127706 999.8930000000109 136.669921875 11796.893564521824 1950.059594916277 1935.9231639080847 1950.059594916277 14.136431008192401 4761111.708429027 2987.870265076178 14.136431008192401 2987.870265076178 2973.733834067985 3466.6666666666665
170000.0 180000.0 1854.2029960936925 582.798038519969 383.9615033257316 999.9090000000142 67.29899999999907 10500.145169718971 1329.565369719599 1314.9559942845983 1329.565369719599 12.609375435000619 3240710.1174841304 2019.1115050152744 12.609375435000619 2019.1115050152744 2004.502129580274 3000.0
180000.0 190000.0 1719.388212890597 758.0541842830905 335.20740806499253 998.7550000000047 56.86499999999069 15228.241134672535 1911.1146690586631 1892.8661984083587 1911.1146690586631 18.24847065030438 4574208.90053235 2785.564379623895 17.60962257171273 2785.564379623895 2767.9547570521822 3000.0
190000.0 200000.0 163.28901562502142 633.1523529411745 408.9211053535495 998.7619999999879 7.128914062486729 12843.542958366806 1769.1886927110534 1753.7931388274706 1769.1886927110534 15.395553883582885 4121805.5472669997 2512.8532747858235 15.354506104367024 2512.8532747858235 2497.498768681456 3000.0
200000.0 210000.0 1802.7108222656243 634.781706571692 390.35912510945263 999.804999999993 56.381898437510245 15185.880088656553 1662.2784595121243 1644.7137739619639 1663.2784595121243 17.564685550160444 4044835.588814352 2526.7319604640143 19.244581407967953 2526.7319604640143 2506.4873790560464 3000.0
210000.0 220000.0 1107.5025664062705 572.7815378289455 400.3675082587107 999.5890000000072 15.005000000004657 12870.63644656744 1801.1704757541656 1784.7413014829785 1801.1704757541656 15.429174271186877 4342414.800620714 2641.3636084131335 16.429174271186877 2641.3636084131335 2623.9344341419464 3000.0
220000.0 230000.0 122.43002539058216 651.1249380744514 394.8402885157184 999.69200000001 92.18900000001304 12994.159729602507 1623.1922380286637 1607.6177639176499 1623.1922380286637 15.574474111013881 3827690.7971238974 2362.594823733894 14.851830698686515 2362.594823733894 2347.7429930352073 3000.0
230000.0 240000.0 44.544125000044005 621.2937994791663 402.3115796770756 999.880999999994 20.74900000001071 16391.476992488497 2150.0118705984282 2129.9736268563315 2151.0118705984282 19.038243742096682 5240644.572767235 3256.2946245634084 21.76088715442405 3256.2946245634084 3232.5337374089845 3600.0
240000.0 250000.0 17.585679687501397 748.8708691406246 313.39873593727475 999.9309999999823 269.3099999999977 11900.328279561485 2492.5970920527775 2478.3310277747305 2492.5970920527775 14.266064278046969 5987589.073579514 3678.150407014916 14.266064278046969 3678.150407014916 3663.8843427368683 4400.0
250000.0 260000.0 1978.0932714842493 617.1410882812614 399.03931085263594 999.6140000000014 86.9430000000284 11137.903795072478 1527.4998065316377 1514.1231287406965 1527.4998065316377 13.376677790941319 3566722.894551144 2256.72808857544 13.376677790941319 2256.72808857544 2243.3514107844985 3280.0
260000.0 270000.0 944.8180175781017 648.2128683364033 348.96163550443566 999.7370000000228 138.489990234375 13408.684364834167 1802.9559518710623 1786.9026948425658 1802.9559518710623 16.05325702849676 4475977.999130126 2757.8445266733397 16.05325702849676 2757.8445266733397 2741.791269644843 3000.0
270000.0 280000.0 2063.180138671829 667.7391930989611 368.7057243655632 999.9920000000275 3.3119999999762513 10874.943026493154 1442.4000427888188 1429.3444930398778 1442.4000427888188 13.055549748941068 3385259.1877896325 2091.6022496624087 13.055549748941068 2091.6022496624087 2078.546699913468 3000.0
280000.0 290000.0 886.0576093749842 694.6514972426504 363.44261069305196 999.954000000027 123.71999999997206 15133.692668124793 1939.7297974173416 1921.5938599478081 1939.7297974173416 18.1359374695333 4745397.278548113 2926.0914672940353 18.1359374695333 2926.0914672940353 2907.955529824502 3000.0
290000.0 300000.0 269.96327929687686 686.6811695556644 398.4996779860961 999.7519999999786 22.847992187482305 13055.160234560919 1535.424893540918 1519.7774508337616 1535.424893540918 15.64744270715651 3684289.2840258256 2243.8830504514717 15.64744270715651 2243.8830504514717 2228.235607744315 3000.0
