ts te idle avg_span std_span max_span min_span c_bytes_all c_ack_cnt c_ack_cnt_p c_pkts_all c_pkts_data s_bytes_all s_ack_cnt s_ack_cnt_p s_pkts_all s_pkts_data videorate
0.0 10000.0 6738.7880625 597.8737759915869 351.1932191700121 998.5430000000015 16.971000000001368 25868.41439600127 277.6453210096218 248.06625625247742 284.64532100962185 28.57906475714437 554515.0477980506 430.6128215120177 34.57906475714437 430.6128215120177 390.03375675487337 958.6666666666666
10000.0 20000.0 1086.4951308593736 686.8369543269232 334.13304621597246 998.8830000000016 17.464884765624447 20543.513606523433 869.4142369480137 843.8364313097661 869.4142369480137 24.577805638247668 1470068.0472313594 1087.9765154244355 25.577805638247668 1087.9765154244355 1061.3987097861877 472.0
20000.0 30000.0 1170.6541621093784 669.4010478980656 384.67888847329954 998.8890000000029 31.8179999999993 14464.043810306071 1456.5723989143687 1437.2300655540607 1457.5723989143687 17.342333360307872 3018371.6346062254 2008.5593723244267 17.342333360307872 2008.5593723244267 1991.2170389641187 3706.6666666666665
30000.0 40000.0 216.04797656249139 671.007717954283 341.70564695244263 999.4660000000003 22.938999999998487 22866.020392003342 2770.707967814253 2743.542097692478 2773.707967814253 26.16587012177529 6024442.71520309 3832.296559708172 29.16587012177529 3832.296559708172 3799.1306895863972 3000.0
40000.0 50000.0 16.61111328125844 648.3634601332716 423.61270989185044 999.8699999999953 67.90200000000186 13528.051214035571 2267.0164084383177 2250.793069704309 2267.0164084383177 16.223338734008994 4954499.620878319 3062.8424802092463 16.223338734008994 3062.8424802092463 3046.6191414752375 4000.0
50000.0 60000.0 433.0272343750112 764.162321940104 322.279068344606 999.9959999999992 111.52188671875047 12603.956581130311 2079.1107183113995 2063.9991309228835 2079.1107183113995 15.111587388515808 5055333.752841005 3135.1605586712813 15.001013297897234 3135.1605586712813 3120.1595453733844 3466.6666666666665
60000.0 70000.0 66.41787695311359 715.2045114746106 398.3207033996404 999.7820000000065 100.72900000000664 14089.99379505718 1846.0016434779475 1829.1227909897561 1846.0016434779475 16.878852488191427 4537710.296630765 2854.8769480882706 16.98942657881 2854.8769480882706 2837.8875215094604 3200.0
70000.0 80000.0 52.20792578124383 670.3519266357425 423.11449261775124 999.8910000000033 72.7219999999943 12510.397039273226 2388.5344803410117 2373.534008797931 2388.5344803410117 15.00047154307984 5833035.507306101 3551.576524007773 15.00047154307984 3551.576524007773 3536.576052464693 4400.0
80000.0 90000.0 47.42899609373126 653.3660074462896 440.45454677993183 999.9600000000064 66.36900000000605 12528.579025699259 2249.231665917452 2234.2096005662656 2249.231665917452 15.022065351186766 5588047.523859969 3425.1053446515584 15.022065351186768 3425.1053446515584 3410.083279300372 4400.0
90000.0 100000.0 36.88135742186569 692.208283088235 413.3896107006769 999.9689999999973 64.8579999999929 13272.24217907639 2376.584650627673 2359.6772273321694 2376.584650627673 15.907423295504012 5821850.692908537 3563.3556847328837 15.811541164498816 3563.3556847328837 3546.5441435683847 4400.0
100000.0 110000.0 563.4944746093679 727.6919545641446 364.81910671396327 999.6330000000016 0.0 15659.97476768987 2736.4062176502416 2718.2795545406784 2737.4062176502416 18.12666310956304 6447076.852765497 3973.260674137136 19.222545240568234 3973.260674137136 3953.038128896568 4400.0
110000.0 120000.0 35.71392382812337 692.0418791360314 383.0459378657385 999.9800000000105 21.48101367187337 12473.444948758515 2327.5732287126393 2311.616030206157 2327.5732287126393 14.95719850648256 5996876.695582011 3624.149855856809 15.95719850648256 3624.149855856809 3607.192657350326 4400.0
120000.0 130000.0 1506.3939023437852 732.7287400173615 356.22079214291836 999.8660000000091 62.1140000000014 16409.998992746754 2388.1376555491556 2369.115192211414 2389.1376555491556 19.02246333774169 5459886.556994259 3382.7350137413036 20.02246333774169 3382.7350137413036 3361.7125504035616 4400.0
130000.0 140000.0 72.11419726561871 728.9659924538348 364.5749604424439 999.984999999986 37.586000000010245 13992.271919356595 2479.701601119513 2462.939105222613 2479.701601119513 16.762495896899587 5847770.807778257 3620.4290623777774 15.91724410055489 3620.4290623777774 3604.5118182772226 3600.0
140000.0 150000.0 30.815376953134546 745.3213263888886 349.4835666158221 999.7809999999881 0.0 12753.51054162944 2489.776359879475 2474.4867568175214 2489.776359879475 15.28960306195348 6024961.84173811 3651.10250810004 16.134854858298176 3651.10250810004 3634.9676532417416 4400.0
150000.0 160000.0 38.58063281245995 748.6595998697973 361.34832647638166 999.9310000000114 32.75403906250722 12467.211544001624 2350.6095735977465 2335.66039124145 2350.6095735977465 14.949182356296463 5895674.682181994 3504.2798846943265 14.949182356296465 3504.2798846943265 3489.3307023380303 4400.0
160000.0 170000.0 62.81498828125768 654.8378743896483 440.2107964366556 999.9139999999898 83.35204101563431 12493.618645500763 2284.2167858211023 2269.2362411114814 2284.2167858211023 14.980544709620858 5549610.102849178 3373.0599803531704 14.980544709620858 3373.0599803531704 3358.07943564355 4400.0
170000.0 180000.0 67.97563476566575 656.8258342285117 431.96334436918863 999.8409999999858 101.52799999999115 12486.457233451416 2386.188839278723 2371.2167998090663 2386.188839278723 14.972039469657265 5734030.260365143 3504.828471258699 14.972039469657265 3504.828471258699 3489.8564317890423 4400.0
180000.0 190000.0 32.186126953107305 680.126083240326 384.69314962929093 999.5909999999858 5.777999999991152 13521.894898151184 2744.529026219768 2728.324875509375 2744.529026219768 16.204150710393332 6328943.2284743935 3967.4318231074035 16.204150710393332 3967.4318231074035 3951.22767239701 4400.0
190000.0 200000.0 250.6061875000014 834.5363887939475 268.29522173801075 999.8619999999937 1.5238828125002328 13256.589500316397 2492.53562005415 2476.6494657911912 2492.53562005415 15.886154262958687 6046612.655096846 3657.246986657238 15.886154262958687 3657.246986657238 3641.360832394279 4400.0
200000.0 210000.0 140.1237109375361 669.8511730957034 420.99909905024214 999.9569999999949 20.289734374993714 12438.789499722328 2446.438466236088 2431.5225076723978 2446.438466236088 14.915958563690628 5898519.195014336 3594.824062605974 14.915958563690628 3594.824062605974 3579.9081040422834 4400.0
210000.0 220000.0 50.91691406245809 652.4637410888681 440.3883900550609 999.9830000000075 67.18799999999464 12545.336912548275 2226.617239900952 2211.575272071322 2226.617239900952 15.041967829629781 5726363.811761117 3499.2858721695543 15.041967829629781 3499.2858721695543 3484.2439043399245 4400.0
220000.0 230000.0 53.1100292968913 664.3980043945285 429.97148210251754 999.68299999999 82.52010742187849 12499.16532196858 2214.4542361494982 2199.4671039381337 2214.4542361494982 14.98713221136411 5405141.307964345 3307.8453105917006 14.98713221136411 3307.8453105917006 3292.8581783803365 4400.0
230000.0 240000.0 227.63879882812034 751.0125062499995 364.2524650301331 999.6659999999974 22.090087890625 12637.709668602292 2490.2074612614797 2475.0557870707403 2490.2074612614797 15.151674190739065 5714969.175326431 3531.7057336191083 15.151674190739065 3531.7057336191083 3516.5540594283693 3933.3333333333335
240000.0 250000.0 1146.4013007813483 649.9286760253817 383.81514861426496 999.8449999999721 99.75 13593.487126840668 1889.5222338227718 1873.2330567125098 1889.5222338227718 16.289177110262074 4363059.017691871 2750.6591252456856 16.289177110262074 2750.6591252456856 2734.369948135424 4000.0
250000.0 260000.0 53.47269531246275 726.5316667968796 388.8096566677448 999.9729999999981 69.58899999997811 12979.357487986254 2409.946247500751 2394.388815804805 2409.946247500751 15.557431695945668 5815571.53837355 3628.8527066181423 15.557431695945668 3628.8527066181423 3613.2952749221963 4400.0
260000.0 270000.0 39.06976953125559 653.4083182373033 444.43311349505177 999.5499999999884 55.51500000001397 12518.076400179147 2277.872014155605 2262.8624222314015 2277.872014155605 15.009591924203264 5733992.494401125 3566.5203940617594 15.009591924203264 3566.5203940617594 3551.5108021375563 4400.0
270000.0 280000.0 701.593220703071 649.2104190027594 403.7470612827143 999.890000000014 0.0 12583.892551443849 2420.097562930694 2405.0098045560576 2420.097562930694 15.0877583746364 5865295.263288919 3608.360541629561 15.0877583746364 3608.360541629561 3593.2727832549244 4400.0
280000.0 290000.0 68.39004687493434 656.0155739746115 438.5100848269877 999.2880000000005 33.463999999978114 12432.766029903436 2347.087509238116 2332.1792360434565 2347.087509238116 14.908273194659662 5428433.564131506 3402.413436002128 14.908273194659662 3402.413436002128 3387.5051628074684 4400.0
290000.0 300000.0 85.57442578132031 651.2002996826122 441.0146138758407 999.8020000000251 70.26400000002468 12478.062725852635 2309.663563038849 2294.701493293181 2309.663563038849 14.962069745668213 5655975.561946545 3487.468465749304 14.962069745668213 3487.468465749304 3472.506396003636 4400.0
