ts te idle avg_span std_span max_span min_span c_bytes_all c_ack_cnt c_ack_cnt_p c_pkts_all c_pkts_data s_bytes_all s_ack_cnt s_ack_cnt_p s_pkts_all s_pkts_data video_rate
0.0 10000.0 7377.0947265625 583.9076085611981 357.35350538825094 999.3460000000014 45.22899999999936 17497.06731512573 184.27807097858147 162.83979219915818 191.53705937100855 19.438278779423253 387698.3851106718 310.8275716443679 24.697267171850356 310.8275716443679 280.6123276876633 1092.8
10000.0 20000.0 1561.5694843750025 661.5194078275242 314.97128459023673 999.3759999999966 86.25 25923.881657715796 880.7237484663931 850.7649416657432 882.464760073966 29.958806800649906 1552902.8791059314 1141.9247026618505 31.699818408222804 1141.9247026618505 1107.7428610384818 472.0
20000.0 30000.0 3093.7658183593812 594.0735576171869 312.0783131319131 999.7869999999966 61.07299999999668 15017.131370027546 1080.3539081721499 1062.3543094780339 1080.3539081721499 17.999598694115996 1945392.939310766 1308.2123722859706 17.432374969208578 1308.2123722859706 1290.7799973167619 1087.5
30000.0 40000.0 3046.301382812504 541.3169351806637 375.6262537420187 999.4199999999983 14.312066406251688 12855.505991768125 1398.2288177675437 1382.8332293493986 1398.2288177675437 15.395588418144822 3088023.1377853616 1967.6198987924793 15.566675796885253 1967.6198987924793 1952.053222995594 2033.3333333333333
40000.0 50000.0 55.51053124998725 711.8987701056993 357.8001830827809 999.9340000000011 31.95799999999872 14613.248817693031 1812.6609411150428 1795.1315568568657 1812.6609411150428 17.52938425817699 4205654.401621378 2680.699308800884 17.925520604343973 2680.699308800884 2662.7737881965395 3000.0
50000.0 60000.0 31.237710937479278 615.9026538373172 440.349754029193 999.9370000000054 38.703999999997905 13318.581760534496 1700.9228280255134 1684.9482653645462 1700.9228280255134 15.974562660967333 4214316.516682189 2625.353135456547 15.974562660967333 2625.353135456547 2609.37857279558 3600.0
60000.0 70000.0 31.63421874999767 712.2602892795136 404.9742345087195 999.9909999999945 7.760999999998603 12529.255244017237 2275.560967768286 2259.5380993074577 2275.560967768286 15.022868460828072 5396427.818178494 3343.2945291604124 15.022868460828072 3343.2945291604124 3327.2716606995846 4400.0
70000.0 80000.0 260.9503046874888 749.887165893555 325.47966546379183 999.9949999999953 164.80800000000454 13373.805734207215 1921.3004715018797 1905.2737525609848 1921.3004715018797 16.026718940895034 4670445.867272972 2923.996339943379 16.026718940895034 2923.996339943379 2907.969621002484 3233.3333333333335
80000.0 90000.0 46.92210156250803 668.560377075195 409.90956721530245 999.9109999999928 51.330000000001746 13331.93449945204 1996.5880233360976 1980.610300194262 1996.5880233360976 15.977723141835675 5149932.253070919 3143.337079780713 15.977723141835675 3143.337079780713 3127.359356638877 3800.0
90000.0 100000.0 1971.5125937500125 674.4338897235564 381.6081347605741 999.8059999999969 85.625 10305.844186305563 1803.5486363617633 1791.183226521278 1803.5486363617633 12.365409840485645 4484488.7981288005 2803.9967474236423 12.365409840485645 2803.9967474236423 2791.631337583157 4400.0
100000.0 110000.0 427.64424804688315 784.6943724724243 298.9518075986788 999.94200000001 10.62890625 14452.864776080636 2061.7545911942184 2044.4326724362563 2061.7545911942184 17.3219187579623 4969458.263292816 3079.8646403740604 17.311060004477284 3079.8646403740604 3062.553580369583 3200.0
110000.0 120000.0 32.49648046877701 719.1140159333881 359.91349808596516 999.9659999999858 75.61699999999837 16680.345442148624 2206.0650825294074 2186.1027665268493 2206.0650825294074 19.962316002557884 5409834.345258366 3245.4497389559815 19.9731747560429 3245.4497389559815 3225.476564199939 3400.0
120000.0 130000.0 3294.8461113281373 615.2815118489555 401.38786389817375 999.9489999999932 0.0 11160.308382377538 1316.7323432773348 1303.335238725238 1316.7323432773348 13.397104552096739 3412410.176780191 2066.535657975567 12.767383860236375 2066.535657975567 2053.7682741153308 3000.0
130000.0 140000.0 641.1676503906201 736.2546138237844 287.25003103673396 999.8500000000058 163.1009999999951 14985.299326617878 1924.6520767399334 1906.7075407225725 1924.6520767399334 17.944536017360903 4865741.999732639 2923.9440513838763 18.574256709221263 2923.9440513838763 2905.369794674655 3000.0
140000.0 150000.0 62.653000000020256 663.9123820800778 407.23921922497925 999.7090000000026 75.08999999999651 12502.165297422682 1877.9236373953281 1862.9329422677479 1877.9236373953281 14.99069512758038 4881098.394362402 2891.898000670365 14.99069512758038 2891.898000670365 2876.9073055427843 4166.666666666667
150000.0 160000.0 43.316732421924826 614.396958224823 417.54586130325123 999.8699999999953 0.0 12524.575043464767 1967.088155126782 1952.070845098914 1967.088155126782 15.017310027867895 5015246.596376885 3015.2764676503034 15.017310027867895 3015.2764676503034 2999.259157622436 4400.0
160000.0 170000.0 370.7176308593771 742.9279073660728 371.51425019253753 999.3630000000121 87.1700000000128 12240.185155041097 1891.6177002437448 1876.9405207246937 1891.6177002437448 14.677179519051183 4913969.227929217 2930.7697570395994 14.677179519051183 2930.7697570395994 2916.0925775205483 3933.3333333333335
170000.0 180000.0 2049.195556640625 701.1439252232148 321.5061892197063 999.8489999999874 260.4750000000058 12744.969798279155 1683.233456504361 1667.9520196893027 1683.233456504361 15.281436815058377 4472867.897492764 2659.0178304751025 15.281436815058377 2659.0178304751025 2643.736393660044 3466.6666666666665
180000.0 190000.0 264.8510058593238 866.2265028076181 194.66893018660284 999.9079999999958 420.7829999999958 15454.18416710302 2302.7184180441845 2284.7698260200345 2303.7184180441845 17.948592024150017 5589983.2789107375 3404.825284159404 18.948592024150017 3404.825284159404 3384.876692135254 3400.0
190000.0 200000.0 949.2429453125224 666.9071334635412 381.15520653499595 999.1499999999942 132.55199999999604 12307.846034617825 1772.0481254514543 1757.2781542906628 1772.0481254514543 14.769971160791606 4654301.8235965 2767.1568853654935 14.769971160791606 2767.1568853654935 2752.386914204702 3840.0
200000.0 210000.0 1679.1166582031292 742.3343906249994 340.0793397536558 999.4020000000019 172.1579999999958 12789.181786480902 1906.9823937169829 1891.6508238993097 1906.9823937169829 15.33156981767328 4612782.4765665075 2774.10763220243 15.33156981767328 2774.10763220243 2758.7760623847566 3233.3333333333335
210000.0 220000.0 1015.104562499997 730.5376673177099 302.5815870651425 999.9180000000051 330.0810000000056 12543.210231137095 1585.9155211481113 1570.876079068376 1585.9155211481113 15.039442079735267 3996705.988666223 2434.4739720946777 14.410453977143815 2434.4739720946777 2420.063518117534 3000.0
220000.0 230000.0 178.70996289062896 746.7716835937517 303.48743818693924 999.94200000001 228.176025390625 13039.607982382004 1587.7520500506976 1572.1230619481062 1587.7520500506976 15.628988102591453 3922650.3512152545 2398.8896525389614 16.257976205182906 2398.8896525389614 2382.6316763337786 3000.0
230000.0 240000.0 2128.181634765613 716.9205094401049 348.5786747348675 999.7250000000058 32.92499999998836 16382.648221093674 1968.9177835226722 1948.8904512153442 1969.9177835226722 19.02733230732789 4745349.712565789 2935.7063349633954 20.02733230732789 2935.7063349633954 2913.679002656067 3000.0
240000.0 250000.0 80.0109355468303 595.911606336808 428.1887223748262 999.8080000000191 81.4089999999851 12775.978661277844 2056.0820065621388 2039.7653639497858 2056.0820065621388 15.31664261235325 5074202.7392007895 3107.852125269802 16.31664261235325 3107.852125269802 3090.5354826574485 3933.3333333333335
250000.0 260000.0 1305.9093515626155 679.6173282552006 358.4944706934981 999.5999999999767 80.32299999997485 11211.400750681358 1908.2277485302434 1894.7882966953482 1908.2277485302434 13.439451834895126 4636465.438886327 2819.1622388863257 13.439451834895126 2819.1622388863257 2805.7227870514303 3466.6666666666665
260000.0 270000.0 724.5745136719197 721.767166232632 345.79216171224544 999.7739999999758 52.055999999982305 17614.676146335234 2009.0776497044974 1988.532449642698 2010.0776497044974 20.54520006179916 4937079.203331691 3020.3434878998196 21.54520006179916 3020.3434878998196 2997.7982878380203 3000.0
270000.0 280000.0 27.19973242189735 636.0400011488955 415.1189481372138 999.7719999999972 49.15100000001257 12525.40299141005 1916.8573189204976 1900.839025581531 1916.8573189204976 15.018293338966807 4954994.076256212 2975.4174089609464 16.018293338966807 2975.4174089609464 2958.39911562198 4166.666666666667
280000.0 290000.0 1337.8137968750088 661.8551396484337 422.29007094340795 999.8989999999758 33.86999999999534 11377.893229201843 1690.1875278441587 1676.5344479995008 1690.1875278441587 13.653079844657771 4462948.013311207 2651.047147183642 13.653079844657771 2651.047147183642 2637.3940673389843 4400.0
290000.0 300000.0 1975.1800996093662 761.7152110770154 365.67851865881283 999.8939999999711 88.053955078125 13352.0 1770.3795544927132 1754.280919575529 1770.4781894098971 16.0 4259803.93099991 2656.7802524015965 16.0 2656.7802524015965 2640.7802524015965 3233.3333333333335
