ts te idle avg_span std_span max_span min_span c_bytes_all c_ack_cnt c_ack_cnt_p c_pkts_all c_pkts_data s_bytes_all s_ack_cnt s_ack_cnt_p s_pkts_all s_pkts_data video_rate
0.0 10000.0 7054.50390625 686.9108199218747 364.6329996920775 998.9729999999981 67.912109375 19650.54890523204 326.77219320079865 303.79299250513395 331.77219320079865 21.979200695664687 657935.2718574527 491.3847186829629 25.040641747410454 491.3847186829629 462.34407693555244 958.6666666666666
10000.0 20000.0 1948.3398476562434 692.5466233552637 290.58034612883455 999.9470000000001 61.15191015625169 19256.27178973537 587.133158291939 563.7307146148917 588.133158291939 22.402443677047334 1105938.857195823 827.7401066618501 25.341002625301567 827.7401066618501 799.3991040365484 288.0
20000.0 30000.0 4698.447171874992 527.338375901443 303.77990785831634 982.2920000000013 48.54000000000087 12514.876331529185 332.19428226710534 317.1836471198294 332.19428226710534 15.010635147275899 619560.1814094023 454.61034900154374 15.010635147275899 454.61034900154374 439.59971385426786 288.0
30000.0 40000.0 6763.187265624991 396.05090660511433 186.56497641630318 683.997000000003 135.06900000000314 15593.3825620398 360.89784364121476 342.1943018625435 360.89784364121476 18.703541778671195 933006.0903435668 625.6848526638041 18.703541778671195 625.6848526638041 606.9813108851329 536.0
40000.0 50000.0 6269.848374999994 432.1076528764216 236.0428770413472 783.4550000000017 159.1820000000007 12604.82097659156 509.0751580418972 493.95496421096226 509.0751580418972 15.120193830935051 1245700.3343690864 838.9170471910251 15.120193830935051 838.9170471910251 823.79685336009 840.0
50000.0 60000.0 6175.854941406244 431.5573638139216 237.08880120092044 760.4199999999983 150.8619999999937 12156.294421440447 446.39422432418513 431.8140985909637 446.39422432418513 14.58012573322149 1215784.219525167 782.8294479991614 14.58012573322149 782.8294479991614 768.2493222659399 840.0
60000.0 70000.0 6545.431019531243 381.4553648792617 238.37429158364583 780.8870000000024 107.03800000000047 12811.03762168573 494.52421028170147 479.15571224234475 494.52421028170147 15.368498039356687 1275617.700297273 832.8521176582339 15.368498039356687 832.8521176582339 817.4836196188771 840.0
70000.0 80000.0 4874.285978515618 503.6779041341142 284.3652463708061 964.1570000000065 150.20500000000175 12485.985718701882 485.24566250511936 469.2685574856108 485.24566250511936 14.977105019508588 1214936.6440574888 804.0529711289986 14.977105019508588 804.0529711289986 788.07586610949 840.0
80000.0 90000.0 4520.7976425781235 523.1541538783484 312.2343180636692 999.9590000000026 125.03800000000047 17919.068161910523 677.8444652076688 655.9726761690781 678.8444652076688 20.87178903859069 1771093.5882479716 1140.7348962685605 22.87178903859069 1140.7348962685605 1115.86310722997 1452.5
90000.0 100000.0 2591.7148085937515 688.6288608774037 348.73927698518133 999.6999999999971 161.83400000000256 11913.586267840341 1117.456925094657 1103.1582576312862 1117.456925094657 14.298667463370744 2505083.108298875 1584.8930524570326 14.298667463370744 1584.8930524570326 1570.5943849936616 2300.0
100000.0 110000.0 1665.4281699218845 714.9845391710057 318.3951962118931 999.6290000000008 46.93900000001304 16130.127243293126 1564.4618771437133 1545.7740775673556 1565.4618771437133 18.687799576357634 3638125.0043978943 2286.3004402868273 19.687799576357634 2286.3004402868273 2265.61264071047 2300.0
110000.0 120000.0 2405.5720703124825 757.4691235351584 340.23758455951383 999.7570000000123 23.602000000013504 12324.318827422521 1432.5389513104171 1417.775631421822 1432.5389513104171 14.76331988859509 3425911.609405223 2194.1931647932297 14.76331988859509 2194.1931647932297 2179.4298449046346 2300.0
120000.0 130000.0 1833.865091796848 636.4979272135417 361.2757056615784 999.2680000000109 159.92199999999139 12505.431802728943 1380.0950092276278 1365.1005064565943 1380.0950092276278 14.994502771033627 3137413.497091109 2026.004027238083 14.994502771033627 2026.004027238083 2011.009524467049 2300.0
130000.0 140000.0 1210.223595703137 698.0961602864554 316.74334983186895 998.7300000000105 290.26699999999255 12513.17785092489 1265.8595370870714 1250.8557129584015 1265.8595370870714 15.003824128670146 3181722.076249961 1989.0417000449308 15.003824128670146 1989.0417000449308 1974.0378759162609 2300.0
140000.0 150000.0 1713.688824218756 684.467060424804 330.0341905003377 999.494000000006 110.00099999998929 13383.84031796547 1465.9846958611226 1449.9331431319224 1465.9846958611226 16.051552729200324 3224622.729275258 2014.9976956199857 16.051552729200324 2014.9976956199857 1998.9461428907855 2300.0
150000.0 160000.0 2492.0999804687162 705.4285529785175 325.15875683425685 999.1879999999946 93.3577441406378 13319.269832165555 1765.219544273254 1749.269761081719 1765.219544273254 15.949783191534964 4014442.844234347 2536.6848532408253 15.949783191534964 2536.6848532408253 2520.7350700492902 2300.0
160000.0 170000.0 1198.3001621093426 696.8995225260461 328.81980744502147 997.945000000007 129.93400000000838 12518.576346387099 1196.4588295639371 1181.448509050836 1196.4588295639371 15.0103205131012 3132022.0969530954 1903.5539068828573 15.0103205131012 1903.5539068828573 1888.5435863697562 2300.0
170000.0 180000.0 1278.4750527343713 704.2574095052084 315.38766878952333 999.93299999999 105.65299999999115 12991.964126600478 1254.6369448568207 1239.0485151761118 1254.6369448568207 15.588429680709014 3113182.9285799847 1921.2791810902856 14.950162583553384 1921.2791810902856 1906.3290185067324 2300.0
180000.0 190000.0 1115.6458242188091 612.7022288602893 386.02330346262744 999.8569999999891 101.99700000000303 13174.003675465732 1227.0257541051544 1211.235616564495 1227.0257541051544 15.790137540659478 2919362.24881469 1802.7986621767836 16.42840463781511 1802.7986621767836 1786.3702575389686 2300.0
190000.0 200000.0 1902.1985996094008 668.4268639322894 358.72125928827904 999.7140000000072 11.615082031261409 11356.938491306628 1377.7423932813576 1363.129496852458 1377.7423932813576 13.612896428899669 3139249.5161524564 1957.482045227554 13.612896428899669 1957.482045227554 1942.8691487986544 2300.0
200000.0 210000.0 1011.1652070312412 735.2975344366783 363.16773806313745 999.2630000000063 1.929999999993015 16598.6279783324 1488.6835014328788 1469.324414301635 1489.6835014328788 19.359087131243687 3671824.079045941 2302.826020325912 20.359087131243687 2302.826020325912 2281.466933194669 2300.0
210000.0 220000.0 1163.502689453133 705.8609373779291 359.27238985502544 999.734999999986 132.00800000000163 12689.893572894493 1249.1254933332561 1233.8965648877415 1249.1254933332561 15.22892844551457 3057279.9401560463 1965.3154671002449 14.58171089467634 1965.3154671002449 1950.7337562055686 2300.0
220000.0 230000.0 859.4186796875147 739.930873779298 316.77026684539953 999.0659999999916 36.89900000000489 12029.884564746853 1434.68827222014 1420.2745957199145 1434.68827222014 14.413676500225792 3220916.467351876 2068.4088891927477 15.060894051064022 2068.4088891927477 2053.3479951416834 2300.0
230000.0 240000.0 1151.5271308593801 716.3185534667955 320.3355508356716 999.6959999999963 107.1020000000135 12520.630999327226 1616.4247742885566 1601.4119812689091 1616.4247742885566 15.012793019647685 3330176.0888579166 2167.743678483776 15.012793019647685 2167.743678483776 2152.7308854641283 2300.0
240000.0 250000.0 1087.9336210938054 674.8370117187442 396.54965485605805 999.8769999999786 0.0 14648.650447922371 1591.9770682357175 1573.4187800216284 1591.9770682357175 17.558288214089053 3666191.652546997 2342.286138902515 17.558288214089053 2342.286138902515 2324.727850688426 2300.0
250000.0 260000.0 2041.34487304691 710.8095990885437 383.63291710510015 999.8329999999842 3.087999999988824 12507.39059150478 1420.129571494353 1405.1326705543236 1420.129571494353 14.99690094002943 3202799.8533667712 2053.750140321 14.99690094002943 2053.750140321 2038.7532393809702 2300.0
260000.0 270000.0 4599.402587890567 545.3563677884612 403.94998404407903 997.6369999999879 4.732000000018161 10363.89466882055 1111.3701934147716 1098.9374936299637 1111.3701934147716 12.432699784807753 2583514.4283920475 1684.4319541667014 12.432699784807753 1684.4319541667014 1671.9992543818937 2300.0
270000.0 280000.0 146.60704101563897 689.7702634662794 351.75879883239924 999.9820000000182 96.625 16804.989531268402 1601.9252927320706 1582.381883015585 1602.9252927320706 19.54340971648554 3789536.961191841 2422.7644656046714 20.54340971648554 2422.7644656046714 2401.2210558881857 2300.0
280000.0 290000.0 1789.9757812501048 748.4660845424057 289.0642935480178 999.7019999999902 305.74300000001676 12060.333021336235 1442.3099988723382 1427.8602406554849 1442.3099988723382 14.449758216853372 3257822.473513758 2106.2523656567655 14.449758216853372 2106.2523656567655 2091.802607439912 2300.0
