ts te idle avg_span std_span max_span min_span c_bytes_all c_ack_cnt c_ack_cnt_p c_pkts_all c_pkts_data s_bytes_all s_ack_cnt s_ack_cnt_p s_pkts_all s_pkts_data video_rate
0.0 10000.0 5780.181345703124 673.6916250000002 317.9741968209667 999.9360000000015 163.57300000000032 19933.60603931607 1109.6897416392865 1087.448683076248 1113.6897416392865 22.24105856303855 2666855.2742253304 1669.9671756792611 36.91555783666268 1669.9671756792611 1629.0516178425985 2300.0
10000.0 20000.0 550.6291230468778 623.2359278067133 370.06664146794265 999.6600000000035 0.0 21123.930697434673 2189.1184470407816 2162.374704705344 2190.1184470407816 24.743742335437968 5535241.120309008 3111.9442660109216 46.08444216333732 3111.9442660109216 3062.8598238475843 2300.0
20000.0 30000.0 1518.2030488281234 702.2714523654512 333.1601524850535 999.2419999999984 15.079074218752794 15463.571356204175 1482.3439766807116 1463.8059631631938 1482.3439766807116 18.538013517517868 4087625.840211113 2195.4174872201006 35.08306027730737 2195.4174872201006 2160.3344269427935 3175.0
30000.0 40000.0 1270.1479062500002 659.1306589626734 371.1064431113115 999.8389999999999 37.19491601562186 13583.137215717657 1540.470670502532 1524.195599004463 1540.470670502532 16.27507149806896 4258337.343517678 2331.9695949647567 27.81588267972431 2331.9695949647567 2304.1537122850323 3000.0
40000.0 50000.0 124.51974218750547 678.9163864746097 392.75116466729617 999.7419999999984 0.0 11755.945215737736 1986.8343214597814 1972.731975027003 1986.8343214597814 14.1023464327785 5286907.169739741 2944.272341911722 24.00128938981017 2944.272341911722 2920.2710525219118 4400.0
50000.0 60000.0 53.41411718749441 706.0150576171882 370.8438250131085 999.8479999999981 98.59388671875058 13255.627171402723 2220.5186496758834 2204.631149859095 2220.5186496758834 15.887499816788319 5527093.073796029 3105.1761289303313 24.993633734973237 3105.1761289303313 3080.1824951953577 4400.0
60000.0 70000.0 3107.6810917968833 594.7613546316965 409.75919325009005 999.9949999999953 0.0 9344.182304186965 1600.0241930010231 1588.8119251646533 1600.0241930010231 11.212267836369838 3737004.1782011 2168.2530052829065 21.106133918184916 2168.2530052829065 2147.146871364722 3700.0
70000.0 80000.0 600.1469257812569 788.7832562255844 283.74694347972104 999.3769999999931 281.88099999999395 14998.97764858112 1593.4436701962802 1575.4595511126447 1593.4436701962802 17.984119083635512 4550271.04911351 2448.8719572071586 32.0 2448.8719572071586 2416.8719572071586 3000.0
80000.0 90000.0 150.79971093751374 732.6732864200346 359.34751132001566 999.997000000003 15.816900390622322 14150.659168795937 1821.954431073214 1805.0048467210236 1821.954431073214 16.94958435219017 5130877.51953608 2750.4157570835278 30.93370343582568 2750.4157570835278 2719.482053647702 3466.6666666666665
90000.0 100000.0 111.97484765626723 685.0904984130857 396.8823487901099 999.8999999999942 0.0 13248.59277738284 2085.024858206496 2069.146236829358 2085.024858206496 15.878621377138053 5363829.798079624 2965.129639200143 23.972458970656184 2965.129639200143 2941.157180229487 4400.0
100000.0 110000.0 30.11165429688117 774.2396874999993 351.9308134656573 999.7250000000058 93.09505664062453 12687.770405240102 2233.5314050190063 2218.3437298319704 2233.5314050190063 15.187675187036266 6101538.494699383 3315.8944209644474 27.09383759351813 3315.8944209644474 3288.8005833709294 4400.0
110000.0 120000.0 81.38681835940224 830.1562364501951 199.87158703221908 999.5139999999956 409.9400000000023 13317.156587130916 2448.47212750772 2432.487790206341 2448.47212750772 15.984337301379165 6392878.878994055 3519.253269123293 25.0 3519.253269123293 3494.253269123293 4400.0
120000.0 130000.0 1812.1645585937367 674.2548445870551 379.3659098068234 999.2749999999942 15.602898437500698 10761.999106903866 1683.151003466594 1670.2314923606136 1683.151003466594 12.919511105980323 4494358.219669652 2523.108720666074 22.90384840735949 2523.108720666074 2500.2048722587147 4400.0
130000.0 140000.0 218.52761328124325 745.3247402343744 340.15129985286126 999.7080000000133 0.0 14189.443740496572 1892.7599358622679 1875.7630532519063 1892.7599358622679 16.99688261036167 5028406.18484042 2816.7848666008476 28.99688261036167 2816.7848666008476 2787.787983990486 3233.3333333333335
140000.0 150000.0 2857.055816406297 574.1829906249963 403.62686713730847 999.877999999997 0.0 11321.80630261522 1563.4818610207685 1549.9165519706196 1563.4818610207685 13.565309050148876 4116925.5359803997 2242.2269487689487 22.031349118018912 2242.2269487689487 2220.19559965093 3560.0
150000.0 160000.0 1976.1008925781061 679.7995140830585 289.61648577979423 998.9590000000026 262.99600000001374 14831.321924378792 1855.9842837529632 1838.2070030434497 1855.9842837529632 17.777280709513306 4750846.339423597 2663.5909603292016 35.55456141902661 2663.5909603292016 2628.036398910175 3000.0
160000.0 170000.0 110.7933183592977 709.8295073242261 356.21688432242564 999.8710000000137 0.0 13780.58372840195 2405.024619453249 2388.5085289174667 2405.024619453249 16.5160905357821 5596735.232396773 3238.446930767865 26.27276975839876 3238.446930767865 3212.1741610094664 3933.3333333333335
170000.0 180000.0 1975.409949218767 653.1397015380862 392.65218828871514 999.4469999999856 0.0 11773.898343102992 1855.1041723876608 1840.9804010995697 1855.1041723876608 14.123771288091032 4600684.436406115 2578.963663915787 23.61482732454308 2578.963663915787 2555.3488365912435 3840.0
180000.0 190000.0 2593.905689453153 633.0548731553814 368.6951870097272 999.5590000000084 0.0 12363.41991491666 1619.7173176486713 1604.8960738499925 1619.7173176486713 14.821243798678854 4211941.308374911 2336.346652566368 28.034614162162136 2336.346652566368 2308.312038404206 3000.0
190000.0 200000.0 2422.205847656267 751.2075080915175 324.0579259011957 999.8390000000072 259.95900000000256 12739.127201650623 1348.4122923950006 1333.1328689783534 1348.4122923950006 15.2794234166471 3842025.2188915787 2043.0753299745927 25.591147200129345 2043.0753299745927 2017.4841827744633 3000.0
200000.0 210000.0 151.51394726565923 702.2185032958969 380.8858464000704 999.7280000000028 16.13295117186499 13169.329800272326 1770.8535563877024 1755.0731623416254 1770.8535563877024 15.780394046076918 3945390.438888186 2342.9164409432183 26.764243862659345 2342.9164409432183 2316.152197080559 3000.0
210000.0 220000.0 1876.5806914062705 690.6533041130494 343.700577679283 999.9400000000023 115.76000000000931 13111.261410330582 1601.0248056728128 1585.306337130848 1601.0248056728128 15.718468541964691 4232607.770757958 2247.9987135369997 28.238856592716218 2247.9987135369997 2219.7598569442835 3000.0
220000.0 230000.0 1724.7823027343838 745.2429207763689 332.51729809450904 999.9599999999919 36.98799023436732 12876.64476606029 1558.5029762416339 1543.0686242239885 1558.5029762416339 15.434352017645217 4356896.592952346 2234.7555600217215 28.996899544624437 2234.7555600217215 2205.758660477097 3000.0
230000.0 240000.0 77.60407812497579 697.0732460937543 378.907174253513 999.3669999999984 0.0 13256.305717500474 2240.730559315376 2224.8424447692582 2240.730559315376 15.888114546117809 5518910.39671733 2903.666549494641 24.90258948419353 2903.666549494641 2878.7639600104476 4400.0
240000.0 250000.0 33.50599804686499 713.0222556152385 366.96340582677635 999.670999999973 97.13805859375861 11756.001448458595 2078.624171199572 2064.5216672506176 2078.624171199572 14.102503948954228 5721071.632846365 2779.1819090132653 25.00509343314776 2779.1819090132653 2754.1768155801174 4400.0
250000.0 260000.0 27.471720703179017 828.5094492187459 287.2292432819721 999.8279999999795 92.25596874998882 14948.521504814003 2211.503273627712 2193.602737873928 2211.503273627712 17.900535753783842 6410692.533225521 3056.686715705853 27.996426418221276 3056.686715705853 3028.6902892876324 4400.0
260000.0 270000.0 63.830408203124534 702.8811175537085 377.9009944956316 999.8989999999758 95.58688281249488 11755.42821467091 2054.47681328634 2040.3987496395262 2054.47681328634 14.078063646814023 5297652.95021751 2674.0714785031323 24.095890664437434 2674.0714785031323 2649.9755878386945 4400.0
270000.0 280000.0 39.881070312461816 702.2463104248054 379.57149986000184 999.3969999999972 111.68600195314502 11763.750288295229 2061.155460751629 2047.0417430695684 2061.155460751629 14.113717682060841 5503340.208887041 2802.1451022378396 25.0 2802.1451022378396 2777.1451022378396 4400.0
280000.0 290000.0 18.267630859394558 721.8607073974599 356.831361574557 999.630999999994 113.5380351562635 13975.711511710992 2086.7648965703424 2069.9989790863533 2086.7648965703424 16.765917483989146 5668669.196169637 2771.783006549837 26.765917483989146 2771.783006549837 2745.017089065848 4400.0
290000.0 300000.0 51.15171093738172 752.5085187270272 342.683712169746 999.625 115.17971679684706 12661.466719254377 2443.752876709191 2428.5957796670928 2443.752876709191 15.157097042097991 6336645.589079197 3394.130285290503 26.080111568185128 3394.130285290503 3368.0501737223176 4400.0
