ts te idle avg_span std_span max_span min_span c_bytes_all c_ack_cnt c_ack_cnt_p c_pkts_all c_pkts_data s_bytes_all s_ack_cnt s_ack_cnt_p s_pkts_all s_pkts_data video_rate
0.0 10000.0 5908.921984375 640.6779169034089 342.8526200986399 999.6500000000015 0.0 18187.24100828381 1010.6080231193596 990.328522788815 1014.6080231193596 20.2795003305445 2546271.8141620113 1471.751460099778 33.76323940964499 1471.751460099778 1433.988220690133 2300.0
10000.0 20000.0 149.6159394531278 658.9280797526039 353.40936131034107 999.7790000000023 84.69799999999668 19019.758991716186 2686.3919768806404 2662.671477211185 2686.3919768806404 22.7204996694555 6024386.185837989 3475.248539900222 45.23676059035501 3475.248539900222 3429.011779309867 2300.0
20000.0 30000.0 176.1464355468779 779.2227392578129 262.0611710837545 998.8320000000022 246.4930000000022 18021.0 1769.106490613884 1748.106490613884 1770.106490613884 21.0 4989885.620269897 2586.146168283163 37.80375792879725 2586.146168283163 2547.3424103543657 3437.5
30000.0 40000.0 92.42837499999587 730.8773337545957 330.85631915647303 999.4080000000031 196.1886933593778 12510.0 1746.6720352178677 1730.6720352178677 1746.6720352178677 15.0 4795805.116282138 2536.1550030006347 27.196242071202747 2536.1550030006347 2507.958760929432 3700.0
40000.0 50000.0 20.98988867186563 714.9041051240827 352.2936340706428 999.9600000000064 112.90087890625 14113.911620479586 2084.3480817260283 2067.4195190476294 2084.3480817260283 16.928562678398812 5749239.310507435 3107.4091443771877 28.041754687151574 3107.4091443771877 3079.3673896900364 4400.0
50000.0 60000.0 3660.884908203123 543.5152805606614 370.12959956533604 999.5890000000072 0.0 10744.051925532483 1374.2012155540979 1361.314001570945 1374.2012155540979 12.88721398315319 3807984.6746577444 2062.240588096536 23.608321049035432 2062.240588096536 2038.6322670475008 3466.6666666666665
60000.0 70000.0 562.5316660156241 692.7593619791668 313.8907912008454 999.648000000001 216.10599999999977 13284.64750028735 1487.116274280121 1471.1849642998445 1487.116274280121 15.93130998027656 4326331.734146276 2132.37665930762 28.097010905641557 2132.37665930762 2104.279648401978 3000.0
70000.0 80000.0 63.90058789061732 716.340502061633 368.3609809254275 999.7989999999991 0.0 14710.448202665708 1975.9263253848587 1958.3106900399823 1975.9263253848587 17.615635344876413 5270837.107366574 2814.7481873926354 29.615635344876413 2814.7481873926354 2785.1325520477594 3466.6666666666665
80000.0 90000.0 4943.137855468754 514.5994561434662 363.6376093915044 999.0280000000057 112.985107421875 6428.0749725578635 850.034555666095 842.2842916414901 850.034555666095 7.750264024604992 2471721.1400450543 1177.8538011387923 14.863250035914959 1177.8538011387923 1162.9905511028774 4050.0
90000.0 100000.0 330.98682031249336 769.0816597493498 283.1717690677367 999.5939999999973 271.91999999999825 20713.363921441432 2093.8624140488673 2068.6027183464134 2094.8624140488673 24.259695702454106 5858504.0397571195 3038.801075423122 45.202159350883896 3038.801075423122 2991.5989160722374 3000.0
100000.0 110000.0 874.0577089843719 719.385708740233 288.7317892476873 999.9820000000036 262.0500000000029 12870.525809512208 1612.1608972933404 1596.7250132114013 1612.1608972933404 15.435884081939136 4397352.058524238 2369.314794356876 27.380434422199382 2369.314794356876 2341.9343599346766 3000.0
110000.0 120000.0 717.4683749999676 770.1850411376963 342.0695817492854 999.4459999999963 3.0089999999909196 14237.126662238776 1756.2503699970089 1739.1953374820835 1756.2503699970089 17.055032514925337 4719199.876861384 2566.177170830744 28.19143420429679 2566.177170830744 2537.9857366264473 3000.0
120000.0 130000.0 116.90636328124674 690.611558715822 362.175820632407 999.7090000000026 0.0 13013.267106191048 1868.1134401868321 1852.5174990746818 1868.1134401868321 15.595941112150316 5409336.084496935 2733.057993331162 24.72976971138943 2733.057993331162 2708.3282236197724 4400.0
130000.0 140000.0 54.555908203154104 679.6622995174616 370.37992892414405 999.0659999999916 43.78200000000652 11298.582279093545 2062.9011591712638 2049.3606985940423 2062.9011591712638 13.54046057722114 5618465.947687024 2818.7920929794595 24.27023028861057 2818.7920929794595 2793.521862690849 4400.0
140000.0 150000.0 356.25197460938944 682.3408739420532 379.431825601978 999.7069999999949 0.0 16297.0 2239.591093867073 2220.591093867073 2241.591093867073 19.0 6396845.785310504 3298.6555313861877 34.0 3298.6555313861877 3262.6555313861877 4400.0
150000.0 160000.0 107.8840566406725 819.9105304687497 192.2835561809958 999.8379999999888 419.8189999999886 12510.0 2119.7373466797994 2104.7373466797994 2119.7373466797994 15.0 5970398.865764676 3052.093302750248 25.0 3052.093302750248 3027.093302750248 4400.0
160000.0 170000.0 58.35424218745902 723.7312550048864 338.17961500502884 999.7710000000079 242.64199999999255 13122.656463268277 1894.334841462096 1878.6072209594022 1894.334841462096 15.727620502693915 5477351.831944425 2729.196084186133 25.0 2729.196084186133 2704.196084186133 4400.0
170000.0 180000.0 125.97325781252584 736.0627985677061 303.65232568886165 998.9700000000012 271.97201757811126 12567.969922460863 1954.1330618850598 1939.0428453319867 1954.1330618850598 15.09021655307333 5684533.482920668 2841.274673703318 25.817837055767242 2841.274673703318 2815.4568366475505 4400.0
180000.0 190000.0 3312.752751953114 715.0476238281273 378.83209076459343 999.9949999999953 0.0 12550.072984094853 1604.979017845433 1589.9301483526342 1604.979017845433 15.0488694927986 4095001.8408741653 2324.9761110445115 26.182162944232758 2324.9761110445115 2298.793948100279 3000.0
190000.0 200000.0 85.94845703124884 821.2696460503487 281.1123251871082 999.9020000000019 130.4780000000028 13481.300630176007 2121.721001932333 2105.587708480899 2121.721001932333 16.133293451434156 5942743.207860893 3099.1427136354096 33.0 3099.1427136354096 3066.1427136354096 3933.3333333333335
200000.0 210000.0 38.28237304688082 709.6593756103503 356.62531577468087 999.9569999999949 135.9280527343799 13165.612864752904 2030.3055674015318 2014.5060395176865 2030.3055674015318 15.799527883845004 5622878.146672947 2822.05576802055 25.799527883845002 2822.05576802055 2796.256240136705 4400.0
210000.0 220000.0 82.95278710935963 700.1055076904304 334.8424084272871 999.3250000000116 197.04404296874418 11854.387135247096 1858.5138264205852 1844.31335430443 1858.5138264205852 14.200472116154996 5363121.5290802745 2656.9942220077073 24.200472116154998 2656.9942220077073 2632.7937498915526 4400.0
220000.0 230000.0 35.25879492185777 714.8817668887889 318.45874389798945 999.8610000000044 90.83400000000256 12959.990442285922 1990.841126882677 1975.3066964286556 1990.841126882677 15.534430454021285 5683013.495492086 2863.6285546096206 26.06886090804257 2863.6285546096206 2837.559693701578 4400.0
230000.0 240000.0 97.76828906248556 750.0995876302109 330.448445513516 999.6499999999942 240.99299999998766 12697.38917423379 2193.817897133701 2178.5750353724547 2193.817897133701 15.242861761246655 5692869.814388571 2984.325102566083 24.70843130722537 2984.325102566083 2959.616671258858 4400.0
240000.0 250000.0 55.72343164056656 840.6598922697395 258.3782251663664 999.5040000000154 214.681884765625 13554.62038348029 2402.3807249639526 2386.15801717922 2402.3807249639526 16.22270778473206 6510592.122483157 3519.9056121307267 31.22270778473206 3519.9056121307267 3488.6829043459948 4400.0
250000.0 260000.0 89.65594531246461 745.6142542724629 315.461563086614 999.9650000000256 96.58399999997346 13790.994728933196 2089.780281602011 2073.2369144587183 2089.780281602011 16.543367143293008 5872344.2227179725 3050.029098377605 26.543367143293008 3050.029098377605 3023.485731234312 4400.0
260000.0 270000.0 1983.1890625000233 646.4690648437517 391.80624777717054 999.5489999999991 0.0 11249.752232800547 1930.5118728000302 1917.009778932301 1930.5118728000302 13.502093867728938 4762411.614973397 2615.971155422936 22.750681717535603 2615.971155422936 2593.2204737054008 4166.666666666667
270000.0 280000.0 1680.591962890583 624.5232941176475 385.7813534235264 999.9430000000284 0.0 11489.371552774212 1624.7299947213437 1610.9561075303363 1624.7299947213437 13.773887191006983 4617716.56465156 2331.8262777332316 24.344647543229247 2331.8262777332316 2307.4816301900023 3800.0
280000.0 290000.0 2299.5638710937346 672.9242031250033 303.3135793995674 999.4820000000182 115.6479999999865 13902.581634009552 1745.6127059681944 1728.9433392422548 1745.6127059681944 16.669366725939597 4548215.314968901 2378.2254333389646 30.605581715879623 2378.2254333389646 2347.619851623085 3233.3333333333335
290000.0 300000.0 139.60920117184287 698.7402773437481 349.0626795894731 999.125 133.26709179684985 12763.483552490212 1506.5706626836811 1491.2713487079818 1506.5706626836811 15.29931397569942 4192047.538770402 2097.066484224624 27.54375078373046 2097.066484224624 2069.5227334408937 3000.0
