ts te idle avg_span std_span max_span min_span c_bytes_all c_ack_cnt c_ack_cnt_p c_pkts_all c_pkts_data s_bytes_all s_ack_cnt s_ack_cnt_p s_pkts_all s_pkts_data video_rate
0.0 10000.0 8152.68068359375 402.0181998697917 344.8140500346011 999.5200000000004 68.660888671875 12760.836934463772 354.83918802436494 341.16986029948333 358.83918802436494 13.669327724881597 585586.9813813207 401.81955348237784 14.669327724881597 401.81955348237784 383.1502257574962 2300.0
10000.0 20000.0 171.00906445312648 759.0764500325517 288.67950515388833 999.9429999999993 92.26399999999921 22658.060423122777 2899.300163460209 2872.22007049669 2899.300163460209 27.080092963519313 6294930.124581747 4010.3197980021964 27.080092963519313 4010.3197980021964 3983.239705038677 2300.0
20000.0 30000.0 12.916253906252678 577.3801326349432 409.72046428095166 999.7580000000016 0.12099999999918509 14920.314537779781 2324.222726655262 2306.343629653204 2324.222726655262 17.879097002057918 6158666.17405814 3789.672991033992 17.879097002057918 3789.672991033992 3771.7938940319336 4137.5
30000.0 40000.0 522.9633593749895 710.6320099826395 309.82326723175805 999.7860000000001 174.41500000000087 13495.766049350172 2120.692559944332 2104.5102608339275 2120.692559944332 16.182299110404433 5966024.745738311 3524.5670212234404 15.776890709972802 3524.5670212234404 3508.7901305134674 4400.0
40000.0 50000.0 45.56299023437896 754.3435633544918 292.9272460919481 999.7309999999998 224.2739999999976 11837.022055283494 1875.3362296722507 1861.147046473114 1875.3362296722507 14.18918319913674 5404481.778621022 3137.1321883240225 14.594591599568371 3137.1321883240225 3122.5375967244545 4400.0
50000.0 60000.0 81.16327734375955 791.4516601562492 268.7376367020021 999.9499999999971 272.093994140625 14643.935893412148 2395.928285092407 2378.3837840160068 2395.928285092407 17.544501076400177 6643376.368633005 3918.147877154601 17.544501076400177 3918.147877154601 3900.6033760782007 4400.0
60000.0 70000.0 93.1402519531257 679.7269028033094 371.54265911097553 999.8429999999935 65.42500000000291 12676.647932269116 1994.2469443740601 1978.3605642050038 1994.2469443740601 15.200780641288091 5515352.300899617 3254.0747672415628 15.200780641288091 3254.0747672415628 3238.1883870725064 4400.0
70000.0 80000.0 1444.6731874999969 665.0933327287951 413.31754570141493 999.9649999999965 39.88199999999779 10209.416174318736 1615.4339027771143 1602.8647840225713 1615.4339027771143 12.25471828231173 4669933.526086838 2686.265803537807 12.25471828231173 2686.265803537807 2673.696684783264 4400.0
80000.0 90000.0 527.7766542968602 643.4814817425276 371.0534808496133 999.7920000000013 39.937999999994645 21005.517239080735 2250.310180511705 2225.6943643132718 2251.310180511705 24.61581619843318 5630754.034830638 3352.1346539111514 24.61581619843318 3352.1346539111514 3326.5188377127183 3622.222222222222
90000.0 100000.0 1342.5526308593835 744.9486189236114 320.4193487195868 999.2909999999974 105.20100000000093 13214.485764578432 2134.9137538427185 2119.0649322318113 2134.9137538427185 15.84882161090727 5872971.862472707 3369.044391595172 15.84882161090727 3369.044391595172 3353.1955699842647 4400.0
100000.0 110000.0 294.2078085937392 751.3055424804706 289.93417314092784 999.8640000000014 334.6450000000041 12467.953374083207 1999.8345699194751 1984.8858462925443 1999.8345699194751 14.94872362693074 5623391.614795248 3072.4828311201177 14.94872362693074 3072.4828311201177 3057.534107493187 4400.0
110000.0 120000.0 2483.7561718750076 671.6735062255857 395.22111882567964 999.8040000000037 0.0 14659.043622257626 1525.9414957261015 1508.3548571623728 1525.9414957261015 17.586638563728812 4278087.487901406 2420.338123373559 17.586638563728812 2420.338123373559 2402.7514848098303 3400.0
120000.0 130000.0 1568.8329101562558 653.7962585320714 380.3929294930277 999.4720000000088 78.99199999999837 17433.572849838434 1594.2657649751613 1573.3352888178988 1594.2657649751613 20.93047615726276 4440891.857946275 2594.7965467645854 20.93047615726276 2594.7965467645854 2573.8660706073224 3777.777777777778
130000.0 140000.0 1042.9060839843878 678.1390026041676 370.72124864289293 999.3429999999935 41.986000000004424 12416.325000147644 1769.0318383968568 1754.1407508794373 1769.0318383968568 14.891087517419264 5016817.476285489 3032.5458228111283 14.891087517419264 3032.5458228111283 3017.654735293709 4400.0
140000.0 150000.0 42.6026171874837 815.916010009767 299.18378757762713 999.9670000000042 41.88300000000163 13510.102150013921 2022.5830936708685 2006.4046573455503 2022.5830936708685 16.178436325317975 5802584.774488516 3433.809506520899 16.178436325317975 3433.809506520899 3417.6310701955813 4400.0
150000.0 160000.0 1838.636722656258 609.6744689797788 402.55133455964085 999.8930000000109 17.258888671873137 10828.0 1727.9030491140925 1714.9030491140925 1727.9030491140925 13.0 4897256.980017993 2838.7390228474565 13.0 2838.7390228474565 2825.7390228474565 4400.0
160000.0 170000.0 293.7380781249667 677.5953249383234 363.17062136980473 999.8869999999879 0.0 16513.529676677896 1703.5104156768164 1683.7068624000694 1703.5104156768164 19.803553276746992 4897234.809814416 2720.421029273461 19.803553276746992 2720.421029273461 2700.617475996714 3175.0
170000.0 180000.0 556.4298945312621 643.8922634548621 371.62400983559615 999.4990000000107 0.2490000000107102 13506.470323322104 1870.7058381662046 1854.5093914429517 1870.7058381662046 16.196446723253008 5333765.101447312 3300.6880717824697 16.196446723253008 3300.6880717824697 3284.491625059217 4400.0
180000.0 190000.0 2003.501851562498 732.6807779181981 327.87799967146924 999.6939999999886 74.64100000000326 13916.526475534713 1737.593939891602 1720.911395257865 1737.593939891602 16.682544633737084 4959886.71952057 2687.6785544714508 16.682544633737084 2687.6785544714508 2670.9960098377137 4400.0
190000.0 200000.0 21.867054687492782 723.0393447265626 343.9904036755319 999.997000000003 17.570000000006985 12901.0102616668 2253.7517293990045 2238.297057005186 2253.7517293990045 15.454672393818154 6322162.246053184 3579.05612810624 15.454672393818154 3579.05612810624 3563.601455712422 4400.0
200000.0 210000.0 167.8460761718452 698.6542575520871 385.469929541972 999.4159999999974 40.13200000001234 13070.251237574521 1858.2958722030894 1842.6188868513966 1858.2958722030894 15.676985351692993 5314203.585967626 2749.218144568941 15.676985351692993 2749.218144568941 2733.5411592172477 4400.0
210000.0 220000.0 75.88295703128097 682.3504703584528 362.72350653020277 999.6820000000007 49.70699999999488 12500.422191474432 1809.7954522367759 1793.80699176512 1809.7954522367759 14.98846047165594 5252870.643396469 2863.4066577254316 14.98846047165594 2863.4066577254316 2847.4181972537754 4400.0
220000.0 230000.0 533.6422460937174 649.3536914062497 412.28093888366743 999.609999999986 41.928000000014435 12149.856451704616 1909.9819932959276 1895.4202911254565 1909.9819932959276 14.561702170470923 5479433.735725999 2972.480141764575 14.561702170470923 2972.480141764575 2957.9184395941043 4400.0
230000.0 240000.0 1164.6596874999814 641.1057034179685 351.72827137507653 998.8280000000086 67.43204687500838 13885.93338204492 1974.930461573491 1958.2948265948662 1974.930461573491 16.635634978624903 5463455.227752754 2980.408013401922 16.635634978624903 2980.408013401922 2963.772378423297 4400.0
240000.0 250000.0 147.89252539066365 712.2328137637849 347.86490975735813 999.7950000000128 5.616943359375 12516.96602803015 2026.80879834099 2011.8005251485552 2026.80879834099 15.008273192434856 5624593.358998727 3061.6303746441517 15.008273192434856 3061.6303746441517 3046.622101451717 4400.0
250000.0 260000.0 270.28780859382823 727.8147441406192 329.26098691767214 999.9729999999981 106.92099999997299 12829.53290175553 1800.9744893380341 1785.5845931039012 1800.9744893380341 15.389896234133047 5144107.994948762 2887.7650234980288 15.389896234133047 2887.7650234980288 2872.3751272638956 4400.0
260000.0 270000.0 65.5437421874376 668.8560522460975 397.33861842781806 999.8890000000247 40.09600000001956 12525.874442434006 1659.7235343166114 1644.7041752404725 1659.7235343166114 15.01935907613903 4825671.818837714 2620.832165788341 15.01935907613903 2620.832165788341 2605.8128067122025 4400.0
270000.0 280000.0 46.89976562495576 688.4192864200415 374.4743040351122 999.8950000000186 42.2160000000149 13661.035550608674 1943.8749816176942 1927.5054560569993 1943.8749816176942 16.36952556069504 5566401.88865403 3003.146312635621 16.36952556069504 3003.146312635621 2986.7767870749262 4400.0
280000.0 290000.0 43.91221679688897 815.8528574218769 253.77251474490774 999.88400000002 151.9169921875 13061.286987175748 2192.806977834858 2176.8572385533184 2192.806977834858 15.655258021968894 6203232.085662769 3313.314944037923 15.655258021968894 3313.314944037923 3297.3652047563824 4400.0
290000.0 300000.0 161.49786523438524 737.0186219482421 303.3153149827164 999.545999999973 201.12900000001537 12147.30408999589 1931.9551811025972 1916.691974447539 1931.9551811025972 14.557687914629135 5427429.67646816 2874.215380146291 14.557687914629135 2874.215380146291 2858.9521734912328 4400.0
