ts te idle avg_span std_span max_span min_span c_bytes_all c_ack_cnt c_ack_cnt_p c_pkts_all c_pkts_data s_bytes_all s_ack_cnt s_ack_cnt_p s_pkts_all s_pkts_data videorate
0.0 10000.0 7073.37890625 545.8287109374995 349.26097817141857 999.6409999999996 21.919999999998254 21784.924007803733 317.198220817543 291.2476575543834 325.59499465258915 23.95056326315955 724239.824919911 512.5676126576155 30.347337098205703 512.5676126576155 475.3723005626886 1022.6666666666666
10000.0 20000.0 388.07025390625495 670.238527762277 362.6313772015579 999.648000000001 0.0 21195.075992196267 523.61753031134 498.5680935744996 524.2207564762939 25.04943673684045 1119123.0932575297 798.6625770060768 25.652662901794297 798.6625770060768 771.8578891010038 288.0
20000.0 30000.0 5279.099871093742 536.815811279298 354.52097897793516 999.8450000000012 59.065999999998894 13334.0 531.184248871117 515.184248871117 531.184248871117 16.0 899842.0818225594 645.7698103363076 16.0 645.7698103363076 629.7698103363076 596.0
30000.0 40000.0 5823.375072265626 639.6073636363634 307.41638804698414 970.7549999999974 31.56300000000192 13340.0 1251.0 1235.0 1251.0 16.0 2362798.0 1462.0 16.0 1462.0 1446.0 1766.6666666666667
40000.0 50000.0 855.3915078124992 704.3422248391541 385.8753297918579 999.5950000000012 15.588000000003376 14545.71207393572 1695.351957921159 1677.9181406246382 1695.351957921159 17.433817296520704 3837223.1927063162 2396.7824161885806 16.30554485833019 2396.7824161885806 2380.47687133025 3000.0
50000.0 60000.0 285.89787695312407 723.3840674402583 311.8339307097405 999.846000000005 101.26600000000326 12661.595546126211 1817.1449126688449 1801.9643503690922 1817.1449126688449 15.180562299752374 4523091.736076143 2814.8844590908348 16.308834737942888 2814.8844590908348 2798.5756243528917 3000.0
60000.0 70000.0 16.46724609375815 720.1561967447905 351.2533133350565 999.9890000000014 116.18899999999849 13487.090146922674 1993.8255200409085 1977.6508286550145 1993.8255200409085 16.17469138589391 4742978.961234298 2884.953866248553 16.17469138589391 2884.953866248553 2868.7791748626587 3800.0
70000.0 80000.0 1479.8577441406233 508.031494449013 399.4050274983402 999.3589999999967 17.19199999999546 12515.151741311538 2187.619286121049 2171.613167663434 2187.619286121049 15.006118457614653 5478697.822222341 3287.732003348182 15.006118457614653 3287.732003348182 3272.7258848905676 4400.0
80000.0 90000.0 773.7724453124974 743.5224862304683 297.52839218307025 999.9459999999963 152.71199999999953 14322.450491703858 2517.2538126137997 2500.0490020535813 2517.2538126137997 17.20481056021836 6093429.992925752 3761.6797936397475 17.20481056021836 3761.6797936397475 3744.474983079529 4400.0
90000.0 100000.0 476.1687070312473 791.6544192023032 244.12740922534815 999.9109999999928 102.89999999999418 14212.0224757886 2005.019427155595 1988.00475996992 2005.019427155595 17.014667185674814 5120428.151579072 3169.108354022019 17.014667185674814 3169.108354022019 3152.093686836344 4000.0
100000.0 110000.0 32.50939843751257 688.3856162109369 336.8190959966348 999.8880000000063 131.88300000000163 12992.789467608436 2605.076040544273 2589.493543901685 2605.076040544273 15.582496642587701 6113974.885308382 3728.0465941518014 15.582496642587701 3728.0465941518014 3712.4640975092134 4400.0
110000.0 120000.0 450.4794921875291 645.5078013916009 410.2303965534769 999.685999999987 0.0 12674.661984654202 2228.399431353876 2213.2038708020305 2228.399431353876 15.195560551845846 5786911.078244322 3408.5824562664748 15.195560551845846 3408.5824562664748 3393.3868957146287 4400.0
120000.0 130000.0 456.30269921879517 728.4427285156237 329.28435018325297 999.7080000000133 111.82500000001164 12684.52607194876 2443.5717756247554 2428.3645000048637 2443.5717756247554 15.20727561989164 6172337.670730745 3746.171052840092 15.20727561989164 3746.171052840092 3730.9637772202004 4400.0
130000.0 140000.0 529.5322675781208 819.3862179457741 275.50014907667236 999.9919999999984 126.21900000001187 13064.022592917521 2479.6682081841627 2464.0086574783086 2479.6682081841627 15.659550705854192 5927009.443235625 3499.286013136557 15.659550705854192 3499.286013136557 3483.6264624307023 4400.0
140000.0 150000.0 274.00737695311545 813.5849877068009 278.09475218320085 999.6380000000063 79.74400000000605 12915.158811192563 2415.4134445317127 2399.939092860408 2415.4134445317127 15.474351671304968 5910730.734005869 3499.2082791364724 15.474351671304968 3499.2082791364724 3483.733927465168 4400.0
150000.0 160000.0 184.05913867184427 727.57849689798 291.4391043660518 999.6460000000079 227.06099999998696 12860.311139553341 2432.229588716821 2416.805898999368 2432.229588716821 15.423689717452984 5996166.628025361 3600.970642274895 15.423689717452984 3600.970642274895 3585.5469525574417 4400.0
160000.0 170000.0 414.0194023438089 667.3722901611291 375.4934334996052 999.6939999999886 60.13699999998789 12707.020116845984 2163.6168819452796 2148.3828913076954 2163.6168819452796 15.233990637584304 5552626.774494038 3373.1429898563356 15.233990637584304 3373.1429898563356 3357.908999218751 4400.0
170000.0 180000.0 708.0014707031078 651.3615272409561 372.06762740314036 999.945000000007 65.73399999999674 12927.370635604 2516.671418420433 2501.175728829455 2516.671418420433 15.495689590978621 6237209.062324307 3734.4654733132825 15.495689590978621 3734.4654733132825 3718.969783722304 4400.0
180000.0 190000.0 17.4798515625007 824.317793585527 298.3724862714936 999.9599999999919 36.83300000001327 13531.21300121963 2487.054820276877 2470.839966326678 2487.054820276877 16.214853950198325 6147067.959622189 3755.7161868174617 15.869967799892953 3755.7161868174617 3739.846219017569 4400.0
190000.0 200000.0 243.97688281250885 818.1066443014715 279.8376002515075 999.9439999999886 122.53891796874814 11793.74900949556 2467.0594917373637 2452.91215802638 2467.0594917373637 14.147333710983613 5835563.96030868 3561.8709153668883 14.14167984564599 3561.8709153668883 3547.729235521242 4400.0
200000.0 210000.0 44.784312499978114 716.6024811580874 332.05733380458736 999.2710000000079 75.60999999998603 13307.995004688368 2455.89582710163 2439.945714269458 2455.89582710163 15.95011283217146 5959494.928242184 3619.807980473519 16.300652847814455 3619.807980473519 3603.5073276257044 4400.0
210000.0 220000.0 18.356767578079598 643.225714735247 416.63743579646973 999.9489999999932 0.0 12847.159688483032 2394.5538675598846 2379.1534403764126 2394.5538675598846 15.400427183471534 5756101.478212618 3580.860350918893 15.400427183471534 3580.860350918893 3565.4599237354214 4400.0
220000.0 230000.0 619.4997324218857 753.2463585707694 318.5575457856917 999.7859999999928 81.18900000001304 12749.224655431157 2539.8759039913602 2524.591789198687 2539.8759039913602 15.284114792673584 5977863.401644953 3684.955516015477 15.284114792673584 3684.955516015477 3669.671401222803 4400.0
230000.0 240000.0 12.05504492187174 790.3775087890665 291.09619220970905 999.9040000000095 5.839000000007218 13179.344990852911 2467.6026597969635 2451.813108070813 2467.6026597969635 15.789551726150735 6019180.519913154 3624.7110012577864 15.789551726150735 3624.7110012577864 3608.921449531636 4400.0
240000.0 250000.0 295.2599316406413 775.090922309034 295.6815842593825 999.814000000013 117.80999999999767 12592.513738689127 2863.812609347456 2848.715517642945 2863.812609347456 15.097091704511378 6337072.107956703 3929.7407328259615 15.097091704511378 3929.7407328259615 3914.64364112145 4400.0
250000.0 260000.0 396.298117187398 661.7500776367269 365.6761601102602 999.7889999999898 0.0 12855.902973062774 2322.2296313854145 2306.810144527947 2322.2296313854145 15.419486857467115 5600769.031711565 3421.7232610005935 15.419486857467115 3421.7232610005935 3406.3037741431262 4400.0
260000.0 270000.0 7.390150390623603 600.1569986328162 374.62862529918715 999.7239999999874 45.928000000014435 14845.376491566909 2273.322776325069 2255.1251795417356 2274.322776325069 17.19759678333362 5688816.372355255 3538.4719880334683 19.19759678333362 3538.4719880334683 3517.2743912501346 4400.0
270000.0 280000.0 674.5214101562742 691.5473185649638 368.62961493532555 999.7299999999814 68.01699999999255 12688.637150397124 2861.388754161444 2846.1765960255807 2861.388754161444 15.212158135863568 6586331.933895138 4199.783732269825 15.212158135863568 4199.783732269825 4184.571574133963 4400.0
280000.0 290000.0 846.4147070312174 804.3289956825656 311.36093926605776 999.9660000000149 11.967894531262573 13865.533377581238 2338.449167420747 2321.836895000817 2338.449167420747 16.61227241993021 5707497.938642194 3612.0870295850127 16.61227241993021 3612.0870295850127 3595.474757165083 4400.0
