ts te idle avg_span std_span max_span min_span c_bytes_all c_ack_cnt c_ack_cnt_p c_pkts_all c_pkts_data s_bytes_all s_ack_cnt s_ack_cnt_p s_pkts_all s_pkts_data video_rate
0.0 10000.0 6084.410841796875 587.8455974609373 356.1483335174352 998.5560000000005 142.63300000000163 16425.32743121939 796.9336246196201 778.8679990455677 800.9336246196201 18.06562557405237 1775101.270356415 1218.0117388901185 22.06562557405237 1218.0117388901185 1191.9461133160662 2300.0
10000.0 20000.0 8.849134765623603 814.8195331182069 253.86538709433947 999.9550000000017 178.34800390624878 16309.15809711589 2277.8515876191527 2257.3346009851666 2277.8515876191527 19.51698663398548 4434617.967761717 3075.3757933253837 20.51698663398548 3075.3757933253837 3053.8588066913985 2300.0
20000.0 30000.0 8.981160156254191 714.571085559476 361.29720556112966 999.8439999999973 9.718999999997322 22751.011694110464 1740.826281671026 1713.7936533638863 1742.826281671026 26.032628307139877 3640667.2554028686 2587.841075512163 29.032628307139877 2587.841075512163 2555.8084472050236 1660.0
30000.0 40000.0 3911.0923789062435 558.935293666295 359.4664701800284 999.0570000000007 89.04400000000169 12831.502777554264 812.3885060902014 797.0037466053791 812.3885060902014 15.384759484822272 1556125.5064789986 1109.7713922723342 15.384759484822272 1109.7713922723342 1094.3866327875119 1193.3333333333333
40000.0 50000.0 3977.633689453134 551.7289214242774 351.91236455235213 999.3579999999929 36.861999999993714 16063.392226791893 902.3769807349219 883.1174720279437 902.3769807349219 19.259508706978185 2251020.1183605604 1369.8232960372584 18.62975435348909 1369.8232960372584 1351.1935416837691 1765.7142857142858
50000.0 60000.0 99.60496289061848 665.4167529296883 397.99380481984315 999.9560000000056 95.63999999999942 12528.34548029022 1318.2955455526626 1303.2734425643612 1318.2955455526626 15.02210298830147 3596030.3048553783 2095.383735507843 15.011051494150735 2095.383735507843 2080.3726840136924 3000.0
60000.0 70000.0 2000.5479609375034 589.8959349365232 400.7981927890004 999.6209999999992 33.54799999999523 13306.3640148544 1531.760403325867 1514.8024220946286 1531.760403325867 15.957981231238413 3975084.4388357187 2472.6116504964825 16.59878707887824 2472.6116504964825 2455.012863417604 3700.0
70000.0 80000.0 1089.259664062498 636.7743531250006 382.0063991437703 999.7690000000002 118.0679999999993 12046.379058502365 1548.3942061320959 1533.9429688385665 1548.3942061320959 14.451237293529346 3952716.50673444 2403.477474046192 14.451237293529346 2403.477474046192 2389.0262367526625 3280.0
80000.0 90000.0 126.53533984374371 653.6014162597667 416.3373741451976 999.5240000000049 106.35400000000664 12477.46237533587 1364.380982111558 1349.4206621416363 1364.380982111558 14.960319969921793 3646456.740159278 2178.93442373739 14.960319969921793 2178.93442373739 2163.9741037674676 3000.0
90000.0 100000.0 1585.6571796875214 665.7314974365208 368.03248557136294 998.695000000007 126.2219999999943 14193.814384431671 1961.2774615319352 1944.2752488679942 1961.2774615319352 17.002212663941062 4962689.756552687 3014.7760623046447 17.002212663941062 3014.7760623046447 2997.7738496407037 3466.6666666666665
100000.0 110000.0 62.38545507815434 658.8563969726547 413.3710725562026 999.8579999999929 81.71899999999732 11974.242459793582 2071.430302796785 2057.0836656506954 2071.430302796785 14.346637146089734 5144161.3029429745 3214.286368014885 14.346637146089734 3214.286368014885 3199.939730868795 4400.0
110000.0 120000.0 151.65522460939246 654.3986723632806 417.4961330689476 999.7859999999928 101.5229999999865 13537.016411170056 1711.7917582877128 1695.5558781298669 1711.7917582877128 16.235880157846037 4125957.655092464 2554.4146303288435 16.235880157846037 2554.4146303288435 2538.178750170998 3466.6666666666665
120000.0 130000.0 1199.14801367186 711.8432602864593 356.13596104721734 999.5810000000056 103.33300000001327 12075.441361053563 1558.8628523991792 1544.3762230787038 1558.8628523991792 14.48662932047545 3727906.655155828 2333.197909269108 13.764119842153963 2333.197909269108 2319.433789426954 3000.0
130000.0 140000.0 159.08900195313618 647.508058708637 410.33847204374075 999.7980000000098 96.36799999998766 12988.017393437465 1611.8038825349831 1595.2382149186465 1611.8038825349831 15.565667616336857 3917197.809664573 2365.4343463398372 15.644088547329172 2365.4343463398372 2348.7902577925083 3000.0
140000.0 150000.0 865.5559238280985 680.7540087890648 386.7681545403657 999.9580000000133 102.8289999999979 13643.555117314852 1918.8144265927267 1902.465981391073 1918.8144265927267 16.348445201653774 4587912.957289616 2825.8460606585104 16.992533748982943 2825.8460606585104 2808.8535269095273 3000.0
150000.0 160000.0 78.07322265623952 658.9851186523447 410.291135993123 999.8420000000042 90.36499999999069 12526.92747361477 2215.8087616017933 2200.7881183412874 2215.8087616017933 15.02064326050582 5518015.980515956 3495.9894158157595 15.02064326050582 3495.9894158157595 3480.968772555253 4400.0
160000.0 170000.0 2206.068117187504 555.9404032552071 423.7195097614627 999.7999999999884 112.24199999999837 11971.042243409292 1663.0024363977795 1648.6597019545975 1663.0024363977795 14.342734443182064 4213707.773840528 2623.8246274432468 14.342734443182064 2623.8246274432468 2609.4818930000647 3280.0
170000.0 180000.0 375.4440878906462 680.9971274739597 421.8725814137865 999.8420000000042 112.06299999999464 13038.46005668223 1447.5121011554586 1431.8676376716996 1447.5121011554586 15.644463483758818 3727019.7683998686 2336.9126152169465 15.644463483758818 2336.9126152169465 2321.268151733188 3000.0
180000.0 190000.0 243.06675781245576 656.0429515165451 413.47390256092876 999.8420000000042 96.68400000000838 15800.53994331777 1672.2254161687652 1653.8698796525239 1673.2254161687652 18.35553651624118 4226878.73247321 2639.182961763662 19.35553651624118 2639.182961763662 2618.827425247421 3000.0
190000.0 200000.0 96.55501171876676 613.5366055772562 420.9266086102496 999.875 18.461999999999534 13572.29074141523 1980.007081164429 1962.7272128012783 1980.007081164429 16.27986836315088 4844011.575460611 3010.2840193077777 16.63993418157544 3010.2840193077777 2992.6440851262023 3466.6666666666665
200000.0 210000.0 55.9618632812053 657.7962575683632 414.70339069800445 999.9210000000021 87.53200000000652 12501.083466119886 2217.4370821873067 2202.4478249992108 2217.4370821873067 14.989257188096246 5519373.001990137 3482.221478681223 15.629191369671688 3482.221478681223 3466.592287311551 4400.0
210000.0 220000.0 580.2791093749693 655.6513927083365 436.61233922628367 999.5380000000005 57.60000000000582 11456.625792464885 1835.8183193240402 1822.0874448752872 1835.8183193240402 13.730874448752873 4517241.921676173 2752.3989250303907 13.730874448752873 2752.3989250303907 2738.668050581638 3466.6666666666665
220000.0 230000.0 1103.42609765628 634.3729268229159 421.6870035313606 999.8729999999923 110.30900000000838 13058.887725863342 1622.6800352567168 1607.0106599812736 1622.6800352567168 15.6693752754431 4026264.8849141086 2395.745041867351 15.6693752754431 2395.745041867351 2380.075666591908 3000.0
230000.0 240000.0 1908.0268476562342 700.4795402113986 371.8948572505042 999.9180000000051 43.65200000000186 16377.747716092801 1801.0637311782752 1782.0823315245034 1802.0637311782752 18.98139965377171 4576453.605470989 2824.8080237182185 19.98139965377171 2824.8080237182185 2803.8266240644466 3000.0
240000.0 250000.0 1176.5179589843028 603.75242773438 402.6996081082495 999.8130000000237 90.16800000000512 12554.579134015356 1817.3734501253352 1802.3190853277556 1817.3734501253352 15.054364797579701 4304766.541095131 2784.9879537628117 15.054364797579701 2784.9879537628117 2769.933588965232 3280.0
250000.0 260000.0 132.27203906245995 653.5163725585953 417.37924817338927 999.6979999999749 111.12900000001537 12968.245890194627 1447.8466068701402 1432.3045017519694 1447.8466068701402 15.542105118170742 3804187.6295331502 2341.7550991790476 15.542105118170742 2341.7550991790476 2326.2129940608766 3000.0
260000.0 270000.0 969.4239531249623 632.7933364583373 414.47235237726926 999.1539999999804 107.45400000002701 12044.902672499162 1444.295000227943 1429.8454607574627 1444.295000227943 14.44953947048022 3704659.9557264554 2247.8080384935547 14.44953947048022 2247.8080384935547 2233.3584990230743 3000.0
270000.0 280000.0 866.1341660156613 792.8874118795982 329.017318879643 999.75900000002 108.0229999999865 11685.565549604815 1533.1290781594398 1519.110095781873 1533.1290781594398 14.018982377566848 3879259.1680449685 2435.6738107785463 13.303215684554527 2435.6738107785463 2422.370595093992 3000.0
280000.0 290000.0 66.26205664058216 689.0137543174359 386.24624852560834 999.6510000000126 68.2729999999865 14981.185546639465 2002.8038745041074 1983.8658433496691 2002.8038745041074 17.93803115443837 4644121.789230175 2890.4910214377237 18.653797847450694 2890.4910214377237 2871.837223590273 3000.0
290000.0 300000.0 64.79141015623463 664.4303653564493 406.0568749732485 998.9639999999781 85.97100000001956 11973.885765090432 2256.593333122147 2242.247130969598 2256.593333122147 14.346202152549306 5430692.57432165 3332.578788483509 14.346202152549306 3332.578788483509 3318.2325863309597 4400.0
