ts te idle avg_span std_span max_span min_span c_bytes_all c_ack_cnt c_ack_cnt_p c_pkts_all c_pkts_data s_bytes_all s_ack_cnt s_ack_cnt_p s_pkts_all s_pkts_data videorate
0.0 10000.0 5531.95636328125 752.8514947265634 271.02000616608603 999.6510000000017 342.8729999999996 18607.90446150834 1174.8314154834047 1154.046493320093 1178.8314154834047 20.784922163311567 2667608.703429884 1645.141823118787 34.569844326623134 1645.141823118787 1606.571978792164 2300.0
10000.0 20000.0 60.15444726561691 742.7769454520093 318.1081302364722 999.7549999999974 77.3640000000014 23875.266064654737 2294.2416114569296 2264.2184661322185 2295.2416114569296 28.023145324711358 6004785.313526859 3195.9092610999146 57.01094059270567 3195.9092610999146 3135.898320507208 2650.0
20000.0 30000.0 12.092505859378434 673.1325406249995 384.1562029474044 999.5910000000003 0.0 13241.735757189543 2509.3832524920053 2493.533158968814 2509.3832524920053 15.850093523191248 6250963.958438283 3411.201059482779 27.516150099361475 3411.201059482779 3383.684909383417 4400.0
30000.0 40000.0 196.9049531250057 718.5786064453123 331.1547942587811 999.4060000000027 210.7149999999965 13759.712191482782 2157.611587222899 2141.1171958547934 2157.611587222899 16.49439136810559 5605442.9995949175 3019.5784848503577 26.631893550289355 3019.5784848503577 2992.946591300068 4400.0
40000.0 50000.0 144.36692578125076 740.6826688802083 364.4150720608328 999.5299999999988 109.54296875 12463.649552269748 2153.492774495511 2138.535744894896 2153.492774495511 14.957029600615098 5624222.620387198 3057.030718712789 24.490335390890074 3057.030718712789 3032.5403833218993 4400.0
50000.0 60000.0 109.98102343748906 692.0894498291027 386.74678896231535 999.4410000000062 73.57099999999627 11956.33433412277 2285.2293012993014 2270.888360488224 2285.2293012993014 14.340940811077784 5633789.098326372 3203.537106215005 24.68188162215557 3203.537106215005 3178.8552245928495 4400.0
60000.0 70000.0 10.434689453119063 752.6287257401334 342.30907660025264 999.474000000002 167.7829999999958 13977.991475336901 2497.266811194796 2479.5341701110756 2497.266811194796 16.732641083720118 6639238.4029335 3636.0492048370725 27.980692752433463 3636.0492048370725 3607.068512084639 4400.0
70000.0 80000.0 140.0780351562571 658.6007357113482 357.8175647136596 999.2580000000016 61.2109375 14816.034614200313 1988.99212404197 1970.8163522448701 1989.99212404197 17.17577179710032 5683412.793115906 2871.7180290318474 29.836133009207412 2871.7180290318474 2839.88189602264 4400.0
80000.0 90000.0 97.82331445311138 720.8274097222222 386.9252359713619 999.8310000000056 47.1640625 13948.588784279296 2140.963552949569 2124.253182389206 2140.963552949569 16.71037056036267 5795540.311851203 3032.2531761429773 28.49004735292109 3032.2531761429773 3003.763128790056 4400.0
90000.0 100000.0 1416.9001542968763 671.8597878534215 361.9214300557935 999.8709999999992 0.0 13098.034715482807 2010.5032639741437 1995.3171326520091 2012.5032639741437 15.186131322134388 5532890.111020245 2753.306202882736 29.72685348629231 2753.306202882736 2721.579349396444 4400.0
100000.0 110000.0 12.528322265628958 669.5432834201388 380.8636941372166 999.9389999999985 0.0 12116.72570464192 2231.6115930216615 2216.0854432832093 2231.6115930216615 14.52614973845284 5530736.308465264 3006.4919301219834 25.402878920627803 3006.4919301219834 2980.0890512013552 4400.0
110000.0 120000.0 258.6367773437523 745.312060329861 353.4408133372014 999.3260000000009 93.907958984375 15566.884159340872 1634.0435745394382 1615.3791217956823 1634.0435745394382 18.66445274375595 4809029.405813277 2381.0258183317133 33.554428969570495 2381.0258183317133 2347.471389362143 3622.222222222222
120000.0 130000.0 1936.4044765624858 693.1895240478534 348.4400064604982 999.7840000000142 110.291259765625 12241.751653403679 1728.2118999827344 1713.6687725390009 1728.429924548759 14.543127443733626 4563612.4175570225 2452.4205943031875 27.751161105268256 2452.4205943031875 2424.451408631894 4120.0
130000.0 140000.0 208.6838476562698 779.3837396599256 305.21395684723353 999.9320000000007 196.1369999999879 14540.386532086293 1540.6172378456354 1523.6064053259079 1541.3992132796109 17.01083251972745 4936696.555540069 2019.3365908688515 28.356758821653894 2019.3365908688515 1990.1978566132223 3600.0
140000.0 150000.0 154.15567773437942 849.3504550781232 286.4427768279122 999.3040000000037 164.98499999998603 15036.524044309459 2045.0219565763507 2027.0076184420625 2045.0219565763507 18.01433813428833 6478724.908607843 2729.0208074971697 35.02867626857666 2729.0208074971697 2693.9921312285933 4400.0
150000.0 160000.0 59.15124414060847 733.3714495849617 328.153341006955 999.1300000000047 128.227294921875 13433.687354719572 1804.9423007536157 1788.8281217869196 1804.9423007536157 16.114178966696265 5615730.263449384 2316.6544758918726 25.228357933392534 2316.6544758918726 2291.42611795848 4400.0
160000.0 170000.0 1902.851845703146 675.2495312500008 382.13161750821496 999.0359999999928 75.156005859375 11250.050810897039 1600.6349934033733 1587.133745409434 1600.6349934033733 13.501247993939478 4715257.604137548 2023.4956330992322 24.62509159285742 2023.4956330992322 1998.8705415063748 4400.0
170000.0 180000.0 140.6066660156066 678.4663144531239 389.24998538779545 999.9809999999998 45.55799414063222 13090.528892867165 1766.4068687261188 1750.716813140304 1766.4068687261188 15.690055585814795 5339156.605909034 2253.0206173778915 27.757515566651126 2253.0206173778915 2225.2631018112406 3800.0
180000.0 190000.0 597.0600742187526 728.0126247558583 306.4381637151021 999.5750000000116 114.867919921875 13177.937455365358 2128.1995441367826 2112.404485294768 2128.1995441367826 15.795058842014804 5666346.38221805 2936.846720573704 26.590117684029607 2936.846720573704 2910.2566028896745 4400.0
190000.0 200000.0 84.75511914060917 643.5048227251854 409.9825756880227 999.9120000000112 0.0 11617.757277003222 2287.643146310494 2273.716966502977 2287.643146310494 13.926179807517336 5597033.745056055 3028.009346890027 23.348771243102437 3028.009346890027 3004.6605756469244 4400.0
200000.0 210000.0 439.3817675781611 740.5567548828094 331.8702531633804 999.9109999999928 163.27499999999418 14074.535947633563 1873.5605048837315 1856.6894897768998 1873.5605048837315 16.87101510683186 5454707.751327755 2628.824461406418 28.607903039109726 2628.824461406418 2600.2165583673086 3933.3333333333335
210000.0 220000.0 52.17891406247509 648.9525582682303 399.12413140307035 999.935999999987 38.063943359360565 13510.187733978579 1996.260980805453 1980.069480994606 1996.260980805453 16.191499810847205 5504034.814923344 2795.3905248437977 26.7152210716366 2795.3905248437977 2768.675303772161 3800.0
220000.0 230000.0 31.459587890596595 676.8073240017402 363.07862041036435 999.2630000000063 150.39291992186918 11486.314467108878 2107.787843244361 2093.0254367845564 2107.787843244361 13.762406459804707 5698986.380715795 2844.092156773118 25.397093781792968 2844.092156773118 2817.6950629913254 4400.0
230000.0 240000.0 37.384578125027474 835.1804944802982 276.66244467339584 999.1039999999921 217.948974609375 16228.069774592755 2445.158469868506 2426.3128918311095 2446.158469868506 18.84557803739654 6707556.011049872 3470.9631680740404 37.12436930915356 3470.9631680740404 3432.8387987648866 4400.0
240000.0 250000.0 1069.4024648437044 679.798520724826 345.59844414851176 999.7970000000205 122.84130859375 13203.840738216963 2004.3534207135363 1988.512373856393 2004.3534207135363 15.841046857143246 5693396.794081325 2770.825884168356 28.68209371428649 2770.825884168356 2742.14379045407 4400.0
250000.0 260000.0 96.42038085946115 653.2335824908051 404.62570123141717 999.3449999999721 72.28125 12993.252697660962 2049.986231105036 2034.4109421772196 2049.986231105036 15.575288927816505 5517933.245464884 2810.0084923985987 25.47820864731816 2810.0084923985987 2784.530283751281 4400.0
260000.0 270000.0 1802.0830683594104 646.0589751838227 347.4683273872131 999.9959999999846 131.39111328125 13070.641345555572 1665.015881467897 1649.3284129754613 1665.015881467897 15.687468492435773 4519521.088592806 2275.492764090975 29.205342648380167 2275.492764090975 2246.2874214425947 3466.6666666666665
270000.0 280000.0 59.83841210935498 684.0335435431984 386.5176600337393 999.5140000000247 74.779296875 12104.818146033538 1986.2626491872236 1971.741111136766 1986.2626491872236 14.52153805045779 5162616.234686853 2611.939887634537 23.885039645721807 2611.939887634537 2588.054847988816 4166.666666666667
280000.0 290000.0 111.30006054684054 657.3053376608467 398.8658231325766 999.454000000027 103.14404296875 12643.795097983744 1866.4666031199356 1851.3073906978889 1866.4666031199356 15.159212422046766 5524516.057121456 2616.768414740628 25.31842484409353 2616.768414740628 2591.4499898965346 4400.0
290000.0 300000.0 118.25225195311941 710.1195876608459 345.84097345377546 999.994000000006 113.89404296875 13766.569738087124 2319.379398540327 2302.8849055540577 2319.379398540327 16.494492986269133 5831103.441020142 3087.79585169867 27.844202157941474 3087.79585169867 3059.951649540729 4400.0
