ts te idle avg_span std_span max_span min_span c_bytes_all c_ack_cnt c_ack_cnt_p c_pkts_all c_pkts_data s_bytes_all s_ack_cnt s_ack_cnt_p s_pkts_all s_pkts_data videorate
0.0 10000.0 5963.786974609375 712.1701118607958 306.4090480979683 999.7870000000003 298.450927734375 20059.765953365393 939.2023415609532 916.6838624704036 943.2023415609532 22.51847909054957 1989447.2037202693 1267.6589484141707 37.427122487890905 1267.6589484141707 1226.23182592628 1500.0
10000.0 20000.0 1236.0360019531217 714.7556753373584 323.6616142509392 999.7850000000035 0.0 20261.767093095994 1999.3413831150604 1974.1181364972235 1999.3413831150604 24.22324661783687 5216878.978583205 2990.54079851726 49.056328928881975 2990.54079851726 2940.4844695883776 2554.5454545454545
20000.0 30000.0 607.5680000000066 780.8778077392572 246.92594392621845 999.9049999999988 257.96591210937186 12727.466953538617 2118.9482407321766 2103.6899664405632 2118.9482407321766 15.25827429161356 6051658.187496763 3128.787892158093 26.51654858322712 3128.787892158093 3102.271343574866 4400.0
30000.0 40000.0 3252.8750273437545 657.1693323567706 360.39535626016675 999.8839999999982 29.364988281253318 9146.0 1221.5080345918095 1210.5080345918095 1221.5080345918095 11.0 3544392.6301997635 1798.0123609104762 19.0 1798.0123609104762 1779.0123609104762 4400.0
40000.0 50000.0 760.7404511718632 724.838109809029 261.03320767032176 999.8920000000071 256.0939999999973 16704.0 2016.5312122909245 1996.5312122909245 2016.5312122909245 20.0 5189057.731986357 2830.2980603545307 38.0 2830.2980603545307 2792.2980603545307 3000.0
50000.0 60000.0 265.99612695311953 704.5868390842014 372.2280644997789 999.2189999999973 0.0 14192.0 1720.2097543201412 1703.2097543201412 1720.2097543201412 17.0 4669764.171486136 2550.087396883616 29.0 2550.087396883616 2521.087396883616 3200.0
60000.0 70000.0 12.426876953104511 731.2731694623174 261.4757289155303 999.9750000000058 359.3349609375 13117.324633369224 2123.576571101983 2107.844854676237 2123.576571101983 15.731716425746054 5868508.270921603 2981.176110435347 27.09757463861908 2981.176110435347 2954.078535796728 4400.0
70000.0 80000.0 173.25436328125943 792.9237561197903 262.6362051488417 999.3859999999986 300.48099999999977 12414.7607905951 1931.416780166629 1916.5403191292346 1931.416780166629 14.876461037394474 5586009.845676172 2745.470879763871 23.90242536138092 2745.470879763871 2721.56845440249 4400.0
80000.0 90000.0 9.851126953115454 775.3598464471745 284.0404377516481 999.6739999999991 116.22900000000664 22883.746662753372 2595.6343138183756 2567.006902442555 2598.6343138183756 25.627411375820042 7102681.872344534 4130.032822447402 46.83793354229531 4130.032822447402 4078.1948889051064 4400.0
90000.0 100000.0 60.56860156249604 786.5048488281245 307.8353087823561 999.8139999999985 42.69100000000617 12325.167913282305 2545.560115769703 2530.7957046086635 2545.560115769703 14.76441116103943 6392900.230435872 3564.0190880297105 30.162066457704697 3564.0190880297105 3533.8570215720056 4400.0
100000.0 110000.0 2037.7573515625118 620.5537860753675 318.7485324769203 999.0149999999994 215.5679999999993 11893.634621125195 1650.8685481236141 1636.5917589343806 1650.8685481236141 14.276789189233622 4656668.445558288 2408.9883700303585 25.553578378467243 2408.9883700303585 2383.4347916518914 3933.3333333333335
110000.0 120000.0 1403.8181035156304 707.8533223805168 321.5870060888118 999.8880000000063 165.84299999999348 13411.404327364598 2026.3968111018103 2010.3259918172757 2026.3968111018103 16.070819284534416 5253110.041993136 2834.806585489211 29.141638569068835 2834.806585489211 2805.6649469201425 3700.0
120000.0 130000.0 2591.6240468750184 749.7949387206991 286.03992752371295 999.6089999999967 271.5909999999858 14968.278100878219 1523.4973808552318 1506.199373794038 1524.4973808552318 17.29800706119388 4182129.5540021947 2176.0929508624617 32.95039858742584 2176.0929508624617 2142.142552275036 3466.6666666666665
130000.0 140000.0 1115.2141582031618 664.0783793712783 359.0984866114229 999.935999999987 0.0 13054.476927930353 1889.6287651928405 1872.964990393708 1889.6287651928405 15.663774799132495 4902722.075683674 2671.3782969755684 29.00907963208529 2671.3782969755684 2641.3692173434833 3700.0
140000.0 150000.0 321.3249101562251 856.2284443359401 191.36249905755813 999.7660000000033 338.57311523437966 13105.206022701635 2208.0741816934715 2192.383572027566 2208.0741816934715 15.690609665905585 6272771.733232118 3359.5205574835522 30.060734080383355 3359.5205574835522 3329.4598234031687 4400.0
150000.0 160000.0 18.015486328076804 772.5803061810695 267.436417197249 999.9770000000135 136.36699999999837 13909.979632906749 2149.976307089328 2133.2958441223686 2149.976307089328 16.68046296695945 6026940.67310664 3190.297586059099 27.965033719528886 3190.297586059099 3162.3325523395697 4400.0
160000.0 170000.0 1995.7012988281203 643.3531293658118 355.70825457711106 999.6659999999974 0.0 11952.02036709325 1645.2073686344033 1630.887831601363 1645.2073686344033 14.31953703304055 4786333.3944919165 2383.880655026104 25.941454969547227 2383.880655026104 2357.9392000565563 3933.3333333333335
170000.0 180000.0 23.514839843759546 756.2224812011737 288.8326742549314 999.4979999999923 245.80199999999604 12510.0 1722.652442375746 1707.652442375746 1722.652442375746 15.0 4941867.979131438 2421.5954679828837 26.378082063493324 2421.5954679828837 2395.217385919391 3700.0
180000.0 190000.0 2509.828964843764 732.9189364013673 302.70873062992774 998.5739999999932 255.04300000000512 14787.597386066254 1374.049316769111 1356.3107833714691 1374.049316769111 17.738533397641774 3777332.9684142154 1981.9882409008221 32.738533397641774 1981.9882409008221 1949.2497075031804 2900.0
190000.0 200000.0 279.6900253906206 746.3910172334564 330.66791246384116 999.7939999999944 31.09326171875 13586.402613933746 1970.5984685509525 1954.3370019485942 1970.5984685509525 16.261466602358226 5580980.906078868 2876.8556184107 27.292590303056258 2876.8556184107 2849.563028107644 4400.0
200000.0 210000.0 11.14388867188245 822.638431098089 247.78253722683985 999.4700000000012 297.72299999999814 12510.0 2227.083116357909 2212.083116357909 2227.083116357909 15.0 6451266.034333959 3325.3493813246137 25.968876299301968 3325.3493813246137 3299.3805050253113 4400.0
210000.0 220000.0 1744.1373320312705 761.9508613281224 318.82010494672676 999.9919999999984 176.80499999999302 13076.761791533037 1628.8760311701071 1613.1848582536036 1628.8760311701071 15.691172916503703 4523143.764152889 2389.9256564951716 27.691172916503703 2389.9256564951716 2362.234483578668 3700.0
220000.0 230000.0 37.121343750011874 709.1680098876968 353.97745451461327 999.4789999999921 128.3509999999951 12542.432698602897 2153.131222133393 2138.1107626388084 2153.131222133393 15.020459494584104 5653332.07040225 2969.730883747886 24.308827083496297 2969.730883747886 2945.42205666439 4400.0
230000.0 240000.0 204.02905078124604 697.1628048095699 333.3222936820568 999.9800000000105 236.09899999998743 11910.805509864065 2051.7698488012234 2037.4814812123113 2051.7698488012234 14.288367588912193 5429112.123454392 2886.4176770241734 25.0 2886.4176770241734 2861.4176770241734 4400.0
240000.0 250000.0 5.557783203141298 799.2504995117197 279.2155279643996 999.7629999999772 0.0 14843.74221998866 2228.92003487161 2211.125227286258 2228.92003487161 17.794807585352025 6424150.399371381 3278.4279027151547 30.0 3278.4279027151547 3248.4279027151547 4400.0
250000.0 260000.0 35.73162695317296 699.5757848307289 321.0940234259315 999.5129999999772 0.0 11858.25778001134 2237.2967306106457 2223.0915381959976 2237.2967306106457 14.205192414647975 6026575.4577644095 3125.076099490408 24.0 3125.076099490408 3101.076099490408 4400.0
260000.0 270000.0 161.18105468753492 718.3964282226516 326.84227994536104 999.4469999999856 204.61590625002282 12510.0 2120.4761646331563 2105.4761646331563 2120.4761646331563 15.0 5109446.808473136 2837.0151984996655 25.0 2837.0151984996655 2812.0151984996655 4400.0
270000.0 280000.0 3430.0096035156166 609.0924115767067 309.6932055776403 998.7449999999953 103.63500000000931 22300.0 697.568513567691 668.568513567691 701.568513567691 25.0 1740773.4475044233 1011.5685135676908 50.0 1011.5685135676908 956.5685135676908 1392.5
280000.0 290000.0 554.1225449218182 818.4588285845615 296.5143842101835 999.8560000000289 119.6699999999837 14504.329480216715 1788.9947272417123 1771.613837631692 1788.9947272417123 17.380889610020382 4521027.013162749 2522.803623341916 33.761779220040765 2522.803623341916 2489.0418441218753 3000.0
290000.0 300000.0 1758.4278222655994 726.2140545654293 317.17960362412293 999.4180000000051 50.5339999999851 14398.670519783285 2123.7429525777784 2106.6405835222263 2124.7429525777784 16.619110389979618 5460219.270681767 3202.929576411935 29.23822077995923 3202.929576411935 3172.208096966403 3700.0
