ts te idle avg_span std_span max_span min_span c_bytes_all c_ack_cnt c_ack_cnt_p c_pkts_all c_pkts_data s_bytes_all s_ack_cnt s_ack_cnt_p s_pkts_all s_pkts_data videorate
0.0 10000.0 6045.165689453126 616.0082943892048 334.0222440915093 999.8159999999989 67.529296875 19567.928510071702 776.6752281147643 754.8319051382947 780.6752281147643 21.843322976469494 1997094.4718001306 1282.265490363128 37.61911172606543 1282.265490363128 1240.6463786370628 1570.0
10000.0 20000.0 545.1521152343848 709.249527446545 344.93278770896285 999.9289999999964 0.0 20697.231822795115 1740.7999181925638 1715.0186553972446 1740.7999181925638 24.781262795319307 4034447.2078975146 2297.0867270852564 46.005474045723375 2297.0867270852564 2250.0812530395324 1670.0
20000.0 30000.0 72.08322265625611 693.2194557674636 335.9419305958786 999.9859999999971 229.81300000000192 12827.839667133183 1771.913284114463 1756.5378698862519 1771.913284114463 15.3754142282112 5358294.278199457 2472.06149077252 26.3754142282112 2472.06149077252 2445.686076544309 4400.0
30000.0 40000.0 1933.2722714843767 728.31569170673 306.90475607951095 999.5360000000001 251.4230000000025 10828.0 1175.611569578209 1162.611569578209 1175.611569578209 13.0 3351695.042102898 1683.5862917790962 22.0 1683.5862917790962 1661.5862917790962 3280.0
40000.0 50000.0 317.0939472656173 805.0599492187512 309.8948333558119 999.6790000000037 90.4539999999979 16440.872526284933 1968.2567059030873 1948.5653979442031 1968.2567059030873 19.691307958884064 5443180.262040069 2763.861093450812 35.69130795888407 2763.861093450812 2728.169785491928 3000.0
50000.0 60000.0 1867.943035156277 688.8265689174087 362.735549213598 999.9459999999963 0.0 10261.127473715067 1070.7432940969127 1058.4346020557969 1070.7432940969127 12.308692041115936 3185535.7379599307 1511.138906549188 20.308692041115936 1511.138906549188 1490.830214508072 3000.0
60000.0 70000.0 393.4917812499916 719.5543106617654 347.79861151173793 999.7620000000024 265.60599999999977 15207.766734235604 1571.8389327821367 1553.6165901416607 1571.8389327821367 18.222342640476057 4582333.413866532 2302.5070444678495 30.61117132023803 2302.5070444678495 2271.8958731476114 3000.0
70000.0 80000.0 3635.0374511718983 569.3607934570291 354.79773737300553 999.3209999999963 0.0 10723.607640070972 1155.2992766698128 1142.4130986757204 1155.2992766698128 12.886177994092323 3294467.4215755104 1697.0410950928099 24.60586994889873 1697.0410950928099 1672.4352251439113 3000.0
80000.0 90000.0 2422.152812500004 681.0227790798607 379.8676862413887 998.6089999999967 0.0 14100.625625693425 1588.8617905480505 1571.9703111826188 1588.8617905480505 16.89147936543162 4606320.164557958 2290.4518604393406 29.782958730863243 2290.4518604393406 2260.6689017084773 3000.0
90000.0 100000.0 3436.3642558593856 701.3001971726189 337.90408983668374 998.6720000000059 149.8929999999964 16172.913119829016 1398.2948265365226 1379.5413649664288 1399.2948265365226 18.753461570094007 4164121.3706247415 2077.0765004613336 35.902693048932264 2077.0765004613336 2040.1738074124016 3000.0
100000.0 110000.0 51.51427343749674 686.5054671415436 348.8765885839699 999.523000000001 182.5810000000056 12730.086880170982 1700.0210168439419 1684.774478414036 1700.0210168439419 15.246538429905991 4754185.791277942 2469.150367894359 26.097306951067736 2469.150367894359 2443.0530609432917 3466.6666666666665
110000.0 120000.0 109.78222460940015 753.1491748046828 294.8595822296346 999.7580000000016 281.85699999998906 13599.002282359394 1606.411666225461 1590.1011941648599 1606.411666225461 16.310472060600954 4193129.3832510742 2385.500641250232 25.65523603030048 2385.500641250232 2359.8454052199318 3233.3333333333335
120000.0 130000.0 2467.950648437516 701.3353939302883 333.82134447247387 999.5620000000054 278.3500000000058 9738.997717640606 1168.2724903940748 1156.5829624546757 1168.2724903940748 11.689527939399046 3086692.4548462415 1684.2724903940748 22.34476396969952 1684.2724903940748 1661.9277264243751 3000.0
130000.0 140000.0 3384.291085937497 647.8595353860292 356.9700179418739 999.9549999999872 0.0 14192.0 1611.7287756380483 1594.7287756380483 1611.7287756380483 17.0 4442043.771228807 2327.034432953724 32.697505570471826 2327.034432953724 2294.3369273832523 3000.0
140000.0 150000.0 135.25813671873766 684.0916754728639 345.6042031490919 999.4610000000102 86.26800000001094 14640.201288266686 1838.9107548927564 1821.3784493247435 1838.9107548927564 17.53230556801269 5291650.8216474075 2668.0911537056645 31.834799997540863 2668.0911537056645 2636.2563537081232 3400.0
150000.0 160000.0 107.88864257815294 716.2834042968733 342.24151588080434 999.7729999999865 0.0 12061.798711733314 2279.3604694691953 2264.892775037208 2279.3604694691953 14.46769443198731 5450101.4071237855 3056.8744133406117 23.46769443198731 3056.8744133406117 3033.4067189086245 4166.666666666667
160000.0 170000.0 3204.3809042968496 651.559417271205 390.609594350974 999.8440000000119 133.89990234375 11325.847922712803 1223.246340867768 1209.651157048528 1223.246340867768 13.595183819239983 3323234.53043927 1861.801530657909 24.052998759844023 1861.801530657909 1837.7485318980653 3000.0
170000.0 180000.0 33.92274023438222 687.7000563476583 357.33212481024964 999.5890000000072 46.537000000011176 15921.893738027908 1926.1620009732362 1907.0916461818165 1926.1620009732362 19.07035479141942 5590110.80411722 2820.1369830728827 34.61253985081538 2820.1369830728827 2785.524443222067 3400.0
180000.0 190000.0 1821.8708203124988 665.8514074435758 395.1537910450258 999.9429999999993 9.772999999986496 12141.005554192796 1560.8214594329754 1545.2743058475655 1560.8214594329754 14.547153585409799 4603682.613963693 2370.7355144056096 28.6534996834444 2370.7355144056096 2341.0820147221652 3700.0
190000.0 200000.0 593.5087207031611 752.9132638020809 284.7439701638718 999.859999999986 273.26800000001094 12868.110750451695 1539.6164114325566 1524.1768378171807 1539.6164114325566 15.439573615376165 4145945.1379928454 2298.221728125529 25.333227517341562 2298.221728125529 2272.8885006081873 3233.3333333333335
200000.0 210000.0 3755.1151386718557 660.9097963867189 379.3031146646138 999.7090000000026 0.0 12754.143109892153 1252.5695038836247 1237.280281839936 1252.5695038836247 15.289222043688838 3587043.430252985 1847.6695562464583 27.606541774020894 1847.6695562464583 1820.0630144724373 3233.3333333333335
210000.0 220000.0 1784.9836328124802 718.9904648437497 332.86289706979375 999.1669999999867 3.8040000000037253 12703.354011793896 1465.5378671011676 1450.3092525651211 1465.5378671011676 15.2286145360466 4068138.027346593 2115.803219987349 28.326243610124138 2115.803219987349 2087.476976377225 3000.0
220000.0 230000.0 1085.551656250027 735.9864134114546 290.52689740034117 999.4590000000026 280.31099999998696 12039.020560273706 1483.4814377359019 1469.0401064108082 1483.4814377359019 14.441331325093529 3828729.2299707416 1984.4095004197225 25.026382520683935 1984.4095004197225 1959.3831178990386 3000.0
230000.0 240000.0 847.2628398437228 766.3734596354188 292.8304350189872 999.80799999999 296.40200000000186 12008.624352655044 1638.5649785727699 1624.1764122890443 1638.5649785727699 14.388566283725664 4021153.225916652 2172.2219670845398 24.388566283725666 2172.2219670845398 2147.833400800814 3000.0
240000.0 250000.0 455.30584179691505 776.0219408317969 296.1763393757927 999.835000000021 36.67599999997765 14707.93598107119 1845.1340870661927 1827.5048968453743 1845.1340870661927 17.629190220818522 4765564.460883836 2599.6173261829185 29.629190220818522 2599.6173261829185 2569.9881359621 3000.0
250000.0 260000.0 1294.7170839844039 698.7297277343692 311.6483711825861 999.6819999999716 261.18699999997625 12583.473033229535 1457.7739466105527 1442.6843453505164 1457.7739466105527 15.08960126003602 3774983.813284816 2010.165873417245 24.370809779181478 2010.165873417245 1985.7950636380633 3000.0
260000.0 270000.0 1074.0138242187677 708.1194749999985 332.72161613985674 999.9170000000158 257.09700000000885 12502.653260439585 1627.5883617549193 1612.5973211934079 1627.5883617549193 14.991040561511689 3895473.0121709364 2163.6196687211923 25.0 2163.6196687211923 2138.6196687211923 3000.0
270000.0 280000.0 283.69098046876024 752.9063138427737 287.8197706022784 999.9409999999916 282.64796484372346 12409.773451152396 1417.080486356224 1402.2027138548185 1417.080486356224 14.877772501405364 3939705.2036370644 1980.0607816601319 25.587604543771594 1980.0607816601319 1954.4731771163601 3000.0
280000.0 290000.0 3075.8759492186946 676.7650673828196 374.0327318166349 999.8950000000186 0.0 10346.164274107294 1107.4231182121111 1094.0107227558829 1107.4231182121111 12.412395456228406 3110218.510023346 1510.5363500185124 21.412395456228406 1510.5363500185124 1488.123954562284 3000.0
290000.0 300000.0 3829.226671874989 748.0605219029073 318.471932490432 999.9479999999749 264.4400000000023 15073.987219027567 1341.6835232618687 1323.5906965498984 1343.229936617854 17.5464133559852 3803651.1065864484 2007.8396314688623 32.5464133559852 2007.8396314688623 1974.2932181128772 3000.0
