ts te idle avg_span std_span max_span min_span c_bytes_all c_ack_cnt c_ack_cnt_p c_pkts_all c_pkts_data s_bytes_all s_ack_cnt s_ack_cnt_p s_pkts_all s_pkts_data videorate
0.0 10000.0 7211.689707031252 530.9911164550781 417.5927960829186 999.4310000000005 72.345947265625 16325.780782585185 613.0331652295802 595.2155690598358 617.0331652295802 17.81759616974427 1241373.2965380547 762.6181651461129 20.890024685517876 762.6181651461129 737.728140460595 2300.0
10000.0 20000.0 98.86424218749744 720.0703981827453 290.22154461011286 999.7750000000015 128.52301562499997 21073.219217414815 2526.9821551705063 2500.7997513402506 2526.9821551705063 25.18240383025573 6271654.335538637 3802.675234596506 27.109975314482124 3802.675234596506 3774.565259282024 2300.0
20000.0 30000.0 590.0521679687445 745.5324177631578 305.3228539189423 999.9559999999983 27.83600000000297 14022.878741594865 2681.0484207875684 2664.246407907958 2681.0484207875684 16.802012879610153 6228814.947202921 3788.4280439938602 16.802012879610153 3788.4280439938602 3771.6260311142496 4137.5
30000.0 40000.0 283.9685742187503 693.2588838541667 358.60912364984284 999.9470000000001 121.52500000000146 13127.860245683198 2256.1675089862656 2240.4223259189903 2256.1675089862656 15.74518306727591 5825566.846881725 3539.720516010655 15.74518306727591 3539.720516010655 3523.975332943379 4400.0
40000.0 50000.0 36.52527734375326 736.8048596191397 362.8570345676566 998.9820000000036 59.99199999999837 14741.522080095603 2014.0737322811326 1995.4172446331045 2015.0737322811326 17.656487648028097 5212276.443771569 3174.788264935001 18.656487648028097 3174.788264935001 3156.1317772869725 2950.0
50000.0 60000.0 2190.65200390626 576.2244409179684 405.3180351417218 999.6199999999953 2.243000000002212 16662.72034267961 1030.216880114019 1010.8718922005564 1031.216880114019 19.344987913462653 2613027.4990037535 1630.4596345345608 20.344987913462653 1630.4596345345608 1609.1146466210982 2142.8571428571427
60000.0 70000.0 63.655228515621275 722.5246648220491 358.49595147915727 999.6999999999971 80.19500000000698 13762.717212374686 1803.5711933767193 1786.0821733007585 1803.5711933767193 16.489020075960838 4431859.921059128 2756.1947200001864 17.489020075960834 2756.1947200001864 2737.705699924226 3200.0
70000.0 80000.0 3585.9492402343603 561.4518087158222 442.64694702681817 999.9660000000003 0.0 11304.30137757204 1549.9069440542082 1536.9446356385458 1550.9069440542082 12.962308415662353 3985938.7100042114 2439.1154207831178 12.962308415662353 2439.1154207831178 2425.1531123674554 4050.0
80000.0 90000.0 241.17552734374476 765.729565662203 334.6633625396442 999.6860000000015 52.58299999999872 13812.383278374216 2080.6762521508713 2064.1057256919944 2080.6762521508713 16.570526458876742 5039526.464470591 3099.2425914066566 16.570526458876742 3099.2425914066566 3082.67206494778 3000.0
90000.0 100000.0 1552.7090546875115 656.6501161595393 353.87495537358114 999.6389999999956 58.080000000001746 17726.254375942182 1724.600286413883 1702.9702862129325 1726.600286413883 20.63000020095045 4586194.027736079 2844.297210138641 22.63000020095045 2844.297210138641 2820.6672099376906 4166.666666666667
100000.0 110000.0 114.23980664063129 662.7262317708341 385.4732594150561 998.3139999999985 104.01300000000629 13632.594205046862 2176.1479104190635 2159.8018434216897 2176.1479104190635 16.34606699737383 5050493.578227529 3075.780508704271 16.34606699737383 3075.780508704271 3059.434441706897 4100.0
110000.0 120000.0 4038.7537832031085 612.0373368389421 395.4090234008771 999.5659999999916 25.08300000001327 9749.426403629948 1412.4045758257091 1400.696570861675 1412.4045758257091 11.70800496403395 3774567.2222810294 2265.8774735437996 11.70800496403395 2265.8774735437996 2254.1694685797656 3840.0
120000.0 130000.0 5.326001953129889 735.5759839311094 349.4385178882613 999.9949999999953 136.35000000000582 16953.27689116508 2394.6647452106745 2374.371914907731 2394.6647452106745 20.292830302943514 5928528.496923124 3693.3589033371754 20.292830302943514 3693.3589033371754 3673.0660730342315 3155.5555555555557
130000.0 140000.0 68.50964843749534 659.6421655273443 407.73757714425403 999.8319999999949 66.60399999999208 12496.77175875951 2136.7472647044087 2121.762975204694 2136.7472647044087 14.984289499714382 5669741.585676153 3356.1399165036396 14.984289499714382 3356.1399165036396 3341.155627003925 4400.0
140000.0 150000.0 58.242199218744645 663.9175012207033 401.6643250696755 999.2760000000126 73.42499999998836 12516.563485730085 2107.1221592551155 2092.114364141422 2107.1221592551155 15.007795113693687 5610947.886781343 3384.882377306967 15.007795113693687 3384.882377306967 3369.8745821932735 4400.0
150000.0 160000.0 35.17115429689875 661.4213170166004 408.81889756566187 999.6549999999988 67.66599999999744 12508.875316026899 2142.4287674251245 2127.4301031543087 2142.4287674251245 14.998664270815794 5523738.270223597 3274.0960514484304 14.998664270815794 3274.0960514484304 3259.0973871776146 4400.0
160000.0 170000.0 3927.02880664065 661.5092893629783 371.9106537499408 999.2369999999937 22.739999999990687 11308.32675323727 1501.276049189969 1487.7155865320653 1501.276049189969 13.560462657903418 3705407.216166132 2273.5515422873323 12.94306244347574 2273.5515422873323 2260.608479843857 3280.0
170000.0 180000.0 11.033253906236496 679.0520620888167 371.67289133959406 999.8630000000121 42.43599999998696 15402.322376383268 2114.749877364503 2096.3000678969656 2114.749877364503 18.44980946753665 5393214.997615278 3176.856855409656 19.06720968196433 3176.856855409656 3157.7896457276915 3350.0
180000.0 190000.0 87.53242773440434 656.4989999999998 412.5596246587403 999.8450000000012 45.288000000000466 12491.304062746765 2150.642555545375 2135.6647597463884 2150.642555545375 14.977795798986659 5593340.031556528 3370.1577300217614 14.977795798986659 3370.1577300217614 3355.179934222775 4400.0
190000.0 200000.0 37.481339843710884 655.0686215820351 414.3493672574266 999.9860000000044 48.67300000000978 12524.82128238964 2184.379876627547 2169.3622741544004 2184.379876627547 15.01760247314684 5664582.043084675 3390.807935538228 15.01760247314684 3390.807935538228 3375.790333065081 4400.0
200000.0 210000.0 39.14682226564037 676.1143250732421 388.3959424546493 999.7319999999891 82.74400000000605 13357.61200185516 2071.246750690135 2055.237710307884 2071.246750690135 16.00904038225078 5561293.870571845 3381.3606030570636 16.00904038225078 3381.3606030570636 3365.3515626748126 4400.0
210000.0 220000.0 35.06746093754191 641.1524555121529 425.75286361220026 999.8869999999879 7.790000000008149 13344.501680491612 2111.8299088927397 2095.8388142603267 2111.8299088927397 15.99109463241284 5573950.66656447 3346.896462078938 15.99109463241284 3346.896462078938 3330.905367446525 3800.0
220000.0 230000.0 68.47354296871345 648.6160983886748 422.8424197863003 999.5080000000016 63.638999999995576 12503.836293856948 2069.46236567748 2054.469685993565 2069.46236567748 14.992679683915616 5544445.777619161 3397.912688011318 14.992679683915616 3397.912688011318 3382.9200083274027 4400.0
230000.0 240000.0 46.11790039061452 651.3637620849622 422.64771257765386 999.0860000000102 73.50399999998626 12499.74177097619 2024.4676420766464 2009.4798252465082 2024.4676420766464 14.987816830137993 5679069.121530599 3179.7964297569188 14.987816830137993 3179.7964297569188 3164.808612926781 4400.0
240000.0 250000.0 60.04776171868434 660.52420153809 409.5342705080181 999.6599999999744 92.33500000002095 12510.114745897052 2107.7146545900587 2092.714518312271 2107.7146545900587 15.00013627778747 5410642.623368811 3286.2557016426917 15.00013627778747 3286.2557016426917 3271.255565364904 4400.0
250000.0 260000.0 72.29500781244133 632.7112186414953 391.1367631503006 999.9650000000256 0.0 12568.375142908513 2072.349501512587 2057.2811391614755 2072.349501512587 15.068362351111277 5268991.690624966 3209.002772057685 14.557467297839317 3209.002772057685 3192.4453047598463 3933.3333333333335
260000.0 270000.0 10.781673828198109 696.3190940755142 402.331526507343 999.454000000027 23.46799999999348 14156.806584276574 1963.9662596692747 1947.007090277886 1963.9662596692747 16.959169391388826 5168585.350048592 3139.812326071771 17.470064444660785 3139.812326071771 3122.34226162711 3600.0
270000.0 280000.0 67.30781445308821 649.9585615234391 421.3126152395355 999.9110000000219 73.78899999998976 12502.632773680198 2252.3040569217724 2237.3128065967367 2252.3040569217724 14.991250325035864 5683668.246426763 3460.408880402596 14.991250325035864 3460.408880402596 3445.41763007756 4400.0
280000.0 290000.0 58.891662109293975 651.0290747070358 419.70049713981643 999.8939999999711 61.95699999999488 12518.43548348126 2079.034102014629 2064.0240836256958 2079.034102014629 15.010018388932615 5503201.294974128 3313.489582098538 15.010018388932615 3313.489582098538 3298.479563709606 4400.0
