ts te idle avg_span std_span max_span min_span c_bytes_all c_ack_cnt c_ack_cnt_p c_pkts_all c_pkts_data s_bytes_all s_ack_cnt s_ack_cnt_p s_pkts_all s_pkts_data video_rate
0.0 10000.0 6252.264765624997 697.4944646661937 291.0979843680977 998.3110000000015 169.172119140625 18850.086453228934 888.8252895692276 867.7729684502884 892.8252895692276 21.052321118939098 2035171.4274982912 1241.2254748542898 35.20159241108913 1241.2254748542898 1202.0238824432008 1500.0
10000.0 20000.0 43.17719335937727 784.1975804036459 281.2465317011424 999.601999999999 13.579000000001543 22081.670975648485 1931.0208061704748 1903.6029843669594 1931.0208061704748 26.417821803515146 5287392.716665499 2817.2734124700937 51.14310653249868 2817.2734124700937 2764.1303059375946 2475.0
20000.0 30000.0 67.88381445311825 667.5676088324653 349.5990198013443 999.3280000000013 83.63300000000163 12539.403998295431 2009.6975787952706 1994.6782188350967 2009.6975787952706 15.019359960173842 5773128.6138042305 2822.7575034076963 26.655301056412192 2822.7575034076963 2796.102202351284 4400.0
30000.0 40000.0 35.766087890624476 714.6970603027344 332.3431705831143 999.8949999999968 250.62099999999919 12856.644842043808 1954.6214408015526 1939.196719263438 1954.6214408015526 15.424721538114873 5609723.523778258 2960.078130488964 25.91422442074296 2960.078130488964 2934.163906068221 4400.0
40000.0 50000.0 370.9763828124851 800.9111766493071 311.2528224465573 999.2740000000049 137.0458984375 12721.920658897305 1939.684244889094 1924.4432116754974 1939.684244889094 15.241033213596664 5421908.703681073 2805.534553121491 29.39629084793629 2805.534553121491 2776.138262273555 4400.0
50000.0 60000.0 522.6700195312442 784.3462390136729 251.4454249613022 998.2179999999935 258.747000000003 13651.840223712363 1958.5676368995762 1942.1953736170544 1958.5676368995762 16.37226328252175 5552803.80378215 2807.8918242123736 28.217005648182127 2807.8918242123736 2779.6748185641914 4400.0
60000.0 70000.0 159.22523242185707 725.6192795138915 293.1623923716712 999.8669999999984 231.6750000000029 13682.364940358704 1988.8560943880375 1972.4644200131097 1988.8560943880375 16.39167437492782 5836260.144656711 2973.896098794109 28.932076729033223 2973.896098794109 2944.964022065076 4000.0
70000.0 80000.0 32.09112890624965 736.9897565917981 305.9905095444655 999.9780000000028 227.61900000000605 11747.06790781497 2176.2647055866937 2162.1839008784827 2176.2647055866937 14.080804708210806 5513419.265509808 2994.6998186810238 24.540402354105403 2994.6998186810238 2970.1594163269183 4400.0
80000.0 90000.0 4146.181128906246 621.0632844587069 259.8126370416853 999.9759999999951 276.5610000000015 12602.523058444502 1197.56521414474 1183.0337140753284 1198.56521414474 14.531500069411521 3278535.7537358217 1630.9512000734321 28.063000138823043 1630.9512000734321 1601.8881999346092 3560.0
90000.0 100000.0 1334.618582031253 691.5817956054692 333.3864436196339 999.9130000000005 56.25800000000163 14586.476941555498 1713.8969887553335 1695.428488824745 1713.8969887553335 17.46849993058848 5017923.046888158 2492.691983896527 34.93699986117696 2492.691983896527 2456.75498403535 3000.0
100000.0 110000.0 508.2123710937303 720.1433967447937 337.7338923416173 999.4349999999977 188.99800000000687 13239.770069732374 2000.286381643422 1984.4071405955515 2000.286381643422 15.87924104787033 5296724.529701563 2799.310823124764 25.87924104787033 2799.310823124764 2773.4315820768934 4400.0
110000.0 120000.0 123.61663281248184 727.1340604383682 338.30683113330554 999.8369999999995 41.00299999999697 13462.229930267626 1806.880341775837 1790.7595828237074 1806.880341775837 16.12075895212967 5159597.682126128 2604.223789125032 29.076464913477682 2604.223789125032 2575.1473242115544 3400.0
120000.0 130000.0 1204.5937304687686 661.0023046874994 359.2379154706651 999.3839999999909 44.10096093750326 13309.352454135458 1678.7331130605087 1662.7700378145623 1678.7331130605087 15.963075245946335 4920763.001024513 2595.849793493496 25.525831661625155 2595.849793493496 2570.323961831871 3933.3333333333335
130000.0 140000.0 19.763384765625233 706.4373354492182 344.9132231442948 999.8589999999967 130.24199999999837 11710.647545864542 1856.0784743002055 1842.0415495461516 1856.0784743002055 14.036924754053665 5224088.359242279 2757.148194072889 24.518462377026832 2757.148194072889 2732.6297316958626 4400.0
140000.0 150000.0 49.05240625003353 723.8421127929669 325.6692854848204 999.9979999999923 241.80300000001444 13272.755880306779 2237.491848269704 2221.5728652813823 2237.491848269704 15.91898298832142 5539527.988917787 3037.6412870466384 25.45949149416071 3037.6412870466384 3012.181795552478 4400.0
150000.0 160000.0 5403.499994140642 542.3928268229138 333.29943151424004 997.6149999999907 0.0 8383.244119693221 1100.6341654052771 1090.5531483935983 1100.6341654052771 10.08101701167858 2588028.876071329 1477.03793820217 18.984925803659106 1477.03793820217 1458.0530123985106 3700.0
160000.0 170000.0 7.015824218746275 758.5674291294666 292.71565542952004 999.5299999999988 223.6590000000142 17556.0 2318.5095911925405 2297.5095911925405 2318.5095911925405 21.0 6193978.296173794 3276.7890229653426 39.64892168904906 3276.7890229653426 3237.1401012762935 3000.0
170000.0 180000.0 109.51366406248417 744.7831909179695 299.25738305054256 999.8740000000107 264.5320000000065 12874.367746161035 1939.916466320484 1924.483725529319 1939.916466320484 15.432740791165125 5324439.592780768 2657.628499825224 27.339401804296244 2657.628499825224 2630.2890980209277 3933.3333333333335
180000.0 190000.0 42.20946093747625 751.9423459635426 319.7327185222368 999.9729999999981 222.72000000000116 12941.496201672206 2307.2475545126335 2291.7214230774935 2307.2475545126335 15.526131435139984 5767146.639786748 3064.928852585396 25.04669532198743 3064.928852585396 3039.8821572634083 4400.0
190000.0 200000.0 18.946087890624767 725.6842331542957 307.8742650059262 999.5270000000019 255.0130000000063 12079.846117484645 2159.353289077675 2144.866173419446 2159.353289077675 14.487115658228896 5533493.203889416 2992.210382997638 24.966551771381454 2992.210382997638 2967.2438312262566 4400.0
200000.0 210000.0 135.2908632812905 795.2318798253665 308.43254235249066 999.8949999999895 167.449951171875 13327.078916993687 2112.590549497837 2096.6259482470555 2112.590549497837 15.96460125078114 5593794.796648549 3012.416726429425 27.37519038609629 3012.416726429425 2985.041536043329 4000.0
210000.0 220000.0 51.511972656298894 758.6014361572234 301.95089147695916 999.2820000000065 237.25899999999092 13755.301129692161 1773.527918014167 1757.03960340008 1773.527918014167 16.488314614086942 5251259.943706073 2533.2227256795554 28.62827360407075 2533.2227256795554 2504.5944520754847 3700.0
220000.0 230000.0 18.83511132816784 721.2893187255831 336.52297612147737 999.94200000001 241.24100000000908 11763.909887996266 2091.043094090709 2076.941997840111 2091.043094090709 14.10109625059791 5725706.487080149 2822.2238433277907 24.550548125298956 2822.2238433277907 2797.6732952024913 4400.0
230000.0 240000.0 40.34737695311196 717.6543684082044 328.83725258474715 999.7710000000079 240.23600000000442 13307.620340143218 2180.1428511483446 2164.1818627867265 2180.1428511483446 15.960988361618336 5534081.342115613 3018.3479742936333 25.480494180809167 3018.3479742936333 2992.8674801128245 4400.0
240000.0 250000.0 1094.786300781183 619.3587076057001 380.1016838610283 999.6280000000261 0.0 13013.033637583494 1550.0557911978058 1534.4428112939036 1550.0557911978058 15.612979903902046 3993838.312958686 2251.399195524401 26.093474084711215 2251.399195524401 2225.3057214396895 3000.0
250000.0 260000.0 2534.1910742187174 689.9905091552791 367.0133145695118 999.994000000006 0.0 13004.557825688009 1390.4908492838595 1374.902291320062 1390.4908492838595 15.588557963797506 3951216.04816942 2059.386469328569 27.182947456826305 2059.386469328569 2032.2035218717426 3350.0
260000.0 270000.0 18.394386718748137 742.7682757161448 311.6808017555716 999.6790000000037 178.68900000001304 13226.788196585278 2138.470724631113 2122.633250860431 2138.470724631113 15.837473770682113 5905378.101330776 3142.274249354309 29.243084277653313 3142.274249354309 3113.031165076656 4000.0
270000.0 280000.0 48.19916992186336 735.4319979248066 348.3477577195968 999.8790000000154 43.91700000001583 13303.02217414276 2077.6339774915455 2061.678529088964 2077.6339774915455 15.955448402581638 5479252.636011187 2944.844320407099 25.47772420129082 2944.844320407099 2919.3665962058085 4400.0
280000.0 290000.0 9.5779824219062 798.1912335379387 291.8143522499924 999.9810000000289 129.90087890625 13996.590531767342 2506.586371312828 2489.8162187957805 2506.586371312828 16.77015251704688 6497567.260012531 3513.291163254031 31.65327338944507 3513.291163254031 3481.6378898645853 4400.0
