ts te idle avg_span std_span max_span min_span c_bytes_all c_ack_cnt c_ack_cnt_p c_pkts_all c_pkts_data s_bytes_all s_ack_cnt s_ack_cnt_p s_pkts_all s_pkts_data videorate
0.0 10000.0 7200.551527343749 572.6209607599435 409.1420985849142 995.9389999999985 11.88525390625 17514.86474061441 146.64121571076709 126.44874871835992 152.64121571076709 19.192466992407148 297841.29832234944 230.3498195824037 21.384933984814293 230.3498195824037 202.96488559758942 1092.8
10000.0 20000.0 0.0 803.3690462472101 286.6897597267362 999.012999999999 54.05200000000332 25154.012269446714 909.6348313254329 879.0765327799221 910.6348313254329 29.55829854551064 1649341.5579579428 1196.7106076471837 32.36583155310349 1196.7106076471837 1162.34477609408 380.0
20000.0 30000.0 3650.494445312499 622.5726282958985 333.2534889733086 999.9110000000001 72.74900000000343 13766.048977459377 720.112282896826 703.5994783783061 720.112282896826 16.51280451851986 1408727.0313349478 980.9249851866949 16.51280451851986 980.9249851866949 964.4121806681751 1028.5714285714287
30000.0 40000.0 2072.191730468745 628.413720563617 383.9488676943253 999.2119999999995 68.19900000000052 12478.492810040862 984.944503845576 969.9819233110859 984.944503845576 14.962580534490334 2432123.313524046 1511.810390862943 14.962580534490334 1511.810390862943 1496.8478103284526 1900.0
40000.0 50000.0 1980.14396289063 746.0059461495532 359.589785393476 999.9639999999999 43.5480000000025 13833.00978679016 1503.5141053353664 1486.929031421114 1503.5141053353664 16.5850739142524 3333027.0341050783 2070.107258360645 16.5850739142524 2070.107258360645 2053.5221844463927 2900.0
50000.0 60000.0 1454.9891796875017 696.7445798483463 358.7388578663246 999.7409999999945 62.6047499999986 12424.191074205772 1929.270152902434 1914.3886943046573 1929.270152902434 14.881458597776648 4799348.274044067 2945.121358105432 14.881458597776648 2945.121358105432 2930.2398995076555 3000.0
60000.0 70000.0 2786.2798632812483 626.5182748325886 364.0409172716531 999.6720000000059 35.3640000000014 10825.21996115787 1212.1751562673094 1199.1785016810784 1212.1751562673094 12.996654586230893 3040895.380048862 1829.3514341126543 12.996654586230893 1829.3514341126543 1816.3547795264233 3000.0
70000.0 80000.0 2581.57823046876 735.8250649126841 319.06743330395716 999.9829999999929 58.728000000002794 13027.998333240988 1672.5080317536815 1656.8757091661996 1672.5080317536815 15.632322587482092 3987029.8915489023 2499.8835826998784 14.953982864152106 2499.8835826998784 2484.929599835726 3000.0
80000.0 90000.0 2132.4749121093773 606.8017674632343 365.0389839658094 999.1619999999966 66.08100000000559 11992.727747883844 1601.5387176104282 1587.1701664540776 1601.5387176104282 14.368551156350438 3984029.862724141 2445.1118242051725 15.046890879680424 2445.1118242051725 2430.0649333254923 3000.0
90000.0 100000.0 99.78469335936825 751.656788845486 338.5943824862139 999.880999999994 101.89299999999639 14672.56891355274 1954.4029625817818 1936.815104401509 1954.4029625817818 17.587858180272583 4741180.338542584 2933.573261901639 17.587858180272583 2933.573261901639 2915.9854037213663 3000.0
100000.0 110000.0 374.0323046875128 770.8085796874986 316.165562096471 999.3190000000031 139.4189999999944 13117.865385607263 1692.2580397703969 1676.53610938369 1692.2580397703969 15.721930386706966 3894240.0178470793 2419.0554773353533 15.721930386706966 2419.0554773353533 2403.3335469486465 3000.0
110000.0 120000.0 869.5083828124916 740.6373276041666 312.0461935564494 999.4569999999949 170.94599999999627 11914.338347521609 1790.7093479650127 1776.416784606911 1790.7093479650127 14.292563358101672 4181616.646660688 2615.912837950637 14.292563358101672 2615.912837950637 2601.620274592535 3000.0
120000.0 130000.0 161.42607226563268 794.9533161621093 260.90722634654475 999.6959999999963 248.02197265625 12472.805058265305 1709.7393656717481 1694.7835401868724 1709.7393656717481 14.955825484875659 3992476.5257841162 2484.1328157689704 14.955825484875659 2484.1328157689704 2469.1769902840947 3000.0
130000.0 140000.0 330.0640605468943 786.5417842881902 268.2178408500811 999.2749999999942 197.82399999999325 14528.26032504904 2046.8808079573141 2029.4861116849652 2046.8808079573141 17.394696272348725 4979529.729896897 3061.6133894685427 17.394696272348725 3061.6133894685427 3044.218693196194 3000.0
140000.0 150000.0 1458.7905390624946 701.8115738525375 323.59839635503886 999.9219999999914 178.45191015626187 12223.159841490291 1841.204878919579 1826.5408814074392 1841.204878919579 14.66399751213979 4031783.311399132 2608.9536031312687 13.971080139605634 2608.9536031312687 2594.9825229916632 3000.0
150000.0 160000.0 223.6291914062458 707.0721130371094 363.349366677711 999.9899999999907 120.007080078125 13093.436427673758 1754.1707473607853 1738.4778299882512 1754.1707473607853 15.692917372534154 3930939.2577207075 2542.7069175339984 16.38583474506831 2542.7069175339984 2526.32108278893 3000.0
160000.0 170000.0 992.8590000000258 727.7073940104165 328.38489133253154 999.9979999999923 211.94000000000233 11939.577837931814 1652.9645671105795 1638.6420281106605 1652.9645671105795 14.32253899991902 4138728.76438639 2525.3449871215603 13.64507799983804 2525.3449871215603 2511.699909121722 3000.0
170000.0 180000.0 167.47791601563222 676.2772402343758 360.1423991576399 999.4830000000075 187.9890000000014 13080.422162068186 1703.8936935715772 1687.2162325714962 1703.8936935715772 15.67746100008098 4042134.841701328 2546.258678556648 15.588823347570676 2546.258678556648 2529.6698552090775 3000.0
180000.0 190000.0 967.360076171899 779.8668022460915 306.23700872177795 999.9819999999891 147.19800000000396 13602.30442605793 1977.1572568698791 1960.8576079078152 1977.1572568698791 16.299648962064047 4858027.791782534 3049.152503039048 17.065747614655333 3049.152503039048 3032.086755424393 3000.0
190000.0 200000.0 1723.3207011718478 666.4043963623062 348.09264252091407 999.8530000000028 142.51999999998952 12500.083302202587 1519.5808452880933 1504.5926228389217 1519.5808452880933 14.988222449171719 3869932.5739711327 2369.815647128138 14.988222449171719 2369.815647128138 2354.827424678967 3000.0
200000.0 210000.0 106.58195117185824 721.0354405517592 352.96898744177673 999.9649999999965 160.3399999999965 12466.528668849984 1713.1443802100532 1698.1960088693763 1713.1443802100532 14.94837134067694 4039585.376000327 2458.848612462986 14.94837134067694 2458.848612462986 2443.900241122309 3000.0
210000.0 220000.0 1093.6392109375447 685.0809192708306 351.17355784167444 999.6169999999984 207.84700000000885 12568.83866027768 1539.268385137907 1524.1985054938718 1539.268385137907 15.06987964403525 3942835.641605542 2433.3008073537057 14.376002039983211 2433.3008073537057 2418.924805313722 3000.0
220000.0 230000.0 684.1307695313008 799.1910568847634 263.32263785342656 999.9519999999902 283.04099999999744 14776.244942611818 1870.2857239374712 1852.5918463334192 1870.2857239374712 17.69387760405204 4614689.539091207 2874.9592004844967 18.387755208104082 2874.9592004844967 2856.5714452763928 3000.0
230000.0 240000.0 780.1031093749916 740.6853927083333 334.0322640656655 999.6130000000121 170.02700000000186 11906.826619790627 1737.194158631173 1722.9105165649132 1737.194158631173 14.283642066259652 4097191.4152956326 2551.889542371342 14.283642066259652 2551.889542371342 2537.6059003050823 3000.0
240000.0 250000.0 84.522046875034 849.7413782958974 245.4379418972406 999.8580000000075 222.77500000002328 13953.173380209373 1920.461664857627 1903.7453069238868 1920.461664857627 16.716357933740348 4500535.4723901795 2876.1597104754 16.716357933740348 2876.1597104754 2859.44335254166 3000.0
250000.0 260000.0 1547.0356230469188 731.9702768229142 344.3526063220603 999.8989999999758 80.79405664064689 11372.63931525284 1580.6091337405442 1566.966968499566 1580.6091337405442 13.642165240978148 3634327.803937763 2321.3336530578154 13.642165240978148 2321.3336530578154 2307.6914878168373 3000.0
260000.0 270000.0 976.8701464844053 731.4096414292238 350.52091539794867 999.7770000000019 122.00500000000466 15816.36068474716 2001.7350427706556 1983.3772080116337 2002.7350427706556 18.357834759021852 4731166.308376425 2984.6170940954426 19.357834759021852 2984.6170940954426 2964.2592593364207 3000.0
270000.0 280000.0 3010.731833984377 689.8914700520885 359.3339557547274 999.9830000000075 118.55499999999302 12525.24391796502 1749.8696740731018 1734.8679333723449 1749.8696740731018 15.001740700756965 4336817.216682181 2595.611440076144 15.001740700756965 2595.611440076144 2580.6096993753868 3000.0
280000.0 290000.0 2135.787001953111 714.9688067626957 327.8548857878375 999.8429999999935 71.19199999998091 12758.328694681824 1529.0666902341602 1513.7553993284482 1529.0666902341602 15.311290905711969 3893701.0454185503 2339.8363175303 14.624322512180907 2339.8363175303 2325.2119950181195 3000.0
290000.0 300000.0 75.94059375004144 812.4165208740196 316.06733413379914 999.9670000000042 156.22899999999208 12505.35778286678 1599.7244451796337 1584.4224402171867 1600.0319634640916 14.994486677989052 3875385.570961071 2371.1949534640826 15.681455071520116 2371.1949534640826 2355.5134983925623 3000.0
