ts te idle avg_span std_span max_span min_span c_bytes_all c_ack_cnt c_ack_cnt_p c_pkts_all c_pkts_data s_bytes_all s_ack_cnt s_ack_cnt_p s_pkts_all s_pkts_data video_rate
0.0 10000.0 7131.041001953126 467.17399096679674 366.6947589268 998.5109999999986 119.58799999999974 14804.704262321433 733.0061797966093 716.7646584219747 737.0061797966093 16.241521374634697 1408811.8719667075 911.215846601986 20.241521374634697 911.215846601986 886.9743252273512 3350.0
10000.0 20000.0 119.1370019531314 779.7850855129072 310.9096232286195 999.6010000000024 29.54099999999744 22978.091469843195 2622.9578541203473 2594.4894043166396 2622.9578541203473 27.46844980370809 6024840.751884775 3731.935622187479 28.46844980370809 3731.935622187479 3701.467172383771 2050.0
20000.0 30000.0 249.0720839843707 632.0046492187499 372.6046898489117 999.9649999999965 82.91500000000087 13176.892116157573 2547.3987999541514 2531.6043912651285 2547.3987999541514 15.794408689023246 6200546.198870829 3657.6055531445863 15.794408689023246 3657.6055531445863 3641.8111444555634 4400.0
30000.0 40000.0 1296.499755859375 762.9626073242187 320.6655373041835 999.8300000000017 50.940999999998894 14886.707128268055 2477.120228022094 2458.918007961358 2478.120228022094 17.202220060736057 6045307.841670545 3650.5174750705683 19.202220060736057 3650.5174750705683 3629.315255009832 4400.0
40000.0 50000.0 333.85877929686103 722.8835610563875 344.4509860779104 999.9780000000028 0.0 15263.605023409746 2553.8110273129755 2535.5176272410777 2553.8110273129755 18.29340007189791 6268113.9860662855 3834.0455999221276 18.29340007189791 3834.0455999221276 3815.7521998502298 3875.0
50000.0 60000.0 823.0120058593602 649.3113329427084 409.14979537975404 999.7480000000069 100.77099999999336 12156.182219042035 1480.9508613413018 1466.3710724825821 1480.9508613413018 14.579788858719757 4027012.0880433293 2400.1378275368616 14.579788858719757 2400.1378275368616 2385.5580386781417 3000.0
60000.0 70000.0 71.87165039061802 690.4634202665449 387.18323788774956 999.945000000007 102.13300000000163 14026.667644788913 1850.3638627919852 1833.560565299825 1850.3638627919852 16.803297492160073 4521649.123504149 2777.2615836896407 16.803297492160073 2777.2615836896407 2760.4582861974804 3000.0
70000.0 80000.0 217.90178125000966 662.8173434244786 364.52669274372863 999.9660000000003 52.237999999997555 12458.373407729101 1944.6128887984103 1929.6738572495751 1944.6128887984103 14.939031548835192 5059102.602787409 3090.1563419504287 14.939031548835192 3090.1563419504287 3075.2173104015933 3933.3333333333335
80000.0 90000.0 39.60147070311359 706.7313799479181 384.2222043184824 999.2930000000051 96.6030000000028 12727.250517628952 2374.080731360194 2358.8227141183547 2374.080731360194 15.25801724183961 5941170.457683859 3516.4084763262417 15.25801724183961 3516.4084763262417 3501.1504590844024 4400.0
90000.0 100000.0 39.77001953126455 653.9847574462892 418.065533814111 999.9689999999973 73.7100000000064 12489.309198658371 2148.476377630804 2133.500951029072 2148.476377630804 14.975426601732032 5610971.7995250495 3317.273351517407 14.975426601732032 3317.273351517407 3302.2979249156742 4400.0
100000.0 110000.0 1984.0212460937473 663.6541875000005 384.4372995743056 998.926999999996 29.947000000000116 12480.052802535243 1940.6604539379257 1925.696020680758 1940.6604539379257 14.964433257167748 4836153.157189825 2962.921202154462 14.964433257167748 2962.921202154462 2947.9567688972948 3700.0
110000.0 120000.0 863.8351328124991 650.6307124310646 393.53823281833894 999.9549999999872 108.64900000000489 14234.214335836588 1907.3245389378278 1890.274403147048 1907.3245389378278 17.050135790779798 4816613.011867947 2928.786373665249 17.050135790779798 2928.786373665249 2911.7362378744688 3000.0
120000.0 130000.0 86.78299023438012 652.1955622558598 414.1774734861665 999.2280000000028 91.71299999998882 12508.952331771437 2090.5290055843557 2075.5302498459096 2090.5290055843557 14.998755738445888 5407146.300400324 3224.845031620998 14.998755738445888 3224.845031620998 3209.8462758825517 4166.666666666667
130000.0 140000.0 112.66128320310963 672.3114412841824 377.10925844616213 999.6760000000068 43.4659999999858 12504.147685457348 2227.900794145934 2212.907744638265 2227.900794145934 14.993049507669062 5641461.869349727 3388.8388581191466 14.993049507669062 3388.8388581191466 3373.845808611477 4400.0
140000.0 150000.0 211.29845703128376 660.8156857910126 376.0339873881965 999.2550000000047 116.40299999999115 12508.023224398314 2201.7343527652074 2186.736700479699 2201.7343527652074 14.997652285508686 5747014.976337632 3487.0725329730553 14.997652285508686 3487.0725329730553 3472.074880687547 4400.0
150000.0 160000.0 65.65674609373673 663.5810791015647 403.3894584470742 999.9860000000044 107.48300000000745 12880.82663215369 2269.1830561466104 2253.7426444694684 2269.1830561466104 15.440411677142151 5746356.753435371 3514.242835633244 14.9894082488322 3514.242835633244 3499.2534273844117 4166.666666666667
160000.0 170000.0 118.82661718750023 759.6931059570306 327.31098998690265 999.6639999999898 148.7619999999879 13818.670430610699 1975.5422828761964 1958.985667162882 1975.5422828761964 16.55661571331437 4982520.104861401 3035.767908979976 17.007619141624318 3035.767908979976 3018.760289838351 3400.0
170000.0 180000.0 63.412902343756286 653.1187445068372 418.25698835841956 999.6689999999944 53.03200000000652 12528.117531586913 2216.114091229649 2201.092573971232 2216.114091229649 15.021517258416761 5701309.430328501 3346.0954487297495 15.021517258416761 3346.0954487297495 3331.073931471333 4400.0
180000.0 190000.0 60.877607421862194 642.6202943474294 410.77185322412197 999.7900000000081 63.103000000002794 12501.013900890059 2105.728698381969 2089.739370708703 2105.728698381969 14.989327673266102 5559795.843431902 3360.6222333509218 14.989327673266102 3360.6222333509218 3344.632905677656 4400.0
190000.0 200000.0 62.300792968744645 655.9098879394551 412.83716938345657 998.8520000000135 88.49400000000605 12506.321536094067 2306.3447229272915 2291.34909164927 2306.3447229272915 14.995631278021456 5714220.848215286 3425.554493340516 14.995631278021456 3425.554493340516 3410.5588620624944 4400.0
200000.0 210000.0 1269.7605976562772 612.4435263020821 434.5441993546259 999.9139999999898 26.66699999998673 11195.876600818265 1715.1591919381594 1701.7222838611783 1715.1591919381594 13.436908076981311 4834067.982579144 2797.695403485356 13.436908076981311 2797.695403485356 2784.258495408375 4120.0
210000.0 220000.0 1594.9857617187663 708.7044373779299 318.13362056761144 999.6089999999967 171.77100000000792 18482.340943832165 2077.756405564838 2056.1966182206193 2078.756405564838 21.559787344218723 5243207.10363486 3055.294927330929 22.559787344218723 3055.294927330929 3031.7351399867102 3200.0
220000.0 230000.0 79.17326953128213 655.4765635986296 411.4374229493377 999.93299999999 72.11199999999371 12514.411847357653 2151.159386970341 2136.154147246639 2151.159386970341 15.005239723702676 5700698.608099813 3328.025196071674 15.005239723702676 3328.025196071674 3313.019956347972 4400.0
230000.0 240000.0 64.28354101558216 652.5161260986351 418.8891133551749 999.9649999999965 65.85700000001816 12496.308883692547 2326.7036055681488 2311.719865801293 2326.7036055681488 14.983739766855757 5748867.810015287 3467.5778647347497 14.983739766855756 3467.5778647347497 3452.5941249678935 4400.0
240000.0 250000.0 57.41625976568321 657.7087416992181 405.0057862400367 999.9679999999935 61.55800000001909 12511.733399057423 2250.552662335868 2235.5506036671536 2250.552662335868 15.002058668714279 5704414.240759829 3433.4061528604725 15.002058668714279 3433.4061528604725 3418.4040941917583 4400.0
250000.0 260000.0 61.08403320313664 664.5127636718714 405.2392680473126 999.7989999999991 67.90999999997439 12518.433716784772 2144.2982146022737 2128.2881983115553 2144.2982146022737 15.010016290718257 5493704.255522601 3255.102098583549 15.010016290718257 3255.102098583549 3238.0920822928306 4166.666666666667
260000.0 270000.0 62.549777343811 700.894178653492 349.0416012351436 999.8159999999916 104.89000000001397 16329.233879476804 2018.9421373231505 1999.9418595565512 2019.9421373231505 19.00027776659953 5517835.410439876 3268.8014875465956 20.00027776659953 3268.8014875465956 3247.801209779996 3600.0
270000.0 280000.0 47.59317187499255 655.6215080566399 410.60508609758506 999.7069999999949 70.66700000001583 12517.651502309367 2250.373787385235 2235.364700090331 2250.373787385235 15.009087294904237 5715387.673139279 3366.398880411764 15.009087294904237 3366.398880411764 3351.3897931168594 4400.0
280000.0 290000.0 80.77787109377095 657.0522403564428 417.4219537077927 999.7010000000009 47.896000000007916 12509.972703345877 2216.836419947515 2201.836452366344 2216.836419947515 14.999967581170873 5782650.886239376 3409.5333987484764 14.999967581170873 3409.5333987484764 3394.533431167306 4400.0
290000.0 300000.0 83.90302148438059 648.8206319580095 424.78169959958194 999.9259999999776 31.205000000016298 12488.380271286456 2275.8424864054905 2260.8681630429173 2275.8424864054905 14.974323362572989 5635382.950702654 3346.722258730535 14.974323362572989 3346.722258730535 3331.747935367962 4400.0
