ts te idle avg_span std_span max_span min_span c_bytes_all c_ack_cnt c_ack_cnt_p c_pkts_all c_pkts_data s_bytes_all s_ack_cnt s_ack_cnt_p s_pkts_all s_pkts_data video_rate
0.0 10000.0 6232.173904296873 582.8970900065109 365.3684063732689 999.4890000000014 89.532958984375 18831.0 813.969238033192 792.9692380331921 817.969238033192 21.0 1905923.2640183188 1120.7071451420588 34.271840872765054 1120.7071451420588 1082.4353042692937 1900.0
10000.0 20000.0 24.92694335937267 836.2999965376422 220.08557232685726 999.6569999999992 263.57800000000134 20068.0 2280.7108975515794 2256.7108975515794 2280.7108975515794 24.0 5937709.925134416 3233.717779729801 48.728159127234946 3233.717779729801 3184.989620602566 2627.2727272727275
20000.0 30000.0 258.1570488281286 751.9958682065214 259.36394958943765 999.7039999999979 259.90699999999924 14165.634211131091 2441.967317321668 2424.998630610111 2441.967317321668 16.968686711557115 6794394.829481987 3523.905344689806 33.93737342311423 3523.905344689806 3489.967971266692 4400.0
30000.0 40000.0 48.970136718751746 710.6832943474262 360.5995858385031 999.9979999999996 31.21502734375099 12913.63033711854 2040.7499814666776 2025.270610519981 2040.7499814666776 15.479370946696603 5873790.674480249 2990.496238737778 26.06262657688577 2990.496238737778 2964.4336121608926 4400.0
40000.0 50000.0 40.767064453124476 709.2532521972648 339.2781436011521 998.114999999998 199.81201171875 12508.30577943027 2244.575868097428 2229.5714313849835 2244.575868097428 15.004436712444958 5625762.451578867 2996.459153438568 25.452494370698677 2996.459153438568 2971.0066590678694 4400.0
50000.0 60000.0 800.4252167968516 756.412607421877 360.43100793099416 999.8920000000071 0.0 12974.429672320099 2007.8484270161064 1991.3009213868052 2007.8484270161064 15.547505629301323 5644324.010371164 2950.8132747073623 26.547505629301323 2950.8132747073623 2923.2657690780607 4400.0
60000.0 70000.0 953.5886093750014 649.518655371094 371.48786617039434 999.976999999999 3.8910000000032596 15504.91289690254 1595.345135738375 1576.388521360923 1596.345135738375 17.95661437745185 4474293.181292811 2305.204822924594 34.9132287549037 2305.204822924594 2268.2915941696897 3350.0
70000.0 80000.0 117.1383515625057 695.1954947916674 345.59210927540664 999.8889999999956 168.29690625000512 13388.08710309746 1882.9613303287804 1866.9179447062322 1882.9613303287804 16.04338562254815 5280181.966886125 2767.152548513851 28.0867712450963 2767.152548513851 2739.0657772687546 3700.0
80000.0 90000.0 1762.193378906246 728.5243617466507 312.0050594356329 999.6119999999937 238.32300000000396 12508.0 1671.2703061299262 1656.2703061299262 1671.2703061299262 15.0 4382053.354332138 2239.5853597224664 25.0 2239.5853597224664 2214.5853597224664 4400.0
90000.0 100000.0 233.6978183593601 656.0910586867553 346.9668583809717 999.744000000006 0.0 15034.0 2156.4474666292945 2138.4474666292945 2156.4474666292945 18.0 5717597.944104329 3036.341634354811 35.0 3036.341634354811 3001.341634354811 3525.0
100000.0 110000.0 1748.6696152343793 685.0248489583329 321.32902908727135 999.1089999999967 259.1389999999956 11186.896206541776 1662.7505871131673 1649.3129088125065 1662.7505871131673 13.437678300660703 4693027.729593978 2308.1552109816166 23.437678300660703 2308.1552109816166 2284.7175326809556 4400.0
110000.0 120000.0 67.77846093749395 712.5463033203123 366.08577484724344 999.9960000000137 0.0 14221.342036463115 1860.3610862456708 1843.3253032743742 1860.3610862456708 17.035782971296484 5322484.234623056 2693.8841183354834 30.035782971296484 2693.8841183354834 2663.848335364187 3600.0
120000.0 130000.0 1564.7914570312423 672.9005738740825 361.6773703527419 999.9500000000116 0.0 11829.06725677849 1610.667245448732 1596.475085019255 1610.667245448732 14.192160429476994 4677755.514306749 2320.292085210693 23.351056093447667 2320.292085210693 2296.9410291172453 4166.666666666667
130000.0 140000.0 229.2299707031343 709.3891804917264 333.84895072908836 999.7039999999979 0.0 13002.934098926624 1942.889219930283 1927.3170273814676 1942.889219930283 15.572192548815233 5142334.649999194 2735.3607035709706 27.413296884844563 2735.3607035709706 2707.947406686126 3600.0
140000.0 150000.0 40.20252929686103 683.4662535400385 370.0056216992185 999.5130000000063 0.0 13035.521111739174 2458.5690380598326 2442.932441815565 2458.5690380598326 15.63659624426767 5748723.57121011 3223.7471139521613 23.636596244267672 3223.7471139521613 3200.1105177078935 4400.0
150000.0 160000.0 49.10765039062244 713.3881462402369 344.0638693159486 999.8940000000002 194.98099999999977 12253.644974958548 2271.3989247474474 2256.70088928415 2271.3989247474474 14.698035463297217 5425128.182473694 3034.8471579899688 24.125589505482917 3034.8471579899688 3010.721568484486 4166.666666666667
160000.0 170000.0 1227.5641933593433 677.815619829965 338.64866259672664 999.8150000000023 109.0048828125 12402.033569246174 1538.9195118745795 1524.0580661184513 1538.9195118745795 14.86144575612768 4465951.529804907 2229.776777378004 27.86778342788396 2229.776777378004 2201.90899395012 3400.0
170000.0 180000.0 8.472683593718102 740.3626981907935 303.7825667996734 999.5020000000077 180.5009999999893 14207.919711377834 1874.54028219253 1857.526004113085 1874.54028219253 17.01427807944488 5385803.950919749 2635.8337519418737 30.13221657211604 2635.8337519418737 2605.701535369758 3700.0
180000.0 190000.0 12.68272460938897 750.6275147705092 289.39287322805626 999.8580000000075 365.25500000000466 12818.598673735085 2019.9433173233238 2004.5650321290398 2019.9433173233238 15.37828519428401 5598014.801186349 2815.9689793842435 25.413227493835436 2815.9689793842435 2790.555751890408 4400.0
190000.0 200000.0 9.513238281215308 816.6740954733481 254.4104568117332 999.8569999999891 244.21100000001024 12664.04236023318 2329.7141317994187 2314.5405867870895 2329.7141317994187 15.173545012329132 5879148.486773738 3130.094679360112 27.586772506164564 3130.094679360112 3102.507906853947 4400.0
200000.0 210000.0 96.00531445312663 834.5873419053823 251.75205345663198 999.8030000000144 229.67106054688338 14172.0 2133.8656258236197 2116.8656258236197 2133.8656258236197 17.0 6205744.016742855 3064.036645600178 29.0 3064.036645600178 3035.036645600178 4400.0
210000.0 220000.0 1742.976671875018 699.347476217829 332.47011671894035 999.872000000003 131.3869999999879 12540.27579618801 1870.4651670084763 1855.416641952828 1870.4651670084763 15.048525055648206 5097386.884401057 2635.7393804148314 25.664815920038446 2635.7393804148314 2610.074564494793 3933.3333333333335
220000.0 230000.0 101.25191015625023 710.2935815716919 313.85484256180206 998.9590000000026 214.38399999999092 12479.72420381199 1876.0806363378292 1861.1291613934773 1876.0806363378292 14.951474944351794 4914361.6295421105 2541.9939282423447 27.335184079961557 2541.9939282423447 2514.6587441623833 3700.0
230000.0 240000.0 1114.6524667968624 808.3944443359376 280.30330532965723 999.6570000000065 0.0 12686.24401619407 1878.1803793624813 1862.969784303452 1878.1803793624813 15.210595059029355 5202236.818985087 2612.4120432754785 27.95970187238231 2612.4120432754785 2584.4523414030964 4400.0
240000.0 250000.0 1819.420291015529 676.8050023643116 346.6216555967975 999.3080000000191 1.8910000000032596 13065.136026116135 1702.981569168198 1687.3109834533593 1702.981569168198 15.670585714838362 4724364.268769491 2441.1169228831873 29.921478901485408 2441.1169228831873 2411.195443981702 3466.6666666666665
250000.0 260000.0 353.20486718748 763.266737670896 330.6612678910526 999.8190000000177 170.950927734375 13059.355732307013 1826.7989898435885 1811.1540960688906 1826.7989898435885 15.64489377469786 4955840.526715355 2412.2573249362986 26.995114955338032 2412.2573249362986 2385.262209980961 3600.0
260000.0 270000.0 102.37595703126863 667.5546651475662 385.8138747880582 999.960000000021 0.0 12911.264225382783 1969.4755588180337 1954.0016333665994 1969.4755588180337 15.473925451434422 5185787.115868682 2697.5335856353477 26.12370427079425 2697.5335856353477 2671.4098813645537 3700.0
270000.0 280000.0 17.408431640651543 698.0647705652518 318.85652814698165 999.7689999999711 231.56599999999162 12834.229439291705 2073.80265570918 2058.4175851161967 2073.80265570918 15.385070592983023 5591881.361281515 2765.9085842269515 25.385070592983023 2765.9085842269515 2740.523513633969 4400.0
280000.0 290000.0 29.199671874928754 817.7724405692037 290.97801660264713 999.5499999999884 41.17724609375 13902.360485124778 2497.8271163901463 2481.171008501681 2497.8271163901463 16.656107888465172 6541153.69287118 3360.2348871518207 32.61492940701697 3360.2348871518207 3327.6199577448033 4400.0
290000.0 300000.0 5026.303234375024 630.2119753906212 387.9920249029475 999.0900000000256 90.97499999997672 6609.410075583517 1058.9229884904357 1050.964166971884 1058.9229884904357 7.958821518551805 2855473.43225074 1469.422817567339 15.0 1469.422817567339 1454.422817567339 4400.0
