ts te idle avg_span std_span max_span min_span c_bytes_all c_ack_cnt c_ack_cnt_p c_pkts_all c_pkts_data s_bytes_all s_ack_cnt s_ack_cnt_p s_pkts_all s_pkts_data video_rate
0.0 10000.0 6192.125013671874 778.6291840444713 288.413282912742 999.9569999999985 65.506103515625 21766.621261291686 284.4222764410427 258.9297715476672 289.4222764410427 24.492504893375514 591472.1574264934 431.3604014669063 29.492504893375514 431.3604014669063 397.8678965735308 958.6666666666666
10000.0 20000.0 1027.7882871093825 719.3332642968744 321.2630632284672 999.9709999999977 140.35599999999977 22633.378738708314 1219.5777235589571 1192.0702284523327 1220.5777235589571 26.50749510662449 2314922.8425735068 1619.6395985330937 28.50749510662449 1619.6395985330937 1589.1321034264693 728.7272727272727
20000.0 30000.0 3077.77991796875 668.7542777777776 329.6938074762885 994.1169999999984 0.0 19332.0 397.0 373.0 399.0 22.0 827492.0 575.0 26.0 575.0 546.0 461.14285714285717
30000.0 40000.0 6092.231914062504 454.1230909090902 320.91970964914503 999.2410000000018 39.02599999999802 15015.0 479.0 461.0 479.0 18.0 1245591.0 760.0 18.0 760.0 742.0 682.2857142857143
40000.0 50000.0 1263.806238281235 665.3911817555165 367.9412524552601 999.494000000006 59.15099999999802 13847.786924561007 1613.7045476484502 1597.1010902093058 1613.7045476484502 16.603457439144442 3688026.3906075484 2345.5998513749596 16.603457439144442 2345.5998513749596 2328.9963939358154 2500.0
50000.0 60000.0 3762.0841484374832 617.5061711856628 349.68903519557966 999.2510000000038 124.81500000000233 13684.213075438993 1572.2954523515498 1555.8989097906942 1572.2954523515498 16.396542560855558 3509928.609392451 2225.40014862504 16.396542560855558 2225.40014862504 2209.0036060641846 2300.0
60000.0 70000.0 2421.560003906241 719.7817140066971 304.1264623627871 999.945000000007 92.86299999999756 13815.598934436066 1320.7160169939464 1304.1238231714635 1320.7160169939464 16.592193822483008 3100516.4913088144 1954.1238231714635 16.0 1954.1238231714635 1938.1238231714635 2300.0
70000.0 80000.0 3281.748042968771 654.0481335937482 386.0754268416714 999.4489999999932 34.070999999996275 12024.401065563934 1257.2839830060536 1242.8761768285367 1257.2839830060536 14.407806177516992 3089550.5086911856 1965.8761768285367 15.0 1965.8761768285367 1950.8761768285367 2300.0
80000.0 90000.0 2853.233363281237 750.4776923076917 320.84419555691795 999.5829999999987 13.960999999995693 12510.0 1253.0 1238.0 1253.0 15.0 3115007.0 1950.0 15.0 1950.0 1935.0 2300.0
90000.0 100000.0 1448.755908203122 661.1307922712056 416.31895721524984 999.8709999999992 92.40899999999965 12995.419576633676 1297.3111033644054 1281.7191282709496 1297.3111033644054 15.591975093455703 3063124.3558676704 2003.983327523304 15.0 2003.983327523304 1988.983327523304 2300.0
100000.0 110000.0 817.0360917968646 682.2590743408209 390.6301677808331 999.2979999999952 0.0 12481.504826174103 1248.420667013038 1233.4554172250207 1248.420667013038 14.965249788017198 3071662.3849145565 1938.45016536507 15.557224881472902 1938.45016536507 1922.8929404835972 2300.0
110000.0 120000.0 60.86318164059776 745.2516870404429 347.0199684931596 999.9079999999958 176.2960000000021 12480.473526293865 1296.4803994896502 1281.5164073844135 1296.4803994896502 14.963992105236422 3215515.4794321107 2017.1301580717538 14.963992105236422 2017.1301580717538 2002.1661659665174 2300.0
120000.0 130000.0 824.3715996093815 733.1424963378886 292.02700229780504 999.6259999999893 301.3289999999979 14242.623719495672 1560.6082399527954 1542.5465037095082 1560.6082399527954 17.061736243287402 3637063.0985099375 2272.8397120897575 16.478783013290677 2272.8397120897575 2255.360929076467 2300.0
130000.0 140000.0 147.235595703125 709.1369002685551 342.3381920588079 999.8150000000023 143.11900000000605 12895.124306930398 1418.107993227843 1402.6522629975177 1418.107993227843 15.455730230325432 3239251.6669326937 1978.2155723152691 15.519341730161079 1978.2155723152691 1962.696230585108 2300.0
140000.0 150000.0 1069.2091835937463 686.666861557905 351.4248675355997 999.7190000000119 45.19000000000233 14215.556815780406 1511.6488147512373 1495.0542871494063 1512.3382442531044 16.594527601831008 3479023.8678599717 2210.755679745187 17.80329883385915 2210.755679745187 2192.262951409461 2300.0
150000.0 160000.0 1617.6515644531173 714.9536470588235 329.95235631018545 999.0750000000116 35.304000000003725 13824.297228691881 1415.5848944315055 1399.2181054936586 1415.8954649296386 16.366788937846835 3266264.81487466 1998.8595861480612 16.677359435979774 1998.8595861480612 1981.8716562139487 2300.0
160000.0 170000.0 1386.386857421865 645.462937988279 382.4711003699465 999.6639999999898 29.05799999998999 13302.518769412325 1321.6989663594613 1305.7452734961494 1321.6989663594613 15.953692863312064 3271537.8621102455 2035.673184468221 15.476846431656032 2035.673184468221 2020.196338036565 2300.0
170000.0 180000.0 2870.6736679687456 661.769391666667 364.94878478728515 999.9580000000133 69.49199999999837 11553.932085394017 1166.82072345024 1152.968250476364 1166.82072345024 13.852472973876068 2987217.4873739965 1825.945326174532 14.3293194055321 1825.945326174532 1811.616006769 2300.0
180000.0 190000.0 2535.2062460937304 730.9006776041662 316.0852298314792 999.7669999999925 112.03200000000652 12673.549145193658 1523.3181979598237 1508.124363797012 1523.3181979598237 15.193834162811868 3437240.9821241577 2156.147288098844 15.193834162811868 2156.147288098844 2140.953453936032 2300.0
190000.0 200000.0 1513.9350058593554 684.9153567243318 381.04097668759204 999.8310000000056 159.26399999999558 12969.322949316913 1263.7217992582962 1248.161649320105 1263.7217992582962 15.560149938191357 3075856.0 1898.5601499381914 15.560149938191357 1898.5601499381914 1883.0 2300.0
200000.0 210000.0 2202.242109374987 692.4012779017856 310.57249425404973 998.7399999999907 116.75500000000466 12050.677050683087 1197.313475145439 1182.8736250836303 1197.313475145439 14.439850061808642 2906896.366707355 1788.4760685332228 14.439850061808642 1788.4760685332228 1774.036218471414 2300.0
210000.0 220000.0 118.8559804687684 776.0297535400387 325.24839735003474 999.5450000000128 217.41399999998976 15033.778346290024 1641.497151427462 1623.4841810949833 1641.497151427462 18.01297033247897 3925263.8774128463 2457.4962073597835 17.506485166239486 2457.4962073597835 2439.989722193544 2300.0
220000.0 230000.0 1039.9029414062388 721.0250705729161 301.6206486938439 999.5570000000007 167.54899999999907 11668.221653709976 1330.4675741688025 1315.4805445012817 1330.4675741688025 13.98702966752103 3172753.7558797984 2017.4675741688025 14.493514833760514 2017.4675741688025 2001.974059335042 2300.0
230000.0 240000.0 2337.7456972656364 711.5885930524548 332.13892099122796 999.8509999999951 87.83600000001024 12996.420703814847 1253.1835176314412 1237.590321651179 1253.1835176314412 15.59319598026201 3083883.8844254464 1949.3521809603494 15.0 1949.3521809603494 1934.3521809603494 2300.0
240000.0 250000.0 3454.0314355468145 708.2211872209945 315.2238677868076 999.9780000000028 51.101000000024214 14614.53747709719 1317.483857071506 1300.4844211238267 1318.483857071506 16.9994359476795 3330525.2237692624 2115.2036106072997 18.0 2115.2036106072997 2096.2036106072997 2300.0
250000.0 260000.0 1138.440089843818 647.9866882324168 384.94458220865505 999.789999999979 93.99599999998463 12510.060605304523 1314.0803871817195 1299.0803132728115 1314.0803871817195 15.000073908907954 3161615.4233128796 1948.7877337488026 15.0 1948.7877337488026 1933.7877337488026 2300.0
260000.0 270000.0 2168.4598339843797 748.1100587086369 329.00044140941424 999.9720000000088 151.1599999999744 14172.112172792804 1833.3474763399063 1816.37172978772 1833.3474763399063 16.975746552186344 3969677.135181712 2540.361831850656 17.56845238903581 2540.361831850656 2522.79337946162 2300.0
270000.0 280000.0 1295.458978515584 723.5025390625 311.7496773294837 999.9319999999716 149.84499999997206 12476.154316743448 1339.1221790998447 1324.1634543233283 1339.1221790998447 14.9587247765164 3258205.5275711194 2064.348997163997 14.9587247765164 2064.348997163997 2049.3902723874803 2300.0
280000.0 290000.0 2093.204974609369 667.5608653645846 314.9149599393044 999.1959999999963 187.19900000002235 12077.71472424719 1313.7825826755825 1299.3097598411346 1313.7825826755825 14.472822834447792 3184007.8057395807 1973.9456456688956 14.472822834447792 1973.9456456688956 1959.472822834448 2300.0
290000.0 300000.0 3848.669359375024 717.722923076922 387.3804782332698 999.929999999993 11.603000000002794 12510.0 1323.0 1308.0 1323.0 15.0 3054023.0 1942.0 15.0 1942.0 1927.0 2300.0
