ts te idle avg_span std_span max_span min_span c_bytes_all c_pkts_all s_bytes_all s_pkts_all videorate
0.0 10000.0 0.0 0.0 0.0 0.0 0.0 0.0 0.0 0.0 0.0 0.0
10000.0 20000.0 2671.3040273437437 814.2995525173618 351.17948478540205 997.1719999999987 59.52197265625 26273.587708152707 339.0509982541148 971057.2153351321 847.1743195754952 288.0
20000.0 30000.0 2313.7299726562487 854.0300030381945 246.9654491260679 997.8589999999967 311.33899999999994 22122.412291847293 370.9490017458852 997613.7846648679 867.8256804245048 288.0
30000.0 40000.0 851.6389980468739 914.8361001953126 209.90446057366762 999.744000000006 320.302001953125 23432.129696940112 445.84964253641 1182771.1809428239 1043.8711221740657 288.0
40000.0 50000.0 1049.471888671891 895.0528111328109 260.07504107813753 999.2149999999965 165.3669980468694 20061.087860228323 382.1123938021225 717772.5153273845 630.0909141644668 288.0
50000.0 60000.0 161.88104296875827 894.3744506392038 255.09967927334262 993.2119999999995 144.01988671874278 16424.974229808653 392.96932457367166 470883.6546094647 408.04395323818227 288.0
60000.0 70000.0 140.19575195311336 896.3458407315352 247.04898167305095 999.1129999999976 182.0529296875029 24011.865420289385 530.0304389267517 683873.9601614347 582.7209549396657 288.0
70000.0 80000.0 154.78800000002957 895.01927272727 238.96455679908726 999.8509999999951 232.61668164061848 18408.258170085974 392.9873062831953 476416.2839788262 415.62546911965154 288.0
80000.0 90000.0 110.81640625001455 899.0166903409078 222.21303908815426 999.0570000000007 319.07568164062104 22536.26847714738 492.89308599288995 636783.1010154645 543.5424234197847 288.0
90000.0 100000.0 136.1120195312542 896.7170891335223 219.212582335247 998.2920000000013 363.7260878906236 25542.310005989686 569.3515661196936 720283.041245947 625.7115512156944 288.0
100000.0 110000.0 1603.7849179687328 839.6215082031267 320.9591874327699 999.1609999999928 97.073974609375 18949.869680274587 414.09466750473865 562631.9856403815 494.949072345534 288.0
110000.0 120000.0 156.07667968745227 894.9021200284134 287.24103303985 998.3969999999972 32.977294921875 24023.132991563853 459.6911720607723 634356.9520039224 554.6220969632252 288.0
120000.0 130000.0 437.1310117187386 956.2868988281261 81.1714287753644 999.5480000000098 736.915283203125 20303.684336352988 451.09379742205897 583135.3261043561 508.7627350628156 288.0
130000.0 140000.0 104.69820312497905 899.572890625002 231.49932588912048 999.4249999999884 260.38771679688944 21490.57461918393 493.1554446272032 641534.3766665069 561.9787798340406 288.0
140000.0 150000.0 438.6887753906194 869.2101113281255 251.34475808701768 999.5430000000051 307.2539199218736 12075.536586883556 289.8301450110444 327050.7179384647 304.8654333092453 288.0
150000.0 160000.0 242.80336914063082 887.0178755326699 236.61688940958376 999.4750000000058 285.408935546875 12201.178400593542 293.1841703144223 352093.5390376299 317.6117935091131 288.0
160000.0 170000.0 1918.7216191405896 808.127838085941 322.91201039844736 998.19200000001 106.79931640625 34594.19496511594 833.7079274373424 1056327.018817535 907.8993758587171 320.0
170000.0 180000.0 4281.2063164062565 714.8492104492179 404.7492043836446 998.2289999999921 57.6820000000007 24276.934559542096 600.0489173876831 766474.3465098583 675.704324845798 480.0
180000.0 190000.0 5150.821109374985 808.1964817708358 346.1476217087515 995.4290000000037 105.587890625 24274.751195559744 616.1721616354033 782902.6277813504 681.0719814217781 480.0
190000.0 200000.0 1114.3555839843466 888.5644416015654 290.8967441928659 998.5050000000047 73.789306640625 33690.045453090665 889.8966326021788 1124981.1315402996 967.2554120955018 788.5714285714286
200000.0 210000.0 2018.6650175781397 798.1334982421861 400.6080959107471 999.9070000000065 0.0 33235.04819454628 863.5423166870668 1093358.1584515236 935.6543135746741 582.8571428571429
210000.0 220000.0 1247.284289062518 875.2715710937482 289.5653753129422 998.945000000007 65.21299999998882 24463.155156803317 617.3888890753512 766664.0822268262 686.018292908046 480.0
220000.0 230000.0 1969.6520214843622 892.2608865017376 311.64976247947664 999.5970000000088 61.302978515625 36177.12370402049 977.3314059258877 1227882.4231481734 1031.5656882852786 840.0
230000.0 240000.0 66.26867773439153 903.066483842328 289.51257479264063 999.4550000000163 32.13330078125 36226.7799787045 961.23181026767 1204449.6637394414 1033.4474224625735 840.0
240000.0 250000.0 752.2651796875289 924.7734820312471 206.02983459383603 999.765000000014 339.6819999999716 36234.96949633649 965.4391894492971 1216414.159255177 1038.9204123309632 840.0
250000.0 260000.0 2960.9421406249166 782.1175399305648 404.3257781957065 999.3240000000224 34.31787890626583 30443.7202426749 757.9470860699801 971186.5005725306 831.3444916542895 500.57142857142856
260000.0 270000.0 4008.0429179687635 748.9946352539046 416.6974239110217 997.7980000000098 75.9140625 25740.197005729584 625.261449147973 776221.2508790595 681.9121365606038 540.0
270000.0 280000.0 2148.1599960937165 872.4266671006982 290.9383238425778 998.6219999999739 107.01806640625 29360.44341527056 746.5617763523464 968292.6308325722 832.723059958201 840.0
280000.0 290000.0 95.38313281256706 900.4197151988575 278.1868458011232 999.890000000014 66.85693359375 37422.09131652534 936.3879988111714 1187737.4008435344 1013.4515448415789 685.7142857142857
290000.0 300000.0 114.94402539066505 898.6414522372123 295.59206643928763 999.1919999999809 9.180908203125 38710.246408166066 973.2690512410144 1230292.1773571766 1057.174951635078 840.0
