ts te idle avg_span std_span max_span min_span c_bytes_all c_pkts_all s_bytes_all s_pkts_all video_rate
0.0 10000.0 0.0 0.0 0.0 0.0 0.0 0.0 0.0 0.0 0.0 0.0
10000.0 20000.0 5217.19109375 797.1348177083333 352.2297740879163 998.8189999999995 132.0689999999995 43807.94964589106 584.0097088935873 867216.1925647146 726.6359225052857 288.0
20000.0 30000.0 130.51990625000326 897.2254630681815 221.82816724077878 999.9349999999977 335.03509374999703 54904.05035410894 989.9902911064127 1289721.8074352853 1078.3640774947141 702.0
30000.0 40000.0 2539.4096894531176 828.9544789496535 236.36395171351833 997.2070000000022 434.90499999999884 49559.60236484152 896.9881039342082 1241279.7048110294 1029.4885068711822 840.0
40000.0 50000.0 2678.6943789062498 732.130562109375 315.00607268496134 998.9470000000001 160.01200000000244 49805.84839286229 890.4483769756889 1201715.6704360289 998.6317917035461 840.0
50000.0 60000.0 680.9479316406432 931.9052068359357 167.8304217422427 999.8340000000026 464.42006835937354 48339.54924229618 865.5635190901029 1135222.624752942 947.8797014252717 840.0
60000.0 70000.0 699.0180234374857 930.0981976562514 135.6877562561767 999.8450000000012 645.8759765625 51295.4286870702 966.1432704056297 1283258.4582318563 1066.2082041177414 840.0
70000.0 80000.0 120.81103515623545 898.1080877130695 218.29349922407127 999.320000000007 351.9920234375022 47442.424310850336 853.7860508594849 1137126.5020051165 947.6764933438034 840.0
80000.0 90000.0 80.37194726562302 901.7843684303979 216.85927516124264 999.9649999999965 411.0270585937542 48991.9981515377 896.4105925144846 1182893.5989564867 984.9310140442893 840.0
90000.0 100000.0 574.1629609375086 856.8942762784083 324.2912481251054 999.5109999999986 0.884033203125 53208.247120506465 979.7194129102078 1258269.3114806474 1045.27460673835 840.0
100000.0 110000.0 388.6190156249795 961.1380984375021 101.62161687986766 999.8160000000062 673.468017578125 50499.3176597863 932.2476300665604 1254252.987355291 1047.7933777012754 840.0
110000.0 120000.0 156.52510156246717 894.8613544034121 218.8131386125436 998.570000000007 325.33798242187186 45180.6144512734 819.9167639183083 1050810.8539662051 880.5608894517466 840.0
120000.0 130000.0 420.7500332031632 870.8409060724397 239.23795640686785 999.6639999999898 375.44808398437453 49483.49352453384 896.9884803760183 1187402.1278184555 991.1916452383522 840.0
130000.0 140000.0 58.443906249973224 903.7778267045479 212.02093383669012 999.9539999999979 391.2509765625 53607.11355000432 994.8367291755352 1289564.3652698235 1073.9821717842563 840.0
140000.0 150000.0 1609.5300449219067 839.0469955078094 304.92767708979096 999.55799999999 45.804931640625 45929.00929708734 834.1116137364852 1044324.7400325211 868.9213678032093 840.0
150000.0 160000.0 1274.039931640611 872.5960068359389 246.8644657235431 998.3159999999916 402.75800000000163 48927.3532473501 873.8394560372856 1115183.054883597 929.4602297769763 840.0
160000.0 170000.0 621.6790253905929 937.8320974609408 130.44524008463742 999.7449999999953 638.198974609375 51658.51378268039 966.663363644368 1269049.6281855402 1054.1690042383198 840.0
170000.0 180000.0 102.48399414058076 899.7741823508563 219.44967989501657 999.4750000000058 357.74002539063804 51808.19024782517 942.9172855942131 1214593.96951295 1013.8660025766729 840.0
180000.0 190000.0 3782.7049804687267 690.810557725697 381.26195378087976 998.8340000000026 104.47601953125559 47386.29596949444 832.4193507614189 1074716.4023015096 896.9649931850072 840.0
190000.0 200000.0 1131.2999999999593 985.4111111111156 37.350451330753444 999.9700000000012 885.8850000000093 47923.0 801.0 1062732.0 887.0 840.0
200000.0 210000.0 564.7088789062109 943.529112109379 114.64370752035767 999.9729999999981 655.72412109375 51965.045386973696 941.1826550154472 1249759.7999668634 1037.4114529416793 840.0
210000.0 220000.0 89.45403515626094 900.9587240767036 214.9994092550104 998.8979999999865 343.1188789062435 49012.45468422466 862.1599973450731 1121019.4975542545 933.8480953166364 840.0
220000.0 230000.0 141.23582031251863 896.2512890624984 221.11886838527437 999.4290000000037 369.0559140625119 45431.438758810524 774.3445521602731 1024464.5804851274 855.5953402035706 840.0
230000.0 240000.0 626.7793125000026 852.1109715909089 242.13658688852487 999.7099999999919 454.38773437499185 53980.40149039534 948.9277908762509 1224181.5283543044 1016.16482503475 840.0
240000.0 250000.0 2814.278953125031 898.2151308593711 178.10352405931667 999.755999999994 488.9090468749928 48076.65967959578 852.3850046029557 1120535.5936394504 926.9802865033638 840.0
250000.0 260000.0 1378.4299863280612 957.9522237413265 119.86524200473015 999.7800000000279 638.364013671875 54900.2543857566 974.7440270570651 1312243.5666092727 1091.2641581871815 840.0
260000.0 270000.0 100.89002734370297 899.9190884232997 215.35232104159397 999.3740000000107 361.2269863281399 48793.3405341821 856.2857742135366 1127771.8510740474 941.1801022270287 840.0
270000.0 280000.0 1629.5480000001262 837.0451999999874 267.6580207151211 998.9139999999898 319.2299999999814 47934.31330857728 841.3888781167364 1101484.1639996306 915.9440568696559 840.0
280000.0 290000.0 2460.9330429687398 753.906695703126 274.3963849495738 999.3819999999832 293.0320136718801 54497.60179448786 959.3765848115008 1257154.4821283945 1038.2337228404083 840.0
290000.0 300000.0 702.0479433593573 929.7952056640643 166.4632405963771 999.3310000000056 466.67405664065154 48266.48997699616 820.2047358011612 1060505.9361886552 885.3779598757258 840.0
