ts te idle avg_span std_span max_span min_span c_bytes_all c_pkts_all s_bytes_all s_pkts_all videorate
0.0 10000.0 8266.626050781226 866.6869746093871 75.18528573778657 919.8510000000242 813.52294921875 7427.9919093847775 21.12058398610198 14847.810311042962 21.300547486970608 0.0
10000.0 20000.0 593.280978515686 855.1562746803921 274.37703935581334 997.7320000000182 178.5340507812216 21912.995801200992 272.28729870632077 679666.7176776541 517.365105397807 288.0
20000.0 30000.0 311.48704492190154 880.7739050070999 240.22621871143983 999.8009999999776 301.27392578125 19646.611933229204 255.49663296329214 469975.6528150806 343.79916026461905 288.0
30000.0 40000.0 359.9308261718834 876.3699248934652 252.63690948265454 995.9369999999763 164.902099609375 19756.729454621454 242.78912271048054 498016.5160948278 355.251943816395 288.0
40000.0 50000.0 275.2860097656958 884.0649082031185 288.06958658168384 998.5349999999744 29.26708984375 24428.149566744236 287.4474279504638 664622.4357347131 483.9648144482325 288.0
50000.0 60000.0 432.88713867176557 956.7112861328235 87.3862607808027 999.2010000000009 712.824951171875 25017.877368262874 313.3613434044913 638657.5681159337 455.9883082141765 288.0
60000.0 70000.0 246.36083203123417 886.6944698153424 232.52477875748022 999.9490000000224 281.70304882811615 26853.753255044612 352.4675178573998 625218.5536033271 454.6820044974798 288.0
70000.0 80000.0 198.96286132809473 891.0033762429005 215.59038957785515 999.1010000000242 398.443880859355 31598.79036357394 410.34657212487684 800947.5475612942 579.6438472199625 288.0
80000.0 90000.0 302.74326367193135 881.5687942116426 253.07676832259702 999.5559999999823 276.718994140625 29300.899558154535 399.69973203903993 682400.3969118684 488.5743825986313 288.0
90000.0 100000.0 160.39599023433402 894.5094554332424 247.25158638956256 999.2910000000265 190.35400390625 32188.13439266951 440.657142768697 775633.2825641377 564.9166174304123 288.0
100000.0 110000.0 157.758714843716 894.7492077414804 266.41372408741466 999.0470000000205 109.0712890625 33176.42417409658 437.49131431951145 780767.7831659118 559.3384598307043 288.0
110000.0 120000.0 179.44426562497392 892.7777940340933 285.42291382257355 998.8400000000256 38.1240234375 31693.97424606355 425.3676826553307 757585.9896913101 545.0902731521171 288.0
120000.0 130000.0 227.170037109463 977.2829962890537 19.317143249170485 996.6030000000028 933.510986328125 27022.617734232048 366.85050956988295 629906.8313919766 449.44610198848454 288.0
130000.0 140000.0 180.47989843745017 892.6836455965954 280.28579856793795 998.1450000000186 63.651013671886176 33525.122284214296 439.044711542369 852538.7088431446 615.8104155368534 288.0
140000.0 150000.0 317.67415234382497 880.2114406960159 260.05017581662435 999.9749999999767 156.1129121093545 26736.12001974626 362.3165874987639 656979.0164724477 456.599237782905 288.0
150000.0 160000.0 164.7679511719034 894.1120044389179 224.12694423175316 999.4479999999749 328.091064453125 30746.426271667362 415.2591527021609 728032.3102494256 517.8800214940084 288.0
160000.0 170000.0 701.275669921888 845.3385754616465 296.9989929370559 999.960000000021 125.997314453125 29328.450741319786 412.67809100437637 654185.9521158141 477.0402135422109 288.0
170000.0 180000.0 193.13503125007264 891.5331789772662 290.47426272642645 997.8859999999986 22.415283203125 25988.8809689544 353.24341635299277 563833.4290209551 409.23338545458216 288.0
180000.0 190000.0 213.09933984384406 978.6900660156156 24.341672812819 995.795999999973 914.366943359375 29963.456925592858 421.6608235550761 654298.0559446998 475.6113102783321 288.0
190000.0 200000.0 1924.6058359374292 807.539416406257 300.22294140410224 999.8149999999441 78.24505664058961 37481.144285876 545.7116610407189 769383.7316841527 573.499696302431 288.0
200000.0 210000.0 4103.053191406187 842.4209726562591 266.47426982124 997.7280000000028 248.36489257810172 39035.89116920416 538.3807338018458 770354.8501842804 570.463328828931 397.7142857142857
210000.0 220000.0 1503.9318007812835 849.6068199218716 266.4355794674451 999.3209999999963 156.1000839843182 36295.10629785489 557.2649283125461 806297.1943009757 593.5898819346337 480.0
220000.0 230000.0 2128.916097656358 874.5648780381824 230.03973364610528 999.685999999987 292.19988476566505 43188.82951780801 659.3863175240665 999184.8041526084 737.5043726810721 582.8571428571429
230000.0 240000.0 840.9540468748892 832.6405411931919 339.15302083260997 999.25 140.594970703125 55470.78167584584 895.3945060992218 1315723.4344548685 928.0383171380844 840.0
240000.0 250000.0 670.8519316406455 932.9148068359355 104.20762979768084 999.6520000000019 693.2900390625 54549.00812304818 916.088748128586 1437706.8575742154 999.4029845233974 840.0
250000.0 260000.0 765.4330429688562 839.5060870028312 293.7640008398618 997.4960000000428 201.89599609375 52598.755193966084 913.4982423579039 1325093.9161014843 930.0195823607412 840.0
260000.0 270000.0 571.3960292969132 942.8603970703086 86.77212575217551 999.9320000000298 796.7360039062332 52897.53871730006 886.0368262166396 1303896.0970940008 929.4492842017344 840.0
270000.0 280000.0 187.67071484366897 892.0299350142119 254.66511024893023 999.8850000000093 155.68703320308123 56505.133713685405 906.7302192096384 1392123.0709239487 1000.231820498933 840.0
280000.0 290000.0 739.6829570314148 841.847003906235 323.86578422865693 999.170999999973 144.727294921875 53057.33907389377 887.0278759433178 1291082.5280013124 903.2811394680308 840.0
290000.0 300000.0 689.3802089843666 931.0619791015633 120.38698617223447 998.6970000000438 630.2880859375 57174.01149240763 928.6379241508807 1451582.6568607676 1020.3083036231183 840.0
