ts te idle avg_span std_span max_span min_span c_bytes_all c_pkts_all s_bytes_all s_pkts_all videorate
0.0 10000.0 6966.378105468699 758.4054736328253 469.25039006588867 996.579000000027 54.56689453125 25097.6375135872 290.8021185783781 624733.2371412831 478.6042371567562 288.0
10000.0 20000.0 1907.831894531264 809.2168105468736 328.95385494685314 999.3159999999916 192.45100000000093 53778.3624864128 800.1978814216219 1284718.7628587168 941.3957628432438 388.3636363636364
20000.0 30000.0 2323.130027343752 959.608746582031 71.69834785430444 999.9689999999828 798.77197265625 47839.86643096115 778.9596967365288 1350053.4740485572 956.1183864732327 840.0
30000.0 40000.0 2721.3928750000778 808.7341249999913 335.50685828292666 999.6749999999884 195.31102734373417 49618.34410092778 844.8884593387808 1324623.6928411366 934.2168819808595 840.0
40000.0 50000.0 2076.53683203127 792.346316796873 334.0311993303742 999.8719999999739 128.22390234377235 53049.81957750609 914.4053485840856 1369081.673117286 968.162555242175 840.0
50000.0 60000.0 2769.9111835936783 803.3432018229246 348.7448408626594 997.9500000000116 134.38873437501024 51273.633975467426 863.3024339709999 1262675.7099137257 901.8937804492593 840.0
60000.0 70000.0 2984.994138671842 779.4450957031287 378.0240307136278 999.9679999999935 68.23491796874441 44579.36341558964 665.8219678158532 1042647.2917299721 748.7015520204768 594.6666666666666
70000.0 80000.0 3318.962892578158 835.1296384277302 287.72368776125893 999.7999999999884 178.2360566406278 45086.794979244034 773.0083893763053 1214666.8259350765 863.6589064021059 840.0
80000.0 90000.0 238.13398437493015 887.4423650568245 264.10723447164264 999.7530000000261 136.1699492187472 58072.84559672635 949.7263432116047 1523736.5089095654 1077.759473424649 840.0
90000.0 100000.0 1698.7510878905887 830.1248912109411 305.3022357141327 998.5690000000177 227.76500000001397 56611.7114919911 899.2588047722594 1399700.5948882508 993.4373578374142 720.0
100000.0 110000.0 2754.5429394530365 805.0507845052182 343.75196227842525 999.2820000000065 185.3340214843629 41754.43863349305 703.4276604973393 1049898.9234086785 749.2231258153379 840.0
110000.0 120000.0 2320.0510390624986 767.9948960937502 370.89467721145166 999.8819999999832 135.0959609374986 53680.18179809338 851.2008956962429 1294872.3052077512 942.8279803544897 594.6666666666666
120000.0 130000.0 3052.4490019531804 868.4438747558524 306.02735908983976 999.4639999999781 119.56500000000233 38504.9378508938 581.1199149031049 893354.7307137889 638.6898974969218 445.7142857142857
130000.0 140000.0 4916.964003906294 726.147999441958 410.2852684499405 999.4589999999735 124.1359999999986 30562.4606697059 456.24580737866916 670070.6015606823 490.5941862412593 416.0
140000.0 150000.0 1841.2780878906487 815.8721912109352 331.6707069590473 998.5819999999949 133.39100585936103 48443.94125788934 801.7134585718818 1178339.879472382 840.2123569935238 615.0
150000.0 160000.0 3740.1918125000084 782.476023437499 305.50595555927185 997.7860000000219 189.52009374997579 39060.78552735208 627.7539473041394 966938.133522599 689.9953257443415 720.0
160000.0 170000.0 1592.2358476562076 840.7764152343792 302.2868641289961 998.5200000000186 134.90990625001723 52565.27309044151 804.8391160641386 1187573.205759005 872.0985388013709 696.0
170000.0 180000.0 3045.2402460937737 772.7510837673585 346.2348823959346 999.1520000000019 133.3667539062444 42119.60160371737 748.3277557780661 1100957.448971543 788.4096947225827 840.0
180000.0 190000.0 4729.033000000054 752.995285714278 420.7950729669271 999.4870000000228 34.255999999993946 39797.0 586.0 892178.0 647.0 366.85714285714283
190000.0 200000.0 2842.431880859309 894.6960148925864 193.8707065556696 999.5570000000298 451.4980000000214 47690.1818183743 757.4056568091055 1172665.2261836282 836.7335730937907 682.2857142857143
200000.0 210000.0 688.2811835939065 846.519892400554 307.8657786062346 999.0979999999981 70.28888085938524 58011.16806841973 963.080302114327 1430470.9310230415 1015.6869748624564 840.0
210000.0 220000.0 2166.4586230468703 870.3934863281255 294.7189349503474 999.0219999999972 94.57706445315853 48137.12776463711 769.6994236619512 1194418.2477238248 851.3999346622952 840.0
220000.0 230000.0 2083.6183124999516 879.5979652777831 284.9184966891619 998.5250000000233 133.4746875000419 54474.52234856887 906.8146174146164 1367199.5950695055 971.1795173814576 840.0
230000.0 240000.0 2798.444999999949 900.1943750000064 212.3951748462794 996.6620000000112 378.4070000000065 41950.0 695.0 1060762.0 758.0 840.0
240000.0 250000.0 1306.9160234373994 965.8982196180667 66.90575351299111 999.8090000000084 792.1259765625 54303.9280904573 803.2860035720307 1252645.816988868 899.0802916006069 560.0
250000.0 260000.0 1676.1658828124637 832.3834117187537 265.7820148838349 999.8519999999553 205.15202343754936 47793.22274540967 813.7410997401751 1196641.4800974424 845.5783873167294 840.0
260000.0 270000.0 1236.0441601563944 876.3955839843605 270.9090045437426 999.7430000000168 131.78490624995902 52870.757723176815 905.5461544640599 1313011.687433446 925.2339583301169 840.0
270000.0 280000.0 2078.2876464843284 792.1712353515671 378.6779914762918 999.2290000000503 32.93900000001304 48746.46525181449 723.8484377966001 1075802.5220423548 781.6890648090462 640.0
280000.0 290000.0 3518.089337890735 810.2388327636581 281.09102875469586 999.8399999999674 200.6397128906101 44629.01029366956 742.2045658294908 1108932.3625998562 785.7804667878307 840.0
