ts te idle avg_span std_span max_span min_span c_bytes_all c_pkts_all s_bytes_all s_pkts_all video_rate
0.0 10000.0 9959.1650390625 40.8349609375  40.8349609375 40.8349609375 279.50857489389585 0.6848462305469516 561.7108782946098 0.7761590612865452 0.0
10000.0 20000.0 433.1868769531284 956.6813123046871 60.60343773510569 999.3430000000008 837.861083984375 33614.61582097918 437.5829199364192 1210272.335319809 1077.65716883136 288.0
20000.0 30000.0 2250.022197265629 774.9977802734371 343.05095523367083 999.0809999999983 161.62491601562215 22148.423822829543 366.17449513994205 1232544.0103439365 1064.0957762493458 426.0
30000.0 40000.0 526.6249003906269 861.2159181463066 287.43509302082555 997.663999999997 53.10911328125076 7367.705223258314 200.21709730556532 247864.19770598572 229.6797081422157 472.0
40000.0 50000.0 233.13790625002002 887.8965539772709 228.01159750787042 998.5629999999946 361.22701367187256 13294.535449808005 327.4702434420549 392646.6910746195 357.43621858633566 288.0
50000.0 60000.0 184.42977929687186 892.3245655184662 222.59999843985594 999.3790000000008 393.88330078125 21320.58461560451 463.66312317816937 632651.37083694 540.1100080408264 288.0
60000.0 70000.0 256.8132910156419 885.7442462713053 230.0492738177491 999.5969999999943 290.510009765625 23362.44102709009 509.3291698755088 735512.78908988 634.1988095782617 288.0
70000.0 80000.0 201.23412109377387 890.7968980823842 252.91654297769367 999.005999999994 173.785888671875 17957.934393144533 374.9797273271947 495664.6162143046 422.6755279908111 288.0
80000.0 90000.0 133.63887304688978 896.941920632101 266.558134521487 999.0179999999964 109.916015625 20404.731449114894 413.209425104192 579583.4889764402 495.0132901006577 288.0
90000.0 100000.0 104.49697656251374 899.5911839488624 279.33601692173875 999.3479999999981 63.2900390625 25202.708717207257 526.2156813947245 822436.9002669745 694.0291090539556 288.0
100000.0 110000.0 738.6851230469038 926.1314876953096 193.9748498523404 999.4590000000026 377.138916015625 19057.157121711465 368.68019186291707 587240.6129982823 507.46618621142983 288.0
110000.0 120000.0 146.33303320311825 895.7879060724438 228.22330711577487 999.3470000000088 297.8798828125 21720.36248824112 454.7096122247864 637667.2772781993 544.2535310821416 288.0
120000.0 130000.0 161.6787753906392 894.392838600851 246.0464946472112 997.8239999999932 201.360107421875 19542.98488262857 421.9463712493881 622335.0570779342 540.6891535731793 288.0
130000.0 140000.0 164.8831347656087 894.1015332031265 266.20628908501186 997.6430000000109 111.02197265625 15051.169663054929 330.9341190319216 454705.1659027478 395.2741702088882 288.0
140000.0 150000.0 137.71765624996624 896.571122159094 286.7327773807766 998.6510000000126 37.79931640625 20248.760037172426 452.0702908530115 610418.6375449657 520.8173650630094 288.0
150000.0 160000.0 135.0002167968778 986.4999783203123 15.39832832829301 999.9839999999967 954.0886835937563 24919.85900252341 521.7745548082196 796061.4063550548 669.0622478802261 288.0
160000.0 170000.0 140.55821289066807 896.312889737212 291.3644396092712 999.3129999999946 22.45690039062174 21206.55650699205 437.9940526692377 695736.449364304 595.5665401437599 288.0
170000.0 180000.0 223.6955937499879 888.7549460227284 267.4997691395329 999.5489999999991 101.69211328125675 12677.587913540638 293.156561134312 359337.0889885695 321.30150312362804 288.0
180000.0 190000.0 237.4442812500056 887.5050653409086 261.5939872686999 999.3880000000063 165.8687070312444 17411.566716345646 407.9657056295251 521294.87396840035 449.1925995331236 288.0
190000.0 200000.0 220.44573828126886 889.0503874289756 216.94752749930672 999.0989999999874 349.25998828123556 23628.365982625313 525.4574906992157 734387.0738771069 624.3637424617808 288.0
200000.0 210000.0 1143.1822949218913 805.1652459161917 328.82455008552955 998.429999999993 224.14199999999255 20266.50021739983 454.1888940883296 636917.6632035607 558.003118896825 288.0
210000.0 220000.0 266.0710781249509 884.9026292613681 272.22781485374065 999.3530000000028 96.347900390625 10581.0636392096 247.15439894663848 280527.1370024967 255.0947589927627 288.0
220000.0 230000.0 160.6418320311932 894.4871061789825 287.415180693132 997.2010000000009 34.070068359375 21478.947606333742 485.83273226894704 612974.2787984572 528.8058476235832 288.0
230000.0 240000.0 697.2471875000629 930.2752812499937 179.5279167878929 999.2010000000009 421.952880859375 25532.491902033627 587.4088619301675 746470.1467500215 639.0912082132918 288.0
240000.0 250000.0 512.8798261718475 862.4654703480138 281.03670597893864 999.2849999999744 286.5351191406371 14894.35497110076 346.3134914552409 422846.3739157653 372.67551684831375 288.0
250000.0 260000.0 181.49306445306865 892.5915395951756 242.92754820340286 998.3329999999842 211.739990234375 15257.00797931743 365.8861929702561 443992.8083160636 393.03267138736254 288.0
260000.0 270000.0 118.37200976570603 898.3298172940267 252.1630204958566 998.9720000000088 162.10498046875 24037.497893049593 562.3186624956779 706228.2323864386 602.6321248310137 288.0
270000.0 280000.0 541.8030156249879 859.8360894886374 292.20340035759733 999.7970000000205 77.68896484375 44089.542024614755 1228.501049167551 1578724.38811575 1312.8378396416206 1629.3333333333333
280000.0 290000.0 1018.5310800781008 898.1468919921899 224.8706508910799 999.9020000000019 277.431884765625 40438.99631434434 978.7625387276107 1233956.8312765402 1057.262725312548 503.6666666666667
