ts te idle avg_span std_span max_span min_span c_bytes_all c_pkts_all s_bytes_all s_pkts_all video_rate
0.0 10000.0 0.0 0.0 0.0 0.0 0.0 0.0 0.0 0.0 0.0 0.0
10000.0 20000.0 5464.96067968756 907.0078640624881 201.17611598478229 999.1140000000014 547.1533203125 34992.42673012344 429.83733359249146 1052996.379212935 804.9287158327312 288.0
20000.0 30000.0 1563.6950156250386 766.9368167613601 345.2931558741114 998.6589999999851 59.4873046875 60565.75614229443 874.8864979935249 1416412.3960147016 1027.6570315462932 533.3333333333334
30000.0 40000.0 1648.8133222656325 927.9096308593741 111.9202521678324 999.7770000000019 733.656982421875 55224.05508813941 938.5563113097171 1441399.2951781298 1015.219952177601 840.0
40000.0 50000.0 632.6950664062169 851.573175781253 308.0897309650382 999.2609999999986 195.388916015625 53824.14941190995 879.5874837672584 1370007.4753954404 968.5598369495611 840.0
50000.0 60000.0 1913.5698847656604 808.643011523434 385.1295480838797 999.1180000000168 13.08203125 52829.89953601313 905.2456886515275 1316920.590835014 927.4550614787332 840.0
60000.0 70000.0 325.3157207031036 967.4684279296896 89.35560488770112 999.7299999999814 713.393310546875 52669.760729028996 866.1683530005988 1355529.0927276928 975.168509017321 840.0
70000.0 80000.0 1394.6303242187714 782.3063341619298 317.1330997432098 999.7210000000196 224.760986328125 53978.011467103766 907.8461504306003 1392997.4594612932 986.4870828381196 840.0
80000.0 90000.0 1817.0920683594304 818.2907931640569 334.0066720138922 999.7199999999721 47.94091796875 50747.767347580506 860.7811427501604 1249934.7387247363 879.6252799494744 840.0
90000.0 100000.0 2359.2089375000214 764.0791062499978 377.41208844403553 999.1240000000107 40.35498046875 53069.11391590124 900.6835334820795 1325806.9715191335 937.2579623182494 840.0
100000.0 110000.0 1876.6960527343908 812.3303947265609 376.59160950511045 999.7160000000149 34.700927734375 52233.59057372853 899.219945133072 1298855.5468695248 924.7724243513305 840.0
110000.0 120000.0 158.51095507806167 984.1489044921939 23.442453229545883 999.994000000006 925.27197265625 52854.58838717399 845.9027431853264 1305955.8588378336 937.5381578857825 840.0
120000.0 130000.0 746.2589824219467 841.2491834161866 299.36639168228555 999.6880000000237 74.64902734372299 52525.447396793716 842.2318987362559 1307753.4592710424 935.8082879283228 603.4285714285714
130000.0 140000.0 5711.642029296898 536.0447463378878 462.65735327033656 999.8859999999986 59.0849609375 32340.52134787359 465.2168497655985 699634.01760549 514.404418199192 480.0
140000.0 150000.0 1959.797841796826 804.0202158203174 381.92845487446016 999.4249999999884 37.047119140625 54625.59379604348 880.5838930750693 1334135.0757776776 946.6419778210005 737.1428571428571
150000.0 160000.0 111.0481191407307 988.895188085927 12.810063580084808 998.74099999998 959.1708808593685 54528.31813029181 880.2521751267199 1341378.6425693554 972.4753017062876 840.0
160000.0 170000.0 497.30596093751956 950.269403906248 94.43053311490738 999.9810000000289 740.5400390625 54600.51957191426 910.6950127135425 1454486.1086835943 1032.8937862498587 840.0
170000.0 180000.0 1202.084023437521 879.7915976562479 236.85818805561507 999.9130000000005 256.57596093748 55234.05184884538 919.3270495863995 1404283.936695334 992.0385959893881 840.0
180000.0 190000.0 1818.6599492186797 818.1340050781321 265.315914021823 999.8190000000177 264.11498437501723 52872.89198800036 859.1615765460433 1311615.939152214 936.0510963882919 840.0
190000.0 200000.0 1011.3050175780663 817.1540893110849 340.54341191016 999.9060000000172 56.800048828125 55640.61694323955 904.8626915031688 1374170.7035831336 981.1973329780024 840.0
200000.0 210000.0 387.4481484374264 961.2551851562573 81.31284828817478 1000.0 735.847900390625 57099.506619550986 902.9039883919506 1430635.6517859665 1026.7147837141365 840.0
210000.0 220000.0 745.1118808594765 841.3534653764112 343.5830111111823 999.5899999999674 43.77001953125 52788.79329246056 841.5235611626554 1269785.9855541785 902.5344935448525 840.0
220000.0 230000.0 2279.6737480468582 772.0326251953142 351.9601608224264 999.9710000000196 57.353271484375 50793.246680115895 842.5260137072825 1275995.6537173162 901.0505299895398 840.0
230000.0 240000.0 2878.7902714844095 791.2455253906212 330.3205346139566 998.75 49.567000000039116 51815.37305587301 821.0001063889576 1248185.0208282624 891.5193811459304 840.0
240000.0 250000.0 2934.2020332032116 883.2247458495985 222.3222650096488 999.6829999999609 409.7469999999739 46705.527923552385 698.2660865675019 1065360.027419149 753.614343952582 1750.6666666666667
250000.0 260000.0 93.83108593767975 900.5608103693019 219.5444405761165 999.1909999999916 325.5630332031287 70600.84758233279 1194.252071566806 1742789.5868272316 1219.004181323638 1786.6666666666667
260000.0 270000.0 1916.3179042967968 734.880190518473 373.30122283345645 999.6480000000447 54.0009765625 60234.71709223382 931.1036157980894 1387396.2495371688 1002.8681911409572 552.0
270000.0 280000.0 484.56402734376024 951.5435972656239 83.93761312632897 999.2269999999553 738.52294921875 60489.969541296836 949.7110508278056 1489564.1834985144 1056.654697858199 840.0
280000.0 290000.0 1210.2299062499078 799.0700085227356 318.9199546978637 999.9760000000242 230.39404296875 55479.22827797371 903.1620011948183 1367457.380414902 968.1196681368865 840.0
290000.0 300000.0 1475.7920429686783 947.1342174479246 144.4539593168621 999.3149999999441 561.9819570312975 54892.70958261046 901.5051740449785 1305749.5723030344 918.7389175877375 840.0
