ts te idle avg_span std_span max_span min_span c_bytes_all c_pkts_all s_bytes_all s_pkts_all videorate
0.0 10000.0 9589.3466796875 410.6533203125  410.6533203125 410.6533203125 3914.3601963729993 20.221786992332838 67731.43111746226 54.887707550617705 0.0
10000.0 20000.0 373.25634570315015 875.1585140269864 233.51747644315614 999.4199999999837 294.823974609375 43526.65522119474 513.7218926002467 1192503.724911752 890.4395632279254 288.0
20000.0 30000.0 466.1010039061657 953.3898996093834 95.28656954307898 999.1030000000028 698.9400253906497 32070.02500073526 401.8410303907832 818045.2546520559 599.0882242020468 288.0
30000.0 40000.0 243.55205468751956 886.9498132102254 273.383592666714 999.3520000000135 90.46302929689409 20328.704221645276 281.50043221712457 457989.71446997114 329.96469462005996 288.0
40000.0 50000.0 234.113646484504 887.8078503195906 235.73253992550664 998.2629999999772 241.63008398434613 26936.97647247048 358.93613305846895 636464.8969265637 463.10872977562576 288.0
50000.0 60000.0 284.5773007811513 883.2202453835317 246.13197732649272 999.9660000000149 337.1967304687714 28363.97090365761 390.72012812762 685944.139108407 487.3832130497041 288.0
60000.0 70000.0 397.8990234375233 872.9182705965887 263.8804900570808 997.8439999999828 209.2939453125 31315.797364824324 422.28130893938874 706860.2557664969 510.17154316128523 288.0
70000.0 80000.0 175.90692578128073 893.09937038352 283.435761744733 999.7689999999711 59.52001953125 29004.75056170507 401.98150337395833 680960.1076808161 488.5179804964298 288.0
80000.0 90000.0 136.57201953133335 986.3427980468666 18.164231231602315 999.3420000000042 939.5839804687421 30409.760057394236 416.7957843000766 700494.4753664752 497.43834391630526 288.0
90000.0 100000.0 223.49188476562267 977.6508115234377 29.905828622995784 999.7060000000056 909.568115234375 34976.08005595745 458.60265477614905 822322.8872009965 610.5298089159855 288.0
100000.0 110000.0 3055.39111523435 771.6232094184056 355.22671663514757 998.310999999987 89.30288476560963 29194.91994404255 433.39734522385095 703136.1127990035 508.4701910840144 288.0
110000.0 120000.0 1250.3549003906664 972.1827888454815 41.93602994398627 999.9239999999991 896.5819999999949 42150.64620192758 626.7433524477882 870164.6427701699 634.8289016318588 425.14285714285717
120000.0 130000.0 2123.730015624955 875.141109375005 299.22827381475895 995.3939999999711 84.80790039064595 48709.95722227216 701.2472639242496 1134534.7185381511 824.8232595181938 820.0
130000.0 140000.0 56.17804882809287 903.9838137429007 260.7622525298117 999.8389999999781 132.02991601562826 69122.4024031531 1240.7607623721665 1781463.1472266575 1236.9091624443836 990.0
140000.0 150000.0 3426.852957031282 657.3147042968718 374.02682946514756 998.8389999999781 22.637999999977183 47759.22905343511 782.4469910828083 1150787.8636000634 811.2142506797569 788.5714285714286
150000.0 160000.0 141.32816992193693 896.2428936434603 269.85328594496957 999.9579999999842 100.85492187499767 54649.67489305899 940.2092028785437 1365809.6976204675 982.5375791192371 840.0
160000.0 170000.0 933.5639082031557 906.6436091796844 261.9921865021256 999.8279999999795 164.08609179686755 55634.09022615306 968.5924272944437 1432779.9302444905 1021.6868466065699 840.0
170000.0 180000.0 1369.858896484424 958.9045670572863 81.97507016579378 999.4469999999856 753.6589999999851 54909.21629502331 902.2469126752399 1369252.3915922183 977.3802703658577 840.0
180000.0 190000.0 2275.3151992186904 772.4684800781309 330.57887143105233 999.0320000000065 86.46689648437314 54557.982425504844 919.2774572809934 1444197.192401173 1021.452826239835 840.0
190000.0 200000.0 2491.105927734403 750.8894072265597 373.1367551335792 999.219000000041 123.39509570307564 53619.5560442072 861.042949163076 1332296.8493311892 943.0082275281534 840.0
200000.0 210000.0 1958.4379257812398 804.156207421876 381.9907935623862 999.7859999999637 29.56299999996554 55977.20443357689 925.3801267200588 1374049.9143123664 980.4895626565236 840.0
210000.0 220000.0 112.43813671870157 898.8692602982999 273.5346339635046 999.9930000000168 85.38294921873603 56368.79052192635 932.3122382277459 1419971.6821751625 1018.7943999549323 840.0
220000.0 230000.0 738.5620312500978 841.9489062499911 296.08070718994276 999.5339999999851 141.91108593752142 53270.90600362079 898.8247347478375 1332405.7786703955 949.2120517721232 840.0
230000.0 240000.0 2374.084003906115 762.5915996093885 256.78889135691566 999.8390000000363 398.27587890625 54849.74331217363 898.0351655896583 1344286.7237696792 949.3669390833945 840.0
240000.0 250000.0 2421.908925781143 842.0101193576508 255.58615270709737 997.85699999996 259.34900000004563 46044.70162045206 701.2869864404287 1139217.936328755 813.9747496609453 840.0
250000.0 260000.0 151.59100000013132 895.3099090908971 270.4455469815016 998.783000000054 94.00704687496182 46190.72353895713 632.1897266951753 997361.0457034652 725.4056127804265 434.6666666666667
260000.0 270000.0 170.56301953119691 893.5851800426185 249.95561604352824 999.0289999999804 170.1010468750028 37726.48495931819 509.61727193382194 746426.29668204 539.6570245514828 480.0
270000.0 280000.0 1967.9109062497737 803.2089093750226 283.38053017062725 998.4309999999823 234.19506640627515 38339.77276263159 536.1325775469076 730138.8265889044 536.8602265057351 309.3333333333333
280000.0 290000.0 3697.9611035156995 787.7548620605376 258.3332108595311 998.216999999946 237.50397265620995 36298.18725389731 503.4520767127017 710877.8079465459 529.8110178287594 370.2857142857143
