ts te idle avg_span std_span max_span min_span c_bytes_all c_pkts_all s_bytes_all s_pkts_all videorate
0.0 10000.0 6359.632015625015 910.0919960937463 165.0749770302603 998.5009999999893 662.583984375 30174.42849125411 337.06387790357485 739323.2577959301 563.037874522244 288.0
10000.0 20000.0 1383.994001953106 783.2732725497176 365.6838562292818 999.6489999999758 21.476000000024214 56889.23970961344 846.4590360005818 1366040.323358824 972.6255105575269 488.72727272727275
20000.0 30000.0 1206.8698632812593 879.313013671874 215.53459926525042 997.8859999999986 372.797119140625 53956.354870330964 926.91051117747 1366848.0746388577 969.0168186348377 840.0
30000.0 40000.0 114.77514648443321 898.6568048650515 217.36256482799607 999.2829999999958 335.89697265625 52420.11668096909 914.5733401622291 1329277.6368318673 958.2055094932985 840.0
40000.0 50000.0 204.77368749998277 890.4751193181834 251.44213658639643 999.2050000000163 197.21728515625 61411.61422005746 904.8819896964594 1407270.2700818696 1013.583318412338 840.0
50000.0 60000.0 2584.275285156211 926.9655893554736 102.02192759034381 999.8759999999893 742.5317148437607 44119.24602777494 696.1112450596848 1014540.4372926516 736.5309683797549 564.0
60000.0 70000.0 4450.666990234342 693.6666262207073 411.20939564477095 999.3180000000284 107.010009765625 39221.13002069225 579.9523048455658 889462.0222006517 648.6842602388379 480.0
70000.0 80000.0 4876.672105468693 731.9039849330438 365.05272959764784 997.6809999999823 60.712999999988824 37737.84189991009 569.347762346007 859350.0076992249 622.3564088556318 600.0
80000.0 90000.0 1754.7999042968731 824.5200095703127 365.983902730868 999.7629999999772 122.53499999997439 52821.028079397656 904.6999328084272 1331670.9701001234 943.9593309055304 840.0
90000.0 100000.0 2039.1429999999236 884.5396666666752 331.7325918028738 998.9160000000265 0.0 48588.0 829.0 1237580.0 880.0 840.0
100000.0 110000.0 3738.917910156306 782.6352612304618 369.2197444652648 999.2889999999898 35.756999999983236 47804.14579209736 726.0043139497565 1077693.4202899674 775.6221650558559 582.8571428571429
110000.0 120000.0 1926.6531523437588 807.3346847656242 258.20603675204075 999.4340000000084 389.4609375 53367.14350629841 895.937423121077 1316301.2892719577 931.9664206134149 788.5714285714286
120000.0 130000.0 1503.155968750012 772.4403664772716 368.6240852041045 998.4029999999912 23.32500000001164 51291.01184968949 861.2559229454874 1350241.4866648777 966.0193553318834 840.0
130000.0 140000.0 1503.0250214843545 849.6974978515645 285.68702042574995 999.8680000000168 246.37300000002142 58131.5963330277 990.6205483353967 1446515.1605239497 1021.2730368604159 840.0
140000.0 150000.0 2058.2510332031525 794.1748966796847 348.9383144446787 998.4839999999967 43.33199999999488 50391.76385870677 846.8634628438382 1289623.3189080765 918.4698864197353 840.0
150000.0 160000.0 533.0236367186299 860.6342148437609 277.2156842340615 999.4010000000126 108.00927734375 58450.1702308053 1006.4547360409028 1515596.9405490155 1087.5624183138655 840.0
160000.0 170000.0 2262.2752773437533 859.7471914062496 205.45629718978805 999.6969999999856 459.17499999998836 50899.16842937497 855.8635927635414 1301528.3837921552 921.0867174048292 840.0
170000.0 180000.0 1854.6470156249707 905.0392204861143 209.649267394202 999.6369999999879 376.083984375 55907.33063794271 908.3171605644949 1385233.23463728 983.5600859954629 840.0
180000.0 190000.0 3049.0978828125517 772.322457465272 328.5741997684789 999.4810000000289 118.26000000000931 49386.7661198974 807.5566267964192 1212681.4600745547 858.6936520587917 840.0
190000.0 200000.0 132.23110351571813 897.0698996803893 218.17642552059104 999.4340000000084 332.447998046875 57917.14773449731 965.2306189600142 1450298.3410354832 1031.8059227005615 840.0
200000.0 210000.0 2845.8839687498985 715.4116031250102 402.49341476737374 999.1949999999488 0.0 48197.74559378837 731.6212332970351 1121589.7634591148 808.3712573773523 680.0
210000.0 220000.0 1367.1300859373296 863.286991406267 251.9846970393898 999.8199999999488 329.866943359375 55557.692538984484 875.2299340378484 1341921.1678427246 955.1407559342638 840.0
220000.0 230000.0 1204.2959433593787 879.5704056640622 274.9925451842888 999.7839999999851 154.02399999997579 51282.31737488971 853.0444263441882 1230878.032950843 882.4283259335677 840.0
230000.0 240000.0 2757.4486796874553 905.3189150390681 212.32145171891835 998.8379999999888 389.1533203125 55240.76596615273 861.8944171009846 1372281.1509481936 974.2391379560338 840.0
240000.0 250000.0 1938.5624316405738 806.1437568359427 323.56274476086014 999.5849999999627 172.62899999995716 54138.34495366496 867.8642302040771 1399915.7470993754 993.9362681018067 840.0
250000.0 260000.0 1305.634810546646 790.3968354048503 384.09785154163325 999.5080000000307 30.79799999995157 53985.1887546207 777.110547602156 1170245.7494562673 868.4147973941696 624.0
260000.0 270000.0 1644.3161894532386 835.5683810546761 329.61578483528035 999.6239999999525 135.82200000004377 49422.58391833999 804.2615663016485 1286172.757558454 923.861251008054 840.0
270000.0 280000.0 70.92488867195789 902.6431919389129 234.20296099698254 999.4399999999441 249.75 64222.98029346486 1044.0705592113452 1665465.4421775606 1183.9028007575455 840.0
280000.0 290000.0 3269.4780429686652 841.3152446289168 218.77516293869215 998.9910000000382 384.60595703125 42078.42094858159 670.9945799313148 1055110.8944687883 753.0991065822434 840.0
290000.0 300000.0 3480.831957031158 814.8960053711053 318.8424216639559 998.7950000000419 99.88899999996647 47789.71516517518 727.8040996484738 1069264.258291361 770.5466382001471 634.2857142857143
