ts te idle avg_span std_span max_span min_span c_bytes_all c_pkts_all s_bytes_all s_pkts_all videorate
0.0 10000.0 7514.006999999983 828.664333333339 36.96149360255765 866.560999999987 792.7150000000256 5175.0 18.0 17040.0 27.0 0.0
10000.0 20000.0 3167.5170000000508 854.0603749999937 205.392549845363 998.4469999999856 380.91700000001583 14016.0 155.0 369555.0 286.0 288.0
20000.0 30000.0 480.3130117186811 951.9686988281319 99.0972295517359 996.8169999999809 672.18798828125 18256.651186231815 220.4113810657542 404033.09878585214 300.7639934078293 288.0
30000.0 40000.0 223.47167773434194 888.7753020241507 228.41649640922478 996.9670000000042 307.31201171875 25124.619021805218 307.2197471174403 668662.896519144 479.313827050157 288.0
40000.0 50000.0 267.80128515628166 884.7453377130653 239.12801250034155 999.7189999999828 384.8366894531064 24869.433824685624 310.5735982455535 687186.3239807939 492.16785125651137 288.0
50000.0 60000.0 231.18374804698396 888.0742047230015 225.22925898532742 997.5289999999804 341.25927734375 24474.14825802498 296.43946079815686 660951.4419340235 479.9055613156776 288.0
60000.0 70000.0 210.92026171879843 889.9163398437456 243.56565246459868 999.9259999999776 221.166015625 24852.74236851912 297.5395450835422 652453.5614472706 470.9713152437042 288.0
70000.0 80000.0 158.3037109375 894.6996626420455 259.1240909505376 999.99099999998 141.4873046875 25040.830577351495 313.3622940965996 710403.5263102967 510.83477608995906 288.0
80000.0 90000.0 1146.6363144530915 885.3363685546908 186.14876653878682 997.2229999999981 536.1419999999925 27926.31085947872 360.4205958546738 714603.5573281705 517.507550658718 288.0
90000.0 100000.0 1190.8420117187197 880.915798828128 192.79596542419517 999.4479999999749 451.29000976565294 53266.763796154686 780.1299330652745 1184319.207192334 864.1799579679362 375.27272727272725
100000.0 110000.0 2213.9749042969197 865.1138995225645 216.77555531350563 999.1410000000033 358.267021484382 38003.40373996136 592.7786975018953 878245.823225473 643.6031789748341 480.0
110000.0 120000.0 1124.5391328124679 887.5460867187533 222.42337687035197 999.585000000021 324.68792578123976 53600.10534888251 873.067658181497 1359691.7646314702 965.2210183108198 788.5714285714286
120000.0 130000.0 843.5089414062677 915.6491058593732 214.27334177095653 999.8099999999977 310.0240585937281 54885.99101890446 925.0570889896126 1383382.798645171 976.5309697238534 840.0
130000.0 140000.0 590.5087324219639 940.9491267578036 145.742813505441 999.4619999999995 532.499267578125 51254.8734429044 827.7289118595535 1293192.4369854783 913.0559288017729 840.0
140000.0 150000.0 616.4471542969113 853.0502587002808 302.75053530894553 999.6990000000224 73.14111328125 54616.1308136388 906.2368014418073 1448105.8848407003 1033.7023837246022 840.0
150000.0 160000.0 1020.3380058594048 897.9661994140595 165.92020457253108 999.0569999999716 552.5989999999874 55415.94199294613 925.5658195098434 1429146.2677279583 1020.7785959670364 840.0
160000.0 170000.0 882.9891015624162 828.8191725852349 323.1154715346747 999.2420000000275 46.406005859375 55095.75049968242 916.8953008742967 1453087.5458307108 1024.6057748751386 840.0
170000.0 180000.0 1535.7000058593694 940.4777771267368 108.56512405722282 999.6560000000172 677.7029999999795 53134.303250828256 882.573166314499 1369220.8646151524 976.8573166314499 840.0
180000.0 190000.0 1502.8190332031227 944.1312185329864 152.92653110538697 999.1290000000154 536.490966796875 56269.17385291617 883.7222975024721 1463565.8669945514 1038.3791735323202 840.0
190000.0 200000.0 579.3890371094458 856.4191784445958 316.58433298932954 999.7770000000019 30.7529296875 51156.77120781185 856.105892358108 1229383.3084192562 879.5295537889076 840.0
200000.0 210000.0 732.1880390626611 926.7811960937339 123.22924636294464 998.6080000000075 619.087890625 54428.27322043774 940.8722859648552 1412544.4491349873 1009.9647500265901 840.0
210000.0 220000.0 747.8698417968117 841.1027416548353 326.16925425012124 999.2369999999646 35.800048828125 53158.67645950511 913.1314342530006 1365068.5659576016 962.0604375941299 840.0
220000.0 230000.0 1815.7410585937323 909.3621046006964 147.45773309839328 999.8969999999972 565.864990234375 55672.995057399625 880.4059721160291 1433520.4086960657 1014.7626936951373 840.0
230000.0 240000.0 569.7320312500233 857.2970880681797 308.90319443865076 999.3739999999525 80.532958984375 55001.368178239274 888.5404878950039 1414713.925983302 1002.748589658603 840.0
240000.0 250000.0 1267.1929921874544 873.2807007812546 189.09171643770148 999.9570000000531 483.1489999999758 53703.63946625542 878.7900631391533 1361105.852518356 960.1354198366068 840.0
250000.0 260000.0 182.33997265645303 892.5145479403225 225.37998717866736 999.6979999999749 320.0740332030691 55812.66924371121 906.2661129620376 1411658.2232841095 1005.9692551540652 840.0
260000.0 270000.0 1337.7120800781995 787.480719992891 365.4860584633372 999.1770000000251 13.3369140625 58136.779242183075 929.6330168129205 1485162.6829078915 1047.6772287439508 840.0
270000.0 280000.0 1199.970810546889 880.0029189453111 215.57004825493215 999.6720000000205 437.74499999999534 54514.94888913562 874.7691207705806 1332836.252171129 943.171105415182 840.0
280000.0 290000.0 1529.184986328357 847.0815013671643 313.97185986609134 999.3639999999432 79.7451171875 53744.90432816346 882.4926388835878 1310603.0647720224 931.8400512527559 840.0
