ts te idle avg_span std_span max_span min_span c_bytes_all c_pkts_all s_bytes_all s_pkts_all video_rate
0.0 10000.0 9677.52587890625 322.47412109375  322.47412109375 322.47412109375 3895.9587330007635 24.68513797769079 60473.22171099945 46.50823097246091 288.0
10000.0 20000.0 433.6470273438026 869.6684520596543 287.8448653019883 997.9029999999912 85.49609375 49732.700759366875 638.1615948103479 1270977.4857922087 942.2799275739332 288.0
20000.0 30000.0 2004.3868417968624 799.5613158203138 384.2155508616327 997.4519999999902 58.19099999999162 37946.704564145955 542.3038634946115 823432.5506997352 600.0625702435118 288.0
30000.0 40000.0 186.98096874996554 981.3019031250035 29.42691345479185 999.4110000000219 900.1457480468671 31414.31976083535 450.3076975565569 671738.6327756247 483.5386206288367 288.0
40000.0 50000.0 183.19616210937966 892.436712535511 293.5488998139349 995.8180000000284 9.779716796881985 27286.191909115096 380.8932692158421 529200.1928153752 378.96221363630667 288.0
50000.0 60000.0 217.2940703125787 889.3369026988565 274.290014353909 997.0559999999823 75.08787890622625 29855.30755847173 413.17628734727225 623535.2421890715 450.6967317096678 288.0
60000.0 70000.0 353.9730664062081 876.9115394176174 259.7005447278508 997.765000000014 158.65394921874395 33379.05972355471 466.29270648980145 733937.2159452608 531.7055219902936 288.0
70000.0 80000.0 143.1929492187337 896.0733682528424 220.28031826928353 998.8800000000047 354.4980156249949 35865.16633715103 523.916302896317 782126.9520710955 572.0751421074752 288.0
80000.0 90000.0 960.839947265631 821.7418229758517 381.1985404602212 999.5210000000079 7.571964843722526 27737.95154957745 371.06329420758755 591489.335762702 419.5512105331443 288.0
90000.0 100000.0 192.5029980468098 891.5906365411992 293.49393756791056 998.8130000000237 10.76708984375 29347.28719563994 387.4909679116435 607796.5351371221 439.92173480491743 288.0
100000.0 110000.0 137.62700976553606 986.2372990234464 16.136766570371964 998.2139999999781 953.5750000000116 47677.42863435246 826.8748660899215 1219673.545996338 850.1959683170371 2344.0
110000.0 120000.0 98.87597851559985 900.1021837713091 286.52284406883274 999.9890000000014 39.24191992188571 74851.94847995008 1226.5533869068167 1737033.2445711428 1224.5255378349489 1236.923076923077
120000.0 130000.0 156.87810156249907 894.8292634943183 280.0800481525897 999.9290000000037 64.58489843748976 52662.97479483858 880.2806250955907 1292545.8445333238 917.9765896474662 840.0
130000.0 140000.0 917.1418945312616 908.2858105468738 256.9031372460827 999.2849999999744 178.30810546875 50416.44592576141 861.124983127722 1307798.7422448231 927.8230701996886 840.0
140000.0 150000.0 807.984789062466 835.6377464488668 302.48773066642656 999.9290000000037 85.29931640625 55110.93403610496 882.5527539758027 1398103.9399826694 987.7692450070081 840.0
150000.0 160000.0 773.023050781223 922.6976949218777 139.0800993423069 999.5970000000088 610.447265625 53159.48501672833 913.8973173146964 1357058.8249505307 950.8591360178373 840.0
160000.0 170000.0 1981.752160156204 801.8247839843796 329.4257913564892 999.3699999999953 118.80810546875 48595.860823229785 833.1031151916306 1248582.9651931124 884.2442140981982 840.0
170000.0 180000.0 112.35810742195463 898.8765356889132 278.57571814017325 999.9639999999781 65.572998046875 60852.98093145 1013.4004938249578 1581998.0627394738 1121.757438159521 840.0
180000.0 190000.0 98.49408789072186 990.1505912109278 21.78806583196476 999.4689999999828 928.6100019531441 53341.922879135745 863.6787660973495 1314710.293820998 938.3744019628379 840.0
190000.0 200000.0 59.40990429685917 903.6900087002855 298.2132780254385 999.780999999959 5.368089843774214 56927.49348793732 953.3864271390387 1503846.624125862 1062.60467504861 840.0
200000.0 210000.0 2995.184119140613 700.4815880859387 382.54034520280555 999.8769999999786 41.74399414064828 44786.709195759664 747.7951269076117 1092525.3828260095 771.2746583590986 840.0
210000.0 220000.0 57.36182226566598 903.8761979758485 270.37335772742006 999.73199999996 95.716064453125 61729.655185424286 1011.2347758593855 1544292.2054694118 1092.8898734148145 840.0
220000.0 230000.0 122.87996093754191 897.9200035511326 283.68603978482764 999.6539999999804 47.381103515625 54371.967594901136 899.4397123731501 1302200.0611545942 932.8224309770239 840.0
230000.0 240000.0 423.15314062475227 957.6846859375248 100.227378111039 999.8950000000186 675.636962890625 54641.80949203294 886.6614698386242 1384621.2743280816 990.7418429348285 840.0
240000.0 250000.0 611.1229882811895 853.5342737926192 308.3818497796213 999.6169999999693 148.448974609375 57524.28502948111 928.6778639049797 1509781.2409505318 1059.9965388199878 840.0
250000.0 260000.0 1924.027015624917 807.5972984375082 334.0547071226104 999.2970000000205 118.532958984375 46081.99449963521 755.4426577872605 1106803.785427563 776.8777984282608 840.0
260000.0 270000.0 64.57185742177535 903.220740234384 275.94998532374143 999.9740000000456 78.3291015625 60765.81735877916 1005.6038311567687 1520309.7876348742 1066.6482558608445 840.0
270000.0 280000.0 155.9841582030058 894.910531072454 287.85702579967017 999.7589999999618 30.866943359375 54768.729173232205 904.5338897999059 1288713.326960642 923.1470896512164 840.0
280000.0 290000.0 86.76897070300765 991.3231029296992 10.902730617766867 998.4459999999963 968.3060566405766 54142.33229562278 864.8303805190853 1326257.1669568508 941.777139935213 840.0
290000.0 300000.0 2146.2137207031483 785.3786279296852 382.44995184958924 999.1949999999488 24.39802734379191 51100.68243939778 877.4978817577705 1254818.7536127423 884.493486305682 840.0
