ts te idle avg_span std_span max_span min_span c_bytes_all c_pkts_all s_bytes_all s_pkts_all videorate
0.0 10000.0 7528.743056640611 823.7523144531297 296.4107936397998 996.5370000000112 481.491943359375 21192.92938829463 213.85475372176285 493063.58537080727 370.25189632646106 288.0
10000.0 20000.0 797.1118671875447 836.6261938920414 296.63692093219333 999.5380000000005 92.278076171875 59881.98519839728 918.3905061170789 1391840.5789043934 991.9579513196046 426.0
20000.0 30000.0 98.5841367187677 900.1287148437484 288.5220531451666 999.814000000013 34.262939453125 53065.9111731095 889.0381087469236 1346611.9358170533 950.2448556831304 840.0
30000.0 40000.0 902.6730273438734 909.7326972656126 220.28665041481796 998.8709999999846 289.534912109375 51682.284059803 900.635914417375 1322755.42702674 936.5678633027234 840.0
40000.0 50000.0 615.8668261718703 938.4133173828129 103.47327516626245 996.5210000000079 709.9930878906162 54402.95584339214 941.9358980817052 1398362.0649691767 984.1971790763308 840.0
50000.0 60000.0 1357.8261875000317 785.6521647727244 362.1475142266721 999.869000000006 157.4208984375 50584.74534189883 862.0398489382396 1259815.9784819793 893.675284314835 840.0
60000.0 70000.0 1757.1957792969188 824.2804220703081 325.1843733311333 999.3360000000102 136.172119140625 52279.92490324922 900.3093654210719 1324566.3164762813 941.148950504627 840.0
70000.0 80000.0 130.1111855469644 897.2626194957305 262.1345959693744 999.8009999999776 117.23193359375 52768.3223137267 888.1643441185167 1335093.9723742707 948.7572601735791 840.0
80000.0 90000.0 2133.336878906295 874.0736801215228 164.15565868175278 999.5100000000093 582.1790000000037 52548.772752688135 877.3721543757422 1349991.137267595 949.7717724289137 840.0
90000.0 100000.0 1464.4620371094206 775.9579966264163 381.934069452607 999.5569999999716 112.218017578125 55491.05374834609 924.8461528595948 1389321.146710887 992.6195850400871 840.0
100000.0 110000.0 2933.929109374876 785.118987847236 398.6225431799396 999.7829999999958 12.596982421877328 51909.212087185035 852.394615739313 1353418.4082304228 955.3938833350994 840.0
110000.0 120000.0 2136.8550039062975 786.3144996093703 373.47026256582774 999.6840000000084 20.21899999998277 50792.42378991566 827.7908597382716 1337823.1135490139 955.5914825221722 840.0
120000.0 130000.0 611.4928046874702 853.5006541193209 291.4053820726185 999.8439999999828 102.402099609375 64313.23983868046 1062.5440207769216 1581100.0760173758 1111.5491304600373 3146.6666666666665
130000.0 140000.0 1214.669144531188 878.5330855468812 262.15544091965705 999.6830000000191 156.9650000000256 57572.62606950772 952.7737947522422 1377483.7376427548 969.6910077304312 640.0
140000.0 150000.0 2278.2299550781026 772.1770044921898 324.51474641521025 999.4110000000219 203.83804492186755 52395.61349180562 882.9096621952409 1292701.521161249 917.5818977819679 840.0
150000.0 160000.0 2337.4271191405714 851.3969867621587 305.1513700172582 999.8859999999986 152.452880859375 51344.63181725717 872.3114643063298 1380397.234597102 975.033247972731 840.0
160000.0 170000.0 3398.0209960938664 733.553222656237 399.42812558303115 998.755999999994 138.94111914059613 46621.60321077947 789.6587429630563 1187737.5599157813 834.2514507497162 840.0
170000.0 180000.0 102.80688867182471 899.7448283025614 260.85789092376183 999.9670000000042 125.89599609375 55631.00355683129 946.8233172666476 1354495.8375570301 957.4364054688289 840.0
180000.0 190000.0 2994.416916015616 778.3981204427093 329.7304353136703 998.6199999999953 170.757080078125 53113.82197697866 854.3949357439259 1366142.9040070525 969.2924243879568 840.0
190000.0 200000.0 2883.5430800780887 790.7174355468791 343.1425400466803 999.9780000000028 171.75 52883.19021197176 850.0204372642685 1311637.797665967 928.2336256520205 840.0
200000.0 210000.0 238.7860000000801 887.3830909090836 299.1300579990081 999.6530000000494 0.0 64088.74922618165 1021.791102455772 1580143.666257067 1117.7528457687467 840.0
210000.0 220000.0 1904.0229335938348 899.5530073784628 285.4148454419083 998.841999999946 138.51806640625 55748.88137855299 903.1006967346528 1346479.9120500719 947.2205893360865 840.0
220000.0 230000.0 1690.405957031413 830.9594042968587 287.823924505403 999.5509999999776 170.287109375 55074.87030708661 911.5042111234468 1406967.0420757418 1003.9031967258761 840.0
230000.0 240000.0 2816.663160156226 798.1485377604193 297.17621491360165 999.5559999999823 260.07600000000093 52014.02407232657 857.8936533610664 1312041.8216575948 928.5891755602335 840.0
240000.0 250000.0 702.5226738282945 845.225211470155 311.4425653048356 999.89300000004 143.82205078122206 56138.276882982886 916.0931276878807 1507121.924406623 1062.2822435164849 840.0
250000.0 260000.0 3301.965388671728 744.2260679253636 347.4762165313846 999.7020000000484 162.23388671875 47870.09107978608 768.3646956265068 1143869.9064248428 814.0142150501358 840.0
260000.0 270000.0 1038.2289980469504 896.177100195305 263.691949393403 999.7530000000261 159.160888671875 63460.28839356792 1008.026003466407 1454803.1583004473 1024.672924794187 840.0
270000.0 280000.0 80.67795507819392 901.756549538346 267.12057981866883 999.9719999999506 110.73193359375 55958.3289372104 922.8210336852829 1427164.1234935846 1002.5199361404918 840.0
280000.0 290000.0 723.9958203125279 927.6004179687473 160.40001795779463 999.6689999999944 514.9890664062696 54269.66745337727 861.5616063292749 1324437.2204728557 936.3755863896008 840.0
290000.0 300000.0 1243.6870136717334 796.0284533025697 347.11278899755405 997.6809999999823 152.402099609375 56290.35532424185 918.4943971557072 1419180.791261218 998.4050934524748 840.0
