ts te idle avg_span std_span max_span min_span c_bytes_all c_pkts_all s_bytes_all s_pkts_all video_rate
0.0 10000.0 0.0 0.0 0.0 0.0 0.0 0.0 0.0 0.0 0.0 0.0
10000.0 20000.0 5871.425023437536 825.7149953124929 385.1437887040292 999.4799999999814 136.7509765625 33278.186982875726 420.0877225572548 980450.5602005653 740.1437524027385 288.0
20000.0 30000.0 2001.9210664062412 799.8078933593758 296.7083715932737 999.8400000000256 78.72999999998137 57259.67632245147 868.2198596837693 2011984.862293027 1483.0691813472029 564.0
30000.0 40000.0 745.8409726563259 841.2871843039703 272.2144000910265 998.0810000000056 262.0510898437351 55854.49158185344 911.7505200956688 1464514.1127984808 1039.197869365649 840.0
40000.0 50000.0 698.9408183593769 845.5508346946021 304.8050662234335 999.5009999999893 69.422119140625 57968.711789835725 922.3245764623167 1437104.323211458 1018.1631510997009 840.0
50000.0 60000.0 436.6750175781199 956.332498242188 72.74790842974923 999.4060000000172 783.7041015625 48876.900493937 824.8032332162704 1192053.7553024895 860.2937826862096 840.0
60000.0 70000.0 496.80885351565666 863.926467862213 251.89823937369692 999.7619999999879 211.86789843748556 55632.2940457266 917.7404214139293 1427039.2538689005 1027.813474025899 840.0
70000.0 80000.0 908.9671367187402 826.4575330255691 328.06650117394884 998.5520000000251 76.839111328125 52641.31259622433 853.931066672317 1311535.651010155 934.7977611110755 840.0
80000.0 90000.0 713.9582148437039 928.6041785156297 144.7090523452348 999.7729999999865 532.618896484375 55300.938401673986 925.7991027553469 1429550.9596845498 1009.688986402715 840.0
90000.0 100000.0 1271.8179550781497 872.818204492185 212.42788275506865 999.8209999999963 464.1391035155975 54729.15896044589 922.130665271842 1412462.5655858999 1001.325507819194 840.0
100000.0 110000.0 99.95196679682704 900.0043666548339 241.7768981097576 999.310999999987 218.7880585937528 50941.734181044805 858.2238501547132 1292678.7987319867 927.9804376753021 840.0
110000.0 120000.0 217.10688085935544 889.3539199218768 241.8083996554007 998.7839999999851 286.49902539059985 53140.747387847085 880.299923086226 1342217.8442118873 964.0219127435402 840.0
120000.0 130000.0 2894.387210937508 789.5125321180547 349.7243382392069 999.5769999999902 17.7548828125 49233.37597499318 801.7169561087946 1260609.7834088325 888.6032350967117 720.0
130000.0 140000.0 2823.618779296812 897.0476525878985 156.46332343538373 998.8670000000275 564.7069999999949 47568.606379368 719.6773551589517 1122973.047528488 806.6011991957175 660.0
140000.0 150000.0 85.24682421877515 901.3411977982931 242.0527336463886 999.5729999999749 210.46789648436243 56827.00549356355 966.4171535108492 1491050.8483061264 1065.465888314745 840.0
150000.0 160000.0 190.88634960941272 891.7376045809625 243.74764938802096 999.5019999999786 260.04872070311103 56396.92802714536 902.7023718867925 1404880.2037088717 1008.8309864671132 840.0
160000.0 170000.0 959.9049375000177 904.0095062499983 192.5958572696454 999.7330000000075 410.3520703124814 53119.65718717786 883.1664246293603 1357551.6843327358 971.8990090795157 840.0
170000.0 180000.0 1885.0057167967898 811.499428320321 307.5881435044916 997.1070000000182 223.51600000000326 54166.15850717645 864.1768597277458 1335776.1310385233 946.4459757335936 840.0
180000.0 190000.0 591.3541640625335 855.3314396306788 257.4219320640943 999.8670000000275 252.65072460938245 55767.018048565995 908.3870760833519 1406777.3961484833 1000.5365267415451 840.0
190000.0 200000.0 725.2271953123854 843.1611640625105 320.1595207417495 998.3190000000177 15.388916015625 55306.63696561738 877.0185477532444 1363179.204080719 971.6640388541578 840.0
200000.0 210000.0 359.6960351562593 964.030396484374 77.10853195533444 999.6319999999832 752.702880859375 53587.204899025586 864.9535669613018 1333058.66016232 953.5300437839411 840.0
210000.0 220000.0 855.7155742186587 831.2985841619401 340.2391864600001 999.2580000000307 85.039306640625 56095.74190043376 893.8612238443638 1396680.5999128954 994.3593919145849 840.0
220000.0 230000.0 1717.7723164062481 828.2227683593752 312.57483443013695 998.85699999996 62.739990234375 60833.73172843345 908.2620037840578 1434178.3159031824 1017.3968259055998 840.0
230000.0 240000.0 2044.5306738280924 883.9410362413231 200.25062633111187 999.2240000000456 414.6350000000093 57351.65381776656 902.708168068663 1377023.3489929675 981.6662273763274 840.0
240000.0 250000.0 1245.6763164062286 875.4323683593772 241.6514597493908 999.7290000000503 240.97468359372579 55059.12832681683 812.6413511128683 1254252.0895764544 896.5048348572204 685.7142857142857
250000.0 260000.0 587.7157382812584 941.2284261718742 130.48987644319956 996.4479999999749 573.34326171875 52725.98189742706 803.5645004179883 1285612.3233915155 925.4716708642402 840.0
260000.0 270000.0 825.4191660155775 834.052803089493 312.29333972960785 999.204000000027 69.423095703125 55478.641451303476 876.2816550493932 1332102.1937794485 952.6034371618515 840.0
270000.0 280000.0 662.4547929688124 933.7545207031187 143.79209401333506 999.5069999999832 534.935302734375 57435.08660727049 935.9235077045174 1457408.8659647855 1026.345013178642 840.0
280000.0 290000.0 746.3904199219542 841.2372345525496 312.69533129081503 998.780999999959 38.6298828125 55724.94939268379 921.6671629509874 1442860.5369887892 1026.5912273411407 840.0
290000.0 300000.0 55.1608378905803 904.0762874644927 298.8428140666159 999.9780000000028 3.696044921875 55474.03420508295 880.7783228917175 1374408.502300098 982.1221922218107 840.0
