ts te idle avg_span std_span max_span min_span c_bytes_all c_pkts_all s_bytes_all s_pkts_all video_rate
0.0 10000.0 0.0 0.0 0.0 0.0 0.0 0.0 0.0 0.0 0.0 0.0
10000.0 20000.0 554.0847421874641 944.5915257812536 125.4798300055755 999.8670000000275 594.2392578125 26548.434996504493 248.6648948107418 607515.1643690118 457.3863049323318 288.0
20000.0 30000.0 372.85699023428606 875.1948190696104 244.03364968003598 997.1720000000205 378.26974218752 22977.73316869558 269.49837192014024 606937.4514213642 438.81177756792715 288.0
30000.0 40000.0 356.4253437501029 876.688605113627 255.9070278821542 998.8389999999781 184.221923828125 24293.53640880105 289.9340438215758 684988.3631620357 494.5621309301421 288.0
40000.0 50000.0 208.75566210935358 890.1131216264224 269.03004792567145 998.9629999999888 94.84326171875 26093.18278393221 310.18987606099415 707431.3859555604 509.26724844899627 288.0
50000.0 60000.0 215.31736523431027 889.5166031605172 292.13924294470047 998.0680000000284 13.868896484375 25805.929159892206 306.1034653044141 688563.6558219934 496.71198639370647 288.0
60000.0 70000.0 233.7045996093657 976.6295400390634 45.237691080095175 998.7189999999828 849.279296875 24116.466654207637 303.5319384137327 643419.5272916429 467.7269243197804 288.0
70000.0 80000.0 293.09038476558635 882.4463286576739 255.0925120337187 998.9409999999916 144.75270312500652 26137.75092416709 311.5594906633375 726480.598154011 519.6560364455021 288.0
80000.0 90000.0 181.37063085939735 892.6026699218729 240.1225658787964 997.3209999999963 241.73308789060684 27225.774007846274 322.3586764532101 760552.1529676185 543.1132490708064 288.0
90000.0 100000.0 1012.8442812499707 898.715571875003 212.93926243759955 999.1780000000144 346.3727187499753 23749.191895953467 289.1592425518536 702797.7008567622 507.7643418908073 288.0
100000.0 110000.0 513.8509042967926 948.6149095703207 122.42752573187617 999.0910000000149 612.798095703125 65308.202019188095 1170.763666782413 1699677.3883509324 1179.5317372412355 3093.3333333333335
110000.0 120000.0 1319.4911445312318 789.1371686789789 362.80548310986137 999.5740000000224 100.074951171875 70076.72902578159 1051.1926712436516 1632098.9549049442 1169.237856790962 430.15384615384613
120000.0 130000.0 978.5679335937602 902.1432066406239 169.6945053131573 998.6529999999912 559.718017578125 51261.994103025994 847.6695227035498 1320422.269420816 930.8949129374864 840.0
130000.0 140000.0 118.9391347655328 898.2782604758606 211.14237920403917 999.8640000000014 440.04698242188897 52777.959182520855 917.6658308144816 1305498.5584056803 929.6533561957045 840.0
140000.0 150000.0 83.97592382814037 901.4567341974417 212.25634299472657 999.4519999999902 452.782958984375 51843.25952267808 886.5839631545691 1304624.8902073426 927.2189973786102 840.0
150000.0 160000.0 775.4580078124418 838.5947265625053 297.93131786933736 999.5320000000065 104.824951171875 52210.41861708775 882.7194481394945 1358407.8608050342 957.8860927310789 840.0
160000.0 170000.0 109.61105273436988 899.1262679332391 281.0977579444525 999.7980000000098 57.7958984375 52938.29585750421 888.4337175019566 1380964.1375591739 971.0124930351279 840.0
170000.0 180000.0 953.7849531249958 904.6215046875004 174.69622622678705 998.9619999999995 574.6199999999953 56039.159807198375 933.0676627289367 1417016.9373929605 1006.740936356312 840.0
180000.0 190000.0 750.3328867186792 840.8788284801201 222.7209818482658 999.8229999999749 421.6980546875275 51145.67375546628 855.0769418936367 1285634.9189412156 921.3899256839342 840.0
190000.0 200000.0 1110.3809628907475 888.9619037109253 198.43495117110967 999.5250000000233 501.52394140622346 53586.152085185386 888.0562936239077 1368058.1995361503 967.8443144331189 840.0
200000.0 210000.0 1799.1899960937444 820.0810003906256 304.3559202023804 998.6010000000242 108.777099609375 56811.98699935236 972.603461066718 1456216.9100964842 1022.0059670430868 840.0
210000.0 220000.0 559.4809980470454 944.0519001952955 122.56769215159633 999.1949999999488 608.5791015625 49783.50554632429 817.3680879122392 1228164.5134305363 864.7050064053285 840.0
220000.0 230000.0 250.3522031250177 886.3316178977257 217.41612465026517 999.4279999999562 385.57189843745437 56868.49293755589 938.0208966122607 1469487.19701328 1041.7993670417557 840.0
230000.0 240000.0 128.98797070316505 897.364729936076 215.60401515771866 999.390000000014 453.450927734375 53829.765177301015 858.9058284352288 1335057.5859053077 956.0582263845199 840.0
240000.0 250000.0 229.4118222654797 888.2352888849564 233.25342153306838 998.2010000000009 316.93310546875 58330.66593175941 935.5984050083632 1464860.9781857915 1032.348712093443 840.0
250000.0 260000.0 2231.4741738283774 776.8525826171623 336.7527184579946 999.9309999999823 81.679931640625 54146.07847598326 875.1264138758464 1330359.4015475658 930.8854154913987 840.0
260000.0 270000.0 1190.6340429686243 880.9365957031375 188.73501596288384 999.7989999999991 475.1030000000028 56585.37538349697 921.9693045960533 1421062.74967649 1006.9807621891595 840.0
270000.0 280000.0 564.1938867189456 857.8005557528231 315.18743697928124 999.4570000000531 9.68611132807564 55834.82016400845 887.8478240643005 1454773.1470189728 1028.1590180625478 840.0
280000.0 290000.0 120.07401953125373 898.1750891335224 211.09825471594172 999.7889999999898 463.156982421875 54357.88194050332 865.3310564729492 1422670.5465931927 1014.9679390009684 840.0
290000.0 300000.0 696.1768710936885 845.8021026278465 291.3586532429033 999.9570000000531 111.839111328125 55168.36814629478 927.8341413489114 1357664.2650759825 951.0523406413623 840.0
