ts te idle avg_span std_span max_span min_span c_bytes_all c_pkts_all s_bytes_all s_pkts_all video_rate
0.0 10000.0 7448.260708984337 850.5797636718877 249.59568169686716 995.564000000013 562.373291015625 21043.809882663474 231.8238650364681 622350.985240766 464.1489803809592 288.0
10000.0 20000.0 1644.2942421874614 835.5705757812539 262.70655052857813 999.9610000000102 299.300048828125 54580.070246385 774.0122884250372 1411381.951033094 1016.405626409856 426.0
20000.0 30000.0 174.9649355467991 893.1850058593819 245.76848245763395 999.7469999999739 203.14111328125 51184.110921519656 858.2259015295348 1274026.7354442817 910.9375601149502 840.0
30000.0 40000.0 2169.849113281176 783.0150886718824 265.29620660101733 999.8429999999935 347.75 50950.47970169996 869.4624996577425 1353561.183543843 952.4070878402504 840.0
40000.0 50000.0 2233.025044921844 776.6974955078156 257.54709783710604 999.0480000000098 270.303955078125 58018.17101682707 945.7782476889165 1546690.4087860608 1090.6309008743422 840.0
50000.0 60000.0 1976.4548593750224 802.3545140624977 351.97542964354136 997.9899999999907 0.0 54909.4477696779 918.6541111804437 1422489.0590038612 1004.8170846763824 840.0
60000.0 70000.0 209.75217968749348 890.0225291193187 239.05088286113227 999.9380000000237 237.263916015625 53365.20279398188 871.2513459640793 1392747.931990462 995.6103296703956 840.0
70000.0 80000.0 807.5768515624222 919.2423148437578 121.8395809161919 999.9380000000237 691.6390000000247 53705.49729969378 922.0909387291636 1433039.8700416465 1016.847134180565 840.0
80000.0 90000.0 1246.9211464844411 795.7344412286872 322.4664472964396 999.7079999999842 214.00693554687314 54447.180040904525 914.7730264602144 1389898.8182391156 978.5917616121169 840.0
90000.0 100000.0 1539.4648144530947 846.0535185546905 257.1022904082318 998.439000000013 279.506103515625 51058.50569415012 847.7117990116408 1298587.1815365504 922.948080177406 840.0
100000.0 110000.0 2049.3969921875396 795.060300781246 358.1563934457842 998.5929999999935 0.0 49283.38694576419 830.0441239682234 1247691.569492974 890.8867263023951 840.0
110000.0 120000.0 61.488082031253725 903.5010834517042 227.64409750016708 999.9199999999837 272.280029296875 56205.820656287215 947.6875668007492 1380907.193702367 989.3637454134575 840.0
120000.0 130000.0 954.1600390623789 904.5839960937622 203.06492287999308 999.9550000000163 378.70000000001164 54757.7248001777 926.6992071058072 1481676.88188317 1054.8787126873012 840.0
130000.0 140000.0 2078.384058593714 720.1469037642078 391.3293310529308 999.5819999999949 32.141009765618946 52790.142209258964 901.6317944615414 1350933.6359054437 953.7265619897943 840.0
140000.0 150000.0 376.9279316405882 962.3072068359412 88.09667549507738 999.8489999999874 715.8740683593787 52657.45002100857 892.1532839804382 1309951.594156364 939.7997076698279 840.0
150000.0 160000.0 2117.235068359354 875.862770182294 246.3380899421222 999.5540000000037 314.804931640625 54559.34820086243 929.1948642826974 1417219.154136956 999.5222812748361 840.0
160000.0 170000.0 181.71863671881147 892.5710330255625 226.20111495322712 999.2640000000247 270.477294921875 53831.85139690766 907.2444008279392 1338674.8942491007 954.7803455114604 840.0
170000.0 180000.0 2864.877382812556 792.791401909716 251.09874814824389 999.2600000000093 366.3960000000079 49777.49101526389 833.1316713134706 1230023.6380258522 865.495425772754 840.0
180000.0 190000.0 2969.392921874998 703.0607078125001 333.1861594393095 999.0669999999809 221.86608789063757 49086.16873495722 799.6806593526394 1234057.612013807 876.1053209425439 840.0
190000.0 200000.0 363.55999023426557 876.040000887794 302.7900003068725 999.9980000000214 20.64000000001397 62855.140652008806 1035.7484042232534 1564057.7015742841 1105.0966264984056 840.0
200000.0 210000.0 1739.273101562634 917.8585442708185 235.53363419727782 999.9259999999776 289.7958984375 52596.62687983559 857.6460718281847 1299932.0145506556 920.9484848468775 840.0
210000.0 220000.0 1249.592806640896 875.0407193359104 220.47978465033611 999.9549999999581 348.194091796875 54697.56722770623 868.1233896346536 1389234.9134023841 987.7020968289692 840.0
220000.0 230000.0 2328.8471308592707 767.115286914073 281.5801395106753 999.4919999999693 347.5849609375 54441.477191646816 876.4228194754461 1336042.8829294678 949.1250295448737 840.0
230000.0 240000.0 1268.8228789062705 793.7433746448845 301.6696562596986 999.6459999999497 245.30908203125 60291.627604969435 963.6315835340798 1541060.1855163202 1093.4990102700679 840.0
240000.0 250000.0 1473.9139628907433 852.6086037109256 251.19233869173783 999.0840000000317 337.297119140625 55175.46996111657 911.6503991310863 1379131.1150526786 975.2370839760927 840.0
250000.0 260000.0 158.14709960948676 894.7139000355012 231.09066185062176 999.658000000054 265.52001953125 53343.91449435796 874.7401514330071 1234998.4114519672 880.814161936285 840.0
260000.0 270000.0 1735.7080703125102 826.429192968749 235.4801764793692 999.8320000000531 348.27294921875 50387.62180956538 862.5890823686249 1237339.2506699152 878.8383294829331 840.0
270000.0 280000.0 834.0809453126276 916.5919054687372 146.77325579409083 999.9610000000102 633.60400390625 55845.17970330504 923.4345918918143 1325159.220840549 939.3532323997256 840.0
280000.0 290000.0 809.0017089842586 835.5452991832492 285.0618065798805 999.9320000000298 230.477294921875 58505.468611930424 887.4508515375074 1404962.0316501346 995.249797401321 840.0
290000.0 300000.0 2896.5333769532153 789.2740692274206 261.6300185867366 998.4799999999814 350.19091796875 46891.56190686413 758.0094646216396 1176857.1515255247 835.7507036587313 840.0
