ts te idle avg_span std_span max_span min_span c_bytes_all c_pkts_all s_bytes_all s_pkts_all video_rate
0.0 10000.0 7092.176923828083 969.2743587239723 28.265889787612615 997.9060000000172 941.3890000000247 24387.59834375601 286.13738816918567 477867.2095386296 367.5457349993976 288.0
10000.0 20000.0 2516.2951484375517 748.3704851562449 391.6869292584402 998.3250000000116 21.698923828138504 54469.87174231791 793.8645697034297 1222219.5882036805 904.4568382046111 336.0
20000.0 30000.0 1994.0359277343377 889.5515635850736 216.46231801177277 998.2530000000261 332.38507226563524 41052.18995074408 614.6028699144882 937867.9519010705 683.0501222303743 582.8571428571429
30000.0 40000.0 426.46799999987707 870.321090909102 293.73005253547353 998.869000000006 67.09200000000419 57641.33996318201 940.3951722128963 1366038.2503566192 972.947304565617 840.0
40000.0 50000.0 1322.910714843776 867.7089285156223 271.70552708736864 999.9309999999823 319.00500000000466 53455.038786255034 886.7946965516114 1354961.8017594384 953.9564750409355 840.0
50000.0 60000.0 677.8833066405496 932.2116693359451 124.6331385456315 999.570000000007 612.6737148437533 51524.50971328917 867.868891480081 1252148.7144071828 899.2318021245591 840.0
60000.0 70000.0 1317.4319863281562 789.3243648792585 313.2492107016503 998.1489999999758 95.29002148436848 54324.38995236374 945.3242818021515 1408178.2566227603 1008.7625949858339 840.0
70000.0 80000.0 1430.236093750049 856.9763906249951 257.7830521403172 998.8150000000023 361.1930000000284 54449.524617873445 910.0525035433349 1391781.916326844 984.8798990841525 840.0
80000.0 90000.0 1889.2367851561867 811.0763214843813 311.72038499082913 999.9500000000116 87.74710156250512 53499.861926353784 893.2392488715158 1348141.2091399017 952.0672662422326 840.0
90000.0 100000.0 594.0718085938133 940.5928191406186 134.59702825064892 999.0200000000186 564.9088867187384 55236.06670693279 917.3281385536502 1372228.0617335697 974.336230963576 840.0
100000.0 110000.0 585.8864101562067 855.8285081676175 287.24396758896285 999.3549999999814 69.28269531251863 54071.055686252694 932.4158608509251 1415446.7492969425 1014.2914190495852 840.0
110000.0 120000.0 288.3895839843899 882.8736741832373 243.80900451140104 999.5860000000102 309.08810546877794 56569.08120819676 974.4393150341058 1471614.493338949 1046.2652697540711 840.0
120000.0 130000.0 2826.1421894530067 797.0953122829992 302.431240620632 999.9810000000289 234.52100000000792 51175.73693867372 872.6135816656855 1320746.1092135215 930.5125385084136 840.0
130000.0 140000.0 1271.2570078125573 793.5220901988585 324.1391775286402 999.9660000000149 64.30787890625652 50772.5998514585 851.4444634307554 1256084.4213553497 884.4468971720314 840.0
140000.0 150000.0 655.2402070312528 934.4759792968747 133.30063940075013 999.7490000000107 573.2408867187332 54254.435597585456 890.8683218826526 1334832.883962709 950.9937126977286 840.0
150000.0 160000.0 516.0160214843927 862.180361683237 286.9585280942696 999.920999999973 76.32109375001164 55141.14420781335 957.1802485461296 1471277.0299212574 1053.4014264919738 840.0
160000.0 170000.0 483.8829980468727 865.1015456321024 264.73016785481525 999.0590000000084 278.98388671875 53017.39900063963 883.2972554326736 1349302.2469037084 975.4392963561456 840.0
170000.0 180000.0 1143.4668457031366 885.6533154296864 219.3463231837464 999.8549999999814 360.4789999999921 55398.55186373049 928.2789729082391 1351296.5000329101 950.1292904301977 840.0
180000.0 190000.0 1266.0591425782186 793.9946234019801 346.5910223673813 999.9899999999907 55.70795898436336 53673.857310469175 857.7498353316696 1360376.687090901 963.4928140624573 840.0
190000.0 200000.0 1589.3200136718224 934.5199984809086 126.74937991542511 999.783000000054 604.9111015624949 56529.63016028625 883.1424092719097 1356969.2696306102 977.3438462241255 840.0
200000.0 210000.0 918.0369511719327 825.6330044389152 316.9175520006239 999.5540000000037 71.78111523436382 56003.021753782254 953.9938445070197 1404690.9686582417 1002.5714598927075 840.0
210000.0 220000.0 776.9039843749488 922.3096015625051 144.77621534480778 999.8469999999506 567.1360664062668 58151.65081532972 950.6704885347125 1454832.9999582935 1031.4569085019236 840.0
220000.0 230000.0 273.7599492187146 884.2036409801168 277.1857800014593 999.314000000013 96.84305078128818 54174.443902714054 889.2976418011772 1294203.680646909 921.4208524173491 840.0
230000.0 240000.0 654.763076171861 934.5236923828139 194.7785372457956 999.2469999999739 380.221923828125 55999.8999126282 907.2728218358026 1419753.6967810602 1000.4617222824007 840.0
240000.0 250000.0 643.1079374999972 935.6892062500003 117.31581537618784 998.7730000000447 618.2360761718592 54451.630158047505 886.4080607689737 1363605.4294055505 970.1862725760525 840.0
250000.0 260000.0 580.794093750068 856.2914460227211 283.3151053395003 998.1879999999655 120.66901367192622 54047.5707474359 903.4992690848726 1356578.0535154694 970.545922223898 840.0
260000.0 270000.0 815.4169472655049 918.4583052734495 158.40452516731972 999.8980000000447 484.93610742187593 65513.208765812655 1084.7885959375806 1515679.1168403805 1247.2007713830924 840.0
270000.0 280000.0 745.5358808593592 841.3149199218765 299.742412049296 999.6909999999916 95.56205468752887 61728.55585351043 1043.24159662609 1270842.7062885277 1079.798372503489 840.0
280000.0 290000.0 479.62106445315294 952.0378935546847 135.7526063504071 999.265000000014 566.3819355468731 62631.134562565305 1042.7896557466806 1339233.9971690117 1142.8069390310673 840.0
290000.0 300000.0 167.32504101563245 983.2674958984368 33.82744345180033 999.5929999999935 891.157958984375 66945.34774647608 1141.0002140565753 1460604.5071921658 1243.5198701673717 840.0
