ts te idle avg_span std_span max_span min_span c_bytes_all c_pkts_all s_bytes_all s_pkts_all video_rate
0.0 10000.0 0.0 0.0 0.0 0.0 0.0 0.0 0.0 0.0 0.0 0.0
10000.0 20000.0 6259.230109374992 748.1539781250016 357.8288366360372 997.5290000000023 201.22000000000116 25688.23041781749 429.4653818458075 727157.0056483493 691.666672076963 288.0
20000.0 30000.0 1131.7798730468712 806.2018297230117 315.99987505556425 998.9270000000033 53.468017578125 39917.28769871513 973.6564296518438 1504212.8165743484 1321.8359773818052 594.6666666666666
30000.0 40000.0 1310.2699218750058 868.9730078124994 273.8901355099567 999.0310000000027 115.298095703125 33110.97543136137 887.8051853269322 1128520.1482669588 961.3501870348454 840.0
40000.0 50000.0 731.6360839843837 926.8363916015617 129.00709154756902 999.349000000002 615.56201171875 34275.62064977418 912.5571369477971 1174147.0207277152 996.36007410964 840.0
50000.0 60000.0 59.758058593739406 903.65835830966 214.2611237272208 999.5369999999966 381.6159882812499 32614.61917395314 862.0265045970341 1091435.071348533 941.3225055702413 840.0
60000.0 70000.0 1090.6766328125086 809.9384879261356 384.91120780768875 999.5130000000063 3.5980468750058208 32003.181269021174 849.7966999133718 1111883.5099110024 962.6780530356209 840.0
70000.0 80000.0 638.7893027343671 936.1210697265633 158.00428344816305 999.7379999999976 490.468017578125 35577.42803711604 948.2821277611949 1206245.9225693129 1040.885327152048 840.0
80000.0 90000.0 698.4468984374835 845.5957365056834 296.3230868367425 999.9949999999953 94.547119140625 33759.025838288595 892.8979339375704 1130054.818539072 953.4292202855175 840.0
90000.0 100000.0 1229.9521093749936 877.0047890625007 278.88788896220984 999.9780000000028 113.010009765625 35345.583477757296 950.5185391937002 1209460.842131353 1031.4779225285708 840.0
100000.0 110000.0 1134.5420449218655 886.5457955078134 189.07524501693842 999.6209999999992 491.06396484375 31226.36947134353 826.5362357700743 1057199.2547131833 903.9850542786032 840.0
110000.0 120000.0 112.82102539062907 898.8344522372155 217.89926157205832 999.3450000000012 414.512939453125 35683.64283764476 964.2903701287282 1198479.3701753293 1036.512666482774 840.0
120000.0 130000.0 1057.7166503906192 894.2283349609381 179.1977746356933 999.8830000000016 521.2630605468876 32652.44145838891 867.752973449949 1094439.372144677 925.9628406291921 840.0
130000.0 140000.0 693.5490019530989 846.0409998224455 311.85078195604495 999.5560000000114 95.019287109375 33882.33240022302 896.0776008364127 1129419.7198315286 966.815212998558 840.0
140000.0 150000.0 833.7453359375068 916.6254664062493 148.8655441851661 999.6659999999974 622.449951171875 33974.74042658399 920.5169687706627 1177164.7415148553 1011.2634813777015 840.0
150000.0 160000.0 605.6448398437642 854.0322872869306 249.09631891299117 999.929999999993 374.52204882813385 32082.04645627806 846.4772972053172 1063255.910306881 916.0752934305427 840.0
160000.0 170000.0 111.14622851563036 898.9867064985791 219.58432856990785 998.9400000000023 411.6298828125 36457.77566962397 980.7281604850041 1229474.0025467933 1076.1017551978146 840.0
170000.0 180000.0 961.1788964843727 903.8821103515627 167.97112025752972 998.9990000000107 578.2801171875035 34747.61096364617 906.2646917718306 1145687.2677969008 970.8155138222287 840.0
180000.0 190000.0 2628.7698964843876 737.1230103515612 331.4458574144825 999.2259999999951 107.39208984375 34714.320954243754 880.5277158489275 1117280.4266912395 944.3587358606624 840.0
190000.0 200000.0 684.5751816406264 931.5424818359373 133.3182292782521 999.7049999999872 582.180908203125 36401.77208385313 918.2584094162218 1167475.6362724165 1000.2829525244401 840.0
200000.0 210000.0 425.18697265622905 870.4375479403428 227.34635838872921 998.9130000000005 416.63309179688804 33869.73780283153 855.0966625508918 1092229.41873435 933.3021843275292 840.0
210000.0 220000.0 240.70662695309147 887.2084884588098 216.6671534350804 999.2680000000109 386.34130859375 38563.51679962993 982.3410021581763 1244159.4472910417 1079.651282907075 840.0
220000.0 230000.0 2240.2423515625123 775.9757648437487 361.9748794038675 999.7609999999986 113.98095703125 31052.95223153286 784.4217402073232 1003883.3884267261 860.535248468776 840.0
230000.0 240000.0 69.12499609371298 902.8068185369352 275.7560590573536 999.7829999999958 77.8349609375 34396.44108975626 856.7530866596046 1101422.2705253088 933.3806929532266 840.0
240000.0 250000.0 1323.6349960937805 867.6365003906219 212.41868053547333 998.5669999999809 457.76799999998184 32771.339998787196 827.9961991855438 1088803.3091671164 936.4344145431462 840.0
250000.0 260000.0 418.62208593753166 871.0343558238608 235.79243982175157 999.6919999999809 409.77587890625 34733.04414698897 883.088065694471 1120626.2302739155 974.8831739420681 840.0
260000.0 270000.0 1399.760878906236 860.0239121093764 296.01510954643646 998.920999999973 99.64899999997579 35369.963214839525 900.8668806856092 1142874.0778710917 981.6335570804096 840.0
270000.0 280000.0 1234.7351054687751 876.5264894531225 283.796486613819 999.9290000000037 119.06689453125 33063.025071793534 830.2514672991192 1057006.8967750033 910.753661152881 840.0
280000.0 290000.0 54.320953125017695 904.1526406249984 276.0263764525239 999.765000000014 78.81494140625 39098.71855306531 986.0396960595234 1270728.0817984466 1084.4366882472023 840.0
290000.0 300000.0 974.1638535155216 902.5836146484478 176.4245949630791 999.9160000000265 484.090087890625 35142.916661313466 891.5300028551167 1132021.6398255844 962.4739164598218 840.0
