ts te idle avg_span std_span max_span min_span c_bytes_all c_pkts_all s_bytes_all s_pkts_all video_rate
0.0 10000.0 9724.898681640625 275.101318359375  275.101318359375 275.101318359375 1150.5568764566663 2.7558248537884222 2970.2280274131613 3.3069898245461067 0.0
10000.0 20000.0 243.1573554687202 886.9856949573891 252.41795633327726 997.0430000000051 165.886962890625 40803.57710642012 468.412865920666 994331.3116118126 727.0280411475769 288.0
20000.0 30000.0 189.8439394531888 891.8323691406192 289.5275785395918 999.6979999999749 31.8740234375 27646.946728497984 347.87246733809684 535487.9524551952 382.642340949411 288.0
30000.0 40000.0 126.52706640627002 987.347293359373 20.98262621529503 998.9000000000233 933.8209999999963 49570.54661331281 740.6522515758772 1101106.8941482194 812.7122053879998 288.0
40000.0 50000.0 2109.5186914062942 789.0481308593705 388.42203228089227 999.1219999999739 3.8220429687644355 17464.17513667752 229.6519485881219 338413.74866138556 250.76729290956825 288.0
50000.0 60000.0 183.68028906249674 892.3927009943185 288.5697679384643 998.4820000000182 28.0009765625 35696.42956791392 493.6441773471418 732010.4769921764 526.1491412316497 288.0
60000.0 70000.0 2402.4989765625214 844.1667803819421 328.60082443124753 998.6790000000037 29.82799999997951 31806.767970720983 464.0104643763078 726373.388103798 538.3939885492482 288.0
70000.0 80000.0 1167.9661171875196 883.2033882812481 304.7745268601308 999.1670000000158 20.5048828125 23188.537641177383 286.8064517209157 543899.9927166867 391.82712997016995 288.0
80000.0 90000.0 142.69893359369598 985.7301066406304 9.800840457362293 998.5769999999902 970.52294921875 29563.424111184624 421.8503410458007 625287.8034458959 448.70294513302906 288.0
90000.0 100000.0 1041.919990234368 814.3709099786938 360.1816145666957 999.8429999999935 25.236050781270023 43144.92490224478 631.9189188156199 967817.9221374238 711.4510760813622 288.0
100000.0 110000.0 192.06701171875466 891.6302716619314 288.6295291398836 999.210000000021 34.595947265625 25267.146875713835 344.75260545268196 533563.4866487958 379.2772544275612 288.0
110000.0 120000.0 146.71384179691086 985.3286158203089 14.039911252556749 999.3190000000177 955.1120527343592 36415.68158870162 524.0688787188328 799508.5136485003 580.8694520743002 288.0
120000.0 130000.0 223.76706445310265 888.7484486860816 293.8916520833055 999.0430000000051 12.768894531240221 30856.870883043033 430.5074506255409 671862.6356014474 485.0766166048435 288.0
130000.0 140000.0 2241.5420410156366 862.050884331596 280.957725950378 999.304999999993 149.3859589843778 35844.413997934724 481.0953536206082 670994.6458012505 496.79552570873375 288.0
140000.0 150000.0 4813.815999999992 864.3640000000014 114.9217690465867 998.0970000000088 708.6930000000284 32824.0 465.0 641847.0 481.0 384.0
150000.0 160000.0 3993.2189999999828 858.1115714285739 237.24295760102493 999.4309999999823 455.8040000000037 37049.0 571.0 861765.0 622.0 480.0
160000.0 170000.0 3583.146999999997 712.983666666667 433.25553189976824 997.929999999993 21.128000000026077 42803.0 635.0 1009218.0 735.0 600.0
170000.0 180000.0 1989.7409999999218 890.0287777777864 314.40180651586945 999.9050000000279 51.98200000001816 51005.0 869.0 1288411.0 917.0 840.0
180000.0 190000.0 1897.406031249906 900.2882187500104 275.5250676968084 999.9820000000182 166.54296875 59561.20735174003 974.4123930474024 1597302.9137178843 1128.391768774167 840.0
190000.0 200000.0 1099.0056582031539 890.0994341796846 258.27530513777003 999.5089999999618 171.893310546875 53076.11367569817 891.4357459996041 1341445.114387707 968.0036483485852 840.0
200000.0 210000.0 1703.700205078232 829.6299794921767 298.74457924996705 999.9749999999767 136.68310546875 54161.297337820295 914.4927380160962 1393035.7134343113 986.6158984719023 840.0
210000.0 220000.0 2482.4411054687807 835.2843216145799 244.35590918115307 999.0590000000084 348.37899999995716 51013.381634741505 841.6591229368971 1294865.2584600975 914.9886844053456 840.0
220000.0 230000.0 2725.3460000000196 909.3317499999976 163.54240208298776 999.015999999945 605.8349999999627 51598.0 882.0 1315237.0 922.0 840.0
230000.0 240000.0 2817.2510839842726 798.0832128906363 391.1618392957345 998.6539999999804 48.22199999995064 48654.4418958781 822.5833191560863 1229344.0602152506 865.9286522625837 840.0
240000.0 250000.0 265.5019160154043 973.4498083984596 52.23371129171561 997.8689999999478 826.6020839844132 60285.5581041219 1036.4166808439136 1533563.9397847494 1080.0713477374163 840.0
250000.0 260000.0 2607.3787128905533 821.402365234383 310.4812877741472 999.2049999999581 92.769287109375 53876.70497136674 880.5112307497028 1312820.9816483108 929.9460334734046 840.0
260000.0 270000.0 2274.1522246093955 772.5847775390605 352.42782581273605 999.9300000000512 120.1640625 52328.777334626495 830.4015502596594 1338204.838387725 951.808598076809 840.0
270000.0 280000.0 2837.751062500174 795.8054374999806 374.58183963631177 999.2430000000168 20.214999999967404 52777.51769400677 874.0872189906377 1257193.1799639643 892.2453684497866 840.0
280000.0 290000.0 949.809957031277 905.0190042968723 285.99160190770465 999.6909999999916 91.14404296875 61039.97516235088 988.3978819153009 1521728.8984907928 1067.026907219165 840.0
290000.0 300000.0 3234.879042968736 845.640119628908 295.18122713134386 998.0420000000158 129.29899999999907 46001.02483764912 748.6021180846991 1070833.1015092072 769.973092780835 840.0
