ts te idle avg_span std_span max_span min_span c_bytes_all c_pkts_all s_bytes_all s_pkts_all videorate
0.0 10000.0 0.0 0.0 0.0 0.0 0.0 0.0 0.0 0.0 0.0 0.0
10000.0 20000.0 4861.722886718751 856.3795188802081 345.37745582639104 999.4920000000275 151.39111328125 43143.46533616019 561.2210527373974 1310707.8772338508 994.373934993301 288.0
20000.0 30000.0 1168.2191953125293 883.1780804687471 228.60573364058214 999.9409999999916 286.60999999998603 52846.72414252561 827.4492644026188 1589087.2067373244 1167.62002260672 633.0
30000.0 40000.0 621.9738164062146 852.5478348721623 282.8119755400052 999.4980000000214 268.64208203123417 51807.25123438243 857.2787719285242 1308985.9235891306 932.9366072917117 840.0
40000.0 50000.0 1413.88099023432 858.611900976568 274.47548773557946 999.3919999999925 140.01600000000326 47800.39070386961 800.4466766826138 1291332.7073422133 913.5321887079501 840.0
50000.0 60000.0 831.90911328129 833.4628078835191 303.66504729280774 998.954000000027 212.46088867186336 62509.72291512141 975.3424125588318 1492659.752649447 1058.4543148649325 840.0
60000.0 70000.0 948.8287050781073 905.1171294921893 135.06005995188806 998.9799999999814 696.1809999999823 49213.32113156554 849.691348197072 1261809.317545803 906.2388517711772 840.0
70000.0 80000.0 994.4950156249688 900.5504984375032 219.98530052882705 997.8620000000228 295.4487070312607 57804.716746694154 934.3523999403609 1372822.1954498114 982.8863372105428 840.0
80000.0 90000.0 2773.1633124999935 722.6836687500006 402.93492915822696 997.1419999999925 0.0 40467.15763579622 667.0909516969459 973717.1838844244 697.4538663130423 840.0
90000.0 100000.0 709.3149921875447 844.6077279829505 307.71124489181364 999.9519999999902 198.45303515624255 60128.736508676106 960.4417856016034 1422741.9133870064 1007.9390015857305 680.0
100000.0 110000.0 2546.8290488281636 828.1301056857596 300.9915297579033 999.5250000000233 71.1819999999716 49143.03473655824 799.0879232910067 1204080.1946802796 864.7475226835176 840.0
110000.0 120000.0 242.53962695313385 887.0418520951697 243.324415016819 998.945000000007 205.69007617188618 56857.24902465248 960.1410587768769 1514484.3099100378 1077.2547111792821 840.0
120000.0 130000.0 4333.687296874879 708.2890878906401 374.52087549964966 998.4780000000028 119.23200000001816 35842.22988399799 543.456354186148 820405.4175906716 597.562640792092 619.2
130000.0 140000.0 3937.3170000000973 866.0975714285576 233.78690524411158 999.0810000000056 345.49599999998463 43526.0 634.0 995514.0 733.0 408.0
140000.0 150000.0 5388.71700781252 768.54716536458 357.7973675631497 995.6570000000065 53.647999999986496 36811.86788973754 535.3750537739364 867351.8845400766 629.1406989391626 600.0
150000.0 160000.0 131.5380351562053 897.1329058948904 241.77439886547666 999.7739999999758 204.4010078125284 61071.33653947749 985.6739123563829 1535781.4494520554 1089.919082563296 840.0
160000.0 170000.0 506.34407031245064 863.0596299715954 291.8936319307004 999.9729999999981 256.8130429687444 54441.73399783537 895.2035864823855 1404907.1676156274 1005.6127302684432 840.0
170000.0 180000.0 715.2088906249264 928.4791109375074 114.1886959899541 999.2449999999953 707.7481132812682 50928.11179533843 858.5656349811478 1295118.4597327448 921.9204164543489 840.0
180000.0 190000.0 1783.0408828123473 821.6959117187653 281.7892412738911 999.8510000000242 247.87400390626863 56347.38283871616 931.9054006759903 1423078.9975794686 1007.5631782733223 840.0
190000.0 200000.0 3280.6531679687905 746.5940924479122 356.30196626236454 998.5819999999949 18.338886718731374 47018.954482077024 770.7131792254946 1143669.2880125782 805.7090091858202 840.0
200000.0 210000.0 807.0518593750312 835.7225582386335 301.56120821465095 999.7920000000158 205.3080546875135 58393.49989875533 966.0661529507421 1399833.5368782934 999.2406841779 840.0
210000.0 220000.0 62.601027343655005 903.3999066051223 235.48937806289933 999.8630000000121 230.17491406248882 57644.79248838192 939.9502816683753 1422627.5262011734 1013.4068760417587 840.0
220000.0 230000.0 556.1250429686625 858.5340870028489 291.43351939299936 999.890000000014 246.58294140629005 53524.63106795152 874.1664035931723 1334257.0322873048 953.3891621310386 840.0
230000.0 240000.0 1485.7770156250335 851.4222984374967 238.130288236522 998.5389999999898 378.3880000000354 57287.68900172919 925.3803942923726 1386927.6577006772 980.0981619649099 840.0
240000.0 250000.0 2411.953046874958 843.1163281250047 312.67296437317896 999.6439999999711 50.376953125 52730.37119496855 855.336723663522 1301591.7696658806 911.7422739779875 4420.0
250000.0 260000.0 709.8859570311615 929.0114042968838 134.8910876147054 999.9050000000279 599.6920000000391 59364.42374970336 884.2353779435684 1356700.0437850459 980.9968868999058 1803.3333333333333
260000.0 270000.0 67.28997656248976 902.9736384943191 239.16301737812984 999.2780000000494 223.56600390630774 55056.09003574418 910.5779723341755 1328357.2668368234 950.5142371810418 840.0
270000.0 280000.0 172.88503710948862 893.3740875355011 234.3487584284302 999.8079999999609 260.98698046873324 55853.88115880964 860.6018727302053 1250433.912815545 900.9180391293943 840.0
280000.0 290000.0 2162.9579824218526 870.7824463975719 219.2287351880007 998.3860000000568 349.24701757810544 58853.23386077427 923.2480533285288 1429492.0068967051 1011.8285628116707 840.0
290000.0 300000.0 419.8490507812239 958.0150949218776 105.13826839348785 999.4899999999907 660.14794921875 54741.02640920471 877.3186993802261 1449386.592294929 1035.2076459909365 840.0
