ts te idle avg_span std_span max_span min_span c_bytes_all c_pkts_all s_bytes_all s_pkts_all videorate
0.0 10000.0 8894.670101562515 552.6649492187425 44.18576035830691 583.9089999999851 521.4208984375 8199.668691252584 40.457677392528566 106187.21127089162 80.62328338895774 288.0
10000.0 20000.0 287.03279101551743 882.9970189985893 231.15019873693427 997.6280000000261 391.485107421875 22520.072012688106 260.60755891024877 589303.3404691855 427.7082619895139 288.0
20000.0 30000.0 639.9479902344174 850.9138190695984 295.02098122494374 999.8180000000284 46.6201171875 20107.302387473243 242.46270975671644 518285.7886627741 389.3423602256424 288.0
30000.0 40000.0 175.92417773441412 982.4075822265586 20.616785547627888 998.2679999999818 929.7518828124739 28447.95919842273 327.9621552142179 778652.7753709008 564.4485942622733 288.0
40000.0 50000.0 409.3068203124567 871.881198153413 291.31333887014847 997.8890000000247 11.801060546888039 27552.71167584135 340.9269070565365 803549.4288521139 583.0479998182287 288.0
50000.0 60000.0 400.1580371094169 872.7129057173257 265.0427171096583 996.8580000000075 130.94388085935498 25901.57961542671 310.81993044349906 714835.3211174527 519.7125022876374 288.0
60000.0 70000.0 197.46096679690527 891.1399121093723 233.13946655428498 998.6520000000019 308.269917968777 24265.872167529848 295.1225824268568 662698.9195299678 472.5795547461123 288.0
70000.0 80000.0 228.28502929676324 888.3377246093852 216.87896548513677 999.4720000000088 431.7808847656124 20997.06877968248 250.3265929931388 536133.7534821702 386.85599614351867 288.0
80000.0 90000.0 212.96119921875652 889.7308000710221 216.96202028828557 999.7310000000289 388.48388671875 23265.677243510003 280.125149690832 628455.7128370847 448.72913972265496 288.0
90000.0 100000.0 1941.5037773437798 805.849622265622 266.71760739461604 998.5879999999888 217.98599999997532 45773.13306999083 657.1185051524845 1026051.383531732 746.5556765744378 340.3636363636364
100000.0 110000.0 1217.6448085937882 878.2355191406211 218.47697937407568 998.1439999999711 436.1008906249772 36715.72807252331 559.6788574616543 817826.1267641772 601.2725630063077 480.0
110000.0 120000.0 3193.144273437443 850.8569658203196 205.60233685687928 999.6780000000144 434.4146992187598 44296.02104301484 673.0068761647628 1066605.5777035481 762.0226833078883 634.2857142857143
120000.0 130000.0 1337.246927734348 787.5230065696047 327.95004876844195 999.0819999999949 202.38897265627747 54201.831225625494 919.3435031100811 1370047.3884595819 967.5248763666449 840.0
130000.0 140000.0 1773.4137792969123 822.6586220703088 345.8816930698712 999.734999999986 40.90890039061196 49514.14236482658 841.6269328325089 1256826.2605656025 885.3008947116044 840.0
140000.0 150000.0 1000.2000156249269 899.9799984375073 165.07648854708575 999.2280000000028 548.7373046875 58140.95984124961 935.9588005221887 1403434.253902264 1001.9592274440464 840.0
150000.0 160000.0 287.9994179686764 882.9091438210294 229.59906930208714 999.6300000000047 394.73388671875 55163.28850901141 918.5216682227517 1398337.848061133 1005.2172116447196 840.0
160000.0 170000.0 675.4969902343582 932.4503009765642 135.83357187558732 999.8300000000163 598.6761132812244 52288.416295952346 870.0815007993326 1348020.2834251001 952.9024241746258 840.0
170000.0 180000.0 1750.8948124999297 824.910518750007 303.69672044702395 999.8979999999865 219.45510351564735 55743.514146730005 928.5058145593888 1434855.741350791 1018.5950685284703 840.0
180000.0 190000.0 574.5811308593256 942.5418869140674 102.35451358943587 999.8919999999925 703.044916015584 51926.9407200639 871.9246625160886 1256660.218164172 905.5769745334483 840.0
190000.0 200000.0 476.09665429673623 865.809395063933 266.29722115333215 999.7070000000531 184.86604687501676 53794.15034929487 912.6448966293297 1448577.0176900958 1033.0010663034132 840.0
200000.0 210000.0 1034.4732207030756 896.5526779296924 210.87997903200622 999.9579999999842 445.6097011718666 55493.83710485809 913.3014655764114 1450153.2052258735 1036.3235963336017 840.0
210000.0 220000.0 67.95499218755867 902.9131825284038 209.82471420603906 999.7939999999944 441.41392187494785 51174.018797618315 860.4921150785323 1304068.6852768105 917.1967720962614 840.0
220000.0 230000.0 1391.7710585937602 782.5662674005672 301.98688652220346 998.8299999999581 305.22802734375 54274.970884409806 912.6753274345717 1354067.3826938458 954.6426834748108 840.0
230000.0 240000.0 2146.927769531263 872.563581163193 169.15867737621156 999.359999999986 518.8669999999693 54367.05760193571 865.0472387358071 1306838.4841707544 935.9098808927953 840.0
240000.0 250000.0 1270.3233691407368 793.6069664417512 294.79509968986275 999.4150000000373 178.7167421875056 55544.021146502346 927.2429534068269 1418898.1876817483 1014.8009322014951 840.0
250000.0 260000.0 1024.2149394532898 897.578506054671 211.81902145651645 999.1459999999497 440.2841113280738 56269.62281955519 915.7573400650026 1356356.0250610095 967.1404926036106 840.0
260000.0 270000.0 1264.6059980468126 873.5394001953188 220.64090628452206 998.6219999999739 434.16405078128446 54713.71655010399 895.9584237051613 1276495.3716230646 900.7411852826865 840.0
270000.0 280000.0 660.9020664060954 849.0089030539913 324.3352839678398 998.1970000000438 108.56004882813431 55084.0374565995 915.775780482293 1353797.4062596573 951.5278835866455 840.0
280000.0 290000.0 1063.0038906249683 893.6996109375032 153.88159805107762 998.5429999999469 555.593994140625 55189.59103603522 888.2426495348517 1369670.9896975916 978.2860945024247 840.0
290000.0 300000.0 153.39504882821348 895.1459046519806 222.95946876391392 999.6019999999553 441.5850058593787 55557.26814948461 898.4100163227879 1366448.9942224005 973.8526101281818 840.0
