ts te idle avg_span std_span max_span min_span c_bytes_all c_pkts_all s_bytes_all s_pkts_all video_rate
0.0 10000.0 6556.168058593757 860.9579853515606 271.1991897505874 999.9899999999907 454.18994140625 27559.9857228243 303.2504625948852 627062.4582444418 477.07807309269964 288.0
10000.0 20000.0 1339.3108691406087 866.0689130859391 217.03069056796966 998.3369999999995 455.424072265625 54247.54951274215 814.1902217954469 1301064.5193808603 941.4466649959861 453.6
20000.0 30000.0 524.9230722656939 947.5076927734306 143.77579890725502 998.9199999999837 539.0099277343834 50050.464764433535 863.5593156096679 1314643.022374698 923.4752619113142 840.0
30000.0 40000.0 105.0870800781995 989.4912919921801 24.251288182405915 999.6149999999907 920.867919921875 54113.96531395108 893.2100203753372 1428341.341617281 1004.4067843511098 840.0
40000.0 50000.0 623.9768437501043 852.3657414772632 308.8702187428704 999.7569999999832 71.58508007810451 56200.03744052372 958.5394067277265 1428155.1998067668 1018.9312093055566 840.0
50000.0 60000.0 453.4899687500438 867.8645482954506 297.00827393032176 998.0370000000112 87.610107421875 53283.33760714356 899.8567001589377 1394331.294296684 995.6463394196554 840.0
60000.0 70000.0 1038.217113281251 896.178288671875 266.66745084183174 999.4020000000019 142.093994140625 52190.46338355578 864.6197945347454 1316050.7190819762 932.7912237678373 840.0
70000.0 80000.0 1596.485033203091 933.7238851996566 107.56065456566999 999.2609999999986 681.5250000000233 54231.53342879902 894.2938172142815 1346618.5276360926 953.2613817895219 840.0
80000.0 90000.0 680.2590195312514 847.2491800426135 316.0866699195146 999.255999999994 17.80803906248184 54092.53415481783 925.9353830847484 1415835.849945449 1009.2710522331221 840.0
90000.0 100000.0 433.14882617187686 869.7137430752839 271.1344339911095 999.8780000000261 180.193115234375 52996.67446180615 879.8150155254681 1348529.5006697422 970.1599281361804 840.0
100000.0 110000.0 334.6148652344709 878.6713758877754 286.27391101875924 998.3850000000093 33.03125 54830.412469556686 955.8388851346564 1419433.372024381 1011.1041496952861 840.0
110000.0 120000.0 1365.2692929688492 863.4730707031151 276.12105773282525 999.5650000000023 248.70000000001164 51555.69059183239 861.7595136964006 1289962.1699940097 911.4316088922551 840.0
120000.0 130000.0 821.0750722655212 917.8924927734479 152.5997372616494 997.1390000000247 548.7720429687761 51262.04196696032 872.2099392238342 1322336.6081495942 927.4646737610924 840.0
130000.0 140000.0 606.6359980468405 853.9421819957417 315.18775217008334 999.814000000013 17.713115234393626 55265.838440883366 951.467122466183 1416833.4935372628 1004.3987814026805 840.0
140000.0 150000.0 116.68163476564223 898.483487748578 217.63303719764698 999.5779999999795 414.583251953125 56708.26924509579 974.6855473706039 1418906.3342610444 1020.0373819076724 840.0
150000.0 160000.0 1917.1931601561373 808.2806839843863 294.51669631219784 999.7260000000242 189.319091796875 49844.17426644189 823.4117159944333 1261816.1555323887 903.4958830474912 840.0
160000.0 170000.0 66.39182617189363 903.0552885298279 257.30705565739805 999.3389999999781 145.947265625 55027.16622545368 924.9898646807853 1403931.8504398337 992.0212092012707 840.0
170000.0 180000.0 1183.2331796875224 881.6766820312478 209.5906709242276 999.5669999999809 387.38000000000466 56865.73352530194 904.8919122608481 1378592.307560177 971.3312050827429 840.0
180000.0 190000.0 597.5018085937481 854.7725628551138 325.12371683926045 999.9459999999963 9.202914062479977 54427.58989278488 871.2852855114926 1396348.3326654716 1004.8092464177296 840.0
190000.0 200000.0 901.5013007810921 827.1362453835371 322.2897409461485 999.6060000000289 18.3759765625 60902.91958056284 974.1088987570334 1470483.7298937154 1053.878976493203 840.0
200000.0 210000.0 983.5706660157302 901.642933398427 257.0609440486162 999.8279999999795 177.143310546875 58251.342973705774 932.8326885748262 1394095.0364157537 1000.8182882316868 840.0
210000.0 220000.0 77.62625781260431 902.0339765624905 265.1866441400365 999.7859999999637 118.904052734375 53538.86053124306 867.6178870377779 1335656.7563468188 940.9160439109853 840.0
220000.0 230000.0 602.0369433591841 939.7963056640816 117.81514333335106 999.7070000000531 622.3390000000363 53969.419555027125 858.3464746323295 1282348.9184535416 913.3698379604546 840.0
230000.0 240000.0 1226.9109921875643 797.5535461647669 340.6162902883517 999.6779999999562 25.832890624995343 55780.6017082922 931.0903010180426 1386679.7468975482 990.1863688392517 840.0
240000.0 250000.0 509.42200585943647 862.7798176491422 264.1519391954438 999.0910000000149 181.214111328125 54814.86631738211 931.3914145592497 1341774.541819326 952.8275326503037 840.0
250000.0 260000.0 1477.5641113281017 852.2435888671898 242.85602188278506 999.5600000000559 346.8320000000531 54702.526918878786 922.8024114602584 1315669.2129551407 939.4408935029103 840.0
260000.0 270000.0 1658.1739023437258 926.8695664062527 171.72111157992103 999.109000000055 481.72509765625 54860.511128081955 869.496183772461 1381730.1761257073 971.5337096127429 840.0
270000.0 280000.0 1595.8611699219327 933.7932033420075 163.62817654748147 999.9869999999646 500.1479023437714 57483.06425540523 926.3123413580616 1434359.889718037 1013.9343922370842 840.0
280000.0 290000.0 609.8669472654583 853.6484593395038 321.8021025828981 999.8860000000568 21.246072265668772 55077.88081643896 888.7007741293208 1342146.2505424544 972.6146263398946 840.0
