ts te idle avg_span std_span max_span min_span c_bytes_all c_pkts_all s_bytes_all s_pkts_all videorate
0.0 10000.0 0.0 0.0 0.0 0.0 0.0 0.0 0.0 0.0 0.0 0.0
10000.0 20000.0 5250.585980468757 949.8828039062486 93.19545811628704 999.9069999999992 783.77001953125 19461.61872640227 262.15489269296313 856039.7477351932 754.57900968412 288.0
20000.0 30000.0 145.61111328125116 895.8535351562499 239.47931878977124 998.872000000003 215.5979804687522 23203.739887050888 480.82109338060053 1016559.0429467378 862.0818951813094 1062.857142857143
30000.0 40000.0 218.8696230468704 889.1936706321027 235.93622650873974 999.7130000000034 267.45709375000297 21729.93994486496 452.12613090289256 685819.8784552796 571.4554172902847 288.0
40000.0 50000.0 143.80238476562954 896.0179650213064 221.76449035355327 999.2379999999976 386.84071679686895 25191.324481135627 519.2110666425023 871359.7842869544 724.7510737045084 288.0
50000.0 60000.0 196.16000390621775 891.2581814630711 214.92010685486355 999.070000000007 434.94189453125 14211.59827741519 335.8419853097528 420678.4877847371 358.8265653006667 288.0
60000.0 70000.0 151.7198300781165 895.2981972656257 217.66947439369991 999.5510000000068 375.966064453125 19434.01481703877 446.91214584479184 604119.1837679094 513.6741537414639 288.0
70000.0 80000.0 135.9029453125113 896.7360958806808 220.99462775249077 997.820000000007 323.297119140625 23902.61568613214 505.55651454711955 774536.237842612 651.8805843427833 288.0
80000.0 90000.0 223.81312109374267 888.7442617187506 245.4773974865057 999.8260000000009 207.197998046875 19371.40185894103 389.4547737285615 598752.3586291334 519.5807385600742 288.0
90000.0 100000.0 137.97507812501863 896.5477201704529 270.8785447629884 999.8120000000054 101.992919921875 20907.99671663253 463.1530761689017 640818.9509757197 545.5306428128547 288.0
100000.0 110000.0 114.93961718749779 898.6418529829548 284.39738372468724 998.695000000007 46.185302734375 21869.828697195575 472.24980565056404 691934.0676818424 592.6364294120026 288.0
110000.0 120000.0 181.76901171880309 981.8230988281197 27.141155342828906 999.9469999999856 922.873291015625 16256.064817439827 358.0621546385525 496802.9483987224 434.47269431068617 288.0
120000.0 130000.0 298.4572929687565 881.9584279119313 278.0099845859376 998.6739999999991 74.21870898437919 14265.79713909731 314.6514571114574 438719.9843203024 376.7709145745196 288.0
130000.0 140000.0 123.67705468746135 897.847540482958 236.69284555259918 999.7969999999914 242.10600195312873 25216.93246091618 525.4150207739372 785799.4282200753 653.9949438532169 288.0
140000.0 150000.0 110.90565039063222 899.0085772372153 222.726927646295 998.80799999999 315.97005664062453 21745.652866298668 473.064681376153 755406.3871136496 635.9543112496497 288.0
150000.0 160000.0 556.9133652343589 858.462421342331 232.86512283564437 989.5620000000054 373.61270703125047 9152.816039104116 215.05637396851677 263872.7669373202 245.54179871912655 288.0
160000.0 170000.0 302.1696738280589 881.6209387429037 244.5670315000646 998.2520000000077 254.88525390625 11605.949572728958 268.2414240363007 314896.39991754165 281.4971316458794 288.0
170000.0 180000.0 137.07918164058356 896.6291653054014 243.9235648461131 997.8150000000023 196.924072265625 20499.27539896161 456.372405027517 604954.0086266052 518.4987172375236 288.0
180000.0 190000.0 136.8301015624602 896.6518089488673 265.1984499038002 999.9750000000058 118.219970703125 25722.026307056516 570.7198269626166 906793.5152203159 758.7747214678519 288.0
190000.0 200000.0 160.2918632812216 894.518921519889 281.5877798222344 999.7859999999928 52.860107421875 18700.983580090902 432.0097471277494 557416.984825434 474.5728328029289 288.0
200000.0 210000.0 193.89408593752887 980.6105914062471 23.50622695767041 999.0679999999993 930.9718925781199 14539.872434317134 332.99348773092015 490057.2631226309 431.9927965588629 1316.0
210000.0 220000.0 93.641048828169 900.5780864701665 284.95381310990444 998.0819999999949 46.25197851561825 41129.98808852003 1053.0855411418545 1758785.4773567948 1452.001477705572 1225.6
220000.0 230000.0 756.5826855468913 840.3106649502826 297.1865300055462 999.7090000000026 98.95902734374977 23790.423634776267 586.5236616539322 925902.7821203126 783.0099349188512 748.0
230000.0 240000.0 138.04534960942692 896.5413318536885 207.82351928233268 999.2849999999744 475.4609375 33056.099649768905 884.1696546019504 1127604.586380867 959.1096215226416 840.0
240000.0 250000.0 1142.4518320311909 885.754816796881 187.1714934304529 999.9050000000279 520.5710625000065 33409.44749512102 894.261724175301 1180805.0290874385 991.4105333913114 840.0
250000.0 260000.0 1595.9812207031064 840.4018779296894 334.4658559406078 999.5750000000116 47.306884765625 35526.53085510575 949.6997001298669 1211201.5722496705 1033.9714651622076 840.0
260000.0 270000.0 482.80088476568926 951.719911523431 116.2086308697347 999.2469999999739 624.3260000000009 36405.06056788782 943.1916546747245 1179178.1259962 998.4295948491028 840.0
270000.0 280000.0 561.675740234321 943.832425976568 159.3187123686707 999.6429999999818 490.791259765625 36845.03376506152 929.0124189412351 1182853.3534303647 995.9074014824241 840.0
280000.0 290000.0 1040.8303652343457 895.9169634765655 187.80367481354637 999.7770000000019 505.7417402343708 37646.26425071659 960.0182925756731 1205925.488168399 1036.3301585848635 840.0
