ts te idle avg_span std_span max_span min_span c_bytes_all c_pkts_all s_bytes_all s_pkts_all video_rate
0.0 10000.0 0.0 0.0 0.0 0.0 0.0 0.0 0.0 0.0 0.0 0.0
10000.0 20000.0 6142.141890625004 771.5716218749992 404.64266548802436 997.4459999999963 60.037109375 17220.366871759074 142.89545358181334 337045.498409992 272.98124867499337 288.0
20000.0 30000.0 216.3248359375866 978.3675164062413 29.86564643448009 999.9469999999856 912.1552734375 25842.536907562055 336.39566831033636 609850.528154293 524.5497778810817 288.0
30000.0 40000.0 300.27332421881147 881.7933341619263 270.10083150647296 999.4739999999874 86.10272656247253 23626.59036353416 306.0688860573294 596494.7487662855 519.1556543534084 288.0
40000.0 50000.0 209.24305664055282 890.068813032677 250.45019911267647 999.7770000000019 192.1600507812691 25680.339073257117 323.0472012220214 664244.9192971822 571.2768570940294 288.0
50000.0 60000.0 293.5989824219723 882.4000925070934 233.22050905284752 997.6259999999893 322.3951074218494 24328.066760332764 328.82381643601667 549546.1854159465 478.47635206329517 288.0
60000.0 70000.0 234.23165820300346 887.7971219815452 226.06037696391093 999.8709999999846 389.333251953125 25613.72117326772 347.8616160367851 570247.8237456584 494.15956330808064 288.0
70000.0 80000.0 101.23817578126909 899.8874385653392 218.99733464026866 998.3800000000047 338.778076171875 31747.92210002764 446.8544705328956 658480.3264325582 553.7288730764651 288.0
80000.0 90000.0 159.36097070318647 894.6035481178922 228.54122005703672 998.2600000000093 275.43310546875 35707.297177419394 466.9787581846267 904128.2418455024 668.9026879782213 288.0
90000.0 100000.0 518.1401601562393 861.9872581676146 296.3489938269471 999.5619999999763 3.9189453125 33741.922379157695 457.2553228524313 859543.3641336317 648.9698736992741 288.0
100000.0 110000.0 280.7626445312635 971.9237355468737 53.23046959146845 998.8389999999781 821.38330078125 33915.909685879335 483.46504457797226 741070.5415303638 536.2548708369355 288.0
110000.0 120000.0 652.5473652344081 849.7684213423265 297.3872291156548 999.9349999999977 168.31669921876164 30479.941158129546 429.9077726626525 621916.2133190942 450.2689806276052 288.0
120000.0 130000.0 290.32197851565434 882.6980019531223 262.79900837567317 997.9000000000233 151.35595703125 21825.87344061279 304.1801321220273 464635.581738613 342.01384818034114 288.0
130000.0 140000.0 701.5028789062635 929.8497121093736 161.64922110285858 999.304999999993 489.56099999998696 54487.5701750228 944.2984989058727 1431687.5544064357 1027.1195299696192 2344.0
140000.0 150000.0 681.8190878906171 847.1073556463075 337.0277459557493 999.5430000000051 15.864921875006985 68348.1038603792 1104.3498987642943 1528310.0553583372 1115.054967891508 1169.142857142857
150000.0 160000.0 1828.733082031249 817.1266917968751 341.859057288539 999.4510000000009 62.930908203125 52712.14219923799 850.5347166320547 1289433.3575631105 938.255969409341 761.1428571428571
160000.0 170000.0 51.016917968692724 904.4530074573915 288.03382091930695 999.5819999999949 37.739990234375 53634.54499986725 913.8692641297209 1350159.0447557187 970.4537098411348 840.0
170000.0 180000.0 558.104078125034 944.1895921874966 85.0876750862838 998.4629999999888 778.0769999999902 54677.29185154414 892.5134620356886 1353558.1601719672 976.1281701931192 840.0
180000.0 190000.0 148.48194531246554 895.5925504261395 240.73282530548252 998.9560000000056 200.72908789064968 54866.61603100441 945.687179111691 1404910.7758509733 1011.8986144631871 840.0
190000.0 200000.0 1680.0938476561569 756.3551047585312 354.4236386676013 997.4989999999525 63.172119140625 53043.40559416072 919.2047424286129 1309432.8538666985 951.9594573039212 840.0
200000.0 210000.0 409.5130410154816 959.0486958984518 59.775544645639755 999.9780000000028 837.955078125 52411.674336160744 911.028645905793 1279813.7708096688 927.7055966964057 840.0
210000.0 220000.0 1860.54407812492 813.945592187508 296.33184692341126 999.314000000013 160.89592187502421 51857.163861683446 899.7794495093639 1267291.4544279692 912.6853964580326 840.0
220000.0 230000.0 1507.8610468751285 943.5709947916524 104.3014977128729 999.3240000000224 699.3329999999842 50939.10851918086 859.3817084449039 1226624.0695973653 879.4240672292406 840.0
230000.0 240000.0 817.2398964845343 834.7963730468605 308.9354443987231 999.1670000000158 155.26404687494505 54496.200268563756 906.7426579100265 1337666.325010029 968.4698344851223 840.0
240000.0 250000.0 303.91003906249534 881.4627237215914 285.716669924857 999.5659999999916 60.718017578125 56134.80142896655 959.4513477253046 1416357.9689977062 1019.7666695498251 840.0
250000.0 260000.0 103.68300390627701 989.6316996093723 19.509082099850936 999.7970000000205 934.5039824218256 54831.83377394996 928.153168269639 1310217.019328173 943.0746654056109 840.0
260000.0 270000.0 578.0890136718517 856.537362393468 326.18972360451465 999.7410000000382 2.10798632807564 52519.05600933888 878.271117650126 1221295.6170667268 874.2647633302012 840.0
270000.0 280000.0 810.7950195310405 918.920498046896 185.16945671418597 999.9740000000456 435.29000000003725 55346.796599213296 916.7017904592358 1329603.4419430827 950.856233952731 840.0
280000.0 290000.0 998.3116621094523 818.3353034445953 327.52743635644106 997.8490000000456 112.601318359375 56650.33145391721 938.5048325212366 1396745.5267769662 1015.5534849208557 840.0
290000.0 300000.0 474.1742285155924 952.5825771484408 134.78027772084425 999.5550000000512 569.4886816405924 55719.374343841424 901.9845143039998 1358003.5537226482 985.1670876773102 840.0
