ts te idle avg_span std_span max_span min_span c_bytes_all c_pkts_all s_bytes_all s_pkts_all videorate
0.0 10000.0 0.0 0.0 0.0 0.0 0.0 0.0 0.0 0.0 0.0 0.0
10000.0 20000.0 942.5359062500065 905.7464093749993 257.61469591774846 999.3640000000014 173.12109375 22891.396560480953 239.1292728196173 535869.7438471285 393.3061442961558 288.0
20000.0 30000.0 223.81916796881706 888.7437120028349 280.36260689239515 999.2170000000042 60.39892578125 21843.291630734777 284.5662206105045 611642.9302149917 443.389349133966 288.0
30000.0 40000.0 223.8359238281264 977.6164076171874 22.036348717391046 997.6660000000265 937.0510742187616 30823.306577891857 412.25137378576267 802933.2941117558 595.8535236228746 288.0
40000.0 50000.0 268.31602539063897 884.6985431463055 291.24038044262795 998.8939999999711 23.317998046870343 27261.828700146805 366.55233326102405 714123.246019253 518.9952745497797 288.0
50000.0 60000.0 275.3109238281031 884.0626432883543 251.8378023794595 999.8090000000084 196.68602343747625 27447.45764298909 406.03704082999695 669520.887721013 478.76007035758215 288.0
60000.0 70000.0 115.78880664060125 898.5646539417635 220.48743392548346 999.9029999999912 353.06494726560777 34863.96003845808 499.9139052601514 887202.3315160314 640.2602518504631 288.0
70000.0 80000.0 604.7943183593452 854.1096074218777 243.75756340311275 996.9660000000149 381.200927734375 27233.21085240882 384.28446927725025 672486.7262567707 487.72671048411905 288.0
80000.0 90000.0 626.852818359388 937.3147181640612 125.26903210644629 998.8730000000214 598.3040722656297 23045.603853009776 332.84127285343436 565692.2887086959 399.8970010464094 288.0
90000.0 100000.0 215.89518164063338 889.464074396306 261.382854128258 999.1180000000168 125.30189062497811 30829.474516704544 391.2502778754697 645839.6006203145 468.9611574520073 288.0
100000.0 110000.0 185.43484960932983 892.2331954900609 243.95724805305784 999.8630000000121 206.3800722656306 22936.206147566845 325.92619515863714 531066.5256695282 390.9677719552522 288.0
110000.0 120000.0 1035.5561953124707 814.9494367897754 306.7580922455537 999.3740000000107 278.7170000000042 40529.96705613684 656.8770464096978 1033253.2416204532 723.510717913881 1658.6666666666667
120000.0 130000.0 164.16681054694345 894.1666535866415 216.44531910016283 999.9519999999902 386.674072265625 61111.459152543015 1057.1935059026982 1542824.9691979012 1075.5819076135247 1786.6666666666667
130000.0 140000.0 647.6901386719546 935.2309861328046 123.83258806445322 999.2000000000116 612.5709277343703 62586.50812893757 1050.0187065005498 1536361.2580863074 1085.7040615904757 624.0
140000.0 150000.0 737.7788886718336 842.0201010298333 318.54187544697817 999.7430000000168 75.02206640626537 54554.26634503829 927.0308010140956 1378256.806876401 974.5271303180556 840.0
150000.0 160000.0 727.5890957030933 927.2410904296906 125.70470912788778 999.5239999999758 638.3199550781283 53720.1342964513 924.8211399989171 1404119.8174367424 999.5415195240116 840.0
160000.0 170000.0 694.9356660156045 845.9149394531269 310.2453480343356 999.9280000000144 114.4320507812663 49390.33201889176 846.1824188645388 1252227.0457837984 886.0364948527963 840.0
170000.0 180000.0 542.7590078125359 945.7240992187465 109.4379323871159 999.9479999999749 651.203716796881 53071.9022627675 917.267185978794 1449092.6307073906 1014.5527759692773 840.0
180000.0 190000.0 200.08927539060824 890.9009749644902 281.50142009087864 999.7160000000149 71.30172460939502 52859.69421884218 919.8568335988605 1391109.6556055234 976.4281374693687 840.0
190000.0 200000.0 685.3360117187258 931.4663988281275 207.95133077883858 999.7939999999944 339.68798828125 46436.448813896284 804.9874401658523 1188313.513631323 834.2694497393159 840.0
200000.0 210000.0 550.1949082032079 944.9805091796792 103.79534111743733 999.0069999999832 660.1330117187463 53807.545707595826 894.1729162242066 1330199.3294818033 954.4865550950434 840.0
210000.0 220000.0 714.0560390625615 844.1767237215853 314.6763261064686 999.9490000000224 74.2419199218275 52468.7762536423 917.524172828043 1389872.6158014876 975.2491321591764 840.0
220000.0 230000.0 706.5241054687649 929.3475894531235 125.60578204661542 999.64300000004 619.703958984348 52227.475841912776 914.6903728254489 1373537.3577109128 960.874902004761 840.0
230000.0 240000.0 855.1849355468294 831.3468240411974 316.4644629805025 999.6300000000047 71.25806445314083 52013.75338295281 877.6250979564494 1275256.1833744734 902.1199610017034 840.0
240000.0 250000.0 738.3669121091953 926.1633087890805 203.67603586351495 998.8379999999888 348.090087890625 52896.729900911014 886.5296337171366 1412101.4841005653 994.2379694707042 840.0
250000.0 260000.0 1128.5721523438115 887.1427847656189 204.51703705378654 999.8959999999497 400.783935546875 54929.78104307086 929.1927417853575 1393029.5318228535 991.9091164697934 840.0
260000.0 270000.0 1201.7280117190676 879.8271988280933 203.7653788424546 999.2859999999637 424.721923828125 53356.01036358113 878.3136555076146 1345362.351470912 946.5377400886559 840.0
270000.0 280000.0 921.436929687392 907.8563070312608 170.99046214230086 999.7619999999879 571.0510761719197 55456.78096152191 919.4799940106521 1393439.6242547804 983.9535979716118 840.0
280000.0 290000.0 2226.833050781279 777.3166949218721 327.4481660474131 999.8860000000568 69.36400585935917 50697.21600089346 851.1314011078236 1228434.548903092 867.9703124623579 840.0
290000.0 300000.0 652.0599433594616 934.7940056640539 133.40023509862766 998.9499999999534 568.9380566406762 54175.481730021624 924.3525738714154 1342982.4594477967 950.3912635368767 840.0
