ts te idle avg_span std_span max_span min_span c_bytes_all c_pkts_all s_bytes_all s_pkts_all video_rate
0.0 10000.0 8866.730699218751 566.6346503906243 602.1033328162263 992.3859999999986 140.88330078125 10839.6263055571 87.18926599463231 185423.8784153821 144.05197791398817 288.0
10000.0 20000.0 1942.408300781215 895.287966579865 148.40650885344223 999.0860000000102 621.6630000000005 53143.3736944429 786.8107340053677 1163970.121584618 842.9480220860119 288.0
20000.0 30000.0 1175.6219062499586 882.4378093750041 256.4321598485337 999.9459999999963 166.95000000001164 41683.62008626492 589.5427593340697 887354.8888623356 644.8892964068856 480.0
30000.0 40000.0 141.31599999999162 896.2440000000007 255.23266966780704 999.11599999998 150.19290625001304 56255.78879350218 965.6751176400668 1462613.1745019143 1042.951884608712 840.0
40000.0 50000.0 59.03877539065434 903.7237476917587 240.85270770719134 999.5939999999828 211.89590624999255 55217.39943742024 926.379518616489 1405929.4240121732 999.0410626511477 840.0
50000.0 60000.0 834.0793496093829 833.2655136718743 284.82248935881483 998.835000000021 244.49368164059706 53075.902073064695 879.8095320190275 1321921.9375037944 941.7781900034327 840.0
60000.0 70000.0 1222.4149453125428 877.7585054687457 207.20532950252482 999.6269999999786 469.3740234375 53668.84356485906 919.1083563734542 1400027.377714015 985.4155064528843 840.0
70000.0 80000.0 636.3231425781851 936.3676857421815 145.0538134807182 999.3869999999879 529.9349765625084 55468.3791024233 935.3540450969413 1425322.7997542787 1013.2940553910514 840.0
80000.0 90000.0 374.34676562499953 875.0593849431818 277.6188089292184 999.704000000027 71.14411914063385 54605.707656168976 928.1038063016232 1389305.4160577182 995.9343410883256 840.0
90000.0 100000.0 79.34120312496088 901.8780724431854 252.44702058566878 999.9650000000256 166.49388476560125 50726.4001301076 856.2253181936336 1262672.4023457111 897.1067561446977 840.0
100000.0 110000.0 1696.139927734388 830.3860072265612 276.3563305620383 999.8649999999907 212.965087890625 53210.62673691955 896.0196647053183 1336515.9203261114 941.807518582756 840.0
110000.0 120000.0 937.287982421869 906.2712017578131 179.81247283140883 999.7600000000093 525.2860156249953 51583.669894024424 873.5724029941221 1255855.5959261514 896.3217867545103 840.0
120000.0 130000.0 138.44206835934892 896.5052665127864 291.1769127656131 999.9249999999884 24.114998046890832 55730.944872045126 932.2475396656228 1593226.0128443167 1118.2995004218812 840.0
130000.0 140000.0 95.18184960930375 900.4380136718814 266.69502775823656 999.9459999999963 108.51506640622392 56164.020295875795 937.3346393627412 1422244.316885905 1017.3269518617769 840.0
140000.0 150000.0 261.05714062508196 885.3584417613562 266.22489095452704 999.7579999999725 155.47391601564595 53177.27471202625 908.4617487939671 1300818.8725234375 917.1903011001216 840.0
150000.0 160000.0 1775.429943359457 822.4570056640543 309.35894760804774 999.734999999986 158.2490000000107 50245.422645297906 868.1655509029235 1224995.8607421368 868.642848531817 840.0
160000.0 170000.0 1094.041044921847 989.5509950086837 13.452968589184957 999.804999999993 960.178955078125 53549.39149998476 896.3610662076909 1333728.6934853813 948.6805331038454 840.0
170000.0 180000.0 93.03997656248976 900.63272940341 290.6507158954061 999.9319999999716 28.720044921850786 55628.50090300958 949.2550873568096 1485472.259156339 1059.1538010185768 840.0
180000.0 190000.0 700.2319355468499 845.4334604048319 298.6873608701141 998.945000000007 98.92602148436708 55838.10349541494 913.3770567835626 1389558.5403492465 995.3259200951928 840.0
190000.0 200000.0 160.32104296871694 894.5162688210257 256.7858391900154 999.6080000000075 165.39295703126118 56698.00410159071 943.0067896519371 1383491.507009033 981.839745782385 840.0
200000.0 210000.0 2574.614910156117 825.0427877604315 302.72672253702535 999.4760000000242 170.3190000000177 55780.14206837288 884.302029548184 1385110.484862725 979.9898083829206 840.0
210000.0 220000.0 1912.3180644530803 898.63132617188 161.63058982022812 999.2989999999991 531.747910156264 50592.05253252317 813.3506201563406 1240377.0932408376 882.3035561732177 840.0
220000.0 230000.0 293.5849550779676 882.4013677201848 285.4477648214003 999.8780000000261 35.801974609377794 57012.86863328252 972.1449676276244 1410666.8012910823 998.8342050883147 840.0
230000.0 240000.0 936.2379804687807 906.376201953122 265.89079193917127 999.9490000000224 150.1179296874907 54445.49776434257 889.2754538824565 1334907.3600832573 953.6053592068831 840.0
240000.0 250000.0 1186.5761464845855 801.2203503195832 383.43588295014183 999.0259999999544 27.167000000015832 54822.38008005654 893.9022129282546 1413075.895084485 1003.2042678581105 840.0
250000.0 260000.0 1153.2169433593517 884.6783056640649 280.2550760817784 999.4050000000279 101.85005664057098 54047.05892142233 897.0247158571399 1293146.3654376124 912.0628032905535 840.0
260000.0 270000.0 849.3628789061913 915.0637121093808 212.7529591525614 999.685999999987 316.6380000000354 55943.52184370102 899.7001081783288 1352983.387131866 960.1001581067883 840.0
270000.0 280000.0 196.8631152343005 891.1942622514272 267.59498898437363 999.140999999945 99.98787890630774 55773.20868750412 917.5165774133366 1424294.1787692404 1016.1701508351778 840.0
280000.0 290000.0 69.82589062512852 902.743100852261 249.3743775456887 999.6139999999432 178.06199414061848 57644.32970191159 931.8284133367846 1406303.8953537608 999.2348212807804 840.0
290000.0 300000.0 692.6211152342148 846.125353160526 285.6980922932764 999.6700000000419 223.48288476560265 58299.93976688327 929.95490107155 1425496.5387451327 1016.4948697772536 840.0
