ts te idle avg_span std_span max_span min_span c_bytes_all c_pkts_all s_bytes_all s_pkts_all video_rate
0.0 10000.0 0.0 0.0 0.0 0.0 0.0 0.0 0.0 0.0 0.0 0.0
10000.0 20000.0 4639.562105468751 893.4063157552082 165.4122866753745 999.7540000000008 590.44189453125 21469.64989791518 245.29038922408327 567235.2658660588 492.6562932715609 288.0
20000.0 30000.0 1314.4108945312546 868.5589105468746 257.2273468328414 999.9420000000027 356.79699999999866 21525.35010208482 384.70961077591676 734268.7341339412 626.3437067284391 288.0
30000.0 40000.0 518.456917968746 948.1543082031254 103.93604273825297 998.6860000000015 657.18408203125 8432.80121803293 195.24399967787565 237754.86778076424 217.57046119155842 288.0
40000.0 50000.0 182.20299999999406 892.5270000000005 227.4316979568306 999.4089999999997 333.69891796875163 15984.477358826422 355.3456231195627 438811.74775598437 380.8997545888834 288.0
50000.0 60000.0 121.15482617187081 898.0768339843754 212.22276512115033 997.9520000000048 435.16791796874895 19891.71169157648 429.71767869546835 577818.9155917498 490.32020953331596 288.0
60000.0 70000.0 255.80596093749045 885.8358217329554 241.43359227329228 999.9140000000043 356.51574414061906 22968.375622718635 498.40899960708776 683549.7282245992 575.4006495786883 288.0
70000.0 80000.0 195.15626562500256 891.349430397727 221.42681748306322 997.528999999995 359.030029296875 26295.38334105281 520.9661136677729 759793.5652554901 644.3941349304463 288.0
80000.0 90000.0 138.21201171874418 896.5261807528415 222.15810481292988 997.4780000000028 311.718017578125 24482.063848686303 556.2222282779214 712487.7233034088 599.5841761101063 288.0
90000.0 100000.0 314.88898242186406 880.4646379616487 266.4502959193969 998.4499999999971 130.43603515625 12970.633245123658 277.0789313413518 343449.3214816568 305.87647495725247 288.0
100000.0 110000.0 181.04292968747905 892.632460937502 284.39546922428667 998.9709999999905 44.80810546875 15213.452937180595 333.04660777887443 470265.58193155826 408.0745515941488 288.0
110000.0 120000.0 131.72421875002328 986.8275781249977 14.921897532308861 999.1669999999867 948.3858945312386 20149.35426501671 432.55211975815854 571516.8362724242 487.4045583312129 288.0
120000.0 130000.0 96.2707792968722 900.3390200639207 296.58638351225574 999.4150000000081 8.144113281246973 22262.23203232335 492.69827565094926 660629.9721683622 559.499094868032 288.0
130000.0 140000.0 251.52099218746298 886.2253643465942 283.46605301784257 999.2870000000112 63.69889257813338 23604.093226016674 518.644467833152 713061.9672995025 611.397856616537 288.0
140000.0 150000.0 259.40311914056656 885.5088073508576 245.7060195678107 999.19200000001 247.94988476563594 23276.448963747112 520.0680668453132 676422.9867422576 576.1273599676139 288.0
150000.0 160000.0 568.5260214843729 857.4067253196025 244.12499520010186 992.5760000000009 317.948974609375 11103.385211760567 236.41608262022157 313079.5153070045 278.4508522746516 288.0
160000.0 170000.0 186.54588671872625 892.1321921164795 243.1236634365372 999.4370000000054 214.965087890625 11166.356211460123 267.87992308312835 341209.68562714255 308.0239125059317 288.0
170000.0 180000.0 188.7920976562018 891.9279911221635 268.09845680624 999.4070000000065 107.739990234375 16180.461000128425 366.92682713485414 480034.4673177555 415.4891119176794 288.0
180000.0 190000.0 159.8319023437507 894.5607361505681 292.40450008795625 999.5860000000102 18.090087890625 17497.385426190674 378.50774671433345 542449.5691880558 464.3371789060211 288.0
190000.0 200000.0 119.91610156252864 988.0083898437472 15.650783794186548 999.4750000000058 947.760986328125 20897.700488797844 445.5394730460515 597414.8326374852 506.1087341857834 288.0
200000.0 210000.0 91.84896679688245 900.7410030184652 283.2175441461382 999.9349999999977 50.59901367186103 26936.487728882876 604.2623522777471 784794.6724264208 656.1039820098055 288.0
210000.0 220000.0 261.7079199218424 885.2992800071053 277.39146463871504 999.9280000000144 92.39198046876118 24212.64053241649 521.2563016122033 685038.0438639259 597.1261511955538 288.0
220000.0 230000.0 617.6870156250079 852.9375440340901 241.47727393459934 992.2850000000035 283.402900390618 9526.55362399031 209.83136829481535 251097.0207882628 229.84109328151504 288.0
230000.0 240000.0 254.61682031248347 885.9439254261379 237.1785482840234 999.1230000000214 309.145263671875 11612.782550620086 251.93355388254528 297420.9959385975 278.0768127691623 288.0
240000.0 250000.0 272.8422988281818 884.2870637428925 266.8547625757902 997.1699999999837 130.18896484375 13053.633560731058 304.00288120656813 359646.5364588144 319.7054457843493 288.0
250000.0 260000.0 202.21696484379936 979.7783035156201 42.482979726826954 999.9789999999921 860.0860351562733 16813.58591471987 380.4503778740439 481607.44663877704 420.18744290175084 288.0
260000.0 270000.0 127.94170898431912 987.205829101568 15.222682801795303 996.8250000000116 944.623291015625 25008.771756099664 539.0847056981793 712057.5974048205 604.738823323387 288.0
270000.0 280000.0 128.59835937496973 897.4001491477301 284.00589073964625 999.3339999999735 49.10170898435172 27705.329999078345 602.6316799081823 846369.3653494533 710.461404583354 288.0
280000.0 290000.0 968.3746289063129 821.0568519176079 327.0516419461821 998.8699999999953 132.2170683593722 17254.472936645187 370.78777229104645 466495.74343469064 410.53622134414593 288.0
290000.0 300000.0 261.95229296875186 885.277064275568 258.31324518036047 998.75 135.510009765625 13370.828657936177 335.3790810020203 394480.50930747576 353.8308871949866 288.0
