ts te idle avg_span std_span max_span min_span c_bytes_all c_pkts_all s_bytes_all s_pkts_all videorate
0.0 10000.0 6875.627937500016 781.093015624996 356.7432916007324 987.7119999999995 248.6640625 13631.730881898795 95.04386509818401 251021.18050181755 189.10527623564164 288.0
10000.0 20000.0 192.55275585938944 891.5861131036919 259.69231019694394 999.6990000000224 143.539306640625 30133.050809155196 384.02886098643273 879877.4644405498 640.431345375789 288.0
20000.0 30000.0 150.06020312494365 895.449072443187 276.0570862755451 998.9180000000051 73.756103515625 27231.85339464447 351.9152532469871 592277.8832397637 429.54294325229597 288.0
30000.0 40000.0 231.8261347656371 976.8173865234363 26.005449214612625 999.7750000000233 913.6148964843596 32601.09070160175 441.9650607134833 834679.6483983614 600.4081596458439 288.0
40000.0 50000.0 187.22106445312966 892.0708123224427 291.62609229828087 999.3260000000009 23.154031249985565 27290.89549435508 363.6773573625119 663823.1291500835 482.38438687512377 288.0
50000.0 60000.0 214.53884765633848 889.5873774857874 255.14126262432833 998.5719999999856 151.1850957031129 27426.078813684566 374.26755948725486 635551.1505568046 454.8282082594826 288.0
60000.0 70000.0 267.08896679681493 884.8100939275623 249.39552131634022 999.4810000000289 236.07394335936988 27965.291847012108 372.90826867064163 661061.0020802662 471.6966902508968 288.0
70000.0 80000.0 146.19783984374953 895.800196377841 217.85962139207427 998.2210000000196 424.97791015624534 34264.96518011625 459.53143687466314 854303.5683575205 615.9255513767278 288.0
80000.0 90000.0 344.1192617187626 877.8073398437489 242.15127867646083 999.4720000000088 298.81298828125 32370.823346087207 426.1132128617191 782236.9423017224 572.0955642313284 288.0
90000.0 100000.0 197.40410546876956 891.1450813210209 250.98422673333747 999.9199999999837 181.8798828125 27146.317619415673 367.3764835636799 640764.1834616718 457.7765979015608 288.0
100000.0 110000.0 359.00895703124115 964.0991042968759 58.674412102228075 998.8300000000163 816.8841171875247 23944.420642233796 317.4498621011243 531357.1104679942 381.66885544717843 288.0
110000.0 120000.0 174.13465820316924 893.2604856178937 274.3814343824708 997.2469999999739 81.51107421872439 31237.06304291552 436.70512995087955 706988.7408185516 506.425106751659 288.0
120000.0 130000.0 174.00898828124627 893.2719101562503 252.9300333205789 999.5929999999935 171.19573242188198 23941.345063676676 317.1376080052081 583407.1473268272 424.2634807080198 288.0
130000.0 140000.0 192.048292968655 891.6319733664859 235.75916167485818 997.6790000000037 273.0297207031399 23131.2387405269 315.6953327557816 562488.5229521688 396.0764750083018 288.0
140000.0 150000.0 360.61102734378073 876.3080884232927 256.10337800957086 996.9180000000051 275.02001367189223 21886.752912534113 297.701207919975 471062.85488608107 338.5487202092031 288.0
150000.0 160000.0 285.1569863281911 883.1675466974372 244.04565540955934 999.2089999999735 283.02197265625 26542.039843312898 352.1425598731916 596628.0370990225 432.465590288583 288.0
160000.0 170000.0 380.7520253905677 874.4770886008574 258.8577767754416 997.8310000000056 143.095947265625 28488.388884919783 386.2266641458238 717898.6190675851 519.8234470879343 288.0
170000.0 180000.0 145.27165624994086 895.884394886369 283.3355502568857 998.9010000000126 51.373291015625 34088.04614968442 438.89807997675643 787258.56172715 571.4515468938126 288.0
180000.0 190000.0 337.93940820306307 966.2060591796937 52.069663841564804 997.2820000000065 826.7548828125 25069.02504949812 340.33325550030435 623605.0163894902 448.04159907246526 288.0
190000.0 200000.0 1012.5468828126322 898.7453117187367 262.83178059882624 998.6650000000373 154.5731171874795 48286.58158272668 706.8829409053976 1030394.2367765679 746.0404551281523 326.4
200000.0 210000.0 5256.357890624902 948.7284218750195 26.875133552282787 982.2950000000419 916.545999999973 36866.14250340267 568.9271627003532 817763.2341681637 596.8432015203808 480.0
210000.0 220000.0 1040.1578183595557 814.5311074218586 387.99198292599226 999.8059999999823 9.135890624951571 44847.420915605864 705.8949346999353 1045631.0058770992 749.1954704005516 660.0
220000.0 230000.0 285.5953535158187 971.4404646484181 38.31191874124334 999.2199999999721 890.2049999999581 50410.087672623325 845.658189764374 1226223.2001544866 878.0042236790199 840.0
230000.0 240000.0 2130.4948222655803 786.950517773442 319.77465847613524 998.6739999999991 72.8580625000177 51137.83326794409 883.2893310974225 1270945.6011978723 891.4282072909716 840.0
240000.0 250000.0 563.8338554688962 943.6166144531104 131.81682650721126 999.4799999999814 574.9968847655691 57120.54199145845 984.2809704308411 1498438.421535754 1054.3157173111256 840.0
250000.0 260000.0 1876.0532597658457 738.5406127485595 367.50273265912745 999.1999999999534 23.948740234365687 51360.97364896559 887.9494113070739 1251669.537066624 882.2131797979505 840.0
260000.0 270000.0 1131.3110410155496 886.8688958984451 280.4918853193735 998.8170000000391 104.907958984375 51045.291629338724 877.5571418582168 1249949.571070164 889.6040247117467 840.0
270000.0 280000.0 149.48297656234354 895.5015475852415 287.10906686300973 999.8540000000503 35.031982421875 54939.28476749915 918.7242309928771 1295085.0180519654 920.870517622439 840.0
280000.0 290000.0 816.4249218748882 918.3575078125111 186.8505197313853 999.8349999999627 405.112060546875 52329.49330844949 883.851206139465 1291884.3365796458 905.7161778461003 840.0
