ts te idle avg_span std_span max_span min_span c_bytes_all c_pkts_all s_bytes_all s_pkts_all video_rate
0.0 10000.0 9653.52197265625 346.47802734375  346.47802734375 346.47802734375 2495.7701016221527 5.902628231438035 10095.92476973669 9.027549059846406 0.0
10000.0 20000.0 350.29012500005774 877.246352272722 255.48967348763978 996.4980000000214 168.89990234375 30447.380924273904 330.03082807237365 850634.7992462135 631.2964537032861 288.0
20000.0 30000.0 236.53660546871834 887.5875813210256 280.1255792533807 998.8090000000084 57.779296875 26692.83760310659 335.60597813841474 712192.0830262766 522.3469562914073 288.0
30000.0 40000.0 233.2913066406618 976.6708693359338 28.872175682586235 998.8879999999772 918.0737031250028 29499.805369624522 351.59219474845213 792318.78191127 571.1712131996982 288.0
40000.0 50000.0 234.16893359378446 887.8028242187469 288.3915006976879 999.6410000000033 26.21100976562593 25810.833126092097 314.67219966195375 646150.2758109525 477.5719437623416 288.0
50000.0 60000.0 238.4700898437295 887.4118100142064 259.09255123758675 993.7989999999991 129.51794335938757 22433.846323583235 287.43909767256906 638149.0468787911 452.88954213992196 288.0
60000.0 70000.0 213.04305078124162 889.7233590198871 252.0223586256059 997.5580000000191 186.87003320310032 27340.806140548524 332.3759893640681 715448.5607222022 513.1698076599188 288.0
70000.0 80000.0 273.989984374959 884.1827286931856 244.9002837490061 999.3960000000079 325.1930839843699 25024.932430034205 316.0015324708148 657103.1424706542 484.0606730966997 288.0
80000.0 90000.0 228.60483398439828 888.3086514559637 237.06184816045683 998.2089999999735 310.22509765625 29089.268049053488 357.8706123484621 772667.5993852528 567.1683059622081 288.0
90000.0 100000.0 192.69411328114802 891.5732624289866 240.64836124225397 998.1080000000075 219.333984375 28820.430743871773 365.8591286491517 737204.4562477758 530.9438718604086 288.0
100000.0 110000.0 297.5729843750596 970.2427015624941 67.47312424945181 999.3379999999888 778.8100156249711 23674.089188189508 298.6498106423019 607789.3295308745 435.35368326426317 288.0
110000.0 120000.0 171.86470703128725 982.8135292968713 31.904745438629107 998.4689999999828 892.92529296875 22197.586064405958 289.83195659876026 510954.69129077607 363.6254762748327 288.0
120000.0 130000.0 292.2463828123873 882.5230561079647 267.5394435880006 999.5300000000279 102.79870703123743 20978.9973421273 280.1659637190976 561274.3908630081 401.6357430815761 288.0
130000.0 140000.0 163.47891796875047 894.2291892755682 243.45114482774224 999.3240000000224 201.0290898437379 37354.904405229325 480.7370144593726 999561.7858682274 743.8819075940893 288.0
140000.0 150000.0 587.3790605468093 855.6928126775628 257.54748673424285 999.454000000027 261.40800781251164 17632.685345822807 220.59105063781672 431950.35046464874 326.3541343807623 288.0
150000.0 160000.0 244.61403906252235 886.8532691761343 235.47992724531804 995.2459999999846 310.889892578125 27603.819310746174 378.54996789114966 612252.6568648625 443.89107310785295 288.0
160000.0 170000.0 131.02895703125978 897.1791857244309 237.11043501619181 999.3979999999865 241.658935546875 32136.516576944952 438.3683296189636 752343.2628035004 540.0184663288651 288.0
170000.0 180000.0 313.8789980469737 880.5564547230024 254.1171908319436 998.6020000000135 146.0859375 29884.41884106442 395.37417838066864 660176.4208893001 473.91289734938664 288.0
180000.0 190000.0 237.37401953124208 887.5114527698871 287.6310277819147 999.9930000000168 32.31591796875 34686.295163200935 467.8685542007731 809112.4088581356 587.7815194463118 288.0
190000.0 200000.0 210.95281445304863 978.9047185546951 23.992386413092024 998.4910000000382 924.006103515625 32274.72496076906 433.405817872871 846751.1868208535 606.5875206040665 288.0
200000.0 210000.0 247.62107812485192 886.5799019886498 276.71103083459815 997.2140000000363 75.19589648442343 23471.87674314001 311.19065417407614 564505.1233400274 404.87629940960545 288.0
210000.0 220000.0 733.5451035153819 842.4049905895107 277.6404748536185 999.6180000000168 218.51597460941412 34569.412147415576 428.4696835117509 760012.8789010183 564.5966536574778 288.0
220000.0 230000.0 4165.855921874871 833.4491540178757 165.53325614921326 994.533000000054 614.3980781249702 35660.76309913347 531.4468289347 721162.843035642 529.8383087651733 416.0
230000.0 240000.0 4298.994000000064 950.1676666666559 48.025956938595414 991.9429999999702 860.0429999999469 35541.0 554.0 797235.0 569.0 480.0
240000.0 250000.0 915.9527128905756 908.4047287109424 244.368226433586 999.8969999999972 215.269287109375 41037.93644042128 607.1780786727192 1017161.0434502237 737.0051326503147 480.0
250000.0 260000.0 1094.7052832030458 890.5294716796955 194.68154195897966 999.9860000000335 381.35400390625 41975.907812099 623.9018135737382 931222.8628161771 677.0084220931974 480.0
260000.0 270000.0 88.61991015600506 901.0345536221813 216.97764150212447 999.9000000000233 342.87109375 45609.827803109285 703.1650750077897 1049857.7650227842 759.7976870700497 660.0
270000.0 280000.0 104.73804687487427 899.5692684659206 226.35403213196668 999.4270000000251 294.248046875 52835.544524240126 893.5259551542007 1333993.752236185 954.3797131044345 840.0
280000.0 290000.0 723.8769414062845 927.6123058593715 115.24659772831316 999.9939999999478 704.3239531250438 55241.9937161338 913.6442492100903 1414138.4615510027 993.0262856584125 840.0
290000.0 300000.0 733.0431347658159 842.4506241121985 297.0072741346959 999.6380000000354 197.61989453120623 53550.40951979511 861.2120508490091 1299282.4176207986 913.2857227136542 840.0
