ts te idle avg_span std_span max_span min_span c_bytes_all c_pkts_all s_bytes_all s_pkts_all video_rate
0.0 10000.0 7380.640078124998 654.8399804687506 365.23126284170473 998.4839999999967 138.03200000000652 22229.302753798016 246.16554687695586 511259.2487933178 389.39579928170474 288.0
10000.0 20000.0 1423.6309472655412 857.6369052734459 287.8978557981707 999.195000000007 258.4800781250233 59776.91122265615 901.1623747809249 1462998.3418546137 1051.4785117580632 438.54545454545456
20000.0 30000.0 696.2469746093848 845.795729580965 316.16266756056655 999.6280000000261 21.23902539064875 54747.786023545836 923.6720783421192 1390788.4093520683 988.1256889602321 840.0
30000.0 40000.0 1246.761089843756 972.5821011284715 71.00942863008555 999.545999999973 783.4309999999823 51926.811294312916 862.8845429234464 1309838.6161720569 920.9212792659862 840.0
40000.0 50000.0 446.72581054695183 868.4794717684589 297.4178166481762 998.3219999999856 1.742089843726717 51059.62286097203 862.7214350362441 1341302.1210209527 954.2906766533946 840.0
50000.0 60000.0 120.01511328126071 898.1804442471581 238.94784701284055 999.685999999987 229.3249003906385 54515.24744266794 929.027803730296 1425644.7598469013 1015.6650354923091 840.0
60000.0 70000.0 79.23586718755541 901.8876484374949 225.60308389126584 999.435999999987 293.37101367185824 53568.4006929409 886.1579803766455 1403840.9489816616 992.2784319792104 840.0
70000.0 80000.0 731.5241582031013 842.5887128906271 267.78319521114935 999.670999999973 336.75488085940015 51888.14098571632 887.33947848999 1288112.8294840872 906.1128942486912 840.0
80000.0 90000.0 625.6719550781418 937.4328044921858 143.87886800892352 999.3589999999967 541.0570390624925 54578.78453760346 912.4260264254126 1345015.350735116 961.8123921320067 840.0
90000.0 100000.0 359.08974023436895 876.446387251421 289.69676195048237 999.6869999999763 34.879994140646886 54995.54173480131 913.1812511247708 1478774.9210177902 1050.643169789208 840.0
100000.0 110000.0 341.47195312497206 878.0480042613661 257.1097975168244 999.6259999999893 240.5167343749781 50762.281885755336 849.0165889173059 1286637.3050460806 921.6956459282319 840.0
110000.0 120000.0 628.4933691406623 937.1506630859337 156.73769531703996 999.0719999999856 493.03768750000745 55319.85395935421 922.0013978376328 1466754.3583233284 1031.393980453093 840.0
120000.0 130000.0 830.2456445311545 833.6140323153496 334.7780878774249 998.9789999999921 33.60605664062314 53703.3898419424 897.7471128647119 1386462.5429276172 977.0287513505974 840.0
130000.0 140000.0 1351.9092226562789 864.8090777343721 250.8363369619915 999.7949999999837 233.71799999999348 51552.500875454934 875.373170336447 1287340.6197327212 911.0728064118048 840.0
140000.0 150000.0 122.17109960946254 897.9844454900489 232.03295968807745 999.9780000000028 246.58292382810032 54574.678585464404 936.3045884655731 1379849.0024796058 983.4025476447476 840.0
150000.0 160000.0 80.14691210939782 901.804826171873 227.45003492911806 999.3950000000186 279.545023437473 53912.067854822315 899.6709072775086 1409659.8189696535 1007.1041262931201 840.0
160000.0 170000.0 262.23306445317576 885.2515395951658 248.1975367986887 999.5769999999902 320.5419355468475 54008.67744819153 904.1477161940155 1384944.8052624273 974.5782623575985 840.0
170000.0 180000.0 688.7939550781157 931.1206044921885 199.91809153278643 999.9589999999735 362.696044921875 52651.71784751473 866.6912134765868 1315196.2068842042 921.9575015974058 840.0
180000.0 190000.0 724.3531328124227 927.5646867187577 133.3575011635646 998.9139999999898 635.6019550781348 54554.35393866241 865.1617632293954 1362493.103126557 966.7378392151738 840.0
190000.0 200000.0 448.0629199219402 868.3579163707327 283.6747964987641 998.85699999996 64.56908789061708 58532.66755814549 962.4240352761379 1489501.621220916 1056.055131811952 840.0
200000.0 210000.0 107.88594335946254 899.2830960582306 229.84774063905766 999.5439999999944 281.9930078125326 55108.97896550303 880.3828677556268 1360695.6451593055 965.7070500223925 840.0
210000.0 220000.0 1319.4850761720445 868.0514923827956 239.23710734081547 999.5189999999711 351.745951171848 54840.20403708397 880.0763084626758 1371841.05000986 963.8741836188628 840.0
220000.0 230000.0 686.8369726561941 931.3163027343805 156.64864077324296 998.9270000000251 501.947027343791 53475.07765309037 887.2638117995773 1283721.3735991572 904.6682937342131 840.0
230000.0 240000.0 1449.7258984374348 950.0304557291739 82.71575242187346 999.8510000000242 763.0791015625 55296.68286072018 876.4629314706178 1450905.747070851 1028.0994622427172 840.0
240000.0 250000.0 512.9977988281753 862.454745561075 250.31356103821855 999.7219999999506 235.10589843755588 54741.69979201567 911.8929657752492 1378229.003570584 972.7349869722792 840.0
250000.0 260000.0 752.8843027343974 924.7115697265602 213.2288971615526 999.4409999999916 319.6756972656585 56329.61734726415 910.644102754133 1408939.249358565 995.1655507850035 840.0
260000.0 270000.0 1064.2450722655049 893.5754927734495 211.13550422865706 999.7870000000112 489.6010000000242 56170.53826586999 917.0289061776673 1383069.357262153 977.0205385999216 840.0
270000.0 280000.0 1207.7369140624069 879.2263085937593 207.73721738379513 999.8800000000047 496.4450722655747 53134.86979574439 862.6981191107974 1362873.8942897138 963.7315130982952 840.0
280000.0 290000.0 959.0409316406585 904.0959068359341 164.31460165432935 998.4660000000149 494.5649863281287 58042.917645461726 936.8536122194099 1472899.3015103422 1048.2137341951116 840.0
290000.0 300000.0 321.47714453109074 879.8657141335372 257.9072343329611 996.594000000041 243.7139179687947 55467.89699188715 898.7515188660697 1393908.6245020675 995.3136592592102 840.0
