ts te idle avg_span std_span max_span min_span c_bytes_all c_pkts_all s_bytes_all s_pkts_all videorate
0.0 10000.0 6681.219068359351 829.6952329101623 325.43748384325477 995.7430000000168 341.554931640625 26392.049372045614 314.19168064417954 752979.680999367 578.2561180158725 288.0
10000.0 20000.0 3282.0229199218447 839.7471350097694 207.79511658664669 998.4199999999837 470.1450000000186 52466.01784313093 744.312275957004 1282078.1693215983 984.7561545455828 326.4
20000.0 30000.0 3147.639693359437 761.373367404507 398.36192579593813 999.1170000000275 47.39498828124488 46798.633320359666 696.0150828041217 1155255.4360435337 842.1912314216825 570.0
30000.0 40000.0 2591.59829101566 740.840170898434 398.75304544183047 999.6469999999972 59.03968164062826 52635.72173154374 782.4168704661811 1509040.071415 1077.6918781298305 685.7142857142857
40000.0 50000.0 3210.3390683594043 754.4067701822884 398.4534505086898 999.0169999999925 60.125 44367.380812130534 692.9438428558018 1034327.30664467 756.5790349621532 480.0
50000.0 60000.0 2069.236863281287 793.0763136718713 383.5022254683264 999.9500000000116 34.87599999998929 48527.17666928677 775.0863762942064 1149050.4276742782 823.6006725191663 685.7142857142857
60000.0 70000.0 153.0277812500135 895.1792926136351 264.9627171633704 999.994000000006 111.32390429684892 51352.123235478146 864.0842025868733 1384659.8502304608 993.4556977242858 840.0
70000.0 80000.0 59.70737109368201 903.6629662642107 251.02404691489872 999.9380000000237 166.30768554686802 49128.625115178234 840.4110296068902 1208295.1754920683 865.8206528390311 840.0
80000.0 90000.0 1987.8950546874548 890.233882812505 265.94734353674033 999.8819999999832 185.5640566406073 52957.240306957916 841.6403356208957 1185582.1995132114 851.750256678549 685.7142857142857
90000.0 100000.0 1811.4469355468755 818.8553064453124 351.6775625695593 999.880999999994 89.8171113281278 48373.44812390926 805.1424715853452 1247155.5375919952 891.2831071744877 840.0
100000.0 110000.0 2533.500953125069 746.6499046874931 375.77666986145766 998.8279999999795 72.81300000002375 52384.583469979196 881.7558315785011 1311046.1450738176 923.6151959893587 840.0
110000.0 120000.0 1503.3159999999916 944.0760000000009 155.37832362655044 999.0590000000084 529.9160000000265 52751.0 898.0 1360797.0 966.0 840.0
120000.0 130000.0 2474.8479589844355 940.6440051269456 89.79502064075062 999.7920000000158 763.8609999999753 51442.795957601425 794.5539101962372 1207611.7175481669 866.6064713244838 660.0
130000.0 140000.0 3384.4020468749804 735.0664392361133 404.61297379430334 999.3989999999758 56.88995898439316 49728.75956642847 786.4989840065593 1187481.9683968115 855.5708942735362 685.7142857142857
140000.0 150000.0 1677.3199062499916 832.2680093750008 331.2163959379446 999.5970000000088 67.281005859375 48050.8455962362 784.7133926191527 1110919.490962218 791.2362756703103 737.1428571428571
150000.0 160000.0 2022.445208984369 797.7554791015631 393.7310735449235 999.3620000000228 45.20600000000559 55015.98873077727 945.6846607888566 1377758.3384259373 970.1056987615893 840.0
160000.0 170000.0 3054.4118906250224 771.7320121527753 352.8100779726757 1000.0 68.11112109373789 46886.44958155147 766.4548083836125 1144151.1788332006 811.9449644181952 840.0
170000.0 180000.0 1633.3680000001332 836.6631999999867 306.4886736155656 998.685999999987 97.87901171873091 57543.87383177454 902.3399046593948 1333022.1238831168 961.4164356870644 680.0
180000.0 190000.0 3753.478023437434 694.0579973958406 416.5836377732432 999.829000000027 96.04999999998836 46780.822741595715 755.5930829132226 1082534.452621314 765.8067741008849 840.0
190000.0 200000.0 941.6789648437989 823.4837304687455 384.7492572704537 999.3710000000428 26.505000000004657 63847.46399403492 1052.1612564329641 1521187.729329235 1076.312485763936 840.0
200000.0 210000.0 3048.126988281263 868.9841264648421 333.79480933365187 999.9350000000559 44.60499999998137 50118.67608474493 808.5950749769192 1208949.06036015 858.9427363354055 840.0
210000.0 220000.0 1877.671910156263 812.2328089843737 366.1669538705634 999.689000000013 61.06798828125466 60007.06514481181 978.194844205377 1400607.685495124 995.4735134863006 705.0
220000.0 230000.0 4475.908101562527 690.5114873046841 412.51715276404053 999.6049999999814 82.43700000003446 44883.258770443266 651.2100808177038 962995.2541447261 705.5837501782939 570.0
230000.0 240000.0 3050.8400351562304 868.6449956054712 318.5351913477074 999.39300000004 84.62800000002608 52759.31587025325 758.1645560414963 1152988.8474625838 828.2100847545203 685.7142857142857
240000.0 250000.0 2561.112964843749 743.8887035156251 413.8939471582236 999.9379999999655 21.81200000003446 53151.68412974675 886.8354439585037 1370907.1525374162 981.7899152454798 840.0
250000.0 260000.0 1170.226085937582 981.0859904513798 36.12295552817821 999.2480000000214 888.2119140625 58245.88585932465 972.912734124824 1417299.041156553 1005.6945539915841 840.0
260000.0 270000.0 2056.39098242193 794.360901757807 392.0475506423542 999.655999999959 0.0 44558.42155807329 718.4548342198971 1048327.3974273382 756.315027337685 840.0
270000.0 280000.0 3981.8649023437174 668.6816775173647 459.14057000708885 999.189000000013 22.45100000000093 48797.6187699032 683.1900712762726 960121.6362830386 708.6418920913627 456.0
280000.0 290000.0 2054.225972656277 794.5774027343723 397.2465237991021 999.4499999999534 37.6589999999851 39088.24882809634 580.2646212242292 857812.4424443088 632.2167178565339 480.0
290000.0 300000.0 2897.9970566406846 710.2002943359315 454.9661869154382 998.8889999999665 36.56200000003446 50336.82498460252 816.1777391547769 1304572.4826887613 931.1318087228342 737.1428571428571
