ts te idle avg_span std_span max_span min_span c_bytes_all c_pkts_all s_bytes_all s_pkts_all video_rate
0.0 10000.0 0.0 0.0 0.0 0.0 0.0 0.0 0.0 0.0 0.0 0.0
10000.0 20000.0 4923.336884765595 846.1105192057342 330.98195070832577 998.9380000000237 173.59299999999348 45403.61291048764 577.4735504094324 1131189.731103452 870.3142080017378 288.0
20000.0 30000.0 3879.961839843774 680.0042400173584 449.9913477950742 999.13400000002 30.262999999977183 47607.62955437039 604.4728144517591 1279613.4054356408 938.000375581468 564.0
30000.0 40000.0 1636.3283378905617 836.3671662109439 287.89167606456135 997.6390000000247 105.26872460939921 54568.45907659328 946.2746670138466 1489251.3984334029 1049.0616575645706 840.0
40000.0 50000.0 745.5969374999404 841.3093693181872 344.18510068006293 999.7719999999972 88.32506250002189 61335.2984585487 934.7789681249619 1329942.4650275044 951.6237588522235 840.0
50000.0 60000.0 1258.9859667969286 971.2237814670079 51.236092584077234 999.6840000000084 855.884033203125 61663.69677778111 896.5308722699615 1480990.3875381781 1053.6587291369335 840.0
60000.0 70000.0 482.2349648437812 865.2513668323835 291.9361926306041 999.6689999999944 143.29496679687873 54486.475825561414 913.6594548891895 1359759.7788800711 972.335249435616 840.0
70000.0 80000.0 1197.3951308593969 880.2604869140603 215.8008200008658 999.9120000000112 423.5540000000037 53118.438900810615 868.2156336441305 1350416.9076880072 964.8606681923502 840.0
80000.0 90000.0 2401.7460390625056 759.8253960937494 339.57476498767863 998.8740000000107 131.66606249997858 53744.293139131405 897.0267223785181 1418557.5151585145 1016.2630167112693 840.0
90000.0 100000.0 1462.3779707030626 853.7622029296938 273.56106860746416 998.6030000000028 202.05200000002515 54086.682389315276 881.3729846792207 1309735.98552641 931.1657372404431 840.0
100000.0 110000.0 2476.2249277342926 752.3775072265707 378.29966045391853 999.2530000000261 137.3090722656343 54968.41296740018 855.1943321389796 1324462.425208819 936.7165992833877 840.0
110000.0 120000.0 1998.6620000000112 889.0375555555543 324.10381781812004 999.9560000000056 24.7839999999851 53256.0 898.0 1382430.0 994.0 840.0
120000.0 130000.0 4434.337738281232 695.707782714846 423.5335790052658 999.4440000000177 49.882999999972526 44011.61047084109 636.5944440196506 1038444.6574819937 746.8187555396745 524.5714285714286
130000.0 140000.0 3362.5842363280826 829.6769704589897 194.78098599940878 999.1230000000214 473.4780000000028 49475.23535044349 785.4993745420057 1253868.8302028691 901.3672813747272 633.0
140000.0 150000.0 1628.5320253906539 837.1467974609346 315.40990243262297 999.814000000013 90.74097460939083 56603.15417871542 956.9061814383437 1421243.512315137 1005.8139630855983 840.0
150000.0 160000.0 2036.1039999999339 884.8773333333406 331.8701711818219 999.8449999999721 0.0 49647.0 820.0 1228166.0 876.0 840.0
160000.0 170000.0 3232.5160000000615 845.9354999999923 285.1977629139816 999.9249999999884 312.0910000000149 51831.0 831.0 1264676.0 904.0 840.0
170000.0 180000.0 4148.718904296868 835.8972993861618 362.57257042014095 999.8489999999874 17.586000000010245 48561.05545394053 676.4653996929919 1032722.014463007 751.133971756195 634.2857142857143
180000.0 190000.0 3686.3211894530687 701.519867838548 427.07572735181833 999.6170000000275 36.853999999992084 46582.24361888539 680.1246828711271 1059259.7757412605 773.7151542715696 582.8571428571429
190000.0 200000.0 3971.248646484455 669.8612615017272 463.7530708007162 998.9579999999842 31.68699999997625 44568.21115151557 634.3694231356204 963307.1672336422 695.8426255727145 570.0
200000.0 210000.0 2026.707210937515 797.3292789062485 393.1547852503522 999.3499999999767 17.207999999984168 48839.55677427056 656.5485023998549 1020385.8272324568 757.0539816065306 475.6363636363636
210000.0 220000.0 101.99495898443274 899.8186400923242 266.8758384189786 999.7439999999478 106.98695117188618 55986.927468983595 901.9671944862193 1400469.794038012 1007.2896418993711 840.0
220000.0 230000.0 151.3711210937472 895.3298980823866 254.68224737093323 999.4760000000242 152.46291015623137 52842.00762132794 841.5506430130613 1304443.7666282516 937.9001601052587 840.0
230000.0 240000.0 1984.5076972655952 890.6102558593783 257.8062838428987 999.1650000000373 210.42003124998882 44550.23896487058 702.0879316506141 1105054.4473544043 794.0920559986766 840.0
240000.0 250000.0 4570.679248046828 678.6650939941464 428.6590732842188 999.408000000054 32.660000000032596 38235.32305340624 525.5944564646617 829531.7368530689 611.9768733948405 429.0
250000.0 260000.0 2028.723968749866 885.6973368055704 300.9097214462397 998.5890000000363 86.84497656254098 48177.63070168099 591.3313683258876 912728.9770484355 682.1157104466173 394.6666666666667
260000.0 270000.0 1281.0389570312109 871.8961042968789 285.751858378858 999.704000000027 85.5669453125447 63077.848493120095 959.6138177419625 1519653.1217269232 1077.45654371485 795.0
270000.0 280000.0 3313.7649843749823 742.915001736113 397.7296853579183 998.6979999999749 17.697999999974854 48209.590258108234 709.1792278224135 1092266.155030248 785.1548119051173 633.0
280000.0 290000.0 4616.187017578166 672.9766228027293 394.9465459011821 996.0019999999786 52.06000000005588 44268.074094220094 626.978593894108 920002.4388927135 676.909888183713 498.0
290000.0 300000.0 4856.647095703287 642.9191130370891 481.41399022136216 999.9429999999702 10.393904296914116 41892.29234567019 568.1887585014774 883903.7777575766 655.3585811445457 480.0
