ts te idle avg_span std_span max_span min_span c_bytes_all c_pkts_all s_bytes_all s_pkts_all video_rate
0.0 10000.0 6825.065910156234 634.9868179687531 340.07887271228276 956.8360000000102 88.51708984375 7949.288374487645 18.416572334262543 27303.82919708171 34.098751981199314 0.0
10000.0 20000.0 1443.405999999959 855.6594000000041 266.9292779787203 999.9980000000214 333.26708984375 25025.797772560763 295.9814628366911 709344.5257031743 512.691056892551 288.0
20000.0 30000.0 243.7700234374497 886.9299978693227 248.14089930089406 999.8699999999953 201.01806640625 25831.248831708373 297.9228970656046 638876.3891178842 458.80554320068984 288.0
30000.0 40000.0 187.61580468760803 892.0349268465811 274.9106306148055 998.9619999999995 85.84326171875 20739.774817888367 256.2334863261728 546527.3869388258 398.1611514561624 288.0
40000.0 50000.0 631.6493496093899 936.835065039061 81.55045379362417 998.1080000000075 740.784912109375 16989.73269299149 208.75733434025267 419273.01824892627 313.1940124514169 288.0
50000.0 60000.0 259.82792968745343 885.4701882102315 233.20662211797972 991.3620000000228 258.3270878906478 19613.86122805719 243.07199864240508 478932.5127753686 350.1593473613198 288.0
60000.0 70000.0 273.7408652343438 884.2053758877869 218.19298215338588 998.0430000000051 350.10801757813897 26411.81977049224 332.5101378550641 731089.2061995581 529.6565427279949 288.0
70000.0 80000.0 391.57820117182564 873.4928908025613 246.4371121805888 998.8400000000256 350.138916015625 23469.232339749746 279.06916392642785 590885.319622604 430.2120041107004 288.0
80000.0 90000.0 317.86903710936895 880.1937238991483 281.56144404710307 998.2700000000186 91.02587890625 20971.446157551458 258.5263999778134 525863.8430361811 384.5312529306404 288.0
90000.0 100000.0 212.6147597656236 978.7385240234377 28.72328173711023 999.5300000000279 900.2421210937318 23523.257759996468 312.7961459289137 618742.7300413749 446.5658182484646 288.0
100000.0 110000.0 209.3448554687202 890.0595585937527 293.5359652503583 998.6959999999963 13.887880859372672 29104.68110685393 380.95112972305304 687948.8797464537 496.1466562209097 288.0
110000.0 120000.0 270.9191425780882 884.4618961292647 256.6468031787707 997.4020000000019 143.61273632809753 29716.044011967442 394.0886948418129 681295.1047860103 491.32498113632283 288.0
120000.0 130000.0 212.3771601562621 889.7838945312488 237.17115105191004 999.5580000000191 259.05287890625186 34360.471183272115 461.7431090029498 816020.2739718047 593.3143217789336 288.0
130000.0 140000.0 170.316066406318 893.6076303266983 222.37877710344029 999.429999999993 378.49903906247346 36487.071526720494 483.93852698947563 969643.1608285259 705.9880196224992 288.0
140000.0 150000.0 184.56979882810265 892.3118364701725 216.13124026364642 998.2050000000163 433.298095703125 28011.578278855854 383.7759095363179 669958.8284477032 480.80097112581296 288.0
150000.0 160000.0 4746.329095703084 656.7088630371145 287.0364236368932 996.9500000000116 171.7829999999958 31488.69414684643 453.2170306727829 669858.9913385232 488.3495687543821 288.0
160000.0 170000.0 4640.373000000021 893.2711666666631 122.1529162393051 999.1689999999944 686.6039999999921 36985.0 539.0 826996.0 606.0 448.0
170000.0 180000.0 2259.3399941406096 860.0733339843767 304.9269925184355 998.9139999999898 64.656005859375 39362.97807478585 584.1648437405556 923678.3958609748 673.0997087974596 480.0
180000.0 190000.0 1050.0249062500661 894.9975093749933 289.2928904709119 999.9830000000075 74.027099609375 48612.11196578592 801.1289072889778 1206922.9652701442 861.5874156268176 737.1428571428571
190000.0 200000.0 1047.2952148438198 895.270478515618 271.890307084353 999.6909999999916 127.306884765625 49963.01152779411 858.8466105449709 1230081.7723568834 875.9017106309059 840.0
200000.0 210000.0 1144.1858359373873 885.5814164062613 253.68698815504015 999.7219999999506 187.800048828125 54730.41673208875 931.9800782914789 1411583.3652198573 997.792896048236 840.0
210000.0 220000.0 882.3129394529387 911.7687060547062 144.13019262814464 999.5280000000494 577.412109375 53780.118482306825 903.8537481371653 1328276.255563795 934.809234697683 840.0
220000.0 230000.0 1819.3222128906054 818.0677787109395 322.6969032825805 999.9189999999944 74.743896484375 52125.20872310577 877.304252166661 1284217.7949672956 901.0056934543734 840.0
230000.0 240000.0 1025.9639746095054 897.4036025390494 154.85450644860842 998.9089999999851 612.169921875 54443.327976017026 933.527584066687 1427955.4566841738 1014.6846159908753 840.0
240000.0 250000.0 706.3539082029602 844.8769174360946 300.005281850367 999.859000000055 131.864013671875 56126.318862026426 908.9066195525184 1483469.1627254265 1056.3351999025522 840.0
250000.0 260000.0 389.9310136719141 961.0068986328085 70.46922657064569 997.310999999987 811.0539863280719 52291.50765608932 903.2873562109851 1284916.8313514492 916.783524851097 840.0
260000.0 270000.0 479.04111914057285 952.0958880859428 142.23651555674576 999.89300000004 547.327880859375 55931.4768686432 887.2621555703595 1453432.6046593771 1014.0103704557538 840.0
270000.0 280000.0 1764.6316191407386 823.5368380859261 315.77341138037133 999.8950000000186 68.34326171875 56656.46549215907 917.095329431273 1393610.3585528277 989.7506791209961 840.0
280000.0 290000.0 1537.444222656195 940.2839752604227 124.27077688862195 999.2330000000075 616.2900390625 54333.953864363975 862.2084852750796 1343128.7718762145 957.7745806494343 840.0
290000.0 300000.0 1242.8210664063226 796.1071757812434 313.7255823597238 999.9919999999693 118.14697265625 58155.511737065804 930.5646756214037 1465780.1683542493 1045.8508437660128 840.0
