ts te idle avg_span std_span max_span min_span c_bytes_all c_pkts_all s_bytes_all s_pkts_all videorate
0.0 10000.0 0.0 0.0 0.0 0.0 0.0 0.0 0.0 0.0 0.0 0.0
10000.0 20000.0 6022.245947265648 795.5508105468704 373.3414397787705 998.7880000000005 130.54200000001583 28911.3008209955 358.8263657032844 758112.8464286064 584.7612674128695 288.0
20000.0 30000.0 69.46312890620902 902.7760791903446 279.63610493372505 999.564000000013 65.13594726560405 61713.86481199147 935.248090054834 2237002.8940644893 1635.8504162243082 538.9090909090909
30000.0 40000.0 108.76296484377235 899.2033668323843 265.8951629669576 999.005999999994 106.8580761718913 58150.540757545365 893.4826972528776 1632376.6919265725 1181.8536145663477 840.0
40000.0 50000.0 576.5869785155519 856.6739110440408 276.83231561117174 998.7679999999818 134.07304101565387 53392.40008505686 893.0691735589593 1341922.578333891 943.4963998060177 840.0
50000.0 60000.0 1248.6920253906865 795.5734522372103 325.3925675638345 999.4419999999809 81.303955078125 51893.936175096984 893.7959733674546 1345363.1167312295 958.1946755480504 840.0
60000.0 70000.0 224.38896289072 977.561103710928 36.807481749894514 999.7210000000196 903.1819999999716 58419.45608437099 916.9555323817015 1364670.7790490112 981.4948354697872 840.0
70000.0 80000.0 294.39806250005495 882.3274488636314 294.9830272818165 998.2380000000121 9.367007812485099 54002.405711762105 881.0309961891926 1413772.842767689 1000.0642408621515 840.0
80000.0 90000.0 1652.3188632812235 834.7681136718777 272.5170893787912 999.3539999999921 188.76207031251397 52720.32403457973 903.1111517547616 1356493.3320930672 953.3238623656721 840.0
90000.0 100000.0 80.762037109409 901.7489057173265 212.82748330184808 999.9160000000265 390.56593359372346 54697.76551342776 912.0922181228576 1380676.5367539562 975.6154104588609 840.0
100000.0 110000.0 659.0780312500428 849.1747244318143 327.952083191329 999.9089999999851 76.447998046875 51920.506168851105 852.5564546710916 1375614.3698722085 971.2073578850772 840.0
110000.0 120000.0 548.9840781249804 945.101592187502 95.56977226966384 998.5030000000261 723.3580000000075 56750.09271397931 912.3943249024967 1383249.8019056811 995.3793199128118 1005.0
120000.0 130000.0 67.40381445322419 902.9632895951614 251.73144753699177 999.5480000000098 165.14508007810218 62610.580684706125 1102.6345709916193 1715045.6205873522 1199.3495773821335 1500.0
130000.0 140000.0 1127.9432148437481 806.5506168323865 337.67611505452754 999.4710000000196 177.84499999997206 54111.03775762999 829.4647279889017 1262015.4364323542 910.7215888732051 685.2
140000.0 150000.0 1285.308007812535 792.2447265624968 334.1511203489869 999.6599999999744 89.6298828125 52726.38782170047 897.4969963655624 1355543.3616266402 957.1312995353578 840.0
150000.0 160000.0 283.348882812541 971.665111718746 53.8350273548367 998.8059999999823 844.7989999999991 53849.40085830622 898.840726694405 1332251.7914272512 947.5561336973498 840.0
160000.0 170000.0 273.0647285156301 972.6935271484369 44.81280776160737 999.9419999999809 856.353271484375 53769.178760359086 875.5495882437579 1405551.9544797062 1023.7342790628902 840.0
170000.0 180000.0 191.07819726568414 891.7201638849378 256.88216861722964 999.3919999999925 138.9887285156292 56998.455555114335 919.2224330422006 1389941.637269678 977.9176377585026 840.0
180000.0 190000.0 1758.1211015625158 824.1878898437484 275.2048551794847 999.0650000000023 163.9099257812486 52677.66899045132 830.059236035011 1253623.3906358355 882.076721184957 840.0
190000.0 200000.0 1850.4158730469062 814.9584126953093 314.0870526166821 999.8240000000224 102.777099609375 55940.61741824664 916.5320413968021 1433663.0583730086 1014.0561517124931 840.0
200000.0 210000.0 113.35621289059054 898.7857988281281 290.5802732245687 999.8969999999972 27.60888671875 58623.92215941772 957.6810141074906 1424502.9247294443 1021.0330468781401 840.0
210000.0 220000.0 93.83692187501583 990.6163078124985 14.335618995147197 999.6139999999432 956.93896484375 56197.23214139827 866.7919528258931 1318590.6475501617 940.7214459082523 840.0
220000.0 230000.0 891.4888886716217 828.0464646662163 373.40723385202386 999.5080000000307 42.39803515630774 55769.49003793549 931.4073968805012 1403560.9033392991 988.307907758788 840.0
230000.0 240000.0 2411.961992187542 843.1153342013843 249.74696448430294 998.4790000000503 301.655999999959 56862.29009214233 908.3578802529307 1398422.6319871135 989.0881379008196 840.0
240000.0 250000.0 2050.2041230469476 794.9795876953052 339.8055668529169 997.7839999999851 22.2099609375 50436.4438726087 795.1760355702106 1249684.6420777824 879.9977945778236 840.0
250000.0 260000.0 75.43296093749814 992.4567039062501 6.565941201589982 997.094000000041 977.3100390625186 57816.70097232609 974.2224216452023 1383064.2095579708 981.0668772573335 840.0
260000.0 270000.0 87.14802539057564 991.2851974609424 19.568017521919273 999.9949999999953 935.948974609375 53691.58271980994 870.9873467440484 1321473.994786456 935.6919885817002 840.0
270000.0 280000.0 1175.471068359213 802.2299028764352 370.29227418604177 999.8479999999981 58.75902539060917 54816.4410280922 908.0884017675534 1369049.332831123 962.9335460694439 840.0
280000.0 290000.0 756.4416132812621 924.3558386718738 153.5606842068818 999.8020000000251 581.17529296875 51130.37501045188 803.9060941652988 1238413.9768032406 882.1004068957492 840.0
290000.0 300000.0 695.624310546671 845.8523354048481 308.3167173655015 999.9250000000466 79.781982421875 56430.10953666622 931.6890653411365 1450243.3933409096 1034.5722397944564 840.0
