ts te idle avg_span std_span max_span min_span c_bytes_all c_pkts_all s_bytes_all s_pkts_all video_rate
0.0 10000.0 0.0 0.0 0.0 0.0 0.0 0.0 0.0 0.0 0.0 0.0
10000.0 20000.0 3261.302976562525 748.744113715275 387.81660169621284 999.4670000000042 113.6240234375 57060.09476527167 757.0140131386809 1670094.65298131 1257.9657926295029 372.9230769230769
20000.0 30000.0 100.72300390625605 899.9342723721585 282.6034182886264 999.8560000000289 54.02001953125 66554.22893428733 923.564427865286 2215625.766227386 1623.3101940230756 840.0
30000.0 40000.0 1348.9630566406413 865.1036943359359 212.00901214057714 998.7789999999804 482.68900000001304 52184.792824957156 866.7658795202799 1291699.4546445129 910.0503727504577 840.0
40000.0 50000.0 775.4880664062803 838.5919939630654 306.6807320529966 998.4780000000028 94.118896484375 51767.034498490815 892.8113060113851 1326545.4056319417 941.3181302105478 840.0
50000.0 60000.0 906.811896484287 909.3188103515713 194.68733064317908 999.9079999999958 382.2860000000219 52937.84897699303 893.8443734643681 1313260.7205148498 938.3555103864161 840.0
60000.0 70000.0 1123.166089843784 887.6833910156216 279.5741016575647 999.7800000000279 115.60791015625 55522.22520985311 875.5497834101151 1420139.2676774855 1009.0774408601791 840.0
70000.0 80000.0 708.3598730468657 929.1640126953134 123.42993055104638 999.630999999994 621.738037109375 55578.115908650434 909.8772774081204 1456891.3461375816 1034.1963606853546 840.0
80000.0 90000.0 74.25514843751444 902.340441051135 215.27893779610346 999.9589999999735 377.41796289064223 55663.76891981777 942.8342375651854 1463270.7194527683 1035.52757300369 840.0
90000.0 100000.0 1032.0029179687263 896.7997082031274 210.18861951208018 999.7710000000079 419.15311132813804 54624.021942484076 843.1141843324276 1322733.1774298563 952.1825805169701 840.0
100000.0 110000.0 1641.9019609375391 835.8098039062461 245.84719227804314 998.5129999999772 398.31002929690294 53544.62972494668 890.3518962707184 1344872.34494629 959.3472725870843 840.0
110000.0 120000.0 735.9349648436182 842.187730468762 315.55518885602027 999.9430000000284 95.946044921875 54051.76094544112 871.9310930067677 1340050.3794762085 949.7827618900848 840.0
120000.0 130000.0 5335.214044921799 777.4643258463669 296.3738954441444 999.5520000000251 365.3510000000242 30096.477348806813 497.3415280066654 849996.7648798099 599.8860104566371 840.0
130000.0 140000.0 1927.761060546909 896.9154377170101 188.75352265250163 999.5470000000205 523.74099999998 59100.948370437036 799.7176408870696 1345476.2374198402 982.4218943134928 1711.3333333333333
140000.0 150000.0 552.8428925781045 858.8324643110814 312.53805614533263 999.9660000000149 97.998046875 56432.21264978822 919.8730166156553 1474938.523200125 1046.6975375306201 840.0
150000.0 160000.0 817.1321113281301 918.2867888671869 142.16206958950423 999.6209999999846 630.158935546875 55771.78242823324 886.8879996245504 1361092.6920200307 977.929728860434 840.0
160000.0 170000.0 636.6299257812207 851.2154612926163 314.06588576614365 999.454000000027 95.260009765625 54594.53738743411 888.369448298787 1353821.589558816 957.3853081122489 840.0
170000.0 180000.0 1222.081716796849 877.7918283203151 208.88158710893055 998.0910000000149 387.7849999999744 58600.23625702816 922.4311489056746 1483508.762593559 1044.79057746839 840.0
180000.0 190000.0 1714.5684140624362 828.5431585937564 274.7140699091277 996.6199999999953 341.5929999999935 55433.14148821507 896.8488747085214 1367959.2186097652 968.820684078138 840.0
190000.0 200000.0 1054.127958984347 813.2610946377866 323.8959073173181 998.0870000000577 95.492919921875 52080.8502070301 863.3511503349679 1293462.0068509511 919.5825525725354 840.0
200000.0 210000.0 1152.3886542966357 884.7611345703365 180.47911142269953 998.6820000000298 501.58499999996275 58099.42934560252 915.3776429136823 1335319.8990995476 950.9593076623394 840.0
210000.0 220000.0 746.2211562501034 841.2526221590815 322.2873608434694 999.7090000000317 48.037109375 53005.89118578958 852.1698769236716 1324143.4820242794 934.2106389135913 840.0
220000.0 230000.0 1299.1701113281306 870.0829888671869 216.07244768185996 999.8190000000177 376.57499999995343 56900.13705778648 908.9330652917915 1371658.938765867 964.6457548858752 840.0
230000.0 240000.0 1041.819027343765 895.8180972656235 214.54021387308114 998.2589999999618 392.17200195312034 58458.35724613958 899.2326410892579 1366609.166320186 974.3741917353109 840.0
240000.0 250000.0 2770.832970703137 803.2407810329847 340.9853573549879 998.0130000000354 67.42299999995157 46811.476376515915 705.8074944063708 1100571.4835370323 784.1818238670237 603.4285714285714
250000.0 260000.0 1693.973933593952 922.8917851562276 139.67464745734623 998.5039999999572 634.26806640625 43158.9883733828 632.0930560329549 938840.1657757037 682.5108340884923 480.0
260000.0 270000.0 5702.011107421829 537.2486115722713 365.83399521667 989.484000000055 17.113000000012107 33776.45345018637 509.10087405350885 722311.0456409958 517.1206884407868 582.8571428571429
270000.0 280000.0 594.4246699217474 940.5575330078252 133.4132350844221 998.9729999999981 573.3212890625 59856.973259611965 937.3134390795087 1470645.7249070574 1033.8326209443826 840.0
280000.0 290000.0 547.5853945312556 859.3104186789768 301.17492305648534 999.2460000000428 112.81689453125 57726.096460716486 948.0665093910691 1434299.5070939297 1021.8584562236358 840.0
290000.0 300000.0 850.7258945312351 914.9274105468764 184.4965337822408 999.2689999999711 405.4549999999581 54019.48845610239 879.4261214429584 1317154.556582313 947.6774003027024 840.0
