ts te idle avg_span std_span max_span min_span c_bytes_all c_pkts_all s_bytes_all s_pkts_all video_rate
0.0 10000.0 0.0 0.0 0.0 0.0 0.0 0.0 0.0 0.0 0.0 0.0
10000.0 20000.0 1975.3347363281646 891.629473741315 295.2860069993819 996.4280000000144 104.395263671875 23435.223145503143 238.49142377459353 490577.70056642784 376.5494309790158 288.0
20000.0 30000.0 240.33214453130495 975.9667855468695 35.077299312377335 999.755999999994 882.3207363281399 20864.14623555466 260.81195240947096 528087.6246138863 382.36383586812474 288.0
30000.0 40000.0 2690.7518710937584 730.9248128906241 420.4667163619999 999.6070000000182 27.557880859356374 19874.299737651352 207.51226697570573 453466.44003631594 334.99793647893335 288.0
40000.0 50000.0 172.8923339844332 893.3734241832334 249.73195133281035 998.7889999999898 186.0869140625 51589.243185461804 725.6986707586245 1158020.6806870901 857.2841378350902 288.0
50000.0 60000.0 140.48699218750698 896.3193643465903 269.77450371991506 999.6620000000112 100.294921875 40579.19295321363 561.783717235271 877666.3452012361 641.3320279411927 432.0
60000.0 70000.0 116.24881835927954 898.522834694611 288.0408999348488 999.6060000000289 36.631103515625 40516.96568707019 619.3776340994659 994559.7743854998 709.8550725613904 480.0
70000.0 80000.0 1032.4211640624562 896.7578835937544 190.13717595004118 998.8730000000214 442.34600000001956 36371.516872081265 538.4264742444941 872093.6568179039 629.502122597854 480.0
80000.0 90000.0 334.25794726557797 878.7038229758565 237.20843518236066 999.0310000000172 324.853060546855 28135.79338925104 381.91205061166704 593218.5269450594 421.13303147392156 320.0
90000.0 100000.0 141.31491015624488 896.244099076705 220.13423130613023 999.9780000000028 415.18408203125 25917.197143750127 358.22271775662347 524321.0106867052 382.8762903557841 288.0
100000.0 110000.0 130.19998046878027 897.2545472301109 229.0824563416818 999.8339999999735 319.5791015625 32994.82001826702 473.53467834933826 706296.8566112394 505.65997785198226 288.0
110000.0 120000.0 200.99815820308868 890.8183492542647 243.28432367196945 999.9720000000088 216.116943359375 29800.548779311506 414.9679450022101 702728.1493310208 505.1422558104194 288.0
120000.0 130000.0 1443.5828261718852 855.6417173828115 303.56093871279325 999.6290000000154 16.918000000005122 27300.46444391291 375.3553481284091 592706.1825079196 432.14721494323544 288.0
130000.0 140000.0 126.84085937507916 897.5599218749928 263.24427671178876 999.6599999999744 124.64188281248789 39862.13125450038 587.5434265907445 850743.5924398123 594.9972581612631 288.0
140000.0 150000.0 1225.8512578124646 877.4148742187535 252.12734268845537 997.8499999999767 198.28674218751257 30449.45715447098 438.36169406338195 595613.4591698832 447.1594071417928 288.0
150000.0 160000.0 355.54272656253306 964.4457273437467 54.265672427267916 999.5750000000116 848.9052734375 28656.54492090731 376.62015794220486 610608.8943209109 457.487559614248 288.0
160000.0 170000.0 593.4003789062263 855.145420099434 270.48694094048255 999.8570000000182 140.0047265624744 33373.65809162065 457.2083787083051 678621.2271325869 476.78286324986715 288.0
170000.0 180000.0 208.67484765627887 890.1204683948837 235.5640299763445 999.7380000000121 308.94010546873324 31026.263073104157 416.57341880205956 662879.8247397156 476.222927514057 288.0
180000.0 190000.0 438.5720039063017 869.2207269176089 259.18193086175853 999.7880000000005 323.39404296875 22326.3008224407 312.5069217341876 492463.7385857323 352.40641452726055 288.0
190000.0 200000.0 212.97974609368248 889.7291139914834 241.08222544278829 992.9340000000084 228.529296875 26395.30041225063 358.0627628965558 565624.3682992214 407.60233776548114 288.0
200000.0 210000.0 142.0873515625717 896.1738771306754 251.99889554014038 999.0280000000494 164.7939453125 30816.244581659794 428.7432952352717 651444.1910492065 472.8828281868834 288.0
210000.0 220000.0 240.67494921875186 887.2113682528408 277.730217901807 998.7229999999981 66.77099609375 43969.76181595804 636.2049602864041 971453.2092916224 705.293484858987 288.0
220000.0 230000.0 4899.910054687411 728.5842779017985 333.8688036193981 993.7789999999804 134.31494140625 38726.38905092309 571.155425040142 860368.2113605617 625.6819612992489 425.14285714285717
230000.0 240000.0 1159.8869414064102 884.011305859359 254.28998400582876 999.185999999987 174.125 36400.98583087167 569.4677419162646 926387.7113391168 682.0529554735862 480.0
240000.0 250000.0 1776.9048925782554 822.3095107421744 332.1007552805311 998.015999999945 47.38699999998789 50888.79900176622 800.7851516761165 1342112.1909541928 952.9148817478925 840.0
250000.0 260000.0 690.1932128906483 846.3460715553956 281.79854130791927 999.5999999999767 147.19189453125 56031.115486900075 931.0909231151591 1377991.7442066977 962.0165187597632 840.0
260000.0 270000.0 1267.9199082030682 873.2080091796931 217.37186316267383 999.454000000027 342.95799999998417 53473.2772976668 899.9230634308593 1446434.5674292552 1018.7309389561983 840.0
270000.0 280000.0 699.5170136716915 845.4984533025735 306.53418756617936 999.954000000027 132.02197265625 54054.06297696281 915.2764040590913 1409608.2533362599 994.7631188552471 840.0
280000.0 290000.0 76.93287890637293 902.0970110085116 267.69250384409514 999.2099999999627 103.62109375 56989.332692900134 896.8121689356403 1341876.6594665085 962.9876519651327 840.0
290000.0 300000.0 75.99198828125373 902.182546519886 279.53571017166263 999.5999999999767 65.30810546875 57503.30071639547 892.479496356293 1438539.9228647759 1030.933691094166 840.0
