ts te idle avg_span std_span max_span min_span c_bytes_all c_pkts_all s_bytes_all s_pkts_all videorate
0.0 10000.0 6295.07470703125 926.2313232421875 139.90637517219017 998.564000000013 716.42529296875 30617.687766610186 368.61464341921993 820189.189609312 623.9918612891321 288.0
10000.0 20000.0 862.5683046875056 830.6756086647722 278.8220757304553 999.1109999999753 270.9417070312775 57929.26481736572 823.7586369715109 1736639.542764785 1273.8589715350047 508.8
20000.0 30000.0 417.9206855468801 871.0981194957382 236.90442551152685 999.9089999999851 286.435302734375 53127.34396585264 911.4240961938925 1388092.309990084 991.6380657723037 840.0
30000.0 40000.0 2051.573302734352 883.1585219184053 197.8595306749815 999.2280000000028 429.375 48605.70345017145 834.2026234153767 1243315.957635819 874.5111014035596 840.0
40000.0 50000.0 533.4430488281068 946.6556951171893 158.74255085934604 999.4560000000056 494.949951171875 55289.55251733278 942.529710231037 1381627.6323139777 973.0259175716099 840.0
50000.0 60000.0 2155.162900390569 871.6485666232701 205.05020796009663 998.960000000021 502.5160488281399 43979.26659086274 750.4099677262903 1091006.9600056605 781.4946055097664 840.0
60000.0 70000.0 94.74106640624814 900.4780848721592 210.50748533167535 999.5509999999776 449.2489492187742 62338.9933154269 1048.738677943902 1642861.7998649974 1169.6081270768877 840.0
70000.0 80000.0 3245.8700664062053 750.4588815104216 349.1095197201852 998.9340000000084 0.0 53049.44197927156 799.9418838001367 1249738.4261287362 891.8671184651727 705.0
80000.0 90000.0 1686.4749179687933 831.3525082031207 236.36547551337915 997.8090000000084 454.9440820312593 49835.74559710602 858.3797602986338 1226113.1816866284 866.0042313765634 840.0
90000.0 100000.0 1811.6540000000386 909.8162222222179 260.72542643113445 999.9749999999767 214.59399999998277 51978.0 852.0 1361580.0 963.0 840.0
100000.0 110000.0 2327.327001953032 852.5192220052187 299.99778917426346 998.9899999999907 160.8630000000121 55489.97019141121 942.7776280862512 1420804.640620486 995.4887332097012 840.0
110000.0 120000.0 129.84501562494552 897.2868167613686 212.5902743781243 998.5360000000219 456.07100195309613 53809.633585318006 913.3887223673333 1405455.7198404057 1004.195152888761 840.0
120000.0 130000.0 464.2590371094411 866.8855420809599 244.1650633752288 999.8829999999725 290.4189453125 54925.25743099482 918.0425843991237 1491285.364629733 1046.237628502736 840.0
130000.0 140000.0 2087.7618632811937 791.2238136718806 286.20449389128896 999.5839999999735 284.55908203125 60259.06519903469 942.6356634022235 1484689.904699709 1049.754164002747 840.0
140000.0 150000.0 1772.2471132812207 822.7752886718779 326.7489253886531 999.0349999999744 18.705000000016298 52995.61067945353 917.5200404779067 1323591.4746895847 934.3137524849282 840.0
150000.0 160000.0 2099.136003906373 877.8737773437364 217.76039691113397 998.7839999999851 450.88303124997765 45097.35715532097 732.2730932324569 1125104.9094375079 804.4610323873528 840.0
160000.0 170000.0 2026.6580312499427 797.3341968750058 337.1147471033932 998.5900000000256 35.90500000002794 52348.86358594648 864.4967417752669 1337822.5642718594 950.6101469337902 840.0
170000.0 180000.0 2482.579830078059 751.7420169921941 361.9477049668119 998.3640000000014 37.48499999998603 53951.4189918336 778.0820135983976 1168833.3513110022 846.7260802446771 494.4
180000.0 190000.0 2874.51102148433 791.7209976128522 338.8748981346371 999.234999999986 25.117000000027474 45012.019654601194 666.59373888905 1078361.6790168006 780.8149856902695 685.7142857142857
190000.0 200000.0 2968.7400820312905 781.2511019965233 344.4270325067003 999.5379999999423 32.662000000011176 50632.8035260855 847.1897737719902 1233913.3914829113 878.3983236550368 840.0
200000.0 210000.0 1659.2896796872374 926.7455911458625 155.46367830408914 999.158000000054 538.9033203125 63143.994925359446 996.9223557719082 1578349.2376209504 1114.4652310384815 840.0
210000.0 220000.0 368.5913691406604 875.5826028053945 253.47852562981421 997.5420000000158 288.324951171875 57858.3719209742 928.1888823529274 1427513.3016183618 1017.9200603649014 840.0
220000.0 230000.0 3134.822849609307 762.7974611545214 258.4190001766411 999.0130000000354 290.1920000000391 52397.02500876712 834.838234973762 1320410.802737251 935.6814132556018 840.0
230000.0 240000.0 1991.5170371095883 800.8482962890412 272.7815399332612 998.8819999999832 323.6929999999702 53357.300174226366 857.3772529369681 1352545.6160404992 964.4098130257578 840.0
240000.0 250000.0 2127.2841542967362 874.7462050781404 205.26803925590423 998.5 488.11893554683775 53544.451545137155 859.8859901455756 1303918.9676733247 918.9896621400044 840.0
250000.0 260000.0 2765.080910156248 803.879898871528 343.80325812274555 999.8519999999553 31.01899999997113 50957.856425535705 869.7872838188587 1243664.074309613 871.5338201752531 840.0
260000.0 270000.0 1566.3670449220808 937.0703283419911 165.65127800085813 998.4860000000335 496.053955078125 57921.822210125094 885.9977439659403 1314003.774381337 941.005530881197 720.0
270000.0 280000.0 728.3180136720184 842.8801805752711 287.78347692906294 999.7929999999469 119.68994140625 61222.46884273381 974.6252024682947 1565661.0600453524 1106.664705215356 840.0
280000.0 290000.0 2723.516042968724 808.4982174479196 333.094757238856 999.435999999987 35.241999999969266 52865.720302873175 867.867807639667 1311984.8505410561 929.977707082039 840.0
290000.0 300000.0 1831.2117988279788 816.8788201172022 301.2508344081234 997.8320000000531 193.90700000000652 50887.64776176427 835.8365451052607 1218958.8869454341 868.5830370058738 840.0
