ts te idle avg_span std_span max_span min_span c_bytes_all c_pkts_all s_bytes_all s_pkts_all video_rate
0.0 10000.0 6519.677070312493 870.0807324218767 246.88684418986722 994.7550000000047 499.7529296875 19349.39463278504 199.07928619613517 468799.15366273286 420.1236864659709 288.0
10000.0 20000.0 1852.6229296874953 814.7377070312505 311.52140777142506 999.8059999999823 95.7839999999851 49314.60536721496 701.9207138038648 1127962.8463372672 989.8763135340291 288.0
20000.0 30000.0 4081.3240546875168 845.5251350446405 209.8499852421143 999.8539999999921 518.5530000000144 52182.89336482831 799.6865759416171 1044148.282551971 898.1908422148207 640.0
30000.0 40000.0 2879.6779648437514 791.1468927951387 236.22517567266513 999.1319999999832 416.48405468749115 57605.79318847942 1000.904185538547 1234781.3107952485 1048.9397883066024 840.0
40000.0 50000.0 61.18794921878725 903.5283682528375 208.47463331986657 999.630999999994 412.6330195312621 69392.53214201312 1186.757221126935 1562245.5609931739 1327.283999403389 840.0
50000.0 60000.0 2036.1037832031143 796.3896216796886 346.2345716679344 999.3530000000028 0.0 53011.10564554995 891.9588800762381 1185869.2410723916 1014.2269969378041 840.0
60000.0 70000.0 2006.508132812567 799.3491867187433 329.7426756341631 999.6359999999986 70.70899999997346 54632.84998366122 950.1059131162351 1247179.7952259122 1055.0503651061101 840.0
70000.0 80000.0 1402.4711308593978 859.7528869140602 213.03453462805672 999.9780000000028 413.74388476560125 57432.595587320946 911.4952796725831 1331957.0646443437 974.1056614281138 680.0
80000.0 90000.0 921.4909843750065 907.8509015624993 185.3470580678222 999.8869999999879 412.0640156249865 55717.23008814703 939.0919445278446 1455395.744716959 1063.2023466031599 840.0
90000.0 100000.0 2098.911878906307 877.8986801215215 244.09278114845907 999.5819999999949 338.68599999998696 47128.498788362944 767.7719916443243 1283186.8119282795 938.6349628609934 840.0
100000.0 110000.0 178.20718554686755 892.8902558593757 224.52504764247678 999.7760000000126 409.2628789062728 59312.33704691481 999.0536256145706 1549125.5906283532 1122.0415219865395 840.0
110000.0 120000.0 1965.3259433592902 892.7415618489678 192.76771170066888 999.585000000021 528.8940644531394 43699.96983879013 724.6942647946416 1143436.698177281 835.627224097499 840.0
120000.0 130000.0 920.8449023436406 825.3777361505781 295.5332403494721 999.2729999999865 316.39208984375 60950.39950206261 952.336618583161 1462980.5412678255 1063.658133718738 720.0
130000.0 140000.0 2376.64419140626 847.0395342881934 228.85405378451148 998.99099999998 463.95799999998417 55331.31706168709 905.562115126954 1410491.0209855393 1019.7305332721089 840.0
140000.0 150000.0 1832.2818515624385 816.7718148437561 298.17194895189164 999.2910000000265 236.90399999998044 56548.472494590955 960.0450655137001 1451960.0075662152 1042.7740712327814 840.0
150000.0 160000.0 627.272046875034 852.0661775568151 314.1946796482042 999.9789999999921 38.79300000000512 49571.00526759145 828.5363187226483 1199264.329446506 876.5335528313399 840.0
160000.0 170000.0 2487.4109101562644 939.073636230467 153.9200984829807 999.7469999999739 558.64208984375 55419.791398392495 847.9054863234595 1245590.8712460874 903.2805486644015 660.0
170000.0 180000.0 2683.755089843704 812.9161011284773 343.1651156646544 998.954000000027 184.75500000000466 54487.208601607505 911.0945136765405 1287005.1287539126 926.7194513355985 840.0
180000.0 190000.0 1464.1231132812682 948.4307651909702 147.2233284026383 999.5109999999986 555.85888671875 55868.62587973307 880.3240195004856 1372829.3470903023 990.1105729057 840.0
190000.0 200000.0 1957.5619003904285 804.2438099609572 338.6161755359448 999.6790000000037 37.445999999996275 53354.18840201747 905.2595742612632 1296793.2481534553 937.7039729226229 840.0
200000.0 210000.0 107.07495507807471 899.3568222656296 216.82246302666132 999.6870000000345 417.64401367190294 56487.65570225072 932.845483361119 1338335.4164116469 972.4330611837046 840.0
210000.0 220000.0 1037.102027343586 896.2897972656414 197.2128522385185 999.765000000014 485.3039687500568 56114.33536533472 941.6818752490971 1342144.2030037772 967.2392477728363 840.0
220000.0 230000.0 2792.1899316407507 800.86778537325 321.4726132799182 999.8810000000522 97.51499609369785 56151.49357595973 887.8991535204742 1353116.5198108938 978.9142490212863 840.0
230000.0 240000.0 1489.3961855467642 851.0603814453236 309.28187127691734 999.908000000054 80.36692773434334 55246.257478986336 893.848005479475 1313482.0038513055 950.8656320285802 840.0
240000.0 250000.0 1669.219958984293 833.0780041015707 251.27181482136248 998.8739999999525 375.0470000000205 48873.40878401625 794.807688202785 1278277.8407709298 922.2104325401367 840.0
250000.0 260000.0 795.9920488281641 920.4007951171836 186.73366294275075 997.640999999945 405.30707226565573 63739.61956644283 1047.2724785403802 1576883.573801429 1142.7576024045668 840.0
260000.0 270000.0 1527.771998046781 770.2025456321109 334.0804299744924 999.6720000000205 149.8041210937081 58823.06498020444 905.3721950545843 1373131.2986874345 1013.0727048816711 840.0
270000.0 280000.0 1461.7009648438543 853.8299035156145 252.00304935320676 999.5359999999637 279.78000000002794 50950.75989206459 843.0319703852361 1227720.8355617672 881.477142800931 840.0
280000.0 290000.0 1711.3820000000997 828.86179999999 271.65394313365465 999.9769999999553 390.05000000004657 59602.19521779235 964.4884881839253 1491526.8335986095 1082.5177114224643 840.0
290000.0 300000.0 1974.914794921875 802.5085205078125 343.8109168930621 998.8190000000177 0.0 47919.84848997989 761.3281997783915 1187009.4540410133 865.967066637564 840.0
