ts te idle avg_span std_span max_span min_span c_bytes_all c_pkts_all s_bytes_all s_pkts_all videorate
0.0 10000.0 9775.2490234375 224.7509765625  224.7509765625 224.7509765625 1070.754498045608 2.6989687164302674 2363.0697916309005 2.944329508833019 0.0
10000.0 20000.0 362.55888671881985 876.1310102982891 271.5657460158501 997.2019999999902 102.64208984375 25848.386611053495 271.29019109417686 609257.0977534298 477.04483030177414 288.0
20000.0 30000.0 421.1981875000638 957.8801812499936 60.46310524117922 997.11599999998 830.52490234375 16552.488233542117 208.15595115274516 327738.2438105775 293.1503279257936 288.0
30000.0 40000.0 463.7119550781208 866.9352768110799 255.98128368129306 999.3420000000042 167.22709765622858 17994.029905339088 239.98369765505217 417207.93898474105 363.6395976034756 288.0
40000.0 50000.0 148.80396289058262 895.5632761008561 219.50781957689082 999.875 366.029052734375 26118.817950089753 339.5012845004551 624331.1029300826 545.7507832570909 288.0
50000.0 60000.0 321.3520957030705 879.8770822088118 234.19588036730104 999.75 381.785888671875 27801.646000814362 342.556120385017 696729.6326366268 604.4604555996359 288.0
60000.0 70000.0 142.21478515624767 896.1622922585229 222.4674429912054 999.9780000000028 324.381103515625 26829.351616774846 350.24067053699304 696213.0141730318 609.5039163536926 288.0
70000.0 80000.0 215.65216015616897 889.4861672585301 237.08848264251375 999.8130000000237 249.241943359375 23730.875013910005 296.83892907638824 568594.4120825285 476.2770253660165 288.0
80000.0 90000.0 262.9518632812542 885.1861942471587 272.65518966632 999.4280000000144 93.382080078125 24879.592613716763 312.48278706895303 609251.9616893125 451.58858265491875 288.0
90000.0 100000.0 199.25309375004144 890.9769914772689 292.55691366136796 997.3869999999879 13.385986328125 23467.146952962423 310.6570439579575 625186.6582284275 465.3973538312166 288.0
100000.0 110000.0 319.9377304687514 968.0062269531248 45.3806875522079 998.8410000000149 849.437255859375 23896.748266533763 294.2710842946105 640950.0608984436 483.33870814602597 288.0
110000.0 120000.0 382.54533007805003 874.3140609019955 262.0208673567919 994.1510000000126 142.56074414064642 23691.126603678367 299.77524037413775 561191.8375447855 421.241041557077 288.0
120000.0 130000.0 330.0426406250335 879.0870326704515 233.88865858493463 998.9830000000075 339.5910742187407 22872.54594189187 302.9137354363877 556422.7612706617 414.97036268692955 288.0
130000.0 140000.0 251.94937500008382 886.1864204545378 223.05331690221843 997.9349999999977 378.10791015625 22949.05139851508 297.2168612012137 562543.5851062245 424.4372529608812 288.0
140000.0 150000.0 167.39162499993108 893.8734886363699 226.3461078765823 999.9070000000065 301.71728515625 29450.92526261906 381.4310826171433 681873.2708208704 512.9656364334618 288.0
150000.0 160000.0 281.98930664063664 883.4555175781239 266.0747330915774 998.5869999999995 127.802978515625 26197.569539644348 363.9763859764362 573776.8123900945 421.92338373535466 288.0
160000.0 170000.0 248.15394531254424 886.5314595170414 281.96009118481334 999.9519999999902 45.884033203125 37171.162751538424 449.31164115543163 893012.8183634087 660.1411594050501 288.0
170000.0 180000.0 211.09003906248836 978.8909960937511 22.85374295816723 999.1259999999893 946.468994140625 33458.63499325518 448.90473236046836 876195.9751727952 651.5261355232462 288.0
180000.0 190000.0 2102.3440878906986 789.7655912109301 342.8464222101782 998.6739999999991 18.228005859360565 36085.61504459062 519.8549438995669 758813.7536085284 570.3802885600775 370.2857142857143
190000.0 200000.0 1113.539789062459 888.6460210937541 212.02271270975638 998.9749999999767 375.9951171875 38543.92176183231 599.181589695232 941625.3045056378 705.6027927546088 480.0
200000.0 210000.0 1889.863226562622 901.1263081597086 159.86538865808564 999.6670000000158 620.462890625 44251.94102788644 669.5321856860414 1067143.5915145534 784.6673761703274 634.2857142857143
210000.0 220000.0 131.48490820312873 897.1377356178974 210.74310370029528 999.8429999999935 375.07610937498976 52229.92638146325 869.3963756769099 1320748.1390230744 948.752914804982 840.0
220000.0 230000.0 704.9629863281734 845.003364879257 306.29773118781 999.2229999999981 96.02099609375 54071.80750453072 915.0355634331 1370336.5395386692 983.5742678656197 840.0
230000.0 240000.0 671.4539257814176 932.8546074218582 128.9769234259374 999.98199999996 602.3720703125 55024.51914123397 915.6995185380449 1375105.2732203973 995.3983169742752 840.0
240000.0 250000.0 445.56700390658807 868.5848178266738 240.07006460908082 999.0039999999572 397.45092968747485 56594.59047589117 917.2211350550648 1495136.5250342079 1075.0999084717441 840.0
250000.0 260000.0 377.01278515625745 874.8170195312493 269.58882713721744 998.9599999999627 145.61328125 55911.04494358686 926.846003021836 1423712.4548757903 1040.7020836147806 840.0
260000.0 270000.0 696.4211718748556 930.3578828125144 141.09383270147936 999.5069999999832 607.287109375 57501.716825564356 951.107107525467 1461309.4579908745 1055.6784114907286 840.0
270000.0 280000.0 2211.7691093748435 778.8230890625157 372.64901811462045 999.7639999999665 109.0 56088.71396087705 867.8209384949222 1305942.8982542618 939.945620940932 840.0
280000.0 290000.0 691.5676835937193 930.8432316406281 120.57845714745723 998.7979999999516 646.29931640625 57863.75137022659 948.2073667244863 1411332.2009723843 1021.4575342061479 840.0
290000.0 300000.0 433.7382929685991 869.6601551846728 260.73329945094343 999.2550000000047 342.1240234375 57526.31119575689 890.1081859987235 1363075.250504237 1002.0132117684194 840.0
