ts te idle avg_span std_span max_span min_span c_bytes_all c_pkts_all s_bytes_all s_pkts_all videorate
0.0 10000.0 0.0 0.0 0.0 0.0 0.0 0.0 0.0 0.0 0.0 0.0
10000.0 20000.0 3508.594035156246 811.4257456054693 351.0051451392478 999.6790000000037 124.30099999997765 52843.47017972378 719.852467217481 1550384.242108349 1171.3385114137293 288.0
20000.0 30000.0 937.7108437500428 906.2289156249957 204.28102554222195 999.7579999999725 386.63503515627235 54695.383968002374 877.1579819784969 1581936.2281263105 1123.4810256209475 761.1428571428571
30000.0 40000.0 682.1290371094365 847.0791784445967 334.46070174105654 999.914999999979 152.75087890622672 54947.52571150482 907.7018363042172 1425012.789247872 1006.3585117797593 840.0
40000.0 50000.0 989.8971523437067 901.0102847656293 184.47817342569925 999.0939999999828 418.804931640625 50964.770783183114 857.4116126766543 1291209.810357723 919.3259714734581 840.0
50000.0 60000.0 190.43363281246275 891.7787606534125 239.60397043931735 998.3389999999781 277.581298828125 56558.68519857302 940.655112282129 1478784.2582506333 1056.3797409996785 840.0
60000.0 70000.0 1007.7813984374516 899.2218601562548 113.96507220334821 998.929999999993 720.0797011718969 49453.2859297605 838.9091064101859 1257134.3808655501 888.5662119853473 840.0
70000.0 80000.0 2657.7500175781315 734.2249982421869 311.3805600607588 997.6599999999744 267.6770996093983 55182.629145970976 912.668250571294 1426581.7031784267 1003.95528239222 840.0
80000.0 90000.0 750.1079179687076 840.899280184663 304.3931478996342 999.2359999999753 199.06396484375 51150.08783138023 849.8779858391514 1315027.0181206479 925.4318186663198 840.0
90000.0 100000.0 961.3480332031613 903.8651966796839 130.22466274237973 999.8800000000047 677.6489999999758 51128.391975647726 860.026625557397 1250497.955040527 896.4347262643563 840.0
100000.0 110000.0 590.2729023437714 855.4297361505662 269.3407981319682 999.2640000000247 285.6920683593489 54543.042447944375 922.9736106689924 1428674.6457983255 1024.1033544080024 840.0
110000.0 120000.0 1014.6697382812272 898.5330261718773 210.14605193524756 999.3680000000168 394.623291015625 55256.393052257765 896.2458204945755 1423648.797113942 1005.7301953167283 840.0
120000.0 130000.0 1315.392337890633 868.4607662109368 230.77238393057817 999.9259999999776 333.73100000002887 50358.98872922726 837.0875191414884 1243245.584205277 871.2413524436295 3908.5714285714284
130000.0 140000.0 1986.3510351561708 728.5135422585299 364.7591301243284 999.5370000000112 212.69091796875 58994.90186709353 867.6096627740192 1257373.0082918317 893.1101089600619 1890.909090909091
140000.0 150000.0 653.1628300781595 934.683716992184 110.55021948993905 999.8950000000186 695.215087890625 53499.68761000234 843.7948985892463 1375903.448860443 987.7697737182235 840.0
150000.0 160000.0 537.4251992187346 860.2340727982969 263.70046671541104 999.9430000000284 303.46191210940015 54732.85792030649 935.2116502500375 1450471.521012662 1036.4516682024869 840.0
160000.0 170000.0 838.8806171874166 916.1119382812583 136.98039288238547 999.7310000000289 631.1521113281487 53198.27866435408 896.3331529463621 1351873.0960847335 955.4605778967555 840.0
170000.0 180000.0 1488.0752167968894 773.8113439275555 336.987490408792 999.9619999999995 221.7060546875 54163.937882293765 902.2338344896001 1340942.3226801232 946.398229522026 840.0
180000.0 190000.0 1452.6540996093536 854.7345900390646 295.40814431594697 999.8759999999893 234.11894531251164 55215.338152162425 905.5937618334941 1347416.7590553705 955.2619039817776 840.0
190000.0 200000.0 1209.8530527343974 879.0146947265603 204.95215014145546 999.6990000000224 415.27490234375 53311.37706375737 840.1458222658639 1327183.0718949998 949.85089529002 840.0
200000.0 210000.0 108.3669199218275 899.2393709161975 220.50661982620892 999.9270000000251 349.781982421875 60198.88264056088 969.8314984652826 1493736.5253330772 1060.2286031846272 840.0
210000.0 220000.0 783.1088789062342 921.6891121093765 159.36099241606183 999.5010000000475 554.5020175781101 53753.780342657185 870.4800680428202 1297551.472018402 913.2797425485153 840.0
220000.0 230000.0 3186.073207031237 757.1029769965293 313.3718546034881 999.3229999999749 226.7878964843694 50338.06215690755 802.9782218001153 1250270.8134731387 884.6009230560321 840.0
230000.0 240000.0 965.1989531249274 903.4801046875073 191.57864961564138 999.7380000000121 414.664103515679 57864.52610738434 917.6805186811062 1418632.7349919006 1010.3853740436779 840.0
240000.0 250000.0 4620.8686953124125 672.3914130859484 350.1299497162332 999.8020000000251 267.92305664066225 35046.24233554246 559.3949059726082 901219.5366587467 643.1681903356081 3704.0
250000.0 260000.0 745.993210937595 925.4006789062405 145.56881015729314 999.9910000000382 585.1987519530812 77745.98866952654 1136.3372794971594 1847709.5621153913 1295.2397731453002 1022.6666666666666
260000.0 270000.0 136.07010156253818 896.720899857951 227.15707337624931 999.4340000000084 265.8989628906129 53428.52573729586 846.7408783149675 1300464.4996333905 918.5056401482417 840.0
270000.0 280000.0 744.9339765623445 841.3696384943323 300.2257658381073 999.8469999999506 187.157958984375 59381.87033689848 945.3117849978654 1471215.1342659625 1041.4383515418506 840.0
280000.0 290000.0 628.0509042969206 937.1949095703079 101.38521980757747 999.734999999986 715.2060546875 52916.433978051 848.1347655500213 1278028.9668263276 919.0952417803186 840.0
290000.0 300000.0 707.5460546875838 844.768540482947 302.4234856199684 999.48199999996 218.5 53967.51911047428 882.3930564385596 1369897.6666624462 979.6515788109498 840.0
