ts te idle avg_span std_span max_span min_span c_bytes_all c_pkts_all s_bytes_all s_pkts_all videorate
0.0 10000.0 0.0 0.0 0.0 0.0 0.0 0.0 0.0 0.0 0.0 0.0
10000.0 20000.0 5419.608111328125 763.3986481119791 367.0400263650041 999.3510000000024 184.4890000000014 31859.344405437874 563.503639129989 1083436.0372864567 1014.228643570126 288.0
20000.0 30000.0 2096.125890624993 790.3874109375007 236.58823633319946 999.862000000001 383.697998046875 28204.4168368569 652.0269096989198 1014595.7719411472 963.6457156956952 416.0
30000.0 40000.0 1013.1016914062493 898.6898308593751 207.26135556411384 998.0789999999979 429.539306640625 32837.15369677251 790.0485755586386 1328016.0524762077 1154.8782389708617 737.1428571428571
40000.0 50000.0 2429.1363066406266 757.0863693359373 415.89464328854064 999.864999999998 0.0 24113.085060932706 624.4208756124525 806389.1382961883 712.2474017633172 600.0
50000.0 60000.0 2959.447072265626 880.0691159667967 193.63541605239197 998.1910000000062 461.075927734375 27328.382392280488 698.9611017753004 900801.407588833 788.4806997587652 634.2857142857143
60000.0 70000.0 108.69765624997672 899.2093039772749 216.03015720275815 999.4100000000035 399.853271484375 33929.002337624406 903.5438445204778 1159837.2615668394 1002.0367401436533 840.0
70000.0 80000.0 79.42737500001385 901.8702386363624 211.92995079414763 999.5500000000029 373.618896484375 35222.68319953719 917.0139429758946 1171078.3966776985 1009.3983542131842 633.0
80000.0 90000.0 4695.42396679685 757.7965761718785 293.4539236162625 999.9700000000012 232.50310351562803 20930.40834461116 525.6274189982623 671247.284785405 596.6791230482547 452.57142857142856
90000.0 100000.0 3165.689822265631 854.2887722167961 237.30430331906322 999.599000000002 459.610107421875 25701.992613816205 658.25184321092 830197.0257597067 734.1022169632222 634.2857142857143
100000.0 110000.0 101.931189453142 899.8244373224417 209.50327935795048 999.7859999999928 421.81591796875 34054.69534834295 912.1361836935494 1151465.7812653072 993.620020610611 840.0
110000.0 120000.0 103.03794921879307 899.7238227982915 212.3801815516481 998.7330000000075 384.54296875 33482.51091908661 886.7861016218084 1139627.1977476873 968.0949162204009 840.0
120000.0 130000.0 4329.835029296897 708.7706213378879 365.8628963762683 999.9239999999991 52.30900000000838 23738.691395828835 609.962110036364 792670.6946127069 684.5451716365023 582.8571428571429
130000.0 140000.0 3116.266988281248 688.3733011718753 409.319179204084 998.6600000000035 41.953999999997905 30243.468164695056 773.8263697899906 982379.5181765065 854.1501602983329 472.8
140000.0 150000.0 1294.273933593795 870.5726066406205 272.68334377043453 999.997000000003 272.7400488281273 31521.484321359654 840.646791916472 1056208.0347920554 916.824575391339 761.1428571428571
150000.0 160000.0 157.32391796880984 894.7887347301082 220.84890244937793 999.5489999999991 364.652099609375 32531.737375201505 857.0199582185429 1082735.4878771016 931.4398463824087 840.0
160000.0 170000.0 1067.9710273437668 893.2028972656233 191.73306660843647 999.7090000000026 456.924072265625 32095.424653617883 859.7389773413113 1093367.8994105523 926.56103926089 840.0
170000.0 180000.0 2004.0951230468636 888.4338752170152 215.82137994499914 999.7749999999942 477.77294921875 35483.87919397535 953.9417901399003 1198281.2088203484 1007.691709204709 840.0
180000.0 190000.0 3392.769949218782 734.1366723090242 351.64947523064467 999.1300000000047 29.312999999994645 28872.6397400227 733.5435657612059 905405.8009192515 795.3754268677264 514.6666666666666
190000.0 200000.0 1649.0660742187465 927.8815473090282 195.89343139876416 999.6270000000077 406.02392578125 33824.553692067035 834.8306693509552 1032819.8195153171 907.4972272836472 557.3333333333334
200000.0 210000.0 937.1560371093801 906.284396289062 176.15518697949094 999.9379999999946 568.4970742187579 41312.8648244732 1054.0248187788495 1312635.511051633 1124.343809659138 840.0
210000.0 220000.0 2653.192767578119 734.6807232421882 413.08388222311737 999.1469999999972 2.063111328112427 30210.801796247484 780.3197861062587 974067.8850993342 833.2596265993282 840.0
220000.0 230000.0 84.39085742188036 901.4190129616472 213.33308004715076 999.8930000000109 409.895263671875 43153.383794710186 1096.8062771940952 1374655.1286088338 1175.6308237021708 840.0
230000.0 240000.0 2808.0631855468673 799.1040904947926 310.9739810584528 999.7969999999914 170.2829999999958 31757.004773289627 806.5766943682927 1022819.1828765254 871.717205881774 634.2857142857143
240000.0 250000.0 2499.6360781250114 833.3737690972209 259.01446582966514 999.3939999999711 325.1229999999923 31738.391119212458 779.441754201549 994465.4728483566 867.551306873942 557.3333333333334
250000.0 260000.0 2033.9750625001034 885.1138819444329 220.01055206423393 999.9290000000037 394.5859375 31412.954005918913 798.139547138477 1029222.2962655422 896.6279222023502 840.0
260000.0 270000.0 52.28564062505029 904.3376690340864 216.35064754976548 999.9130000000005 358.529296875 37701.61726058787 949.4470098363079 1209215.5607886165 1035.5481274476144 840.0
270000.0 280000.0 1327.6053749999846 867.2394625000015 214.734594477845 999.6300000000047 457.544921875 37533.406838580944 949.83468119072 1213653.7571972562 1040.752944824261 656.0
280000.0 290000.0 82.77162499999395 901.5662159090915 211.76304445258177 999.8919999999925 414.779296875 37158.83817547217 945.1897180306969 1204642.058148217 1020.3220758946568 840.0
290000.0 300000.0 522.1314121094183 947.7868587890582 128.79373761804982 999.8759999999893 584.6717031250009 42805.9370593064 1090.5415198148173 1387799.830291303 1167.9125572735704 840.0
