ts te idle avg_span std_span max_span min_span c_bytes_all c_pkts_all s_bytes_all s_pkts_all video_rate
0.0 10000.0 6184.402878906229 953.8992802734429 87.22299795462422 999.255999999994 823.09912109375 28697.56499981369 322.6903126794615 876965.9058100318 659.6814252366153 288.0
10000.0 20000.0 3063.243007812416 693.6756992187584 392.33806891805204 999.5420000000158 85.87800000002608 46697.02519825862 660.8167598941226 1285798.5203625967 955.717089705005 288.0
20000.0 30000.0 1091.8071132812183 890.8192886718782 221.9802420459767 999.8219999999856 429.10700000001816 56446.409801927686 938.4929274264159 1421747.5738273715 1001.6014850583797 840.0
30000.0 40000.0 2433.8398964843946 840.6844559461783 318.09967216565775 999.5129999999772 121.0109999999986 51229.419424879154 843.2440159292394 1294058.605149616 915.9931610619878 840.0
40000.0 50000.0 1976.7440078124637 802.3255992187536 329.3466859501739 999.9290000000037 100.05499999999302 55316.32366130222 958.5067672445839 1401466.3970248513 983.7647287817583 840.0
50000.0 60000.0 2951.485025390575 783.1683305121583 334.7719840809312 997.8150000000023 73.44000000000233 47214.35734782353 744.8887529073967 1063464.4285785516 758.7933655813151 705.0
60000.0 70000.0 284.22980664053466 883.2518357599514 248.8316635892325 999.1390000000247 270.145263671875 52591.32529759698 904.8768955762159 1307847.123767359 930.6701236611714 840.0
70000.0 80000.0 1547.822373046889 845.2177626953111 259.3756202424793 996.7220000000088 291.64000000001397 50984.5845217535 842.8158133608132 1282389.735420108 903.0761818523084 840.0
80000.0 90000.0 1132.6618007811485 886.7338199218851 212.33171980986663 999.265000000014 457.51708984375 56710.16591555808 997.7080544060743 1494803.7668930858 1049.614531094883 840.0
90000.0 100000.0 1655.2810898437165 927.1909900173648 157.43530221173845 999.6959999999963 518.2809101562598 43270.82383108654 727.9597005756766 1066054.9431664282 767.087907966576 840.0
100000.0 110000.0 656.0140429688618 934.3985957031139 186.951603348101 999.9500000000116 402.85595703125 57757.391073592706 974.088053267002 1456503.203806395 1034.2829294301462 840.0
110000.0 120000.0 3017.601957031118 872.7997553711102 209.53240171050786 999.8649999999907 491.42700000002515 42475.608926407294 705.911946732998 1064950.796193605 768.717070569854 720.0
120000.0 130000.0 2309.232726562419 854.5296970486202 268.02816158573444 999.8250000000116 321.4220000000205 53386.77465267895 773.1570642960803 1280038.4013498495 928.4753884639563 660.0
130000.0 140000.0 2026.8522714843275 797.3147728515672 338.56293354008034 999.984999999986 39.677000000025146 52656.69197921611 911.0143340634171 1305583.1574644488 927.6960098955411 840.0
140000.0 150000.0 1371.0049375001108 862.8995062499889 219.36596191486615 999.9629999999888 456.716064453125 54807.82999982357 960.2663567270469 1382182.6245029941 969.6099689803129 840.0
150000.0 160000.0 3547.779101562628 716.913433159708 359.3168728005931 999.0009999999893 31.51899999997113 41943.01044686027 644.3165633520517 949690.9961443149 691.687922465014 540.0
160000.0 170000.0 1544.9829628906446 939.4463374565951 159.5579602566982 998.7679999999818 514.7050371093792 44295.6929214211 719.2456815614039 1129853.8205383925 809.5307101951755 840.0
170000.0 180000.0 2553.936695312499 827.3403671875001 353.06469142080044 998.0819999999949 0.0 54680.17499538414 815.7790342274759 1317134.8056344998 944.4992023945451 640.0
180000.0 190000.0 1622.49630468752 930.8337439236088 160.12404743617444 999.3939999999711 512.9116953124758 53497.825004615865 870.2209657725241 1397235.1943655 999.5007976054549 840.0
190000.0 200000.0 611.6539140625391 938.8346085937461 184.1237494661846 999.6269999999786 414.9130859375 61404.657065460415 1000.5896758603851 1492418.0696724118 1056.4200403512687 840.0
200000.0 210000.0 3593.784781250055 711.8016909722161 364.06926290698306 997.234999999986 35.44099999999162 42151.019908150476 630.0606647093994 934613.8696536575 672.9731847901603 600.0
210000.0 220000.0 4089.455203124904 656.7271996527884 416.35061889472234 998.5870000000577 0.25100000004749745 46148.95011175684 668.127456471617 1039753.7056669744 753.6539659325708 582.8571428571429
220000.0 230000.0 64.5511679686606 903.2226210937581 210.16523235296572 999.4490000000224 439.85693359375 60486.66114823397 973.2451796562775 1528714.5322395102 1080.7462236230317 840.0
230000.0 240000.0 3916.7939550781157 675.9117827690983 416.83549707920207 999.1639999999898 0.0 40889.361565443935 601.2335931249819 882621.414744305 639.855210884776 582.8571428571429
240000.0 250000.0 4044.531087890733 661.7187680121408 350.74532414308766 999.9020000000019 45.51399999996647 39618.41185301965 532.9766147572101 826195.4426128303 613.2802236394914 384.0
250000.0 260000.0 1450.3259160156595 854.967408398434 224.37192648569928 998.859999999986 457.698974609375 46718.0180318279 712.2561559525614 1071969.191538002 771.9307767523194 720.0
260000.0 270000.0 2039.5396601563552 796.0460339843645 339.84801587797057 998.6629999999423 31.17000000004191 54110.99601458858 879.760311860068 1349713.085906428 952.0824410673434 840.0
270000.0 280000.0 2603.147314453032 821.8725206163298 253.2867023617787 999.5250000000233 404.1280000000261 49593.924301518244 759.7503476074996 1089250.6879658804 778.0579329590382 705.0
280000.0 290000.0 1612.4498964842642 931.9500115017485 178.68264427339435 999.8050000000512 456.506103515625 57456.31052263832 912.1010012663014 1419461.82459367 1004.9675100507369 840.0
290000.0 300000.0 1735.6451992188813 826.4354800781118 277.68314535921434 999.8179999999702 338.05200000002515 55762.135059851484 874.6723896982021 1287946.7342834598 915.1075927520076 705.0
