ts te idle avg_span std_span max_span min_span c_bytes_all c_pkts_all s_bytes_all s_pkts_all video_rate
0.0 10000.0 8278.224888671888 860.887555664056 75.72893622385433 914.435999999987 807.339111328125 9882.420893504104 69.99521740048345 222513.011098022 166.91271446549206 288.0
10000.0 20000.0 146.70208789064782 895.7543556463047 247.04370443299024 999.2600000000093 188.53788867185358 43640.88359344478 597.7106540389168 1062265.5780241448 777.5140828918105 288.0
20000.0 30000.0 220.35772460949374 889.0583886718642 254.86469707566948 997.420999999973 175.56297656247625 37041.71279054788 499.26031295756155 847595.3769228032 612.661874342297 288.0
30000.0 40000.0 107.97228125005495 899.2752471590859 217.185148092786 996.9990000000107 323.10570117185125 35978.78578447504 512.5765422405497 801397.4483632277 565.8232528486953 288.0
40000.0 50000.0 505.2021113281953 863.1634444247095 239.16115455392756 999.6479999999865 336.9739824218559 29425.78350158261 401.1777433645973 637035.7601456561 462.27487361176406 288.0
50000.0 60000.0 145.9929101562593 895.818826349431 222.24699132139665 999.7739999999758 372.89599609375 33224.61810971123 481.66808860075326 735066.3386358813 532.022897100853 288.0
60000.0 70000.0 1125.334933593811 806.7877333096535 295.7668943304859 999.4419999999809 64.9140625 28347.534224575942 361.8085645618867 661091.1850168399 493.05267531536225 288.0
70000.0 80000.0 147.7117519530584 985.2288248046941 20.44434798379098 999.6010000000242 929.9769375000033 29468.182087043966 414.3910995306227 636475.2476557815 462.2251954446324 288.0
80000.0 90000.0 130.2380136718857 897.2510896661922 295.1224307167348 999.8209999999963 9.118689453112893 37113.920950832005 472.1929330348538 722179.2013347722 518.636682715487 288.0
90000.0 100000.0 781.6182734374888 838.0347024147737 308.7738705136832 999.6620000000112 65.60070312500466 31212.94953212208 428.91625860568047 671020.5553004501 496.2495412876742 288.0
100000.0 110000.0 226.6901347655803 888.4827150213109 238.0035618002778 999.9349999999977 277.535888671875 29335.947094107687 398.05386468929896 643034.2321981385 463.9347049454342 288.0
110000.0 120000.0 170.84390039060963 893.5596454190355 254.36555524857596 998.9770000000135 168.18798828125 29949.606056670862 412.3470362131988 669108.2179286868 477.9588277745777 288.0
120000.0 130000.0 200.59190429683076 890.8552814275608 273.5183323623905 999.814000000013 79.611083984375 23524.704331641875 322.173647538989 496754.72510510375 362.084444003493 288.0
130000.0 140000.0 159.7750957031967 894.5659003906185 292.00811177607875 999.935999999987 17.81298828125 33667.08376616441 466.80758500864835 721692.2756294473 528.1596001528843 288.0
140000.0 150000.0 169.21205468749395 983.0787945312507 18.573200275285892 999.7660000000033 949.23193359375 37938.04708816887 555.8773372353808 909221.6793347287 660.3266694422191 288.0
150000.0 160000.0 210.27295703120762 889.9751857244356 282.6623911083157 996.4930000000168 48.53706640622113 24498.96689051718 335.5302620157859 514780.5389338089 375.03657147644327 288.0
160000.0 170000.0 183.07890039065387 892.4473726917587 256.1594848837906 999.8379999999888 152.21002343751024 29533.140911677117 409.48255843273034 642534.529889911 469.323058890138 288.0
170000.0 180000.0 411.6220781248994 871.6707201704637 246.89723464800952 996.1959999999963 221.53592382813804 26568.859255468207 359.4907074984441 572811.2844617009 423.13990565716364 288.0
180000.0 190000.0 365.4870605469914 875.8648126775462 227.02001877821849 999.1840000000084 385.9870019531227 42486.73686326124 614.6981715161738 914653.2956865453 667.6607424961453 288.0
190000.0 200000.0 1002.3756640623324 899.7624335937668 184.9126342219199 999.2240000000456 514.475062499987 35436.74722718018 432.9922837201217 642173.3643984222 474.61827994630465 288.0
200000.0 210000.0 255.29525195318274 885.882249822438 237.93601885191387 999.3240000000224 399.072021484375 28328.429640003083 399.2787253126925 584450.1259518381 421.2173294671385 288.0
210000.0 220000.0 335.7910624999786 878.5644488636383 234.65700139037068 999.2020000000484 268.407958984375 30450.91322521457 425.22016318149537 676366.5046571799 494.714874957894 288.0
220000.0 230000.0 143.79294140613638 896.018823508533 241.88186099213613 998.0189999999711 209.218017578125 34368.307386624576 481.22062886136416 768136.3073376365 572.3315566678469 288.0
230000.0 240000.0 4739.93613281229 751.43769531253 256.57396050192256 999.8209999999963 296.18700000003446 33365.3682938992 463.47079620179335 658676.883248669 480.7398129213959 342.85714285714283
240000.0 250000.0 3907.4138847657014 761.5732644042873 375.1980370792027 998.0679999999702 11.403999999980442 37083.35050156132 569.6588182379774 867256.3327406048 628.3798311768539 480.0
250000.0 260000.0 4082.8649394530803 739.641882568365 434.9980958755361 999.8370000000577 0.0 45256.78866908034 626.9219555376723 920188.569609638 664.2461624424441 600.0
260000.0 270000.0 1762.2521679686615 915.3053146701487 168.34017447169498 999.4599999999627 477.014892578125 53810.92279652997 920.237207197725 1396854.2638667014 986.50716639801 840.0
270000.0 280000.0 111.6190078125801 898.9437265624928 209.31101529070747 998.9089999999851 433.431884765625 57146.44539052998 921.9843994752443 1414919.0080397902 1023.3329181631418 840.0
280000.0 290000.0 136.74790625006426 896.6592812499941 222.9520354295915 999.6350000000093 384.677978515625 55905.07436030907 906.1163054692723 1432295.0030660583 1029.3332498224952 840.0
290000.0 300000.0 841.8579785155598 915.814202148444 167.39544314402784 999.4980000000214 586.6350000000093 54197.76878355064 876.7401323200861 1325880.1554178123 939.5805031739089 840.0
