ts te idle avg_span std_span max_span min_span c_bytes_all c_pkts_all s_bytes_all s_pkts_all video_rate
0.0 10000.0 0.0 0.0 0.0 0.0 0.0 0.0 0.0 0.0 0.0 0.0
10000.0 20000.0 457.51473828125745 954.2485261718742 102.19650410944678 997.8119999999763 665.09326171875 34447.60462093583 380.4259523736663 802388.4594141438 590.4422969101956 288.0
20000.0 30000.0 188.91132031247253 891.9171526988662 224.61028342919892 996.9980000000214 324.45973828126444 34779.59139374402 464.737507191738 828272.0056184859 609.6471230756044 288.0
30000.0 40000.0 259.6020000000135 885.4907272727261 217.78156460408366 999.3420000000042 410.76905859372346 27076.498265343245 376.7618584913081 650956.5162297166 463.631566713299 288.0
40000.0 50000.0 136.99162890634034 896.6371246448781 217.31173576247616 999.929999999993 410.4453125 37250.430459717165 517.0192003796096 809629.1497174008 575.9780892995302 288.0
50000.0 60000.0 312.5172128905542 880.680253373586 245.07465699712537 999.8269999999902 244.152099609375 28700.74407168182 394.9460181701723 661376.4997758651 473.4387240230274 288.0
60000.0 70000.0 150.80316406255588 895.3815305397676 253.63566393461937 999.3030000000144 165.033935546875 31324.323515009688 444.87195786000336 695289.3803968091 492.61565118524493 288.0
70000.0 80000.0 627.2499355468317 937.2750064453169 102.06213863882843 996.7339999999967 688.984999999986 31305.807673568233 446.23750553350226 688259.9888475788 484.2465487930983 288.0
80000.0 90000.0 589.3911152343499 941.060888476565 147.7267454812218 999.9679999999935 521.431884765625 27143.31436994349 352.04701422385335 573838.6679091115 404.2013981137617 288.0
90000.0 100000.0 173.3748945312691 893.3295550426119 220.6986776365985 999.4189999999944 425.364990234375 30982.686429278132 425.7878921845043 692520.2283651682 499.63350829459597 288.0
100000.0 110000.0 1937.080990234448 806.2919009765552 324.2136264453002 999.8479999999981 124.34299999999348 31997.999200778377 448.1650935916423 724269.1037257204 525.1650935916423 288.0
110000.0 120000.0 4309.841000000015 948.3598333333308 53.33072385190638 995.7600000000093 861.11599999998 36447.0 542.0 749904.0 543.0 448.0
120000.0 130000.0 2683.3927460937994 914.5759067382751 147.32448147139203 998.9749999999767 558.63525390625 46189.111640322284 700.3207653577734 1182775.7370207724 837.436194538557 685.7142857142857
130000.0 140000.0 946.1571601562318 823.0766218039789 312.9246916769392 999.0219999999972 48.37109375 52975.51109869486 881.6205060621696 1331967.785150484 938.7301284353066 840.0
140000.0 150000.0 975.3912070312654 902.4608792968735 168.49989340386554 999.7660000000033 543.73388671875 51319.47893459816 876.654806211505 1268517.1621326478 896.1289141500376 840.0
150000.0 160000.0 433.99498242192203 869.6368197798253 231.93675221975488 999.914999999979 405.451904296875 55431.11500102871 956.3874871593464 1387491.5362696443 980.4636699996765 840.0
160000.0 170000.0 69.78461132809753 902.7468535156275 215.60869843069725 999.4880000000121 368.42529296875 49893.3529247289 862.200509025406 1232643.7693158071 866.9095808817002 840.0
170000.0 180000.0 815.2533281249343 834.9769701704605 307.12483740283477 999.6390000000247 67.43896484375 51199.927469554175 867.2060620530652 1228715.3524978948 862.8868442173464 840.0
180000.0 190000.0 650.3499238281511 934.9650076171849 121.13058533820619 999.7880000000005 604.342041015625 52481.82629193252 910.442633304676 1374960.2965233743 966.8439907861053 840.0
190000.0 200000.0 385.8101132813608 874.0172624289672 232.96481158547368 999.48199999996 391.37795898434706 54287.76212179249 911.6121230687061 1346547.9392297084 950.9966552683294 840.0
200000.0 210000.0 142.38498437497765 896.1468196022747 212.4586493095786 999.841999999946 389.491943359375 52532.6470421935 911.1246331587042 1286863.3095385218 922.0174470478445 840.0
210000.0 220000.0 61.451962890685536 903.5043670099377 214.5859310173185 999.4329999999609 366.72998046875 52031.512598825735 897.9020127298983 1303659.184572563 915.8266420918243 840.0
220000.0 230000.0 1016.1828964842716 816.7106457741571 333.263356553832 999.9320000000298 63.361083984375 50553.20268764926 857.4437699863421 1212407.6976198656 855.1647327701071 840.0
230000.0 240000.0 672.4551933594048 932.7544806640595 124.08653698680855 999.9089999999851 606.837890625 55190.83939255234 954.1310013645758 1415625.6387362427 987.5996134547124 840.0
240000.0 250000.0 1140.7358906251611 805.3876463068035 307.4198561448201 999.8530000000028 207.53599999996368 54825.73349687925 896.0773072400748 1309505.996424805 933.1992056837717 840.0
250000.0 260000.0 404.5539179686457 872.3132801846685 292.33329115219095 999.2129999999888 100.18408203125 54847.30152252237 934.404161070742 1339666.1657498938 952.5247432633074 840.0
260000.0 270000.0 1363.7141191405244 863.6285880859475 233.8093331212619 998.1689999999944 319.67299999995157 52491.66166407501 866.519280683549 1232653.169318775 860.4500285058989 840.0
270000.0 280000.0 919.5728593749227 825.4933764204616 326.5931923935038 999.2510000000475 30.631103515625 51486.22639164055 845.7374613524046 1219647.6390970403 854.7907394577758 840.0
280000.0 290000.0 1129.577185546863 887.0422814453137 281.91417860034096 999.4089999999851 96.19091796875 54595.37371121958 911.2727577954034 1361451.8909475124 957.600935220386 840.0
290000.0 300000.0 770.36403320299 922.963596679701 177.26685194711425 998.9150000000373 430.556884765625 60609.41427050497 976.6588168382568 1495633.360712682 1067.8908702083093 840.0
