ts te idle avg_span std_span max_span min_span c_bytes_all c_pkts_all s_bytes_all s_pkts_all videorate
0.0 10000.0 6523.158052734332 869.210486816417 201.6707675069176 996.7150000000256 571.970947265625 32031.143549318687 377.26593621854175 752318.4704181392 565.1469364617093 288.0
10000.0 20000.0 763.9680644531618 839.6392668678944 269.3407854917196 999.8329999999842 414.5048828125 59952.1001615674 833.669765299262 1930380.129536535 1404.7100780250073 508.8
20000.0 30000.0 1095.7447812499595 890.425521875004 202.39594193626522 998.5970000000088 449.8291015625 66041.26094165086 954.4136337662707 2407243.1159582217 1742.0972154805797 840.0
30000.0 40000.0 1137.0861015625414 886.2913898437458 286.69453687777315 998.5449999999837 76.8408984374837 69187.49534746305 960.6506647159255 2544801.2840871047 2109.045770032704 840.0
40000.0 50000.0 2330.436000000045 852.1737777777728 272.1162600997884 999.0530000000144 366.6149999999907 62868.0 999.0 1684929.0 1436.0 840.0
50000.0 60000.0 730.5578964844462 926.9442103515554 189.7366327660936 999.5009999999893 394.006103515625 68340.09782725121 1184.090530388706 1553734.4195368693 1320.702778736823 840.0
60000.0 70000.0 557.7782031249953 944.2221796875004 128.84006959046474 999.9959999999846 592.8978964843554 59629.64678241591 1024.7964435684858 1352920.0227868645 1152.663505844958 840.0
70000.0 80000.0 683.4109433594276 846.9626415127793 296.9871836797486 998.7619999999879 120.73309960938059 60082.436890889636 1051.6500358924382 1299381.462222015 1112.5267002001785 840.0
80000.0 90000.0 646.0119570312672 935.3988042968733 144.7343201983027 999.5329999999958 548.9990429687314 58836.81849944325 1049.46299015037 1288096.095454251 1099.107015218041 840.0
90000.0 100000.0 2295.4900488282437 856.0566612413063 228.03969126710734 998.2139999999781 420.7249999999767 57954.72406354564 982.80632279015 1403792.2133599278 1079.6638737364897 840.0
100000.0 110000.0 1116.3480605469085 807.6047217684628 321.6831401784321 999.7870000000112 71.14204882812919 53575.379053228746 925.362707403933 1300424.9643321754 937.6858020675754 840.0
110000.0 120000.0 575.1047832031618 942.4895216796838 124.51759386433095 999.8449999999721 600.9471093749744 53214.50649790778 890.1047862867724 1399091.7617858995 1020.4202367095712 840.0
120000.0 130000.0 612.4841113281436 853.4105353338051 302.6243861320136 999.3989999999758 106.79689257813152 54667.281569460065 916.5884101017512 1388399.2010990991 1017.3426511905211 840.0
130000.0 140000.0 1788.2969960938208 912.4114448784644 153.20503817855857 999.9699999999721 545.3260039062588 53641.10881585779 901.1377734173934 1280492.8594228982 926.8874362958428 840.0
140000.0 150000.0 2262.615978515707 859.709335720477 279.34825763580955 999.6010000000242 291.2839999999851 55160.40011068953 918.9499418430705 1332508.9507555477 960.2411032943613 840.0
150000.0 160000.0 199.4410976562067 890.9599002130722 214.6668188153521 999.140000000014 383.471923828125 56958.956386757985 950.2579800599596 1353916.0900055557 981.8843101044689 840.0
160000.0 170000.0 989.7678046874935 901.0232195312507 199.02865159586113 999.2289999999921 454.047119140625 55171.95392573525 894.0356554047017 1328802.392718499 971.1243302476506 840.0
170000.0 180000.0 102.21703125000931 899.7984517045446 220.90927418516253 999.7839999999851 374.090087890625 55272.82524162808 909.8482833081877 1315891.301210984 957.097733814198 840.0
180000.0 190000.0 1152.271093749965 884.7728906250035 209.37889334973937 999.0449999999837 386.25500000000466 56794.52467627295 933.1872820708297 1366793.4309841702 987.0123208185563 840.0
190000.0 200000.0 1805.4008828123915 819.4599117187608 317.2854721931433 999.7700000000186 79.74200585938524 58767.06458241844 939.6552166821854 1458381.6814971413 1053.9176380973283 840.0
200000.0 210000.0 1695.3800449218834 830.4619955078117 270.0106360951989 999.8349999999627 342.66399999998976 57535.158804778475 946.9540390393687 1379963.6860340706 1003.4332823500791 840.0
210000.0 220000.0 138.6331406250829 896.4878963068106 217.66562825297976 999.3580000000075 380.89892578125 55432.87843300402 927.0174996660181 1304359.931975075 945.6232263902997 840.0
220000.0 230000.0 596.882925781305 940.3117074218695 129.7127295914378 999.9320000000298 618.8460742187453 51454.23783871527 875.0941019256785 1211110.5348189569 874.6660548830577 840.0
230000.0 240000.0 1196.7760136717698 978.1359984809145 53.27569202201718 999.329000000027 836.260986328125 55603.65821209822 914.8375394098636 1328144.258128201 961.4176575098986 840.0
240000.0 250000.0 588.3200839845231 855.6072650923161 298.7074233152277 999.9039999999804 156.93701367184985 61562.65796762437 930.4729456427963 1518480.1106481836 1101.4600631657736 840.0
250000.0 260000.0 1041.1129687499488 895.8887031250051 206.271453745482 999.8050000000512 405.10693359375 56098.712062448016 928.7096611304618 1332063.100740121 970.2782724540228 840.0
260000.0 270000.0 1092.9386367187835 890.7061363281216 198.70595716955359 998.9790000000503 449.529296875 57216.471997345754 928.1356759959066 1402747.2484516026 1022.3568867158143 840.0
270000.0 280000.0 657.9292968749069 934.2070703125094 144.4932785287773 999.7140000000363 546.031703124987 55739.49976048364 912.8441778209719 1322600.2820318923 964.4871201544905 840.0
280000.0 290000.0 2153.453000000096 980.818374999988 33.14545991720392 999.8229999999749 911.5670000000391 53958.0 894.0 1287726.0 932.0 840.0
290000.0 300000.0 2582.170910156099 824.2032322048778 301.4243827779918 999.9440000000177 202.5679999999702 59019.68227219785 931.2212702535553 1446425.2100771193 1045.400536410636 840.0
