ts te idle avg_span std_span max_span min_span c_bytes_all c_pkts_all s_bytes_all s_pkts_all videorate
0.0 10000.0 6905.729039062513 773.5677402343717 445.1602764126521 998.4199999999837 105.8349609375 22434.852410473595 243.6004162532257 439796.5678306745 337.43174639190573 288.0
10000.0 20000.0 1947.2880332031636 894.7457740885374 211.84625735266513 999.8580000000075 356.825927734375 50608.30107181349 735.8456334190579 1124091.487745448 828.1761065480778 340.3636363636364
20000.0 30000.0 3000.4568105469225 777.7270210503419 341.0139672621826 999.0949999999721 62.05999999999767 50207.57221967525 797.78829671208 1230504.9642621006 889.62649344438 737.1428571428571
30000.0 40000.0 2060.24616015621 793.975383984379 344.3514148581733 999.3850000000093 53.48200000001816 50659.17334805545 836.5665971957998 1193572.6941167244 853.1153595561907 660.0
40000.0 50000.0 2337.8989570311387 766.2101042968861 396.48007623887224 999.140000000014 26.881999999983236 46242.10094998222 706.1990564198367 998348.2860450525 728.6502940594457 570.0
50000.0 60000.0 1698.8199472656706 922.3533391927033 223.96891713085117 999.7540000000154 325.154052734375 53297.90537719205 891.0075803306852 1329571.6611568287 945.5263606577913 840.0
60000.0 70000.0 3191.689937499992 756.4788958333343 367.45477852168943 999.1930000000284 120.67494726565201 48642.290178866715 811.2707376154618 1209960.5675599943 859.7519572883557 840.0
70000.0 80000.0 2286.8241152343107 771.317588476569 383.9705097097299 998.5740000000224 60.43699999997625 51002.80444394123 887.721682053853 1263267.7712831772 896.721682053853 840.0
80000.0 90000.0 3425.520898437535 821.8098876953081 324.51423413106295 999.3240000000224 245.02899999998044 45281.121059868165 720.141444920961 1026617.2605189631 739.2054478068479 582.8571428571429
90000.0 100000.0 3406.3150624999544 732.6316597222273 347.47612981556273 999.9290000000037 50.37900000001537 45861.84497910403 674.7642872421876 1020096.8541472128 752.5751753380162 570.0
100000.0 110000.0 2043.486953124986 795.6513046875014 336.7925283724664 999.2870000000112 83.58600000001024 48194.45556472579 775.113731681512 1137355.26095795 817.4183870730437 737.1428571428571
110000.0 120000.0 1667.5238359374343 833.2476164062566 276.116987043391 999.685999999987 308.01600000000326 58141.38773488374 1000.1544434330809 1477343.698775416 1041.340769856474 840.0
120000.0 130000.0 3224.559156249976 677.5440843750024 382.0945866887857 998.6550000000279 52.070999999996275 42417.220034990234 719.6851324401017 1038385.8590133694 738.2260844486501 840.0
130000.0 140000.0 3213.5060136718675 754.0548873697925 343.66746571202435 999.9170000000158 43.18699999997625 44860.513424632496 718.0697663505016 1032456.2300748713 745.1009711591901 634.2857142857143
140000.0 150000.0 897.5420800781576 827.4961745383494 302.5501222377465 997.9870000000228 179.08399999997346 61875.45720179555 1038.071193931655 1497870.8365122173 1058.1331643177778 750.0
150000.0 160000.0 3535.246097656258 808.0942377929678 355.22544329383135 999.9010000000126 89.91100000002189 44132.94722094317 747.5223416598001 1141804.2468442523 808.9696087994374 840.0
160000.0 170000.0 1967.92898828123 803.207101171877 325.3505496757974 999.954000000027 95.10999999998603 55299.220129210335 959.3972682466663 1396445.5762683838 989.1819271531531 840.0
170000.0 180000.0 2026.2478632812854 885.9724596354127 224.35795066696554 998.7359999999753 409.10205078125 44692.98582928981 767.3278370376144 1081807.5994550912 775.9647248089976 840.0
180000.0 190000.0 1150.0629824219504 884.993701757805 231.78453979627454 997.2519999999786 331.320068359375 53877.25659470262 841.2613963772166 1214684.9084478472 882.0197933900334 640.0
190000.0 200000.0 3726.569820312492 697.0477977430564 392.4293003518828 999.0289999999804 0.0 45706.65945641621 686.2985735501588 1053668.154315887 769.6645714838368 660.0
200000.0 210000.0 1979.3983222657116 802.0601677734288 336.5658354272103 999.4300000000512 60.41500000003725 59965.95620682815 960.1400288763095 1505793.6740226746 1070.9555097273515 840.0
210000.0 220000.0 2039.2129648437258 796.0787035156275 343.9738773562531 999.6959999999963 47.449999999953434 49822.55438792425 803.1276722529525 1185089.2929531976 846.810110332982 737.1428571428571
220000.0 230000.0 488.74096093757544 864.6599126420386 299.22129847962754 999.7299999999814 22.942999999970198 52532.42017468545 794.9248819992818 1203118.547692666 880.4337543042084 685.7142857142857
230000.0 240000.0 3030.4259999999776 871.1967500000028 300.15845164407705 999.7970000000205 141.00399999995716 49611.0 704.0 1067562.0 786.0 453.0
240000.0 250000.0 5489.456999999937 644.3632857142948 449.6279961396825 999.4109999999637 57.42200000002049 36032.0 490.0 730023.0 544.0 370.2857142857143
250000.0 260000.0 3919.45000000007 760.0687499999913 435.82283535193193 999.939000000013 0.0 40342.0 587.0 907403.0 666.0 480.0
260000.0 270000.0 1737.4279316404136 918.0635631510652 213.41501116347413 999.7730000000447 350.570068359375 55898.84643844346 898.5710734609188 1327250.2985148034 943.1276498445258 840.0
270000.0 280000.0 2030.9801308594178 885.4466521267314 211.66827046369954 999.5779999999795 409.4609375 45719.73172583498 722.0364639154972 1128212.372080053 816.8211973902835 840.0
280000.0 290000.0 124.8548242187826 897.7404705255652 223.5427513605659 998.9089999999851 333.14111328125 67891.48567692577 1092.2904744804869 1655771.6870825114 1180.9083469214784 840.0
290000.0 300000.0 2669.5390703123994 814.4956588541778 286.6321990471201 999.7900000000373 316.5230000000447 53960.69719358601 880.6026423501559 1348986.3204908625 962.8298797212469 840.0
