ts te idle avg_span std_span max_span min_span c_bytes_all c_pkts_all s_bytes_all s_pkts_all videorate
0.0 10000.0 9189.246679687501 405.3766601562493 297.02255125289474 615.4033203125 195.34999999999854 7536.044156985541 56.78904716742338 92045.52303969645 104.31835972287452 288.0
10000.0 20000.0 1034.0394160156357 896.5960583984364 226.88665432097406 998.107 282.9086796875017 52833.98500597628 1170.8480759488668 2121622.5094704726 1916.86173768268 415.38461538461536
20000.0 30000.0 497.4500117187563 863.8681807528403 241.1690226135566 999.5789999999979 228.02109570312314 40227.885470794245 1082.4805625705383 1373684.3082890238 1160.734628191518 840.0
30000.0 40000.0 725.6676171875006 843.1211257102273 286.3251963595492 999.1440000000002 236.457275390625 37033.610315573846 1001.099755388054 1288625.4346985836 1085.7770283027994 840.0
40000.0 50000.0 606.2383222656135 939.3761677734386 107.66892436907582 999.8070000000007 717.251953125 34673.368695060075 921.6510735558907 1169211.1639338303 991.3399229446293 840.0
50000.0 60000.0 233.2606640624872 887.8853941761375 230.235560397832 999.8629999999976 277.47504687499895 36425.298406957074 984.7146070917526 1267350.9252217114 1086.8747189603318 840.0
60000.0 70000.0 67.2854023437394 902.9740543323874 214.33275263882194 999.7109999999957 364.48071093749604 37267.82645591677 1001.8641735762105 1289735.2293853848 1086.1607553208091 840.0
70000.0 80000.0 945.0347792968823 823.1786564275561 304.85334596247515 999.2090000000026 192.485107421875 35780.31492297183 959.3699065882681 1222803.3424424245 1041.5200273799508 840.0
80000.0 90000.0 885.8621074218827 911.4137892578117 153.7037392987338 999.9339999999938 550.4539999999979 35886.66656976432 970.1827981129957 1236563.563518872 1054.4128214944071 840.0
90000.0 100000.0 834.6210273437173 916.5378972656283 179.7709840188893 999.8420000000042 470.13700000000244 35796.991157689314 948.4722059637734 1190734.5381913562 1020.9154151177188 840.0
100000.0 110000.0 839.8358945312502 832.74219140625 236.2322208457367 997.8040000000037 276.9650273437437 36311.66628055433 984.974258817262 1261722.0174123258 1073.6058933894253 840.0
110000.0 120000.0 55.52309179685835 904.0433552911946 213.3754275370587 999.9919999999984 368.1329218750034 37735.58645802727 1018.5619463717551 1300612.4630336335 1094.9264961735248 840.0
120000.0 130000.0 3242.748994140624 675.7251005859376 418.65888662904234 999.3660000000091 42.320999999996275 31113.11663010448 813.0927308542923 1054523.5703575986 895.0739672758581 634.2857142857143
130000.0 140000.0 1829.575091796898 907.8249898003446 142.12788697527736 999.3770000000077 593.8040000000037 35888.77957676644 954.6916200387254 1188216.07410963 1007.2026122502116 840.0
140000.0 150000.0 643.7059082031774 850.5721901633475 274.88684616206757 999.2850000000035 230.89509960936266 37044.89570748276 1004.7634284586803 1271946.2934730514 1079.516465640368 840.0
150000.0 160000.0 232.78487304688315 887.9286479048288 240.7267904566832 999.9819999999891 256.2390078124881 38371.78729236897 1021.796226663565 1271389.8427447202 1088.8000869877762 840.0
160000.0 170000.0 57.78507421872928 903.83772052557 211.39553517946067 999.8470000000088 392.3598808593815 38055.00588056129 967.437057542723 1243868.089216333 1044.3650792879375 840.0
170000.0 180000.0 1005.9450917968352 817.6413552911968 282.03216428272293 999.6080000000075 216.501953125 38484.60222692914 982.2155984492169 1246736.6031651595 1053.381555446738 840.0
180000.0 190000.0 1198.2480410156131 880.1751958984387 182.05193329205818 999.7330000000075 449.66300000000047 37969.25752397672 961.3295989482024 1237049.688074758 1052.800162166263 840.0
190000.0 200000.0 199.348876953125 890.9682839133523 236.297486418623 999.7250000000058 252.45908789063105 39152.8363236554 1007.1288037163943 1276670.5673572994 1077.952988059533 840.0
200000.0 210000.0 63.47295312504866 903.3206406249956 216.4071491706547 999.5439999999944 351.52296484375256 40165.94462282345 1027.9088028499536 1288375.4479688222 1111.2818342883954 840.0
210000.0 220000.0 81.56582421876374 901.6758341619305 213.6879273931788 999.5499999999884 387.10791796873673 39575.98522753027 1020.657614827436 1290154.1191313372 1087.4066731181852 840.0
220000.0 230000.0 2481.3623535156366 751.8637646484364 381.0659694179868 999.1050000000105 62.82174218748696 37101.75139989687 950.6235926886421 1206118.889318315 1020.4242569886861 840.0
230000.0 240000.0 1344.6537910155894 865.5346208984411 262.8727487870691 999.698000000004 175.96009570313618 37406.85781842952 944.690962462914 1223940.3885974297 1034.4135263712124 840.0
240000.0 250000.0 1034.3471796874364 815.0593473011421 310.4371282974072 998.7170000000042 239.50488671875792 41916.20474419313 1033.5373054035254 1347113.353276577 1154.6461876604735 2124.4444444444443
250000.0 260000.0 1059.4736269531422 894.0526373046857 226.38154343568348 999.5480000000098 347.05806640622905 35959.66914089133 901.7846203457108 1149387.5747711656 990.2167060877632 761.1428571428571
260000.0 270000.0 2748.9420175781124 725.1057982421887 371.55074378699715 999.625 42.835000000020955 32376.15854114267 813.0413848487505 1023669.9894551787 873.9872305389383 840.0
270000.0 280000.0 754.8073261718382 840.4720612571056 351.93290421958227 999.8819999999832 30.731710937514435 31185.00222239433 774.3317399212569 988738.5469540544 846.5163174241849 840.0
280000.0 290000.0 1678.0640468750498 832.1935953124951 226.04317793480698 999.5380000000005 444.5349999999744 33194.18400585194 826.3916352375219 1056621.4916282385 900.437023426759 840.0
290000.0 300000.0 200.22579882817809 890.8885637428929 230.88607253073113 999.119000000006 279.9260839843773 36759.64003429628 938.5470134087296 1189125.929343802 1026.6920491459655 840.0
