ts te idle avg_span std_span max_span min_span c_bytes_all c_pkts_all s_bytes_all s_pkts_all video_rate
0.0 10000.0 0.0 0.0 0.0 0.0 0.0 0.0 0.0 0.0 0.0 0.0
10000.0 20000.0 3860.191890624992 767.476013671876 425.0632312978024 999.2660000000033 30.412109375 52746.608526813914 671.691981412486 1264619.7424105206 986.3132883995515 288.0
20000.0 30000.0 1097.516152343771 890.2483847656229 244.91256927346856 998.585000000021 226.46000000002095 52165.692186925924 810.193123879125 1300873.1827904782 952.2060841848622 682.2857142857143
30000.0 40000.0 1621.0360507812002 761.7239953835273 366.9648022481648 998.8859999999986 62.37890625 54888.32382209869 889.0547454889321 1436634.9207045333 1010.171292639782 840.0
40000.0 50000.0 1027.8309296875377 897.2169070312463 195.49575675848507 999.9290000000037 515.9430000000284 55299.20442358774 928.8830337708201 1436246.1214040027 1014.3057686770743 840.0
50000.0 60000.0 661.4220058593783 848.9616358309656 302.1557340180543 999.5019999999786 85.969970703125 50518.608280080065 845.747113279182 1320552.996918197 938.0251552821182 840.0
60000.0 70000.0 789.8709824219113 837.2844561434626 328.08089275533445 998.8059999999823 11.43798828125 57393.978283826444 903.5688040728643 1348081.2467414043 951.3817828591972 840.0
70000.0 80000.0 226.2319101562607 977.376808984374 18.436464262370453 999.6959999999963 954.6979999999749 54875.048642128924 908.8889821965568 1359386.466129051 980.4312276528492 840.0
80000.0 90000.0 125.86817968758987 897.6483473011282 289.72736023622963 998.0339999999851 29.62292187497951 53501.11493723588 851.6399578997906 1376242.65081473 975.446755224259 840.0
90000.0 100000.0 732.330816406291 842.5153803267008 293.09850388167894 999.369000000006 105.87710156250978 52986.18239581287 888.0835269310123 1373960.1396904718 973.226758423875 840.0
100000.0 110000.0 997.0431289062835 818.4506246448833 322.1099601034222 999.7399999999907 57.001953125 56980.508283824165 965.3953629529248 1528978.1493816546 1080.3621428254967 840.0
110000.0 120000.0 392.23395312495995 960.776604687504 90.41081711664938 999.2490000000107 711.460000000021 52371.730217665376 859.853368116306 1279362.3830149565 914.1297438309349 840.0
120000.0 130000.0 3989.4051093750168 751.3243613281229 365.6507361374808 998.7530000000261 50.30999999999767 49702.801720499556 629.0440314453042 1032594.2291814991 749.3976837796645 564.0
130000.0 140000.0 2993.7729062500875 778.4696770833236 324.0192863475942 999.9490000000224 54.708984375 46405.17785269591 647.8263257816019 941686.1905025215 687.8360763332973 557.3333333333334
140000.0 150000.0 774.4486777342972 922.5551322265703 152.0683131495396 999.8040000000037 550.289306640625 53017.01765946499 899.0743427495846 1377596.900378186 969.8620613451092 840.0
150000.0 160000.0 2171.530421875068 782.8469578124932 335.34258635263126 999.8560000000289 71.306884765625 55929.64643614782 933.5525852748054 1471640.8719080882 1036.6168267887426 840.0
160000.0 170000.0 244.1809902343084 975.5819009765692 38.3182154351734 999.8099999999977 889.0860000000102 52981.71559140796 887.1455955407906 1298122.5059140064 934.9486844398086 840.0
170000.0 180000.0 347.94059765624115 877.4599456676144 283.39255116149513 998.9010000000126 37.66310546873137 57296.502372983276 885.7319148235467 1417957.7741926103 1016.2798870616602 840.0
180000.0 190000.0 328.8951757812756 879.1913476562477 271.14109843071105 999.5030000000261 161.1767031250056 55260.73049669244 907.5676717376344 1359587.0748622422 957.3378430882955 840.0
190000.0 200000.0 69.43100585945649 902.7789994673221 209.6112867092648 999.7689999999711 436.3348789062584 53293.623874760706 855.2603834511932 1321331.0087438086 930.6172688056847 840.0
200000.0 210000.0 1344.3862109375186 786.873980823862 343.4129273921634 999.9239999999991 69.951904296875 60258.1246331822 923.729208924266 1432858.0209151309 1017.701636392789 840.0
210000.0 220000.0 512.0729042969178 948.7927095703083 75.84569048044642 998.0100000000093 794.9490000000224 55762.659362165134 903.0679402712728 1322588.4234019066 960.4020319649482 840.0
220000.0 230000.0 176.0398964844644 982.3960103515535 37.021484841376754 999.3560000000289 877.256103515625 56169.21601028868 874.9463217862449 1405755.4567425763 996.502413725172 840.0
230000.0 240000.0 715.874166015652 844.0114394531225 290.1315880395525 999.9860000000335 119.9948964844225 55054.18101565998 903.4828542683878 1338974.7536405579 941.0493840593557 840.0
240000.0 250000.0 1373.9689746093936 784.1846386718734 344.19306672359966 999.6369999999879 66.386962890625 54453.04509607325 900.0559465520658 1436731.7136634022 1012.2058670626493 840.0
250000.0 260000.0 1976.808843750041 802.3191156249959 363.25382008159744 999.7530000000261 9.672119140625 53673.16752196968 878.6410332750335 1287987.504684248 916.6596199923979 840.0
260000.0 270000.0 124.57014843740035 987.54298515626 22.52482711297959 999.7920000000158 924.469970703125 55830.8577716692 871.5908135865129 1363050.7742376737 978.9981277705729 840.0
270000.0 280000.0 158.13206054689363 894.7152672230096 276.16220315211837 999.8370000000577 73.7110292968573 55302.651741864625 877.5440891017789 1419870.1713150346 1002.3633439917705 840.0
280000.0 290000.0 1262.975789062446 794.2749282670503 365.166074288405 999.7099999999627 70.09912109375 56475.27001085561 887.3869562969003 1370548.710750019 975.8692582650059 840.0
290000.0 300000.0 1761.5131269530393 915.3874303385512 139.36303860930357 998.0870000000577 577.218994140625 58772.89085917616 914.071706722977 1389751.3451730267 990.192135195987 840.0
