ts te idle avg_span std_span max_span min_span c_bytes_all c_pkts_all s_bytes_all s_pkts_all videorate
0.0 10000.0 0.0 0.0 0.0 0.0 0.0 0.0 0.0 0.0 0.0 0.0
10000.0 20000.0 0.0 0.0 0.0 0.0 0.0 0.0 0.0 0.0 0.0 0.0
20000.0 30000.0 0.0 0.0 0.0 0.0 0.0 0.0 0.0 0.0 0.0 0.0
30000.0 40000.0 0.0 0.0 0.0 0.0 0.0 0.0 0.0 0.0 0.0 0.0
40000.0 50000.0 0.0 0.0 0.0 0.0 0.0 0.0 0.0 0.0 0.0 0.0
50000.0 60000.0 0.0 0.0 0.0 0.0 0.0 0.0 0.0 0.0 0.0 0.0
60000.0 70000.0 0.0 0.0 0.0 0.0 0.0 0.0 0.0 0.0 0.0 0.0
70000.0 80000.0 1072.531054687497 892.7468945312503 166.35669374103247 995.650999999998 598.0439453125 30204.317492740258 366.0402565159744 665882.9371335744 573.2554645331204 288.0
80000.0 90000.0 190.30702148437558 891.7902707741476 223.3682421579291 998.4339999999938 397.21205468749395 19068.07686780639 362.5735300131164 619854.9032312796 516.195705797693 288.0
90000.0 100000.0 151.61788671875547 895.3074648437495 215.03763121109196 999.0939999999973 417.488037109375 16687.715499092013 339.52857654738375 705497.6756789571 582.8162788241433 288.0
100000.0 110000.0 827.3036582031054 845.3828351862982 235.91162581638244 999.880999999994 309.60199999999895 28593.359116556025 459.98158763897226 1016063.2283080695 879.897818465639 288.0
110000.0 120000.0 110.06278906247462 899.0852009943205 276.5786375576698 999.9700000000012 73.68010546875303 18429.73242705329 439.2866762878199 608876.9844048788 516.359932533052 288.0
120000.0 130000.0 1185.3531894531625 801.3315282315307 312.95516190685146 994.5970000000088 125.13889453123556 18632.587444000725 424.8696771293489 600620.7638701499 515.7724206261767 288.0
130000.0 140000.0 168.36387304688105 893.7851024502835 242.16327943437676 999.8839999999909 213.89404296875 18665.17834631578 427.02081593466676 611025.320332731 522.0771934149994 288.0
140000.0 150000.0 132.30813085936825 897.0628971946029 253.71274134288151 999.8550000000105 156.159912109375 21173.45678624724 495.02451816829574 658481.3643275137 557.2649990685118 288.0
150000.0 160000.0 97.35595703125 900.2403675426136 267.99166403905093 998.439000000013 104.928955078125 19876.624374465748 469.991091269105 595615.3265334655 504.8874884123075 288.0
160000.0 170000.0 183.59098242188338 892.4008197798288 290.98539336356896 997.9709999999905 19.64697265625 13686.98250277881 331.43939854841267 390572.3765196273 343.3084188040942 288.0
170000.0 180000.0 143.84666796875536 985.6153332031245 24.837435629721405 999.5160000000033 919.9873046875 17549.858193292028 415.918483792591 522983.7234753225 443.7724517043975 288.0
180000.0 190000.0 239.12338085938245 887.3524199218743 277.1366091838918 998.872000000003 65.47369531251024 12577.421893117667 306.1200975523949 365494.4281317656 323.30006712795836 288.0
190000.0 200000.0 172.40561132811126 893.4176716974445 252.48685655693183 999.0299999999988 177.028076171875 15411.673289071088 366.2063400523692 452791.2157721324 389.35107777392875 288.0
200000.0 210000.0 232.50633789066342 887.953969282667 238.48350737968792 998.9139999999898 290.0776874999865 12416.502867839738 301.3277871897705 348016.4665312573 311.27395596038724 288.0
210000.0 220000.0 246.260874999949 886.7035568181865 232.4811910663913 999.2820000000065 386.402099609375 11683.41797419721 289.6939806205445 343245.7309241937 310.42870828867365 288.0
220000.0 230000.0 181.17383984371554 892.6205600142076 237.94814865114512 999.5899999999965 265.041259765625 12634.91394941752 296.29923028763784 341224.2909658937 310.89275464465817 288.0
230000.0 240000.0 238.37533984374022 887.4204236505691 262.6398599004636 999.369000000006 131.367919921875 11670.938727214476 291.8294015602024 340641.3994733619 307.1002194079501 288.0
240000.0 250000.0 198.20294726561406 891.0724593394897 285.9478530621276 999.6359999999986 38.64697265625 13521.278530816171 310.54997218561505 383952.5507615585 342.055815232752 288.0
250000.0 260000.0 180.0520253906143 981.9947974609386 19.25603456593816 999.820000000007 938.220947265625 14760.725849969045 360.2472637166765 435672.6598461663 390.994895362374 288.0
260000.0 270000.0 165.31606640620157 894.0621757812544 281.4675827772182 999.9930000000168 56.691052734386176 14602.940769921675 353.7377559051333 429010.57531300944 380.7430880360428 288.0
270000.0 280000.0 288.53996289061615 882.8600033735803 258.44333989704603 996.7629999999772 155.81511914060684 12493.994073912985 309.6695484057796 360772.3951273972 319.64283423513166 288.0
280000.0 290000.0 254.41083203122253 885.9626516335252 233.20712550390635 999.640000000014 321.06808203127 12920.630072111293 305.104665823944 348373.8013146 324.069066891763 288.0
290000.0 300000.0 242.0890976561932 887.0828093039825 228.7777613043383 998.5370000000112 383.93798828125 12316.66083282353 301.9886589907109 348766.0119996532 314.7626822600787 288.0
