ts te idle avg_span std_span max_span min_span c_bytes_all c_pkts_all s_bytes_all s_pkts_all videorate
0.0 10000.0 0.0 0.0 0.0 0.0 0.0 0.0 0.0 0.0 0.0 0.0
10000.0 20000.0 3745.6078945312183 893.4845864955403 269.6822447482007 999.3090000000084 281.93310546875 50717.28663515846 673.9602165816133 1318945.3520352743 1002.5634815811486 288.0
20000.0 30000.0 3441.2681152343866 728.7479871961792 371.8491087289476 999.7540000000154 2.864990234375 49002.72076108581 745.2895273165617 1129819.8288415757 804.8211814344312 748.0
30000.0 40000.0 688.7669746094034 931.1233025390596 151.85438959814763 999.86599999998 525.6510000000126 59664.81812831255 1011.8224358104443 1533224.652127237 1085.7134855896247 840.0
40000.0 50000.0 1566.6010156249395 843.339898437506 301.5139659945567 999.9679999999935 50.026984375028405 44739.17447544318 741.9278202913806 1140308.166995913 818.9018513947956 840.0
50000.0 60000.0 1832.951000000001 907.4498888888888 268.2949252965121 999.835000000021 192.03800000000047 58458.0 969.0 1456271.0 1025.0 840.0
60000.0 70000.0 280.3559941406711 971.9644005859329 58.437841692483175 999.5050000000047 814.156005859375 52943.76155341103 910.2833652044322 1340329.8509538684 954.9234299199021 840.0
70000.0 80000.0 1125.8909492187668 887.4109050781233 254.90791185137442 999.0129999999772 178.67799414059846 49050.242308830384 837.1934703171835 1252226.0358127186 891.6044460386291 840.0
80000.0 90000.0 1747.4231406250037 750.2342599431814 427.4365826289576 999.0719999999856 0.388916015625 51685.85664266893 883.5611063594597 1313248.347941657 942.5315793602673 840.0
90000.0 100000.0 2059.5989199218457 794.0401080078154 410.98940867806584 998.7770000000019 0.14599609375 51496.11558463545 846.9745400824261 1296860.6969380467 923.9594878963976 840.0
100000.0 110000.0 96.3920527343289 990.3607947265671 12.243998964100374 998.4920000000275 959.241943359375 65099.42532496079 1017.000466140866 1553214.4459052265 1112.0435096092585 840.0
110000.0 120000.0 1037.4570390624576 814.7766328125039 351.520650256952 999.0489999999991 40.3490566406399 54276.995007205995 890.3693790863088 1368206.0869810195 970.0005392778435 840.0
120000.0 130000.0 2556.532816406223 744.3467183593777 346.63237646940394 999.3680000000168 61.25300000002608 41382.003639854454 683.8892643278667 1122414.615455892 789.3008939742771 840.0
130000.0 140000.0 2010.7880253905896 798.921197460941 354.20021744078053 999.875 1.4140625 51706.35280852466 814.8562125449768 1207583.0870809974 858.8178797026528 660.0
140000.0 150000.0 220.40800781245343 977.9591992187546 58.993328221528856 999.1749999999884 810.2060546875 61011.385539833995 1021.3450763276118 1543347.0406262157 1096.3540821652612 840.0
150000.0 160000.0 342.115160156216 877.9895308948894 295.52419066971294 998.7719999999972 41.13394531252561 53299.06948377364 866.6844662072248 1354867.7749351873 974.2511238610202 840.0
160000.0 170000.0 917.9268515624572 908.2073148437543 207.29034553925317 999.689000000013 342.5471054687514 54052.434524437296 898.8873753188009 1399935.9384248978 1005.1525929343886 840.0
170000.0 180000.0 1816.473148437508 818.3526851562492 320.6140729394969 999.835000000021 42.20195703126956 56829.35770845112 940.9822366960318 1422919.3724943136 1008.2552207307815 840.0
180000.0 190000.0 674.4858066405868 847.7740175781285 301.66433644455117 999.704000000027 43.51210546877701 54968.07866029264 887.2095321645025 1331381.3347484889 955.6298290480747 840.0
190000.0 200000.0 2255.465087890567 860.5038791232704 252.87912654596033 999.5599999999977 220.3999121093657 45139.921213119625 724.7635092223086 1133265.3717014706 818.1753854812459 840.0
200000.0 210000.0 2735.662000000011 908.0422499999986 167.03679914811306 999.9200000000419 608.4379999999655 46720.0 649.0 982000.0 728.0 429.0
210000.0 220000.0 2938.9857167968294 882.6267854003963 146.3930389885269 999.1450000000186 657.3209999999963 45960.58977579238 645.835406389644 1036924.4318954458 755.071641109435 480.0
220000.0 230000.0 2170.254349609604 782.9745650390396 337.37625698644797 997.5289999999804 170.46299999998882 56140.68994046937 852.7064258708946 1340022.504899573 956.2919517246 788.5714285714286
230000.0 240000.0 1869.7429882810684 903.3618901909924 272.2882897213451 999.8390000000363 177.4740664062556 56277.0484044382 899.9907620485458 1358058.4044492752 960.464849396605 840.0
240000.0 250000.0 2221.642826171941 777.8357173828059 357.46705268097344 997.6759999999776 11.783054687548429 55254.63807919711 825.5699834088825 1290029.0906530386 917.8192657585353 840.0
250000.0 260000.0 411.69816992187407 871.663802734375 244.7494225955323 999.7060000000056 289.3848808594048 55368.51580678038 929.4853551673681 1358423.1906769779 967.0422787092997 840.0
260000.0 270000.0 1444.9660488280933 855.5033951171906 197.30233349521563 999.9109999999637 511.24205078126397 56113.83830814258 901.3423902089386 1397664.1315467518 991.8432580262535 840.0
270000.0 280000.0 1743.7029003907228 825.6297099609277 292.6333400105225 999.375 178.55909960938152 49820.67968517997 801.0696769057263 1200370.245878938 847.4667552752715 840.0
280000.0 290000.0 1847.1567050782032 905.871477213533 272.9646757125031 999.8020000000251 177.99399999994785 59220.17300862875 934.3663996905066 1469158.8062328177 1045.4317711510098 840.0
290000.0 300000.0 234.56735156255309 887.7666044034042 297.89253846914283 999.8850000000093 5.014705078094266 55214.9678767681 905.0821660811484 1338098.89136432 956.6746310030424 840.0
