ts te idle avg_span std_span max_span min_span c_bytes_all c_pkts_all s_bytes_all s_pkts_all video_rate
0.0 10000.0 6287.632103515614 928.0919741210964 128.15246732203715 993.3620000000228 735.868896484375 29089.487924735593 342.3126706389682 780233.4111085923 592.2957647981241 288.0
10000.0 20000.0 611.0287910156185 853.5428371803984 261.6258400396882 999.3240000000224 257.8341035156045 60158.12238014958 862.6401814664553 1710568.213821043 1234.9803486103258 508.8
20000.0 30000.0 138.84504882822512 896.4686319247068 220.82553513070977 998.5719999999856 416.258056640625 54856.395241652666 928.2816631584041 1436365.0597041093 1021.2135634341018 840.0
30000.0 40000.0 1572.5120566406404 936.3875492621511 135.1716868405936 999.8620000000228 583.3509433593717 40831.99445346216 681.7654847361723 1024583.3153662554 731.5103231574483 840.0
40000.0 50000.0 1081.5828867188538 891.8417113281146 257.96046626561 999.6439999999711 183.39111328125 63340.57142037257 984.9666760776893 1514483.475228703 1076.3762778846055 720.0
50000.0 60000.0 1664.6151132812374 926.1538763020848 123.52014252226837 999.835000000021 642.5949999999721 48620.42857962743 851.0333239223107 1242927.524771297 877.6237221153945 840.0
60000.0 70000.0 3021.6689999999944 872.2913750000007 269.8497136311973 999.4920000000275 239.35399999999208 49644.0 834.0 1293657.0 913.0 840.0
70000.0 80000.0 564.0740039062803 943.592599609372 155.90595210463383 998.8740000000107 500.39599609375 59340.14312100186 1019.0770723392419 1498099.7117428684 1063.1398963246647 840.0
80000.0 90000.0 92.24289453134406 900.7051914062414 215.2003229730595 999.5970000000088 464.3291015625 55350.443170374405 913.8671678800426 1422692.9660024536 1016.7143604877494 840.0
90000.0 100000.0 1309.571056640707 790.0389948508448 305.3241212555705 998.2710000000079 236.696044921875 50368.52410493933 860.0377951032985 1292045.785622335 908.9174121735754 840.0
100000.0 110000.0 565.4289472656674 943.4571052734333 102.6996774339723 999.8919999999925 739.85009765625 54959.591396637916 935.3883017366237 1419247.1775387698 997.0060653780588 840.0
110000.0 120000.0 118.66518945310963 898.3031645951719 236.2726973035982 999.8180000000284 258.9479023437598 50260.67241370034 843.1098927559497 1260670.441182214 900.1344008697097 840.0
120000.0 130000.0 674.9599218749208 847.730916193189 284.37192700833094 999.3560000000289 236.760986328125 53141.717828575405 876.4844877410613 1400850.969873658 1003.1343489253453 840.0
130000.0 140000.0 560.3629863281385 943.9637013671861 112.57255119750168 999.4799999999814 702.1900000000023 54190.907964770726 922.0352824437821 1396289.9480377014 999.9535158408968 840.0
140000.0 150000.0 2280.184039062413 857.7573289930652 272.0076676944244 999.3310000000056 207.4599609375 52338.70631859251 846.1722778412586 1330631.6713138765 940.5195199274224 840.0
150000.0 160000.0 745.3118554687244 925.4688144531276 101.15083685247934 999.9430000000284 739.93310546875 54297.74981131515 918.9001483672549 1491352.592121013 1054.910381683929 840.0
160000.0 170000.0 1816.2900976563105 818.370990234369 292.4440727139381 998.8099999999977 259.40089453122346 55871.2028935501 929.7502426429123 1404397.9866006477 996.2812273901989 840.0
170000.0 180000.0 335.1810332030873 878.6199060724466 261.46784482537674 999.5829999999842 232.323974609375 54395.24661343955 881.0954050892682 1348516.463679862 960.919062692122 840.0
180000.0 190000.0 769.3759628906264 923.0624037109374 116.60908742923914 999.484999999986 744.81201171875 54644.25088596533 868.8064961494322 1368422.2881926915 979.9605753896819 840.0
190000.0 200000.0 1686.542011718615 831.3457988281385 282.340086440506 998.7079999999842 254.00198828126304 53074.84347713736 881.2754299098738 1341103.9980919093 946.4092329166458 840.0
200000.0 210000.0 1538.5120214842027 940.1653309461997 158.43625014217713 998.8980000000447 518.302978515625 60104.12059011536 940.109277036957 1480139.5965266295 1051.3147319217567 840.0
210000.0 220000.0 1879.8477109376108 812.0152289062389 310.4591498064013 998.2299999999814 161.2060000000056 55090.78163142521 910.5055076503272 1365259.7784568055 966.3854458863599 840.0
220000.0 230000.0 1598.6142675781157 840.1385732421884 338.8460777660026 999.0280000000494 0.0 44403.09777845943 732.3852153127157 1081644.625016565 776.2998221918833 840.0
230000.0 240000.0 561.3991054688813 943.8600894531119 162.6743737611758 999.9329999999609 481.06689453125 64065.35119456253 1060.268493654423 1606357.8034567474 1133.3621197161756 840.0
240000.0 250000.0 2220.0375742184697 777.996242578153 298.18295749334584 999.2460000000428 241.1533203125 52960.51633524437 832.2451333309264 1323673.7173790904 932.978459371867 840.0
250000.0 260000.0 2572.7124277345138 825.2541746961651 234.85060256230977 999.716999999946 377.01599999994505 51675.06667937571 845.4102102356701 1281116.2361345787 907.7420915917198 840.0
260000.0 270000.0 1565.4388925782405 843.456110742176 341.3550330331716 999.9259999999776 0.0 49933.06579081739 832.0761627789802 1206478.2430295835 854.9173293202376 840.0
270000.0 280000.0 568.2170195311774 943.1782980468822 166.72577155329117 999.6180000000168 468.85498046875 65044.63046361501 1075.2267046438465 1618454.6000453848 1144.000341024975 840.0
280000.0 290000.0 1554.445015624864 844.5554984375136 242.85007654956092 999.5770000000484 427.7070000000531 51738.80330161186 843.670702375097 1273809.3736665733 900.3624407418511 840.0
290000.0 300000.0 2322.995013671927 767.7004986328072 314.29864399515225 998.7489999999525 147.77800000004936 52994.89605373032 841.5593942699486 1319419.329838213 931.0612648184823 840.0
