ts te idle avg_span std_span max_span min_span c_bytes_all c_pkts_all s_bytes_all s_pkts_all videorate
0.0 10000.0 6537.723943359393 865.5690141601517 225.70534552696876 998.6479999999865 527.758056640625 23635.62386000069 277.8165891789916 513339.66288450407 397.29929963548193 288.0
10000.0 20000.0 1052.0907675781636 813.4462938565306 323.3208868627374 999.5559999999823 136.3630000000121 62887.12728766291 946.5308479416758 1586262.7011401367 1172.163617428735 438.54545454545456
20000.0 30000.0 3106.8303769531194 765.9077358940979 346.48770220771087 999.9459999999963 16.486710937519092 46221.277491763816 742.6443673673188 1201623.0203827412 850.2798284970098 840.0
30000.0 40000.0 1754.2658652344253 824.5734134765574 291.5356655332525 997.3040000000037 195.85708789061755 60605.77119469807 1002.1808002268147 1616025.4247047205 1139.7534918160716 840.0
40000.0 50000.0 96.54500195314176 900.3140907315326 242.7820241871202 999.24099999998 211.23595312499674 54092.06368521312 917.0983940190413 1357812.3389061932 968.3266886839999 840.0
50000.0 60000.0 97.316968750034 900.2439119318151 230.46538714710996 999.0310000000172 270.4029550781124 53371.99039090833 914.0521126797921 1361986.6329750794 965.405166656627 840.0
60000.0 70000.0 577.1709707031259 856.6208208451703 261.8494275181814 999.7270000000135 323.81992382812314 52860.386738248846 871.9534345444861 1384047.8290357026 981.298602421809 840.0
70000.0 80000.0 1917.6071054686909 808.2392894531309 318.1680585755326 998.5810000000056 211.2600000000093 48963.75935150421 844.7234540418798 1195207.3899709224 845.4733048602657 840.0
80000.0 90000.0 1269.9448789061862 970.0061245659793 76.82271829123663 999.085000000021 765.22412109375 54963.24204246203 943.0271091873487 1399505.3328044256 981.7929459778749 840.0
90000.0 100000.0 63.81821679684799 903.2892530184683 236.88842374348567 999.7249999999767 233.97587890626164 52085.24852409183 879.5237383909156 1291058.343957204 923.0217158477207 840.0
100000.0 110000.0 62.46995898440946 903.4118219105083 231.5030094540395 999.7860000000219 258.80309570312966 53085.55392838778 906.5532392549644 1347950.9836596574 958.4039230916306 840.0
110000.0 120000.0 1058.9746523437789 812.8204861505656 299.91263851222294 999.7970000000205 293.79005468747346 53793.32877791499 899.9037877939228 1367782.482440236 962.8582944316355 840.0
120000.0 130000.0 445.64629296871135 955.4353707031289 119.86523629061263 999.6510000000126 615.9577070312225 51321.626727143375 871.9921253728486 1334745.857138477 942.9231206511383 840.0
130000.0 140000.0 420.9399511719239 957.9060048828076 83.62842548160735 999.6520000000019 798.2299999999814 53989.226928173426 896.2332209923851 1386558.8305221102 983.6502804209072 840.0
140000.0 150000.0 132.09400976554025 897.0823627485872 242.74841334540457 999.9629999999888 199.51395117188804 54310.1213115962 930.3423297801282 1389099.4762357904 987.2342283655258 840.0
150000.0 160000.0 244.80803906254005 886.8356328124963 252.53109828069182 999.9440000000177 246.19596093747532 52479.651760230365 887.4244492274868 1327899.6932420994 953.1154912135671 840.0
160000.0 170000.0 672.0411210936727 932.7958878906327 203.15751275587755 999.994000000006 354.65087890625 51890.070709467895 858.0250468424658 1338715.3450245026 940.1578349453482 840.0
170000.0 180000.0 668.2689160157461 933.1731083984254 119.1155242411071 999.7629999999772 645.2431210937211 53202.59836323149 873.3175601552867 1267362.612400846 900.058164344621 840.0
180000.0 190000.0 378.403070312459 874.6906299715946 266.29298495844415 998.9930000000168 118.22803710936569 57305.85806978656 914.8289986178314 1482687.765890873 1055.5709922381473 840.0
190000.0 200000.0 68.2567929685465 902.8857460937685 228.83260756414603 998.2550000000047 260.0891074218671 55793.25318257125 942.0891381138975 1362544.0444166919 963.9134416163569 840.0
200000.0 210000.0 71.17305664066225 902.6206312144852 228.18233133702506 999.9860000000335 279.4479003906017 53046.08941514402 884.2397390671138 1266714.5479559908 894.982170815598 840.0
210000.0 220000.0 1210.4540429686895 878.9545957031311 268.2523438969978 999.9340000000084 200.41795703128446 52546.130259798774 878.4995172034047 1254310.6843110959 883.3173960399288 840.0
220000.0 230000.0 1571.34710351564 936.5169884982622 104.96180089412597 999.4039999999804 722.8530000000028 54240.8117198271 872.394126371769 1305793.8356567589 921.9932227366564 840.0
230000.0 240000.0 122.49994921882171 897.9545500710162 245.3721337200988 999.9239999999991 199.78010351560079 54912.61279918995 906.3559435382272 1374580.1743079787 979.6767521306455 840.0
240000.0 250000.0 127.48106640623882 897.5017212357965 230.10933706421844 999.3469999999506 271.3700527343899 58813.635624687784 949.0173396953392 1513373.4122653417 1078.0134797681349 840.0
250000.0 260000.0 646.4358652343508 850.3240122514227 263.71465639424895 999.5520000000251 318.29311914066784 55045.801182144096 899.2459057864603 1336802.3032681672 943.8943108295209 840.0
260000.0 270000.0 1890.362935546902 810.9637064453098 337.5956510262844 999.5879999999888 41.36298437498044 55997.128478071565 860.8206861376601 1329845.1895934646 942.1236148537654 840.0
270000.0 280000.0 787.2131992187351 921.2786800781265 128.36147269506884 999.3819999999832 612.6979199218331 57337.201616742605 912.3351599236001 1429925.67895372 1015.2234893210955 840.0
280000.0 290000.0 119.67090429679956 898.2117359730182 245.5197323367717 999.9179999999469 203.12411914067343 55120.337668973734 898.5378744672104 1347664.4210474489 966.3678406913945 840.0
290000.0 300000.0 64.34186523430981 903.2416486150628 226.92707167827365 999.1850000000559 280.82502343750093 54384.174578579274 876.245015847044 1367388.9130649958 971.8589094446745 840.0
