ts te idle avg_span std_span max_span min_span c_bytes_all c_pkts_all s_bytes_all s_pkts_all videorate
0.0 10000.0 0.0 0.0 0.0 0.0 0.0 0.0 0.0 0.0 0.0 0.0
10000.0 20000.0 138.4749003906618 986.1525099609338 19.269162706241342 998.9380000000237 932.152099609375 35952.83868779552 376.3851461835572 961554.8091530164 687.8648823367881 288.0
20000.0 30000.0 178.7211816406343 892.8435289417605 279.1430156961773 997.0530000000144 60.354900390608236 32285.99491464088 390.682114905615 942668.8969126601 669.5113758926598 288.0
30000.0 40000.0 306.0550253906986 881.267724964482 264.1664564132526 999.570000000007 136.63608203124022 25961.204705081036 334.75106966393537 697557.2545660194 507.8446912026751 288.0
40000.0 50000.0 468.46098632813664 866.5035466974422 274.8421689044788 999.4160000000265 303.87890625 25185.086721981956 340.83979170656283 566609.0185044379 401.0462085966715 288.0
50000.0 60000.0 155.19600976567017 894.9821809303936 242.91545254800002 997.0999999999767 214.368896484375 30878.584159575978 422.47917483616766 673688.9223224683 485.9485751495796 288.0
60000.0 70000.0 151.59300195315154 895.309727095168 260.75702819260357 998.5260000000126 133.44189453125 23750.313571037907 320.0116033514343 559366.3300078243 411.539193525907 288.0
70000.0 80000.0 197.5568945312407 980.2443105468759 41.17673534498294 998.5750000000116 863.6171054687584 31654.977239886728 430.85109935272766 758188.7685335737 545.2450732957191 288.0
80000.0 90000.0 212.11595507815946 978.7884044921841 36.42769648472153 999.0719999999856 879.196044921875 32972.63143728203 433.4739656092538 837402.4709521442 595.8116191130471 288.0
90000.0 100000.0 1473.4109335937537 852.6589066406247 272.50477299205977 999.9810000000289 109.0989550781087 23256.724092751396 295.61302398009417 513497.92666193267 389.27537047630096 288.0
100000.0 110000.0 321.10080078121973 879.8999272017073 257.48954801119015 999.8950000000186 184.42688867187826 19362.823121236834 258.136389151992 379161.1802726098 276.8468357801677 288.0
110000.0 120000.0 185.84504101559287 892.1959053622188 215.44673271417835 996.9639999999781 374.79568945313804 26758.20933542151 371.6546209693505 580804.0794101352 414.829712713695 288.0
120000.0 130000.0 236.6592949219048 887.5764277343723 214.78928804387996 999.5860000000102 443.21673046873184 28875.813409941806 390.07832043312607 628379.5663004502 461.49970130885004 288.0
130000.0 140000.0 502.3299257813487 863.4245522016955 263.77160603289053 999.8329999999842 181.300048828125 23828.595776574224 313.3207495057081 505184.5694196829 365.93692873533513 288.0
140000.0 150000.0 191.24712890619412 891.7048064630733 272.3872581264208 999.8030000000144 89.117919921875 27274.041699685127 371.35892585660645 576132.2920486946 413.1490574566015 288.0
150000.0 160000.0 107.1619199218112 899.3489163707444 292.8253962250613 999.6909999999916 19.875 40610.21330643198 593.3997738645602 885585.4925509082 637.4873573692532 288.0
160000.0 170000.0 119.20908593747299 988.0790914062527 8.195171927441528 996.460000000021 972.4560000000056 37477.2157917395 522.2934934925814 780617.743956286 564.4682894686865 288.0
170000.0 180000.0 1092.2380039062118 809.7965450994353 363.4824683866723 996.8119999999763 12.123085937520955 38005.19654063497 551.1646308654749 848114.0688688795 611.78620608439 288.0
180000.0 190000.0 265.0219355468871 884.9980058593738 282.6987091900074 997.7029999999795 45.448974609375 28991.598238160615 401.0129192235527 631933.5700331834 451.9170970364331 288.0
190000.0 200000.0 2246.0449746093946 861.550558376734 236.9330786447719 998.1920000000391 360.7369999999646 28818.937250140014 419.49318704769996 639152.0395250933 455.9918244572399 288.0
200000.0 210000.0 4549.503037109505 778.6424232700707 298.26232903859983 999.64300000004 163.386962890625 38437.19958042291 543.996420473148 814249.1789236027 596.996420473148 425.14285714285717
210000.0 220000.0 364.97194531257264 875.9116413352207 289.6711999366857 999.8739999999525 73.718017578125 39818.8995288689 630.7284939272262 978655.2504194452 718.0632684603308 480.0
220000.0 230000.0 365.6420761718182 963.4357923828181 72.34723997824877 998.9459999999963 776.43994140625 48695.6086748481 783.0698567399646 1109062.1090499023 809.5085666660607 685.7142857142857
230000.0 240000.0 810.6979492186802 835.3910955255745 359.2563103827195 999.8969999999972 71.62005859380588 56242.42393082071 885.7200668100098 1338019.0665376007 947.68039496323 840.0
240000.0 250000.0 67.14291796868201 902.9870074573926 264.12142860342743 999.6809999999823 117.72607421875 52531.365165675175 857.1847547386644 1436256.6992803947 1007.4662088658663 840.0
250000.0 260000.0 1271.3767929689493 872.8623207031051 242.2392147695558 999.4039999999804 237.86328125 53939.978547076 899.9976328977806 1321828.6150530893 929.8436350832495 840.0
260000.0 270000.0 566.7874003906036 857.5647817826724 274.5571482743701 999.4799999999814 119.452880859375 50513.18638798069 837.4090356801566 1291812.3720955772 922.547766755065 840.0
270000.0 280000.0 107.18092773423996 899.3471883877963 273.54285532147355 999.6119999999646 81.501953125 57627.92559234727 987.6597803936703 1482538.086997268 1054.2909988270978 840.0
280000.0 290000.0 64.83298632805236 903.1970012429043 287.92051257308657 999.533000000054 38.115966796875 58480.61946304474 937.5314634065741 1412405.036085331 995.1977500403414 840.0
290000.0 300000.0 537.2630585938459 946.2736941406154 96.67484867419546 999.4729999999981 746.305908203125 53372.44841253634 850.9047053338219 1302115.9284059007 920.6755504865581 840.0
