ts te idle avg_span std_span max_span min_span c_bytes_all c_pkts_all s_bytes_all s_pkts_all video_rate
0.0 10000.0 5555.2630976562505 888.9473804687499 234.18885521411383 995.1450000000186 470.02490234375 30798.209693402052 395.757580132529 924727.5887465229 701.0582137041612 288.0
10000.0 20000.0 2667.279845703102 733.2720154296898 351.3084439150457 999.8560000000289 37.008056640625 52289.96452104786 743.7656506628209 1478238.6748738426 1113.1435017104914 473.45454545454544
20000.0 30000.0 3620.4830566406017 797.4396179199248 353.9619360883994 999.2870000000112 39.79800000000978 42149.825785550085 679.47676920465 1081359.7363796341 769.7982845853476 840.0
30000.0 40000.0 317.40807617187966 968.259192382812 84.51580358247931 999.4000000000233 728.346923828125 65704.38982800247 1050.1800701129434 1594953.108983411 1132.3273672486296 720.0
40000.0 50000.0 1976.346923828125 891.5170084635416 241.62903165511216 998.579000000027 267.223076171882 42224.61017199753 732.8199298870566 1021808.8910165891 734.6726327513704 840.0
50000.0 60000.0 936.4399023437873 906.3560097656213 211.59852606766307 999.9060000000172 351.32199999998556 59823.899276714146 977.3611083428734 1550285.242696968 1104.8473959985654 840.0
60000.0 70000.0 1483.8550976562547 851.6144902343746 274.7063333051959 999.8709999999846 260.2269023437402 52662.100723285854 906.6388916571266 1346224.757303032 958.1526040014347 840.0
70000.0 80000.0 2401.8079472655663 844.2435614149371 219.49879228335695 999.8319999999949 516.3479999999981 53949.68411033827 917.8691635643507 1341172.2821100089 942.0283574340556 840.0
80000.0 90000.0 3014.040761718701 776.2176931423666 344.90477445768414 999.4330000000191 0.0 51420.566455645334 846.5852289342308 1299376.1058188314 918.0237420330075 840.0
90000.0 100000.0 2004.9734062500065 799.5026593749993 369.4402368330501 999.8719999999739 25.10899999999674 49265.714822945185 827.819171543291 1266021.4928991895 897.515442639691 840.0
100000.0 110000.0 161.71597460936755 894.3894568536939 242.09828559389322 999.7359999999753 202.7511152343941 62098.866960784 1062.2425996767734 1627741.9281836096 1154.7013155649993 840.0
110000.0 120000.0 3581.064933593734 713.215007378474 372.9299660327876 999.3769999999786 76.06599999999162 42755.73414436396 692.9913400720199 1009380.1533248669 719.2850740886479 656.0
120000.0 130000.0 4471.309857421846 691.0862678222693 337.2528295465593 999.5260000000126 178.73200000001816 41077.37494368869 563.4403926227367 898773.0050497015 664.4466701508775 373.3333333333333
130000.0 140000.0 4442.84718750004 617.4614236111067 420.13354382057304 997.8090000000084 35.2160000000149 40502.88699607148 601.485960281408 919239.9772835623 682.3285870962843 432.0
140000.0 150000.0 3102.3980253905756 766.4002194010471 370.4673347514885 999.5520000000251 81.87199999997392 49485.618513800946 785.2445490623152 1306545.0826646718 935.9458174178003 788.5714285714286
150000.0 160000.0 140.50880468741525 896.3173813920531 229.32780095621547 997.6350000000093 261.0210937500233 59437.757120775794 1012.6526251911722 1545880.698345997 1105.1158318604162 840.0
160000.0 170000.0 2360.7491015624255 848.8056553819528 265.970515003896 998.0829999999842 308.07689843751723 49092.79593158635 841.6689690517022 1237608.2743195612 880.6091617142205 840.0
170000.0 180000.0 4496.074109375069 786.275127232133 327.8059070190059 997.9579999999842 73.375 45265.878966694494 634.6344842669422 984494.604710988 722.1390333940622 429.0
180000.0 190000.0 3008.132890625042 776.8741232638843 384.3241016948033 999.6680000000051 27.636999999987893 41956.121033305506 655.3655157330578 989266.395289012 710.8609666059378 720.0
190000.0 200000.0 2045.7630000000936 883.8041111111007 319.2499642468477 999.1650000000373 33.55099999997765 53496.0 865.0 1321854.0 946.0 840.0
200000.0 210000.0 1541.0170917968499 939.88698980035 113.24402699704889 999.75 695.2430000000168 60116.46169170213 913.4419052366164 1445580.784745901 1026.238945775762 685.7142857142857
210000.0 220000.0 3211.1849082031986 848.6018864746002 279.6336025608623 998.6770000000251 202.4540917968843 52992.53830829788 820.5580947633836 1280115.215254099 913.761054224238 737.1428571428571
220000.0 230000.0 2093.9830253905384 878.4463305121624 283.79529529603616 999.3780000000261 146.08200000005309 59702.968671998766 943.3217358070596 1571980.2301583986 1110.775739771518 840.0
230000.0 240000.0 5113.801974609378 610.7747531738278 441.9813459691029 998.1369999999879 37.868000000016764 35313.031328001234 514.6782641929404 751159.7698416013 543.2242602284821 472.0
240000.0 250000.0 3278.7129921873566 840.1608759765804 336.8304039531251 996.8240000000224 25.207000000053085 48945.67497703889 663.8309033894482 1068694.8693938032 791.8540373980072 480.0
250000.0 260000.0 135.66008984390646 896.758173650554 246.09521044608928 999.0409999999683 203.10499218746554 54106.71590894822 878.5546832978393 1405401.9319118941 1006.677286671365 795.0
260000.0 270000.0 1513.5969179688254 848.6403082031175 258.72025878419817 999.9710000000196 292.3410820312565 50502.609114012885 853.6144133127125 1226260.1986943027 861.4686759306278 840.0
270000.0 280000.0 261.8760917969048 973.8123908203095 72.28075672069401 998.6269999999786 768.180908203125 61135.417878457076 968.8224553765066 1554751.0732825166 1105.674997892284 840.0
280000.0 290000.0 1956.076974609401 804.3923025390599 349.1698290675211 999.3819999999832 90.26500000001397 53456.50478110693 874.9397691813647 1305071.255354253 921.0241646350138 840.0
