ts te idle avg_span std_span max_span min_span c_bytes_all c_pkts_all s_bytes_all s_pkts_all videorate
0.0 10000.0 6751.0520136718405 649.7895972656319 464.36856135798956 993.4220000000205 99.260986328125 29820.8399955406 337.5493150358812 680048.8844295719 527.7222247964384 288.0
10000.0 20000.0 2118.96310156252 875.6707664930533 274.1380464434444 998.3510000000242 153.6369999999879 54070.26484237055 780.1580286927311 1469907.7260906482 1110.0826710226365 345.6
20000.0 30000.0 2802.56793749996 719.743206250004 389.2591564664288 998.0879999999888 68.91600000002654 48528.57786241467 736.8775962056839 1238153.0876533564 907.0822449031275 685.7142857142857
30000.0 40000.0 52.96268945309566 904.2761191406277 220.06854204972612 999.420999999973 322.7392578125 54119.25849426598 928.7329739042069 1431739.3542898246 1016.9062077332793 840.0
40000.0 50000.0 1243.4203242187505 875.657967578125 209.00040570340673 999.1520000000019 396.48193359375 51697.04193247729 887.3776265990128 1296194.6710564657 920.355338075228 840.0
50000.0 60000.0 657.3239335938706 934.2676066406129 133.7493715842054 999.4409999999916 599.2850664062425 52620.016872930915 890.3044595624841 1359102.2764801332 962.8513134692904 840.0
60000.0 70000.0 2881.1140000000014 889.8607499999998 210.89256395598997 998.8630000000121 383.4419999999809 50993.0 859.0 1348999.0 953.0 840.0
70000.0 80000.0 1321.2959414061625 867.8704058593837 236.29570878422143 999.1359999999986 402.31005859375 55480.82650890886 914.9066395237908 1424362.2296621653 1013.5201818024134 840.0
80000.0 90000.0 112.54709374997765 898.8593551136383 222.6054732474264 999.9799999999814 335.18896484375 55438.48633375256 931.6924412158818 1420372.010744648 1006.7611978042987 840.0
90000.0 100000.0 97.92000390624162 900.1890905539781 228.53245185379348 999.810999999987 281.2099609375 51917.01069890351 863.2166091421844 1331567.5462911231 946.0587466713575 840.0
100000.0 110000.0 146.3949042968452 895.7822814275595 234.70752585570412 998.7310000000289 242.258056640625 54587.06165171425 932.8050863568061 1408300.6167502534 1003.95583620403 840.0
110000.0 120000.0 589.5960156250512 941.0403984374949 96.4539714917191 999.7729999999865 753.8739433593582 51992.84488370409 882.4074264935155 1287521.0853695124 908.9265997036432 840.0
120000.0 130000.0 1689.8079824218294 831.0192017578171 299.53888984397344 999.1770000000251 96.61695898434846 52475.77124887148 881.8818999372344 1423722.6392976998 998.5833111719722 840.0
130000.0 140000.0 539.0480996094411 860.0865363991417 242.30439870214713 999.7060000000056 337.782958984375 51545.71488377508 883.2466261435477 1298240.0009176703 923.0110386929387 840.0
140000.0 150000.0 96.06886132818181 900.3573762428925 226.20099727442863 999.6080000000075 291.22509765625 53309.07562137196 915.3256930815808 1330890.9442887749 945.9639147843134 840.0
150000.0 160000.0 677.2720527343336 932.2727947265666 113.45241486802038 998.2310000000289 708.2649023437407 52662.97649290054 882.8906428579436 1313003.9538423636 927.9448445645545 840.0
160000.0 170000.0 2813.5150449218345 798.4983283420183 326.1118125549808 998.2870000000112 97.66895507811569 49944.23167609767 848.626935247515 1315590.9728357892 933.2743286004783 840.0
170000.0 180000.0 1611.532884765591 838.846711523441 239.54611302400565 999.6240000000107 371.443115234375 57120.97604414726 915.3049252417131 1393239.1629565468 983.6169183995306 840.0
180000.0 190000.0 123.44884179689689 897.868287109373 221.37307614769838 998.3699999999953 318.9052734375 55143.82422539334 922.1602086339985 1439308.4345397293 1029.766203038475 840.0
190000.0 200000.0 1005.1893164062058 899.4810683593794 212.61638490708972 999.8689999999478 367.98095703125 53674.337888728296 887.0050879049502 1292577.5128241263 919.6686033140725 840.0
200000.0 210000.0 2138.470957031357 873.5032269965159 213.37725787718938 999.2060000000056 400.00800000003073 54430.86184173111 901.5297782193381 1323711.8896795977 938.9482752479219 840.0
210000.0 220000.0 1826.7680429687025 817.3231957031297 290.2485188546664 998.375 348.2469999999739 55970.879384912194 893.0132400900981 1372903.6732810952 968.1981220944183 840.0
220000.0 230000.0 83.8157011718722 901.4712998934662 220.5643236508089 999.7149999999674 321.937255859375 52369.0687650688 866.9810984464558 1286104.5474707633 912.6064376520409 840.0
230000.0 240000.0 1130.2249453124823 886.9775054687518 203.11397110096132 999.685999999987 380.393310546875 55379.58623351339 930.4222863117312 1377055.635794698 977.6733812426077 840.0
240000.0 250000.0 918.9113300781464 825.5535154474412 296.2423832395646 999.9039999999804 287.47998046875 53771.242971705 866.8662756853194 1417430.6804754497 1002.19715804736 840.0
250000.0 260000.0 1274.1449804687873 872.5855019531213 205.02971737428737 999.7460000000428 418.7709999999497 53962.22264480062 898.7170994663956 1304647.4629779938 922.3249009635733 840.0
260000.0 270000.0 3073.4370332030812 865.8203708496148 244.16442273958654 997.7219999999506 374.865966796875 51636.71902483872 833.3732893796822 1259131.2710925206 886.5012248411033 840.0
270000.0 280000.0 2001.9999804687686 799.8000019531231 342.03088393263045 999.8739999999525 38.80900000000838 55469.71819157556 918.2126635829442 1329960.2910388268 936.465415745224 840.0
280000.0 290000.0 156.8929101562826 894.8279172585197 241.1036327576496 999.545999999973 255.028076171875 57320.688369464115 943.2650513618104 1403508.6088410926 1002.7848441048585 840.0
290000.0 300000.0 102.7188281249255 899.7528338068249 243.04515011062816 999.3050000000512 215.729248046875 57757.2246682014 961.3932335112783 1442837.1401438194 1018.3862768994164 840.0
