ts te idle avg_span std_span max_span min_span c_bytes_all c_ack_cnt c_ack_cnt_p c_pkts_all c_pkts_data s_bytes_all s_ack_cnt s_ack_cnt_p s_pkts_all s_pkts_data videorate
0.0 10000.0 1512.5950644531295 407.5901509650734 379.6716153298664 999.7139999999999 7.086046874999738 87664.11286302494 4305.760273767064 4148.167722505262 4311.3732090353915 157.59255126180253 5780134.098898947 4209.566859178507 80.85081379602182 4209.566859178507 4123.103110114158 0.0
10000.0 20000.0 4828.118306640623 503.414826349432 406.78922969429476 999.9170000000013 47.09900000000198 11052.470510318628 2320.991332380502 2291.3647601385255 2320.991332380502 29.626572241976405 3212053.6206580875 2283.5388960817263 15.0 2283.5388960817263 2268.5388960817263 0.0
20000.0 30000.0 5903.4986933593755 683.7542177734371 398.24448856292355 999.9789999999994 6.0239999999976135 2138.1248702524954 1717.1637709247793 1702.578681344945 1717.1637709247793 14.58508957983431 2441003.843760576 1728.9368653785546 10.0 1728.9368653785546 1718.9368653785546 0.0
30000.0 40000.0 5686.871294921868 363.72264208984416 401.34024741345576 999.9130000000005 5.538000000000466 15783.89366787541 1709.900906735945 1680.172631628262 1710.900906735945 29.728275107683203 2379534.8040045006 1705.5010829071348 21.156682343758757 1705.5010829071348 1683.344400563376 0.0
40000.0 50000.0 5173.412162109387 410.2491655273437 402.1831614538058 999.3929999999964 6.544000000001688 242130.89754947403 2100.266677092926 1903.1833562489232 2102.266677092926 195.08332084400257 2675871.4815683383 2000.3963282903155 99.24000318776135 2000.3963282903155 1896.156325102554 0.0
50000.0 60000.0 5318.741101562497 288.250700942096 386.5962923883372 999.7329999999929 2.775999999998021 5110.798904686044 2123.9895537967373 2108.4245364855906 2123.9895537967373 15.565017311146413 2961970.6541327364 2103.602378228249 18.18033617407981 2103.602378228249 2084.422042054169 0.0
60000.0 70000.0 5994.349914062492 605.9894408482152 392.06580450163847 999.4630000000034 103.05499999999302 1911.2850077120215 1867.6790914496125 1853.640794292279 1867.6790914496125 13.038297157333488 2612684.2165338486 1848.5633451957463 9.422978294400092 1848.5633451957463 1838.1403669013462 0.0
70000.0 80000.0 4289.129000000001 588.0365999999995 478.1343367853391 999.9079999999958 2.644000000000233 2068.0 2653.0 2636.0 2654.0 15.0 3737690.0 2648.0 14.0 2648.0 2630.0 0.0
80000.0 90000.0 5526.046999999991 565.8827500000007 468.1064224046717 999.9780000000028 5.361999999993714 5372.0 1922.0 1904.0 1922.0 18.0 2704122.0 1918.0 13.0 1918.0 1905.0 0.0
90000.0 100000.0 4753.657708984363 382.391949358259 457.8694037400201 999.5449999999983 2.373291015625 2422.1262309908698 2325.602694655804 2309.4419760809233 2325.642874299524 16.16071857488108 3276764.027812299 2319.642874299524 14.08035928744054 2319.642874299524 2305.522335368363 0.0
100000.0 110000.0 5123.3264023437805 317.51329431152135 429.13977774446244 999.6860000000015 0.0 117927.87376900914 2175.397305344196 2062.5580239190767 2178.357125700476 109.83928142511891 2888897.972187701 2119.357125700476 60.919640712559456 2120.357125700476 2054.477664631637 0.0
110000.0 120000.0 6623.161105468753 675.3677789062494 397.836676391635 999.9159999999974 49.38699999998789 1980.8991845619998 1405.0969433900764 1391.4738094792394 1405.0969433900764 13.623133910837023 2013554.753505819 1433.391720205348 12.0 1433.391720205348 1421.391720205348 0.0
120000.0 130000.0 5558.158783203107 450.60142167969025 442.7516534667254 999.5789999999979 7.23499999998603 5484.444901689288 1897.582419578792 1878.854083090525 1897.582419578792 18.728336488267118 2682568.8781641214 1903.5302907679995 14.0 1903.5302907679995 1889.5302907679995 0.0
130000.0 140000.0 5205.978080078115 599.2527399902356 397.3251923834134 999.5309999999881 7.326000000000931 1891.487539799624 2058.38484677431 2045.6215952455093 2058.38484677431 12.763251528801014 2910719.311423372 2058.568196650748 11.114721927905155 2058.568196650748 2047.4534747228429 0.0
140000.0 150000.0 5879.006031249999 325.79522836538337 419.73207296676264 999.8940000000002 4.5389999999897555 4995.168373949089 1825.9357902568215 1811.0505121847266 1825.9357902568215 14.885278072094845 2552325.0569066876 1814.5097923759045 16.885278072094845 1814.5097923759045 1797.6245143038095 0.0
150000.0 160000.0 5405.573142578156 663.041571428571 450.18481726095774 999.6210000000137 6.0350000000034925 2044.0 1857.0 1843.0 1857.0 14.0 2634328.0 1872.0 14.0 1872.0 1858.0 0.0
160000.0 170000.0 4620.23212499998 545.6315454545468 434.22080841235015 999.9809999999998 5.627999999996973 120078.0 2434.0 2324.0 2435.0 110.0 3295809.0 2390.0 59.0 2391.0 2329.0 0.0
170000.0 180000.0 5493.05700000003 644.602428571425 456.06750758444105 999.2699999999895 5.274000000004889 2044.0 1939.0 1925.0 1939.0 14.0 2747435.0 1944.0 14.0 1944.0 1930.0 0.0
180000.0 190000.0 4702.938999999984 412.87415384615394 456.4415818907994 999.5480000000098 5.915999999997439 9090.0 1956.0 1934.0 1956.0 22.0 2770938.0 1976.0 20.0 1976.0 1956.0 0.0
190000.0 200000.0 5221.641999999993 796.3930000000013 371.8465008037562 999.5620000000054 43.29000000000815 2044.0 1936.0 1920.0 1936.0 14.0 2747175.0 1952.0 12.0 1952.0 1938.0 0.0
200000.0 210000.0 5748.807000000001 716.9629999999985 374.82283294271383 999.9599999999919 50.58499999999185 5358.0 1944.0 1926.0 1944.0 18.0 2717634.0 1926.0 11.0 1926.0 1915.0 0.0
210000.0 220000.0 6015.727892578114 443.2574440104169 459.46339617216205 999.2609999999986 6.190000000002328 2044.0 1752.285324938654 1738.285324938654 1752.285324938654 14.0 2467199.0850091614 1754.5720920112485 16.0 1754.5720920112485 1738.5720920112485 0.0
220000.0 230000.0 6312.606781249982 346.54416699219047 417.27862439753727 999.9539999999979 6.9500000000116415 112927.0 1881.714675061346 1783.714675061346 1882.714675061346 96.0 2523005.9149908386 1835.4279079887515 53.0 1835.4279079887515 1779.4279079887515 0.0
230000.0 240000.0 5392.4190000000235 363.94223076922714 459.10074453456565 999.9659999999858 4.60899999999674 5407.0 1947.0 1928.0 1947.0 18.0 2740792.0 1948.0 15.0 1948.0 1932.0 0.0
240000.0 250000.0 4999.086201171856 457.2685454545479 473.653117230616 999.8950000000186 2.5279999999911524 2376.0 2281.0 2264.0 2281.0 16.0 3215462.0 2284.0 13.0 2284.0 2265.0 0.0
250000.0 260000.0 5377.824000000022 667.150999999996 417.6943813312227 999.880999999994 47.880999999993946 8206.0 2039.0 2014.0 2040.0 25.0 2875879.0 2048.0 13.0 2048.0 2034.0 0.0
260000.0 270000.0 5842.852025390719 694.1569957682126 399.8217862678118 999.6379999999772 7.793999999994412 2044.0 1970.341467197692 1956.341467197692 1970.341467197692 14.0 2783505.1032915236 1967.9006325570895 8.0 1967.9006325570895 1959.9006325570895 0.0
270000.0 280000.0 4867.35588671884 374.36943666293934 434.2081362091649 999.9479999999749 4.827999999979511 5588.908501418859 2477.0957398097053 2457.1565319698325 2477.0957398097053 18.939207839872644 3457891.429630035 2451.127762690499 16.0 2451.127762690499 2434.127762690499 0.0
280000.0 290000.0 5794.116066406248 350.4903277994793 392.9220376076189 999.2519999999786 0.0 117174.7010337211 1687.9661381645144 1584.612517479448 1688.9661381645144 102.35362068506682 2247832.994894589 1647.0323217248076 53.14641426246973 1648.0323217248076 1591.8859074623379 0.0
290000.0 300000.0 2387.043078125047 697.0672656249953 431.3119681290295 999.9770000000135 6.391999999992549 5630.842297013456 3081.3775311604413 3062.217810177023 3081.3775311604413 19.15972098341856 4351453.989392391 3080.7055702449125 15.306135245888292 3080.7055702449125 3065.3994349990244 0.0
