ts te idle avg_span std_span max_span min_span c_bytes_all c_ack_cnt c_ack_cnt_p c_pkts_all c_pkts_data s_bytes_all s_ack_cnt s_ack_cnt_p s_pkts_all s_pkts_data videorate
0.0 10000.0 2271.3039999999964 966.0870000000004 92.9916435293282 999.9099999999999 735.9530000000013 6848.0 3811.0 3778.0 3812.0 33.0 5328514.0 3755.0 9.0 3755.0 3745.0 768.0
10000.0 20000.0 4988.315999999999 835.2806666666669 253.35859985772578 999.9210000000021 499.27999999999884 2376.0 2294.0 2278.0 2294.0 16.0 3227834.0 2281.0 10.0 2281.0 2271.0 1000.0
20000.0 30000.0 5661.4679999999935 867.7064000000013 188.07933552705992 999.7320000000036 595.1330000000016 2044.0 1970.0 1956.0 1970.0 14.0 2775156.0 1961.0 11.0 1961.0 1950.0 1000.0
30000.0 40000.0 5528.792999999998 894.2414000000005 196.66613702872237 999.7580000000016 546.8899999999994 2044.0 1973.0 1959.0 1973.0 14.0 2775009.0 1963.0 10.0 1963.0 1953.0 1000.0
40000.0 50000.0 5671.4321113281185 865.7135777343763 189.31369334971794 999.8209999999963 599.1140000000014 2319.6485414757517 1781.2049796252559 1764.7432414235948 1781.2049796252559 16.461738201661156 2520830.624448949 1783.8197650202724 10.0 1783.8197650202724 1773.8197650202724 950.0
50000.0 60000.0 6298.869871093746 616.8550214843757 319.46690876306786 999.653999999995 268.8701113281277 1910.5715781540957 1682.559843778695 1669.3636294524654 1682.559843778695 13.19621432622949 2375684.0966374953 1686.9712008000065 11.328976263945323 1686.9712008000065 1675.6422245360611 1090.909090909091
60000.0 70000.0 5128.487001953137 695.9304282924089 334.3810783138124 999.3659999999945 49.14999999999418 2059.653963094058 2232.156157017058 2218.2659267221175 2232.156157017058 13.890230294940462 3140818.2713237233 2217.9201669530894 6.429054206526528 2217.9201669530894 2211.4911127465625 1000.0
70000.0 80000.0 6014.856103515631 664.1906494140616 292.7998960285105 999.9799999999959 241.5339843749971 1935.6766451158273 1808.361561868227 1795.1208377202188 1808.361561868227 13.240724148008136 2558265.332315286 1803.0955529040848 5.030876500367393 1803.0955529040848 1798.0646764037174 1076.923076923077
80000.0 90000.0 6181.899636718736 636.3500605468774 332.5341216593765 999.3589999999967 297.207275390625 1757.882362172012 1804.9363107418299 1792.941808203241 1804.9363107418299 11.99450253858887 2533174.049370902 1791.9789863724689 9.102797783874813 1791.9789863724689 1782.876188588594 1076.923076923077
90000.0 100000.0 6049.56327539061 790.087344921878 250.79195062371772 999.3439999999973 399.18300000000454 1789.5669099882557 1801.7811469689345 1789.5645564783626 1801.7811469689345 12.216590490571885 2520754.6259036437 1783.2143279500783 8.108295245285943 1783.2143279500783 1775.1060327047924 1111.111111111111
100000.0 110000.0 5758.460999999996 848.3078000000008 214.1329515364217 999.6089999999967 543.875 2044.0 1963.0 1949.0 1963.0 14.0 2760957.0 1944.0 4.0 1944.0 1940.0 1000.0
110000.0 120000.0 5650.585000000021 869.8829999999958 177.26662479299574 999.4029999999912 666.4429999999993 2044.0 1923.0 1909.0 1923.0 14.0 2700090.0 1916.0 13.0 1916.0 1903.0 1000.0
120000.0 130000.0 5591.620000000024 881.6759999999952 186.1356300564174 999.9020000000019 573.9429999999993 2044.0 1979.0 1965.0 1979.0 14.0 2788744.0 1969.0 6.0 1969.0 1963.0 1000.0
130000.0 140000.0 5023.736999999994 829.3771666666677 267.58722349724854 999.7479999999923 413.8770000000077 2376.0 2242.0 2226.0 2242.0 16.0 3159594.0 2233.0 10.0 2233.0 2223.0 1000.0
140000.0 150000.0 5583.380999999994 883.3238000000013 204.47576632500517 999.890000000014 527.6240000000107 2044.0 1963.0 1949.0 1963.0 14.0 2763098.0 1953.0 9.0 1953.0 1944.0 1000.0
150000.0 160000.0 5713.860000000015 857.227999999997 195.69825304790422 999.1119999999937 600.2859999999928 2044.0 1971.0 1957.0 1971.0 14.0 2772427.0 1960.0 10.0 1960.0 1950.0 1000.0
160000.0 170000.0 5260.22711328126 947.9545773437479 83.36945884929654 999.7060000000056 807.0190000000002 2351.966814895575 1956.5632808028147 1940.6899867371787 1956.5632808028147 15.873294065635996 2790884.705172099 1975.8166926715428 11.936647032817998 1975.8166926715428 1963.8800456387248 1000.0
170000.0 180000.0 6230.630986328149 628.2281689453084 409.98667730183644 999.2429999999877 63.30811328123673 1795.9099510282508 1618.2139101221103 1605.70842848941 1618.2139101221103 12.505481632700306 2278823.7859228575 1617.5817225550459 11.252740816350153 1617.5817225550459 1606.3289817386958 1090.909090909091
180000.0 190000.0 5465.664970703103 755.7225048828162 295.88194762986024 998.9340000000084 299.65400000000955 1931.4552205857203 1782.290866513582 1768.9429949948676 1782.290866513582 13.347871518714108 2523030.911648277 1784.5215605235296 8.537259367882257 1784.5215605235296 1775.9843011556475 1090.909090909091
190000.0 200000.0 6045.3918945312325 659.1013509114613 355.18150123700036 999.439000000013 54.601070312492084 1895.0911854875967 1869.0257619576576 1856.3043052569194 1869.0257619576576 12.721456700738242 2611140.0753561584 1844.5922926597138 9.228870426768434 1844.5922926597138 1835.3634222329454 1000.0
200000.0 210000.0 5349.882136718719 664.3025518973258 327.94977168708795 999.7570000000123 212.2958984375 2051.3284710535972 2229.905268987275 2216.0794127902222 2229.905268987275 13.825856197052987 3121733.244291407 2200.973106774256 6.256809041988096 2200.973106774256 2194.716297732268 1142.857142857143
210000.0 220000.0 5900.359898437484 819.9280203125032 183.61683346786396 999.6600000000035 567.6499999999942 1862.2483569492597 1864.0009116165604 1851.274871731402 1864.0009116165604 12.726039885158361 2625680.2776092 1850.5146248159117 5.78767331419306 1850.5146248159117 1844.7269515017188 1000.0
220000.0 230000.0 5481.7850000000035 903.6429999999993 187.69251905577372 999.265000000014 569.93299999999 2044.0 1922.0 1908.0 1922.0 14.0 2705017.0 1915.0 12.0 1915.0 1903.0 1000.0
230000.0 240000.0 4773.793999999994 871.0343333333343 221.4807439274781 999.9100000000035 459.61799999998766 2376.0 2367.0 2351.0 2367.0 16.0 3338615.0 2352.0 7.0 2352.0 2345.0 1000.0
240000.0 250000.0 5548.821999999927 890.2356000000145 148.41745759443637 998.7800000000279 713.4050000000279 2044.0 1959.0 1945.0 1959.0 14.0 2758530.0 1953.0 12.0 1953.0 1941.0 1000.0
250000.0 260000.0 5600.267999999982 879.9464000000037 166.3011852973509 999.0920000000042 653.0499999999884 2044.0 1839.0 1825.0 1839.0 14.0 2609999.0 1845.0 7.0 1845.0 1838.0 1000.0
260000.0 270000.0 5249.577000000048 791.7371666666586 372.34254395726543 999.9099999999744 48.61499999999069 2044.0 1899.0 1885.0 1899.0 14.0 2698495.0 1910.0 11.0 1910.0 1899.0 1000.0
270000.0 280000.0 5676.506999999983 864.6986000000034 186.282519194098 999.4270000000251 618.3960000000079 2044.0 1966.0 1952.0 1966.0 14.0 2761009.0 1948.0 7.0 1948.0 1941.0 1000.0
280000.0 290000.0 6066.23773242184 786.752453515632 302.76995633872883 999.689000000013 347.35600000002887 2239.4023835786447 1822.2940301466488 1807.1108832576208 1822.2940301466488 15.183146889027979 2572377.0406555845 1817.3361629240787 9.0 1817.3361629240787 1808.3361629240787 1054.5454545454545
290000.0 300000.0 5978.861333984358 670.1897776692737 321.3628708870996 999.4060000000172 307.23193359375 1861.4702978405526 1819.7927696342156 1806.5795541969808 1819.7927696342156 13.213215437234803 2543220.4459101763 1800.82339033153 7.0 1800.82339033153 1793.82339033153 1000.0
