ts te idle avg_span std_span max_span min_span c_bytes_all c_ack_cnt c_ack_cnt_p c_pkts_all c_pkts_data s_bytes_all s_ack_cnt s_ack_cnt_p s_pkts_all s_pkts_data videorate
0.0 10000.0 562.7619999999879 943.7238000000012 176.02011709763107 999.9459999999963 442.7640000000247 7013.0 3670.0 3636.0 3671.0 34.0 5178812.0 3625.0 9.0 3625.0 3615.0 723.0769230769231
10000.0 20000.0 4042.597000000009 851.0575714285702 311.88458910247346 999.7079999999842 163.32600000000093 2039.0 1790.0 1776.0 1790.0 14.0 2531953.0 1782.0 12.0 1782.0 1770.0 920.0
20000.0 30000.0 5918.925080078072 681.0571533203183 411.381310493475 999.6060000000289 5.267999999981839 2039.0 1530.323618367423 1516.323618367423 1530.323618367423 14.0 2209045.4828187055 1554.323618367423 8.0 1554.323618367423 1546.323618367423 900.0
30000.0 40000.0 4325.9289374999935 709.2588828125008 347.6715025637302 999.3769999999786 191.29200000001583 2280.0289912559783 1987.148194205639 1971.7142846197594 1987.148194205639 15.433909585879388 2794112.267679171 1964.28037503388 12.0 1964.28037503388 1952.28037503388 1061.5384615384614
40000.0 50000.0 4473.357878906245 789.5203030133936 263.623510212666 998.5569999999716 372.29100000002654 2073.997790846462 1768.3726283843318 1754.1858947045337 1768.3726283843318 14.186733679797964 2515398.7498000492 1765.8610908217677 11.0 1765.8610908217677 1754.8610908217677 983.3333333333334
50000.0 60000.0 4931.111021484423 633.6111223144471 399.97354481365517 999.0970000000088 134.68408203125 1962.3499747721457 1641.2474837030277 1627.7333272284968 1641.2474837030277 13.514156474531 2326652.7364739515 1640.492040697142 12.0 1640.492040697142 1628.492040697142 1200.0
60000.0 70000.0 3600.1090058593545 799.9863742675807 334.98811297147 999.179999999993 49.711000000010245 1731.5720200383143 1851.5497146464695 1839.7821284874549 1851.5497146464695 11.767586159014439 2638644.8709384296 1848.8111949045015 8.90238589922279 1848.8111949045015 1839.9088090052787 923.0769230769231
70000.0 80000.0 4691.66412695311 589.81509700521 408.10231219030885 999.9729999999981 5.51400000002468 1810.0962188765498 1643.106607864774 1630.8240989336969 1643.106607864774 12.282508931077096 2316665.9975989615 1628.7572695924 11.08502645936045 1628.7572695924 1617.6722431330395 900.0
80000.0 90000.0 4615.1889492187765 769.2587215401747 332.3380333817707 999.8410000000149 248.33199999999488 1874.9550042105498 1521.2517528283352 1508.4366476586351 1521.2517528283352 12.815105169700114 2148608.894690732 1511.4744105828854 10.012587641416761 1511.4744105828854 1501.4618229414687 780.0
90000.0 100000.0 2862.5939999999828 892.1757500000022 230.9362101643344 999.4839999999967 346.98100000002887 2376.0 2243.0 2227.0 2243.0 16.0 3188009.0 2236.0 12.0 2236.0 2224.0 966.6666666666666
100000.0 110000.0 4847.728000000003 736.0388571428567 443.35909476158776 999.954000000027 11.712999999988824 2044.0 1900.0 1885.0 1900.0 14.0 2693070.0 1889.0 9.0 1889.0 1879.0 960.0
110000.0 120000.0 3738.680000000051 894.4742857142784 186.40833470879673 999.6130000000121 537.9859999999753 2044.0 1717.0 1703.0 1717.0 14.0 2440238.0 1719.0 12.0 1719.0 1707.0 880.0
120000.0 130000.0 4001.1699160156422 856.9757262834797 368.2237160088578 999.9280000000144 22.03299999999581 2369.3141219663908 1635.3446160210137 1619.3788682983247 1635.3446160210137 15.9657477226891 2356864.0923431134 1657.0534716638713 12.0 1657.0534716638713 1645.0534716638713 850.0
130000.0 140000.0 5990.1840644531185 572.8308479352688 453.73391017255193 999.8829999999725 17.125916015647817 1684.3796410691434 1463.7696264293572 1451.9360141337597 1463.7696264293572 11.83361229559725 2062881.1091065893 1454.7285040893557 11.0 1454.7285040893557 1443.7285040893557 1000.0
140000.0 150000.0 4060.1390410156455 742.4826198730443 348.31257318912145 999.8240000000224 198.47600000002421 1974.696602505789 2185.881262406153 2172.4639020767954 2185.881262406153 13.41736032935734 3092085.724277698 2165.6887706676935 8.21672034764369 2165.6887706676935 2157.4720503200497 1076.923076923077
150000.0 160000.0 5010.970060546882 623.6287424316397 408.56987119784327 999.9060000000172 112.5690000000177 1874.6485279875367 1785.1730795132964 1772.5634310672528 1785.1730795132964 12.6096484460437 2522276.384535055 1767.907491847437 9.6096484460437 1767.907491847437 1758.2978434013935 1000.0
160000.0 170000.0 3925.5189179687295 867.783011718753 180.90994176703023 999.9180000000051 599.1439999999711 1791.96110647114 1852.8314156301797 1840.657784423867 1852.8314156301797 12.17363120631261 2626467.6897375444 1842.6217617316424 9.17363120631261 1842.6217617316424 1833.4481305253298 1000.0
170000.0 180000.0 4545.69299999997 779.1867142857185 384.79315380764774 999.3369999999995 77.94500000000698 2044.0 1965.0 1951.0 1965.0 14.0 2791601.0 1963.0 12.0 1963.0 1951.0 1000.0
180000.0 190000.0 3637.8180000000284 795.2727499999964 304.9005430383313 999.8699999999953 253.42599999997765 2532.0 2276.0 2259.0 2276.0 17.0 3227708.0 2266.0 12.0 2266.0 2254.0 1000.0
190000.0 200000.0 4092.901000000071 843.8712857142756 265.3044344708497 999.9549999999581 434.6720000000205 2040.0 1807.0 1793.0 1807.0 14.0 2569064.0 1804.0 10.0 1804.0 1794.0 940.0
200000.0 210000.0 4474.003925781348 789.4280106026646 368.70162728282685 999.9699999999721 117.22607421875 2043.0 1795.5481372935444 1781.5481372935444 1795.5481372935444 14.0 2559240.9387496626 1800.00090355168 12.0 1800.00090355168 1788.00090355168 1000.0
210000.0 220000.0 3555.177074218751 805.6028657226561 279.39065028194386 999.7219999999506 306.40300000004936 2039.0 1956.4518627064558 1942.4518627064558 1956.4518627064558 14.0 2758288.0612503374 1940.99909644832 12.0 1940.99909644832 1928.99909644832 933.3333333333334
220000.0 230000.0 4178.155033203075 831.6921381138465 368.12260234532687 999.4089999999851 10.51500000001397 2284.1474365829667 1691.6440245064423 1676.1814392045294 1691.6440245064423 15.462585301913105 2420522.143228808 1705.1066098083556 13.462585301913105 1705.1066098083556 1691.6440245064423 950.0
230000.0 240000.0 4596.054900390562 675.4931374511798 406.6219783986703 999.9960000000428 137.98100000002887 1884.4113298065447 1486.3490107702582 1473.3022059131986 1486.3490107702582 13.046804857059856 2091881.375540735 1474.923986104237 12.792109777573376 1474.923986104237 1462.1318763266636 1054.5454545454545
240000.0 250000.0 4395.124082031194 800.6965597098294 195.6355557452676 999.9710000000196 536.4989999999525 1781.1744013788166 1818.8224824586136 1806.6807626427058 1818.8224824586136 12.141719815907724 2586738.176834764 1815.7515860546087 10.731970613268391 1815.7515860546087 1805.0196154413406 971.4285714285714
250000.0 260000.0 4557.698869140586 680.2876413574268 401.1430934468101 999.7510000000475 74.068115234375 1770.0163344101998 1935.8259872326994 1923.9582650008779 1935.8259872326994 11.867722231821562 2746952.990322791 1923.008770714293 8.458047627275624 1923.008770714293 1914.5507230870173 1080.0
260000.0 270000.0 5091.3831152344355 818.1028141275941 268.7364005807233 999.890000000014 353.5230000000447 1968.2504978214722 1738.3584950319864 1724.8773272386886 1738.3584950319864 13.481167793297756 2469931.314072902 1737.2090473185058 11.555286679969505 1737.2090473185058 1725.6537606385361 940.0
270000.0 280000.0 4390.021999999881 934.9963333333532 112.96258357289715 999.4399999999441 719.8710000000428 2044.0 1925.0 1911.0 1925.0 14.0 2731220.0 1920.0 11.0 1920.0 1909.0 960.0
280000.0 290000.0 2547.5079999999143 931.5615000000107 145.6129711176802 999.9719999999506 588.1119999999646 2375.0 2240.0 2224.0 2240.0 16.0 3197467.0 2248.0 14.0 2248.0 2234.0 933.3333333333334
290000.0 300000.0 4204.835000000079 827.880714285703 308.93307629522803 999.5259999999544 227.17700000002515 2044.0 1736.0 1722.0 1736.0 14.0 2459766.0 1727.0 8.0 1727.0 1719.0 980.0
