ts te idle avg_span std_span max_span min_span c_bytes_all c_ack_cnt c_ack_cnt_p c_pkts_all c_pkts_data s_bytes_all s_ack_cnt s_ack_cnt_p s_pkts_all s_pkts_data videorate
0.0 10000.0 447.4895488281327 498.490072319878 416.584172117792 999.6909999999989 0.0 88719.75643510494 3605.383586942669 3441.3779984301204 3611.350733704889 164.0055885125488 4822132.758707632 3542.2591921262447 79.48996086428237 3542.2591921262447 3456.8020844997423 0.0
10000.0 20000.0 3732.0942031249942 669.7042710937501 405.65820771331516 999.997000000003 76.24599999999919 12340.71891422933 2168.62303840079 2136.89229668594 2169.62303840079 31.730741714849845 3024646.390508151 2154.73074171485 17.838445028909906 2154.73074171485 2135.89229668594 0.0
20000.0 30000.0 5338.400999999998 932.3198000000004 102.815409169541 999.6869999999981 766.3289999999979 2044.0 1837.0 1823.0 1837.0 14.0 2586984.0 1826.0 7.0 1826.0 1819.0 0.0
30000.0 40000.0 4273.611037109375 467.3751538461533 452.03663611884474 999.9959999999992 4.699000000000524 15898.0 1999.0 1968.0 2000.0 31.0 2766123.0 1982.0 25.0 1982.0 1956.0 0.0
40000.0 50000.0 5148.410000000011 352.76414285714264 404.83054467780954 999.7890000000043 4.576999999997497 249853.0 1494.0 1290.0 1495.0 202.0 1797257.0 1385.0 104.0 1385.0 1279.0 0.0
50000.0 60000.0 4439.059212890628 414.75663783482116 452.90175521115157 999.6689999999944 6.123999999996158 5675.210477707717 1686.4130794842213 1665.9057874498374 1686.4130794842213 20.507292034383834 2351452.747985188 1682.3984954154537 18.75364601719192 1682.3984954154537 1662.6448493982616 0.0
60000.0 70000.0 3931.365042968755 568.6969960937502 432.81661873884275 999.9349999999977 38.845000000001164 2039.0842714105572 1678.4352538651692 1663.464866687997 1678.4352538651692 13.97038717717203 2347421.3664508536 1669.9275171454926 12.246353982808085 1669.9275171454926 1655.6811631626847 0.0
70000.0 80000.0 5892.049806640614 532.5925241699224 367.32203582138914 999.7430000000022 5.1159999999945285 1570.21544173716 1169.6891366177244 1157.917329710858 1169.6891366177244 10.771806906866386 1629345.8257354544 1163.2520106627503 10.707905098685206 1163.2520106627503 1151.544105564065 0.0
80000.0 90000.0 4687.338080078131 541.348391992187 463.7286751879768 999.2280000000028 4.247000000003027 5262.489809144567 2004.4625300328848 1987.7120161513071 2004.4625300328848 16.750513881577753 2797565.059828504 1983.4219767763034 11.292094901314794 1983.4219767763034 1972.1298818749888 0.0
90000.0 100000.0 4695.341132812522 309.12155555555444 450.83519216439583 999.9660000000003 0.0 5393.0 1979.0 1961.0 1980.0 18.0 2760429.0 1966.0 16.0 1966.0 1949.0 0.0
100000.0 110000.0 5341.574851562487 441.35575000000125 432.18426198411083 999.7390000000014 15.607000000003609 128373.0 1921.0 1804.0 1922.0 115.0 2537067.0 1859.0 59.0 1860.0 1797.0 0.0
110000.0 120000.0 4360.287000000011 805.6732857142841 338.4233569883102 999.9409999999916 190.7829999999958 2042.0 1854.0 1840.0 1854.0 14.0 2613575.0 1850.0 10.0 1850.0 1840.0 0.0
120000.0 130000.0 3984.4450449218275 584.9610868252904 479.8002053958126 999.9580000000133 6.418000000005122 6992.0 2149.3377445515293 2125.3377445515293 2150.3377445515293 24.0 3016560.073466115 2145.2365766572616 18.0 2145.2365766572616 2126.2365766572616 0.0
130000.0 140000.0 4788.414863281214 436.4473447265652 463.368210920516 999.8630000000121 4.74199999999837 1976.9079698560006 1692.609725162593 1678.9958217297253 1692.609725162593 13.613903432867474 2365713.605081382 1682.4830861911255 16.0 1682.4830861911255 1666.4830861911255 0.0
140000.0 150000.0 4942.444771484355 428.87068570963794 433.28833367270477 999.8640000000014 4.809000000008382 5326.2188748071585 1675.1185307009087 1657.5449230213476 1675.1185307009087 17.573607679561196 2336400.8383213934 1660.1586486553565 13.0 1660.1586486553565 1647.1586486553565 0.0
150000.0 160000.0 4930.766210937523 517.0952789062488 435.58291438476334 999.8949999999895 6.209999999991851 2160.758179334104 1556.2730016026526 1538.69614510064 1556.2730016026526 15.576856502012676 2187335.7793870308 1554.4606905139399 11.0 1554.4606905139399 1541.4606905139399 0.0
160000.0 170000.0 5362.288808593701 392.05101595052594 401.4996010446244 997.3559999999998 0.0 124297.11497600273 1535.9590435704301 1424.7234111848713 1536.9590435704301 110.23563238555866 1995197.103506882 1480.6815860515064 60.0 1480.6815860515064 1418.6815860515064 0.0
170000.0 180000.0 4617.569023437536 599.8649973958285 410.144733869838 999.8669999999984 5.752999999996973 1943.295033489121 1821.239582291873 1807.9260340472185 1821.239582291873 13.313548244654246 2549412.2208346673 1808.8009104224323 12.427956870545204 1808.8009104224323 1796.372953551887 0.0
180000.0 190000.0 4440.018277343741 321.35709560032944 392.0357594651546 999.7639999999956 5.320999999996275 11114.294470007892 1733.9014411958683 1701.8994278012515 1736.9014411958683 29.82376135929678 2404692.472847825 1726.0752692640694 23.88760476872598 1726.0752692640694 1699.1876644953436 0.0
190000.0 200000.0 5063.304087890603 720.8215580357189 360.13913923215387 999.8120000000054 109.05499414063524 1928.410496502987 1753.5609309241454 1739.8764925634166 1753.5609309241454 12.862690396048976 2451510.9065547045 1732.1032322443086 8.68443836072882 1732.1032322443086 1723.4187938835798 0.0
200000.0 210000.0 5525.9009999999835 651.9052857142898 450.521651473675 999.9739999999874 41.59200000000419 5428.0 1855.0 1837.0 1855.0 18.0 2607376.0 1846.0 9.0 1846.0 1837.0 0.0
210000.0 220000.0 4041.1180351562216 503.70216666666965 467.0084011858374 999.7080000000133 6.261999999987893 2066.0 1951.0 1935.0 1952.0 15.0 2721048.0 1932.0 14.0 1932.0 1917.0 0.0
220000.0 230000.0 4711.609048828133 372.8548823529392 442.20198801140185 999.9079999999958 5.0350000000034925 126352.0 2202.0 2086.0 2203.0 115.0 2943300.0 2150.0 65.0 2151.0 2082.0 0.0
230000.0 240000.0 4923.797101562464 640.8201123046929 489.82031374423343 999.7960000000021 6.63200000001234 2043.0 2062.0035606261577 2047.0035606261577 2062.0035606261577 14.0 2892154.284362428 2048.418743698592 10.0 2048.418743698592 2037.4187436985922 0.0
240000.0 250000.0 5167.066781250003 423.5099326171864 452.92773573475364 999.9400000000023 25.727101562486496 5325.949114724121 1561.6594628495218 1543.4308537246777 1561.6594628495218 17.2286091248441 2177388.3305177093 1559.9441478401332 13.0 1559.9441478401332 1542.9441478401332 0.0
250000.0 260000.0 4450.974105468718 693.6282368164102 388.87746368574 999.9629999999888 148.73300000000745 2172.0508852758794 1798.4729234332672 1783.7015325581115 1798.4729234332672 14.7713908751559 2533150.5059003304 1793.1916507964065 10.0 1793.1916507964065 1783.1916507964065 0.0
260000.0 270000.0 5081.188984375098 502.78420156249194 452.5835063391192 999.3539999999921 8.679999999993015 6606.581332027012 1517.2654974576933 1495.1354894334343 1518.2654974576933 22.130008024259112 2112387.8665129533 1510.716894007249 15.0 1510.716894007249 1494.716894007249 0.0
270000.0 280000.0 5554.2426914062235 371.3871090494795 420.82825765994465 999.9619999999995 5.146999999997206 1863.2567466504113 1471.775414774737 1457.8642295539514 1471.775414774737 12.91118522078561 2063315.859767808 1472.7200531962949 15.0 1472.7200531962949 1456.7200531962949 0.0
280000.0 290000.0 4125.808054687455 442.8364840959839 425.97158872026876 999.3499999999767 0.0 126939.99429579439 1913.9530325403373 1803.6041361152966 1914.9530325403373 109.34889642504086 2534687.42818527 1855.4108325594493 59.39008967008559 1855.4108325594493 1794.0207428893639 0.0
290000.0 300000.0 4775.385035156214 661.6691206054747 421.1299946397569 999.4569999999949 68.73800000001211 2045.6625905160452 2214.8420684455523 2199.023596048971 2215.8420684455523 14.818472396580837 3102134.8032744927 2192.3498994715655 9.488864560217268 2192.3498994715655 2180.861034911348 0.0
