ts te idle avg_span std_span max_span min_span c_bytes_all c_ack_cnt c_ack_cnt_p c_pkts_all c_pkts_data s_bytes_all s_ack_cnt s_ack_cnt_p s_pkts_all s_pkts_data videorate
0.0 10000.0 165.61102929682238 983.4388970703178 49.44769864339316 999.9419999999809 842.719970703125 8859.837878497621 4328.442588098828 4280.756817746433 4329.442588098828 47.685770352395316 6204404.496026399 4386.3427843322115 14.0 4386.3427843322115 4371.3427843322115 1012.1212121212121
10000.0 20000.0 4548.918912109279 681.3851359863402 380.688788553882 999.7260000000242 122.78000000002794 2096.162121502378 2268.48938878549 2254.175159137885 2268.48938878549 14.314229647604687 3243665.600074566 2293.294944578513 10.0 2293.294944578513 2283.294944578513 1076.923076923077
20000.0 30000.0 5420.588058593799 655.0334202008837 417.5686804655305 999.7579999999725 5.8219999999855645 2044.0 1964.0680231156816 1950.0680231156816 1964.0680231156816 14.0 2820013.9038990354 1994.362271089275 12.0 1994.362271089275 1982.362271089275 1090.909090909091
30000.0 40000.0 5215.172039062483 797.4713268229194 326.38424272730657 999.9839999999967 245.64600000000792 2210.0 1965.0863033861851 1950.0863033861851 1965.0863033861851 15.0 2854133.2412354723 2021.0863033861851 12.0 2021.0863033861851 2009.0863033861851 1818.1818181818182
40000.0 50000.0 3170.98696289066 853.6266296386675 198.97253190277746 999.8279999999795 457.00903906248277 1833.2703180782028 2996.499022638192 2983.942376623958 2996.499022638192 12.556646014234266 4305881.34571205 3034.168960680895 10.762839440772229 3034.168960680895 3023.4061212401225 1692.3076923076924
50000.0 60000.0 5281.237005859381 674.1089991629457 399.32254890622136 999.8740000000107 38.7919921875 1597.9474859903503 2039.951960068008 2029.2757710069955 2039.951960068008 10.676189061012602 2930840.7293336093 2066.2909740180417 7.46999563447464 2066.2909740180417 2058.820978383567 1200.0
60000.0 70000.0 5183.801992187451 802.6996679687581 332.1898568019454 999.9770000000135 173.4419999999809 2010.782195931447 1942.462713907615 1928.6955489828617 1942.462713907615 13.767164924753132 2783387.6837188685 1973.4537619148784 12.767164924753132 1973.4537619148784 1960.6865969901253 1000.0
70000.0 80000.0 5436.9379999999655 760.5103333333391 405.14226615581055 999.7270000000135 6.830000000016298 2044.0 1887.0 1873.0 1887.0 14.0 2696066.0 1911.0 13.0 1911.0 1898.0 1000.0
80000.0 90000.0 3482.4529999999213 931.0781428571541 115.29479891626825 999.7150000000256 745.2060000000056 2044.0 2682.0 2668.0 2682.0 14.0 3826165.0 2709.0 12.0 2709.0 2697.0 1400.0
90000.0 100000.0 2052.197023437533 883.0892196180519 251.75446977340732 999.890000000014 274.5009765625 2376.0 3663.533336075523 3647.533336075523 3663.533336075523 16.0 5261636.298628162 3706.331001285123 12.0 3706.331001285123 3694.331001285123 1666.6666666666667
100000.0 110000.0 4933.156970703101 723.8347184709855 339.73647864880303 999.1199999999953 227.49202343751676 2036.7718266569075 2184.303168553187 2168.346711766097 2184.303168553187 13.956456787089804 3090684.589397708 2184.5925897694074 10.0 2184.5925897694074 2172.5925897694074 1636.3636363636363
110000.0 120000.0 3184.91189648438 757.2320115017355 340.19566634802743 999.9980000000214 43.48399414063897 2051.2281733430927 3087.32591133287 3073.2823681199593 3087.32591133287 14.043543212910196 4406384.908328185 3105.575217323477 9.0 3105.575217323477 3096.575217323477 1538.4615384615386
120000.0 130000.0 5178.344109374972 803.6093151041714 375.0500945418452 999.9980000000214 62.11489062500186 2044.0 1936.8375840384201 1922.8375840384201 1936.8375840384201 14.0 2767417.2036459455 1959.5011916219926 13.0 1959.5011916219926 1946.5011916219926 1090.909090909091
130000.0 140000.0 5318.6258906250005 936.2748218749999 119.0859865117914 999.9519999999902 725.912109375 2044.0 2114.1853585345757 2100.1853585345757 2114.1853585345757 14.0 3019040.3908796282 2132.2775846495997 9.0 2132.2775846495997 2123.2775846495997 1600.0
140000.0 150000.0 2386.4880195312435 761.3511980468757 323.85648625955525 999.9670000000042 257.51708984375 2252.7704196956615 3523.960084990073 3508.7024318593762 3523.960084990073 15.257653130696756 5021388.406846222 3534.3525526136555 7.0 3534.3525526136555 3527.3525526136555 2000.0
150000.0 160000.0 5032.06402929686 709.7051386718771 397.36302811504476 999.875 17.68599999998696 1915.9757202068636 2151.910332589359 2138.7519162686685 2151.910332589359 13.158416320690401 3057288.096308584 2162.423591255508 11.499488101188991 2162.423591255508 2150.9241031543193 1384.6153846153845
160000.0 170000.0 5958.222996093682 577.3967148437597 422.50108325591015 999.7600000000093 70.77399999997579 1588.3752334700273 1693.5304100170708 1682.6511275960431 1693.5304100170708 10.879282421027586 2407067.373172566 1700.3600423359633 7.912805558417325 1700.3600423359633 1692.4472367775459 1166.6666666666667
170000.0 180000.0 3132.5880820312886 763.0457686631902 336.7073274049045 999.8699999999953 25.906982421875 1917.084114975797 3208.0119805615495 3195.1516864875975 3208.0119805615495 12.860294073952193 4527537.358208576 3186.910743587613 7.743352286760617 3186.910743587613 3179.167391300853 1636.3636363636363
180000.0 190000.0 4683.482982421934 886.0861695963443 202.540133620356 999.689000000013 488.2849999999744 2178.7945116516503 2299.4018333073723 2284.557479253739 2299.4018333073723 14.844354053633065 3299128.3745844243 2328.67548555766 9.844354053633065 2328.67548555766 2318.831131504027 1200.0
190000.0 200000.0 3418.1397402343573 940.2657513950918 101.04390120158118 999.6030000000028 770.541259765625 2044.0 2904.4944100369003 2890.4944100369003 2904.4944100369003 14.0 4165943.9134208 2937.0093946826482 12.0 2937.0093946826482 2925.0093946826482 1600.0
200000.0 210000.0 3825.196259765653 771.8504675292934 378.7891417341471 999.8860000000568 93.50074023439083 2044.0 2688.5055899630997 2674.5055899630997 2688.5055899630997 14.0 3800283.0865792 2685.9906053173518 13.0 2685.9906053173518 2672.9906053173518 1636.3636363636363
210000.0 220000.0 5480.5490000001155 903.8901999999769 137.91957612572133 999.704000000027 697.7449999999953 2044.0 1989.0 1975.0 1989.0 14.0 2838292.0 2012.0 12.0 2012.0 2000.0 1000.0
220000.0 230000.0 4590.482000000076 901.5863333333206 171.10619006414225 999.9089999999851 580.4109999999637 2376.0 2307.0 2291.0 2307.0 16.0 3279120.0 2325.0 14.0 2325.0 2311.0 1000.0
230000.0 240000.0 5432.119999999995 913.5760000000009 182.32648704313021 999.3830000000307 587.6360000000568 2044.0 1831.0 1817.0 1831.0 14.0 2600490.0 1843.0 12.0 1843.0 1831.0 1000.0
240000.0 250000.0 5423.137999999919 915.3724000000162 123.72462789517745 999.6809999999823 725.1310000000522 2044.0 1954.0 1940.0 1954.0 14.0 2749055.0 1945.0 9.0 1945.0 1936.0 1000.0
250000.0 260000.0 6243.225726562436 751.3548546875129 400.88876001399024 999.6280000000261 76.93700000003446 1886.7200920484172 1449.2460378567157 1436.1935071817252 1449.2460378567157 13.052530674990464 2074634.528536179 1472.1409765067347 8.684176891663489 1472.1409765067347 1463.4567996150713 1000.0
260000.0 270000.0 5015.397285156185 712.086102120545 353.07279852353327 999.7049999999581 139.93798828125 2390.515236955888 2028.419555216806 2012.3321140303246 2028.419555216806 16.087441186481257 2859836.698009173 2029.944532151202 13.455794969808233 2029.944532151202 2016.4887371813938 1000.0
270000.0 280000.0 6011.17988085933 797.764023828134 141.24328877468827 998.5749999999534 662.6670000000158 1819.914919919513 1729.1571932485767 1716.6728483365976 1729.1571932485767 12.484344911979093 2438776.9690927584 1727.8067541597352 9.270449612864342 1727.8067541597352 1718.5363045468707 1692.3076923076924
280000.0 290000.0 4104.924822265748 655.0083530815836 386.71069491315376 999.7199999999721 4.067999999970198 1787.2210560487986 2639.27726489376 2627.0360247838366 2639.27726489376 12.241240109923277 3725216.622259146 2627.804459048308 9.902912997127444 2627.804459048308 2617.901546051181 2333.3333333333335
290000.0 300000.0 3428.2662851563655 821.4667143554543 300.42305868915446 999.7789999999804 246.86999999999534 1811.6286950273825 2843.899948784142 2831.765505667516 2843.899948784142 12.134443116625908 4023476.1821027435 2834.30327813402 8.686665528536492 2834.30327813402 2825.616612605483 1454.5454545454545
