ts te idle avg_span std_span max_span min_span c_bytes_all c_ack_cnt c_ack_cnt_p c_pkts_all c_pkts_data s_bytes_all s_ack_cnt s_ack_cnt_p s_pkts_all s_pkts_data videorate
0.0 10000.0 0.0 662.6896640242022 369.6971462360171 999.8510000000242 0.0 122086.76205299619 3546.1254917661313 3372.5878574313338 3556.9327280314046 169.53763433479762 6739549.3946902435 4943.281049742234 123.9704657870007 4943.281049742234 4809.503347689961 0.0
10000.0 20000.0 4905.114791015629 570.3323384331566 402.2752406931907 999.359999999986 2.517999999981839 18252.0 1307.613558858801 1281.613558858801 1307.613558858801 26.0 2622149.9147672933 1868.7458465178138 19.0 1868.7458465178138 1849.7458465178138 0.0
20000.0 30000.0 5606.66440039064 592.0971176470562 418.67608791640595 999.6579999999958 6.11099999997532 9475.0 1556.0 1544.0 1556.0 12.0 2814505.0 1993.0 16.0 1993.0 1977.0 0.0
30000.0 40000.0 5031.69414062507 504.15404761904693 433.5778276094784 999.9430000000284 6.753000000026077 12885.0 1401.0 1385.0 1401.0 16.0 2763132.0 1962.0 19.0 1962.0 1943.0 0.0
40000.0 50000.0 4510.181263671897 574.9313193359388 429.89863197806955 999.6109999999753 6.256999999983236 265009.13788920926 1974.694360442744 1766.963121277559 1976.6271702340402 205.7312391651852 3185656.7384922276 2397.4964860468926 145.79842937388892 2398.4964860468926 2247.765246881707 0.0
50000.0 60000.0 5813.7166718749795 370.30345652488717 415.36417568688665 999.3699999999953 4.7920000000158325 12920.862110790735 1335.8676829282854 1315.5989220934705 1336.934873136989 16.26876083481479 2507168.2594784796 1798.0756413835747 24.201570626111092 1798.0756413835747 1770.80688054876 0.0
60000.0 70000.0 5855.501566406281 454.4905587890651 381.7198649830432 999.5630000000237 0.0 9475.0 1360.418951310412 1347.418951310412 1360.418951310412 12.0 2423901.3080319613 1722.9784878916212 14.841017281004094 1722.9784878916212 1706.1374706106171 0.0
70000.0 80000.0 5292.372160156257 466.61926134314854 405.396360109421 999.1120000000228 0.975041015597526 12814.981761573828 1619.7861724614204 1602.8696342040575 1619.7861724614204 15.916538257362616 2910716.167809217 2069.833290888716 18.075520976358522 2069.833290888716 2050.7577699123576 0.0
80000.0 90000.0 5946.581585937529 456.56668240017217 413.5495557905096 999.914999999979 5.742000000027474 11385.210367933281 1199.3550303367313 1180.659730889321 1201.3550303367313 16.695299447410093 2395687.2363844663 1714.1420030908112 19.695299447410093 1714.1420030908112 1690.446703643401 0.0
90000.0 100000.0 5545.155906249944 483.2923747452492 391.56584409907936 999.5929999999935 5.0389999999897555 12265.60503986559 1524.9653713915716 1509.7040540127186 1524.9653713915716 15.261317378852793 2846028.4653834 2020.7489645062842 18.261317378852794 2020.7489645062842 2002.4876471274315 0.0
100000.0 110000.0 6398.848667968763 465.39221772204127 375.81089200521683 999.7210000000196 5.266999999992549 125321.2028306273 1287.912431128836 1186.7855862124613 1288.912431128836 101.1268449163745 2185438.824420248 1611.7251261921006 66.1268449163745 1612.7251261921006 1543.5982812757259 0.0
110000.0 120000.0 4853.714808593737 659.4206999999966 425.0468620799469 999.8169999999809 5.597999999998137 13530.0 1699.0 1682.0 1700.0 17.0 3194846.0 2268.0 19.0 2268.0 2248.0 0.0
120000.0 130000.0 5853.880570312496 587.3205294117661 423.8867102376974 998.8329999999842 6.643999999971129 15863.0 1225.0 1201.0 1226.0 24.0 2484809.0 1774.0 19.0 1774.0 1754.0 0.0
130000.0 140000.0 5385.426167968777 731.678866666664 335.9935840447926 999.8960000000079 6.6049999999813735 9475.0 1626.0 1614.0 1626.0 12.0 2802346.0 1982.0 13.0 1982.0 1969.0 0.0
140000.0 150000.0 5796.919462890655 481.71738095238106 440.3328627769588 999.8150000000023 5.686999999976251 12848.0 1302.0 1286.0 1302.0 16.0 2619177.0 1863.0 19.0 1863.0 1844.0 0.0
150000.0 160000.0 5440.567884765624 698.2431826746324 403.00215252953393 999.8969999999972 5.651000000012573 11058.0 1617.912628468495 1603.912628468495 1617.912628468495 14.0 3068919.597591251 2170.0648294776806 16.0 2170.0648294776806 2154.0648294776806 0.0
160000.0 170000.0 5898.049664062448 387.3498225911535 399.15063793129457 998.4820000000182 5.342999999993481 127674.0 1495.7386507968954 1388.7386507968954 1496.7386507968954 106.0 2477438.7827877095 1815.9648486588467 62.0 1816.9648486588467 1751.9648486588467 0.0
170000.0 180000.0 5641.226720703067 479.5538982421946 386.2348323048753 998.9830000000075 5.554000000003725 12358.487551324912 1286.838197354278 1267.42849085008 1287.838197354278 18.40970650419812 2693127.420255372 1916.0546963247414 17.40970650419812 1916.0546963247414 1896.644989820543 0.0
180000.0 190000.0 5337.805740234384 475.4217350781197 395.5972030411509 999.3499999999767 4.7269999999552965 17644.138498792207 1496.17760953978 1475.1805417604337 1496.17760953978 20.489947162195204 2867707.3686531093 2042.684110353933 21.99706777934618 2042.684110353933 2019.6728013402849 0.0
190000.0 200000.0 6088.058837890625 629.6573358072899 358.6905659863484 999.015999999945 64.91369335935451 8895.626442805455 1463.6285545690037 1451.8677816198594 1463.6285545690037 11.267893566294967 2604985.988837946 1843.3864898476047 11.760772949143988 1843.3864898476047 1830.6399581327628 0.0
200000.0 210000.0 6017.9631523437565 484.57973643092095 381.5242069032092 999.5529999999562 4.851000000024214 11112.60679638194 1388.0520878145362 1374.2651621093637 1388.0520878145362 13.7869257051724 2455094.377502482 1742.1395890078995 14.7869257051724 1742.1395890078995 1727.3526633027275 0.0
210000.0 220000.0 5498.067580078146 455.51707107677004 393.56001494288114 999.8939999999711 4.90500000002794 7933.140710695486 1310.5043111144323 1296.5171973281426 1310.5043111144323 10.045527062139307 2472311.0624535084 1761.5886097775945 16.045527062139307 1761.5886097775945 1741.6014959913048 0.0
220000.0 230000.0 5649.954093749984 457.7189227701795 423.04176444078377 999.8279999999795 6.03000000002794 133957.0 1459.1479603425796 1346.08954706673 1460.1479603425796 109.0 2720916.4019186203 2003.1168265516994 72.0 2003.1168265516994 1925.0584132758497 0.0
230000.0 240000.0 5801.938574218657 519.8987500000046 437.17579730932806 999.6199999999953 5.050000000046566 9475.0 1277.0 1264.0 1277.0 12.0 2620363.0 1862.0 18.0 1862.0 1843.0 0.0
240000.0 250000.0 5015.906978515559 622.0175714285745 419.28804357726983 999.7820000000065 8.38800000003539 14379.0 1755.0 1733.0 1755.0 18.0 3131270.0 2231.0 17.0 2231.0 2210.0 0.0
250000.0 260000.0 5922.23980859376 713.1183076922943 331.0348353548289 999.4120000000112 190.49300000001676 9475.0 1419.0 1407.0 1419.0 12.0 2639685.0 1866.0 11.0 1866.0 1855.0 0.0
260000.0 270000.0 5456.457539062365 668.1681875000068 372.54548745823377 999.4420000000391 9.949000000022352 12857.0 1531.0 1514.0 1531.0 16.0 2824210.0 2005.0 14.0 2005.0 1990.0 0.0
270000.0 280000.0 5753.034931640606 574.6827058823478 425.6360948330367 999.829000000027 5.091000000014901 9475.0 1315.0 1303.0 1315.0 12.0 2580814.0 1828.0 16.0 1828.0 1812.0 0.0
280000.0 290000.0 4094.6322675781557 695.2742352941046 401.1518127522819 999.6180000000168 11.23300000000745 132359.0 1595.0 1486.0 1596.0 109.0 2804866.0 2053.0 70.0 2054.0 1981.0 0.0
290000.0 300000.0 5975.029761718819 701.0743846153894 348.7366090823658 999.9620000000577 185.81400000001304 9475.0 1341.0 1329.0 1341.0 12.0 2609800.0 1846.0 12.0 1846.0 1834.0 0.0
