ts te idle avg_span std_span max_span min_span c_bytes_all c_ack_cnt c_ack_cnt_p c_pkts_all c_pkts_data s_bytes_all s_ack_cnt s_ack_cnt_p s_pkts_all s_pkts_data videorate
0.0 10000.0 1461.1569999999956 948.7603333333338 151.75033599798033 999.9140000000007 544.0950000000012 8588.0 4151.0 4115.0 4152.0 36.0 5814414.0 4103.0 12.0 4103.0 4090.0 0.0
10000.0 20000.0 5651.777000000002 869.6445999999996 235.36356216564036 999.4930000000022 456.0480000000025 2044.0 1920.0 1906.0 1920.0 14.0 2700539.0 1909.0 9.0 1909.0 1900.0 0.0
20000.0 30000.0 4878.249000000003 853.6251666666661 252.47142390965035 999.9270000000033 383.70500000000175 2376.0 2371.0 2355.0 2371.0 16.0 3342744.0 2354.0 7.0 2354.0 2347.0 0.0
30000.0 40000.0 5643.924888671871 726.0125185546882 428.03174458983966 999.875 79.714111328125 2044.0 1765.5792266560966 1751.5792266560966 1765.5792266560966 14.0 2496383.3709771293 1767.595459990207 9.0 1767.595459990207 1758.595459990207 0.0
40000.0 50000.0 5158.623021484367 806.8961630859388 277.0452959100724 999.5010000000038 321.0248886718764 2014.9905864017037 2077.941052567142 2064.0977357815896 2077.941052567142 13.843316785552432 2913300.3876960096 2056.58843387864 9.0 2056.58843387864 2047.5884338786402 0.0
50000.0 60000.0 6301.1429785156215 616.4761702473965 429.0735076638803 999.9820000000036 117.72691015625605 2131.303090075119 1649.6491125582008 1635.1160325070352 1649.6491125582008 14.53308005116553 2337031.1597757787 1651.7972994942331 8.0 1651.7972994942331 1643.7972994942331 0.0
60000.0 70000.0 6127.048136718746 774.5903726562508 242.30652450140403 999.4679999999935 380.16300000000047 1636.8916924041446 1653.5724125815086 1642.2228284843065 1653.5724125815086 11.349584097202092 2345132.944119401 1660.6837499884118 9.725980933920054 1660.6837499884118 1650.9577690544916 0.0
70000.0 80000.0 5831.709980468775 595.470002790175 387.1550176431399 999.5979999999981 50.21799999999348 1889.7378107264144 1934.4461353100135 1921.7044744640593 1934.4461353100135 12.741660845954257 2702156.8197044586 1911.7532393726824 10.389140591686498 1911.7532393726824 1901.364098780996 0.0
80000.0 90000.0 5577.790746093757 631.7441791294633 381.9639000966583 999.8999999999942 80.229248046875 2081.8306109965442 2122.1729631871835 2108.1586858740393 2122.1729631871835 14.01427731314386 2972306.922005927 2092.9065583220067 5.36679756741162 2092.9065583220067 2087.539760754595 0.0
90000.0 100000.0 5901.888248046875 819.6223503906251 285.65180945940983 999.9719999999943 319.6420000000071 1975.246209396074 1930.639097139855 1917.1210162328732 1930.639097139855 13.518080906981826 2705155.395721296 1909.6752589538187 6.518080906981827 1909.6752589538187 1903.1571780468369 0.0
100000.0 110000.0 5502.421000000002 899.5157999999996 193.53005189556248 999.8390000000072 555.9860000000044 2044.0 1999.0 1985.0 1999.0 14.0 2806557.0 1988.0 13.0 1988.0 1975.0 0.0
110000.0 120000.0 5879.944000000018 824.0111999999965 243.03512388891693 999.5899999999965 502.9219999999914 2044.0 1863.0 1849.0 1863.0 14.0 2626322.0 1854.0 7.0 1854.0 1847.0 0.0
120000.0 130000.0 5487.154999999999 902.5690000000002 132.93898231520038 1000.0 756.8539999999921 2044.0 2040.0 2026.0 2040.0 14.0 2876689.0 2029.0 7.0 2029.0 2022.0 0.0
130000.0 140000.0 4559.251999999979 906.7913333333369 124.05516551545806 999.8960000000079 700.929999999993 2376.0 2327.0 2311.0 2327.0 16.0 3276008.0 2316.0 13.0 2316.0 2303.0 0.0
140000.0 150000.0 5662.027041015623 867.5945917968754 213.31604612255498 999.9830000000075 509.532958984375 2044.0 1870.830688875434 1856.830688875434 1870.830688875434 14.0 2638250.0381968804 1869.0429091050605 11.0 1869.0429091050605 1858.0429091050605 0.0
150000.0 160000.0 5945.801986328122 675.699668945313 418.13925945963797 999.6140000000014 76.22504101562663 2044.0 1906.5914449406882 1892.5914449406882 1906.5914449406882 14.0 2682695.727796006 1891.456468569343 2.0 1891.456468569343 1889.456468569343 0.0
160000.0 170000.0 6064.0950273437775 655.9841621093705 455.3132225064362 999.7209999999905 69.6689453125 2044.0 1799.3415818544 1785.3415818544 1799.3415818544 14.0 2543541.221363177 1797.4593406886265 7.0 1797.4593406886265 1790.4593406886265 0.0
170000.0 180000.0 5433.853060546884 761.0244899088526 289.44954209311106 999.560999999987 327.7300546875049 2002.6051055796117 2034.3009679021707 2020.5503347360286 2034.3009679021707 13.75063316614224 2869839.851811756 2028.5945682191027 6.75063316614224 2028.5945682191027 2021.8439350529604 0.0
180000.0 190000.0 6537.927935546875 692.4144128906249 358.27137001396414 999.8910000000033 241.57611523437663 2290.845996511609 1447.4410724009765 1431.0564579641593 1447.4410724009765 16.38461443681692 2043954.6246445635 1449.5740535238835 8.627782701510814 1449.5740535238835 1440.9462708223728 0.0
190000.0 200000.0 5252.8199160156655 791.1966806640557 265.90769056973465 999.3179999999993 344.04199999998673 2014.3394441857306 2041.3853012408624 2027.7346337998242 2041.3853012408624 13.650667441038161 2889596.806742284 2045.1097247771718 11.407499176344267 2045.1097247771718 2033.7022256008277 0.0
200000.0 210000.0 6049.858078124991 658.3569869791681 327.44253532589784 999.9100000000035 202.21596679688082 1667.0854180692675 1832.3243286604072 1820.9662533001087 1832.3243286604072 11.358075360298603 2565060.180173802 1808.9089700662935 6.358075360298603 1808.9089700662935 1802.550894705995 0.0
210000.0 220000.0 5153.752955078118 807.7078408203137 232.05864822400991 999.8310000000056 447.33600000001024 2070.1240356537814 2241.784614125061 2227.9286045293566 2241.784614125061 13.856009595704077 3146915.5492715314 2220.853965050518 8.856009595704077 2220.853965050518 2211.9979554548145 0.0
220000.0 230000.0 6562.328999999998 859.4177500000005 236.85112742307362 999.7099999999919 507.3390000000072 1712.0 1478.0 1466.0 1478.0 12.0 2083854.0 1474.0 7.0 1474.0 1467.0 0.0
230000.0 240000.0 4917.489000000001 847.0851666666664 247.52449925323768 999.7369999999937 421.61699999999837 2376.0 2328.0 2312.0 2328.0 16.0 3274794.0 2315.0 13.0 2315.0 2302.0 0.0
240000.0 250000.0 5564.064000000013 887.1871999999973 152.89939279049156 999.5509999999776 716.2000000000116 2041.0 1978.0 1964.0 1978.0 14.0 2798167.0 1981.0 12.0 1981.0 1969.0 0.0
250000.0 260000.0 5815.896000000008 836.8207999999984 251.61660937267294 999.734999999986 425.64100000000326 2044.0 1918.0 1904.0 1918.0 14.0 2685414.0 1896.0 7.0 1896.0 1889.0 0.0
260000.0 270000.0 4962.372968750016 839.6045052083306 309.26827207032954 999.9519999999902 227.08203125 2373.0 2268.3362123230227 2252.3362123230227 2268.3362123230227 16.0 3222685.8558741477 2277.4037161545793 9.0 2277.4037161545793 2268.4037161545793 0.0
270000.0 280000.0 5605.322031250049 732.4463281249919 354.24325402425677 999.8769999999786 115.46796874998836 2044.0 1877.6637876769773 1863.6637876769773 1877.6637876769773 14.0 2662024.1441258523 1881.5962838454204 7.0 1881.5962838454204 1874.5962838454204 0.0
280000.0 290000.0 5843.126968750032 831.3746062499937 246.4372387153252 999.7019999999902 455.33203125 2041.0 1863.82284994378 1849.82284994378 1863.82284994378 14.0 2637401.1751859398 1861.051174540502 7.0 1861.051174540502 1854.051174540502 0.0
290000.0 300000.0 5587.438031249971 735.4269947916715 324.8626183154231 999.890000000014 271.39896875002887 2044.0 1997.17715005622 1983.17715005622 1997.17715005622 14.0 2794071.82481406 1975.948825459498 11.0 1975.948825459498 1964.948825459498 0.0
