ts te idle avg_span std_span max_span min_span c_bytes_all c_ack_cnt c_ack_cnt_p c_pkts_all c_pkts_data s_bytes_all s_ack_cnt s_ack_cnt_p s_pkts_all s_pkts_data videorate
0.0 10000.0 18.02820703125326 528.965029422881 386.88406807769644 999.869000000006 47.65399999998044 85612.3228899046 3573.5210925337287 3422.309147003907 3576.5210925337287 151.211945529821 4836280.170826788 3525.307963951243 81.18627198358604 3525.307963951243 3441.1216919676563 0.0
10000.0 20000.0 2794.6459335937398 613.3599222005238 423.47433619585496 999.8819999999832 23.554000000003725 6762.0 2551.139658228783 2525.139658228783 2551.139658228783 25.0 3582371.231995972 2520.9793277749804 13.0 2520.9793277749804 2506.9793277749804 0.0
20000.0 30000.0 4569.054082031245 635.4728797743059 434.73906820656117 998.8989999999758 4.286000000021886 3056.0 1616.4227807281213 1596.4227807281213 1618.4227807281213 18.0 2300383.5900601177 1632.607354208415 17.0 1632.607354208415 1613.607354208415 0.0
30000.0 40000.0 4652.224949218798 367.97567161457846 438.1461227540506 999.6909999999916 4.722000000008848 5435.0 1919.779049529809 1901.779049529809 1919.779049529809 18.0 2709809.275351147 1912.6099134382966 18.0 1912.6099134382966 1894.6099134382966 0.0
40000.0 50000.0 4823.125074218842 326.83417681524844 393.4301659197138 999.9199999999837 4.820999999996275 244588.68694153283 1776.2901209432944 1581.6353803316508 1777.2901209432944 192.65474061164343 2234174.544318499 1718.274683554513 147.0 1718.274683554513 1569.274683554513 0.0
50000.0 60000.0 3416.0601113281446 457.85185924478964 426.0317367902081 999.4170000000158 5.180999999982305 5617.066228396251 2130.521023823952 2109.972432086625 2130.521023823952 19.548591737326817 3003031.3064487446 2121.9276885218924 18.0 2121.9276885218924 2101.9276885218924 0.0
60000.0 70000.0 4615.404792968766 566.7703207031242 387.2719731007462 999.86599999998 41.75199999997858 1641.413835775429 1714.3647834520411 1702.094369186597 1714.3647834520411 11.27041426544407 2421460.1114793657 1706.9056119829293 11.834639955212289 1706.9056119829293 1693.070972027717 0.0
70000.0 80000.0 3787.2121132812463 468.56792047991104 434.79407456579804 999.75 5.092999999993481 1796.0388055864942 2043.9180621399123 2027.317853600044 2043.9180621399123 13.600208539868179 2872884.115761478 2021.9705689110838 12.239315199070228 2022.9705689110838 2007.7312537120133 0.0
80000.0 90000.0 3872.9529433593852 682.8862243923618 426.75147631460294 999.9500000000116 5.076999999990221 5386.794188709013 1933.7041793828698 1915.7781345371525 1933.7041793828698 17.926044845717485 2737352.056580648 1930.7041793828698 14.926044845717483 1930.7041793828698 1915.7781345371525 0.0
90000.0 100000.0 3024.1109121093177 416.4223594898906 469.49774940346776 999.704000000027 4.217000000004191 2376.0 2204.2486067353307 2188.2486067353307 2204.2486067353307 16.0 3119233.011816068 2198.9778895073864 20.0 2198.9778895073864 2178.9778895073864 0.0
100000.0 110000.0 3439.6415898437845 423.64374902343843 434.85191162692274 999.9039999999804 0.0 124907.8793062776 1789.980715463718 1678.059755787347 1790.980715463718 110.92095967637101 2393238.666348639 1755.4885536625493 67.0 1756.4885536625493 1685.4885536625493 0.0
110000.0 120000.0 4298.086791015696 712.739151123038 351.9295022003064 999.8499999999767 78.9299042968778 2057.120693722412 1789.6782108966468 1775.5991705730178 1789.6782108966468 14.079040323628988 2540716.701984183 1785.136598600127 12.0 1785.136598600127 1773.136598600127 0.0
120000.0 130000.0 4987.166332031309 510.49696679686895 429.6487571109777 998.670999999973 4.704000000027008 5428.656442102634 1889.7351895770555 1871.8887868976456 1889.7351895770555 17.846402679409906 2671226.8186912695 1884.0396809026884 16.0 1884.0396809026884 1868.0396809026884 0.0
130000.0 140000.0 4298.7399746094015 476.5166687825501 453.8530836078028 999.875 4.831999999994878 1965.237897225249 2051.071416291827 2037.5389374090207 2051.071416291827 13.532478882806261 2900444.301132229 2040.6925347296108 15.378881562216167 2040.6925347296108 2025.3136531673947 0.0
140000.0 150000.0 4480.50802539062 472.02833121744334 439.28328481316504 999.6749999999884 5.152999999991152 5636.667808422316 1804.6137195371953 1785.6276010657984 1804.6137195371953 18.986118471396587 2546620.6885044333 1799.9968869193372 18.076832752309052 1799.9968869193372 1781.920054167028 0.0
150000.0 160000.0 5418.891857421899 509.01201584201124 460.4418636395181 999.5970000000088 6.49900000001071 1132.6647529949173 1708.9167622196928 1701.1569204673801 1708.9167622196928 7.759841752312703 2394176.7302919435 1676.3048362983898 8.63345838970725 1676.3048362983898 1667.6713779086826 0.0
160000.0 170000.0 4457.46705664054 547.4994070638107 450.9993126419283 999.829000000027 5.226000000024214 123885.77309925489 2317.7553792785343 2205.88022106446 2318.7553792785343 111.87515821407455 3133706.081231234 2258.3630193799117 59.91082729576753 2259.3630193799117 2196.452192084144 0.0
170000.0 180000.0 3524.3679999999586 684.165200000006 376.82257269460496 999.9330000000191 4.923999999999069 6688.0 1999.0 1973.0 2001.0 26.0 2825357.0 2002.0 19.0 2002.0 1981.0 0.0
180000.0 190000.0 3500.8388320311788 413.4630000000034 435.68009048092586 999.9789999999921 4.9359999999869615 9135.0 1913.0 1890.0 1913.0 22.0 2693442.0 1904.0 17.0 1904.0 1886.0 0.0
190000.0 200000.0 3932.1386816406157 696.6061464843806 385.1203800756335 999.9830000000075 54.76000000000931 3850.0 1953.9858429233354 1933.9858429233354 1954.9858429233354 19.0 2778683.6138096033 1961.9858429233354 15.0 1961.9858429233354 1944.9858429233354 0.0
200000.0 210000.0 2955.661287109484 712.8283712890465 356.02933440423783 999.7070000000531 83.94499999994878 5408.0 2351.632818055787 2333.632818055787 2351.632818055787 18.0 3304698.974652025 2322.9412032969676 13.0 2322.9412032969676 2309.9412032969676 0.0
210000.0 220000.0 5332.754736328032 467.38552636719544 484.67332357433287 999.810999999987 5.074000000022352 2044.0 1630.5799434010514 1616.5799434010514 1630.5799434010514 14.0 2336443.2587035242 1647.9172920888307 16.0 1647.9172920888307 1631.9172920888307 0.0
220000.0 230000.0 4442.773363281158 364.6818522949252 403.2297737924421 999.7020000000484 5.312999999965541 123013.0 1852.5634147165736 1741.5634147165736 1853.5634147165736 108.0 2452484.3000795403 1795.6606250552363 64.0 1795.6606250552363 1727.6606250552363 0.0
230000.0 240000.0 4411.329025390674 405.31506961495114 441.20561210804294 999.9939999999478 4.290000000037253 1823.0915034948682 1771.9716251011216 1758.621683296362 1771.9716251011216 12.349941804759371 2497071.235221569 1760.5499847008402 16.728521546936605 1760.5499847008402 1742.8214631539038 0.0
240000.0 250000.0 3339.3738007813226 520.8627076322088 441.51009421392473 999.3260000000009 33.39000000001397 1807.3010896678843 2068.872802820758 2055.7573759818533 2068.872802820758 12.115426838904781 2922387.026655032 2055.8700434437983 9.73684709672755 2055.8700434437983 2042.133196347071 0.0
250000.0 260000.0 5104.581105468795 710.6261277901774 400.76695075733585 999.23199999996 78.96400000003632 5389.607406837247 1933.393552981373 1915.858921625037 1933.393552981373 17.534631356335847 2731571.590878706 1923.075008490991 13.534631356335847 1923.075008490991 1909.5403771346553 0.0
260000.0 270000.0 4689.496000000043 670.2433749999909 455.5618162366545 999.9139999999898 51.4429999999702 2044.0 1919.0 1904.0 1919.0 14.0 2719688.0 1915.0 13.0 1915.0 1901.0 0.0
270000.0 280000.0 4012.8840468749404 508.7416666666686 466.9580927611704 999.9139999999898 5.878999999957159 5367.0 1948.0 1930.0 1948.0 18.0 2747827.0 1938.0 17.0 1938.0 1921.0 0.0
280000.0 290000.0 3774.776017578086 476.5262857142869 480.4815507687515 999.9420000000391 0.0 116811.0 2397.0 2291.0 2398.0 106.0 3261788.0 2346.0 56.0 2347.0 2288.0 0.0
290000.0 300000.0 4337.0981191408355 716.8652351073979 409.4970543072954 999.5559999999823 63.898999999975786 5421.0 1697.1059794559276 1677.1059794559276 1697.1059794559276 19.0 2406709.181723649 1695.3174873080898 11.0 1696.3174873080898 1683.3174873080898 0.0
