ts te idle avg_span std_span max_span min_span c_bytes_all c_ack_cnt c_ack_cnt_p c_pkts_all c_pkts_data s_bytes_all s_ack_cnt s_ack_cnt_p s_pkts_all s_pkts_data videorate
0.0 10000.0 12.231609374997788 546.3412658547795 392.81290467059176 999.9890000000014 0.0 90320.54156867016 3863.3453274102626 3699.269754007745 3869.1932428227983 164.07557340251742 5243830.033492612 3811.412923349677 90.31820921709694 3811.412923349677 3715.2467987200434 0.0
10000.0 20000.0 1516.2267597656173 672.9170232872602 418.3718030822648 999.6580000000031 20.9040625000016 7358.5084578944925 2583.087010598794 2559.136501617884 2583.087010598794 23.950508980910435 3667911.6678698836 2568.2302490835414 9.467182087384092 2568.2302490835414 2558.7630669961572 0.0
20000.0 30000.0 4171.823302734389 648.2307441406236 427.59485316106844 999.7079999999987 5.900000000001455 1926.4919538327356 1753.0776472862308 1739.7554066004916 1753.0776472862308 13.32224068573937 2489115.2083257088 1747.747970470832 11.0 1747.747970470832 1736.747970470832 0.0
30000.0 40000.0 4372.826779296869 421.01392857142855 433.67247161375906 999.4839999999967 5.718000000000757 17357.00771745252 2131.6472292232024 2099.2917610457775 2132.6472292232024 32.35546817742481 2999836.9526256924 2127.5115960404733 26.56781659136457 2127.5115960404733 2099.9437794491087 0.0
40000.0 50000.0 4981.756861328133 310.1199484592006 390.04737208939935 999.7489999999962 4.411999999996624 252933.14177137322 1884.7370920077428 1681.0555150717594 1887.7370920077428 198.68157693598332 2377969.73336267 1789.623331663124 111.43218340863544 1789.623331663124 1673.1911482544886 0.0
50000.0 60000.0 5441.801148437487 377.5859116586552 425.01851008591274 997.8439999999973 5.351999999998952 5141.556647302613 1739.0195771159188 1722.902091304788 1739.0195771159188 16.11748581113079 2429927.6681547556 1716.6962327910069 16.36687933847867 1716.6962327910069 1699.3293534525283 0.0
60000.0 70000.0 4072.2149765624927 574.7457294034089 381.6184168013158 999.1670000000013 97.45299999999406 1787.146127009819 1814.36633453217 1799.1990416333508 1814.36633453217 12.167292898819149 2567629.3867854555 1808.223602465838 13.167292898819149 1808.223602465838 1793.0563095670186 0.0
70000.0 80000.0 5260.893945312506 527.7898949652767 445.2424613307401 998.1649999999936 5.327999999994063 1829.8979001478199 1680.7572158978112 1668.291388135109 1680.7572158978112 12.46582776270218 2361722.785310083 1666.4726858164029 13.46582776270218 1666.4726858164029 1652.0068580537009 0.0
80000.0 90000.0 3245.1320000000123 570.5721666666662 462.6322328238761 999.971000000005 5.322000000000116 6760.0 2338.0 2315.0 2339.0 23.0 3300150.0 2328.0 16.0 2328.0 2311.0 0.0
90000.0 100000.0 4039.5147792968637 378.86756250000053 464.1400951340691 999.653999999995 4.3659999999945285 2041.0 1837.0 1823.0 1837.0 14.0 2597046.0 1833.0 21.0 1833.0 1812.0 0.0
100000.0 110000.0 3708.0919999999896 415.80600000000027 430.3887141197206 998.9809999999998 0.0 126934.0 1950.0 1833.0 1953.0 116.0 2605714.0 1911.0 68.0 1912.0 1838.0 0.0
110000.0 120000.0 4362.016000000003 626.4426666666664 455.8592746240345 999.9649999999965 30.986000000004424 2063.0 1767.0 1750.0 1768.0 15.0 2503649.0 1760.0 10.0 1760.0 1748.0 0.0
120000.0 130000.0 5135.247128906252 496.125889453126 487.07837149414 999.7710000000079 5.135999999998603 5653.0257755962575 1591.2217767149064 1571.6808354726327 1591.2217767149064 19.54094124227346 2254726.0149546857 1593.6808354726327 16.0 1593.6808354726327 1577.6808354726327 0.0
130000.0 140000.0 4695.886867187481 482.7056484375022 439.01570925553676 999.380999999994 4.929000000003725 1974.1052852631947 1635.8251433262046 1622.21469263559 1635.8251433262046 13.610450690614808 2308756.62276979 1626.9119087698134 14.0 1626.9119087698134 1612.9119087698134 0.0
140000.0 150000.0 3965.7157675781054 457.49465945870696 437.67494320025565 999.7069999999949 4.695000000006985 9114.561419267142 2197.160690909815 2170.7055016371214 2198.160690909815 26.45518927269363 3090117.414300706 2186.7951230917342 21.606581205581897 2186.7951230917342 2164.188541886152 0.0
150000.0 160000.0 5840.616267578123 462.1537480468752 422.1694168143521 999.765000000014 6.796999999991385 1795.8816072715404 1289.035065052526 1276.5048336072102 1289.035065052526 12.530231445315891 1820572.2844917113 1288.4443707165785 14.393418794418105 1288.4443707165785 1274.0509519221605 0.0
160000.0 170000.0 4210.432937500009 460.19015384615005 421.28500228366914 999.9679999999935 5.011999999987893 127787.36902220688 1980.4635134133507 1869.4248674188632 1981.4635134133507 110.03864599448757 2654563.753897715 1926.1161528638936 59.17545864538534 1926.1161528638936 1864.9406942185083 0.0
170000.0 180000.0 4962.310718749999 503.7689281250001 468.3638986809225 999.8369999999995 3.877999999996973 1634.9959401043084 1787.3578348006363 1776.3018715511082 1787.3578348006363 11.055963249527993 2503072.9860815005 1758.7327583558888 11.055963249527993 1758.7327583558888 1747.6767951063607 0.0
180000.0 190000.0 4188.599958984414 392.8762027343716 449.21832579342095 999.9409999999916 5.046999999991385 9437.060950290668 1786.8421461773235 1762.7715112739827 1786.8421461773235 23.768578105086664 2507325.1818773574 1779.5270779224754 21.070634903340846 1779.5270779224754 1758.1543862208805 0.0
190000.0 200000.0 4656.3973750000005 636.6729650607643 425.78240584277404 999.7259999999951 5.100999999995111 5459.0 1783.0938296052375 1761.3958864034917 1784.0938296052375 21.0 2516900.7416265346 1784.7917728069833 16.69794320174582 1784.7917728069833 1766.3958864034917 0.0
200000.0 210000.0 4974.35699999996 730.5650000000065 363.20817185190197 998.6050000000105 88.31200000000536 5067.0 1525.0 1509.0 1525.0 16.0 2151208.0 1523.0 13.0 1523.0 1510.0 0.0
210000.0 220000.0 1879.5016855468857 581.8491653180806 499.2502001510875 999.689000000013 4.931000000011409 2555.1963937630594 2215.124709365671 2198.0271407285445 2215.124709365671 17.097568637126866 3160723.4908931535 2218.636866180037 14.0 2218.636866180037 2204.636866180037 0.0
220000.0 230000.0 3523.701212890621 412.7917232666023 425.80618739820625 999.9690000000119 4.977000000013504 122439.66598248796 1944.3626221568074 1834.31644153941 1945.3626221568074 108.04618061739737 2607360.6963540926 1897.6348414606555 58.0 1898.6348414606555 1835.6348414606555 0.0
230000.0 240000.0 3677.1648046874907 399.84401220702966 443.0061278643746 999.5080000000016 5.363000000012107 2265.733946915366 2171.3867552299434 2154.0449844653926 2172.3867552299434 15.341770764550397 3064653.31233589 2161.116859092655 18.485520019074638 2161.116859092655 2141.6313390735804 0.0
240000.0 250000.0 4590.593990234367 474.70950081380334 414.29117341594076 999.8099999999977 46.086000000010245 5278.760368899997 1667.8152108954343 1649.7559875128636 1667.8152108954343 17.059223382570615 2342315.5257862126 1660.0260124391157 13.059223382570615 1660.0260124391157 1642.9667890565452 0.0
250000.0 260000.0 4181.969205078145 646.4478661024283 428.7075610863415 999.7469999999739 90.78790820314316 1712.9995924216428 1704.7658738791304 1693.159991123388 1704.7658738791304 11.60588275574248 2411376.0977364006 1690.7828465211194 9.60588275574248 1690.7828465211194 1681.176963765377 0.0
260000.0 270000.0 3602.9118867188226 710.787568142353 372.3036658263205 999.8969999999972 8.679000000003725 2076.6437155119706 2226.5448284730132 2212.695454630401 2226.5448284730132 13.849373842612268 3147349.8768942514 2207.8025743064172 10.849373842612268 2207.8025743064172 2196.953200463805 0.0
270000.0 280000.0 5277.065999999933 440.75081818182 483.740777768396 999.8620000000228 4.838999999978114 5072.0 1469.0 1452.0 1469.0 16.0 2065608.0 1466.0 16.0 1466.0 1449.0 0.0
280000.0 290000.0 3171.5504843750386 520.0638666666656 463.7308714631566 999.4270000000251 0.0 116630.0 2055.0 1947.0 2056.0 106.0 2770162.0 2007.0 58.0 2008.0 1946.0 0.0
290000.0 300000.0 4456.465000000026 700.1813750000001 436.79257265202693 999.2660000000033 35.0109999999986 5335.0 1678.0 1660.0 1678.0 18.0 2368925.0 1678.0 15.0 1678.0 1663.0 0.0
