ts te idle avg_span std_span max_span min_span c_bytes_all c_ack_cnt c_ack_cnt_p c_pkts_all c_pkts_data s_bytes_all s_ack_cnt s_ack_cnt_p s_pkts_all s_pkts_data videorate
0.0 10000.0 876.3130410155864 511.5503040140109 397.45636207823037 999.9130000000005 8.246999999973923 82501.29816715799 4445.591406904233 4297.339368095078 4448.544211340329 148.25203880915524 6108758.253237051 4392.063184417864 74.78918440850663 4392.063184417864 4314.321195573261 0.0
10000.0 20000.0 5292.670999999973 793.8708333333392 368.52382595290146 999.765000000014 55.896000000007916 5362.0 2008.0 1990.0 2008.0 18.0 2867453.0 2018.0 11.0 2018.0 2007.0 0.0
20000.0 30000.0 5704.585000000021 716.9143333333292 400.5524027048957 999.1720000000205 6.070999999996275 2044.0 1849.0 1835.0 1849.0 14.0 2647177.0 1860.0 10.0 1860.0 1850.0 0.0
30000.0 40000.0 5360.998669921828 394.65092578125285 464.10720490221007 999.515000000014 5.782999999995809 5709.5136488809785 1915.389819224868 1895.5855201352235 1915.389819224868 19.804299089644452 2736843.9464369714 1933.6833705904014 19.0 1933.6833705904014 1914.6833705904014 0.0
40000.0 50000.0 5460.8571132811485 291.1228120404446 358.1115989326391 999.4309999999823 4.690000000002328 241134.0952702702 1911.7832049295735 1713.9934743857773 1912.7832049295735 196.78973054379628 2443725.0752861304 1851.1135350302773 138.0 1852.1135350302773 1711.1135350302773 0.0
50000.0 60000.0 5242.2019140624325 387.1850066105835 409.58166609834876 999.8919999999925 2.9390000000130385 5399.391080848842 2148.5599843092687 2129.1540139427093 2148.5599843092687 18.405970366559288 3040642.328526098 2149.893627179371 18.0 2149.893627179371 2129.893627179371 0.0
60000.0 70000.0 5816.330003906274 557.1879995117124 404.0799258231311 999.9720000000088 29.902999999991152 1845.4621566668188 1797.165022669518 1782.5566430667134 1797.165022669518 12.608379602804806 2529851.529296873 1784.872953477264 9.608379602804806 1784.872953477264 1772.264573874459 0.0
70000.0 80000.0 5995.29099609371 502.2706254882869 477.3224367568069 999.6770000000251 6.289999999979045 1386.5378433331812 1657.1019688667718 1647.7103484695765 1657.1019688667718 9.391620397195194 2338902.120453927 1647.4365137226866 12.391620397195194 1647.4365137226866 1635.0448933254916 0.0
80000.0 90000.0 4238.965000000026 726.8627500000002 435.7336992248906 999.9110000000219 5.992000000027474 5766.0 2230.0 2210.0 2230.0 20.0 3199275.0 2249.0 15.0 2249.0 2234.0 0.0
90000.0 100000.0 5402.302000000025 335.4668571428587 453.01048588319264 999.9660000000149 5.444000000017695 2044.0 1933.0 1919.0 1933.0 14.0 2744383.0 1938.0 21.0 1938.0 1917.0 0.0
100000.0 110000.0 4476.308000000019 431.2395384615386 424.4970374742811 999.960000000021 0.0 121110.0 2036.0 1924.0 2037.0 109.0 2746358.0 1990.0 59.0 1991.0 1928.0 0.0
110000.0 120000.0 5203.2840000001015 799.4526666666497 355.33548687946694 999.8389999999781 113.03999999997905 5459.0 1979.0 1958.0 1980.0 21.0 2835487.0 1999.0 15.0 1999.0 1983.0 0.0
120000.0 130000.0 5529.611999999965 564.5866250000036 469.1855020479493 1000.0 6.570000000006985 5400.0 1913.0 1895.0 1913.0 18.0 2734078.0 1926.0 15.0 1926.0 1911.0 0.0
130000.0 140000.0 5588.689980468771 443.47260195311975 479.08914881742277 999.945000000007 5.478999999992084 2352.518001448644 1830.4223417651438 1814.5637995877423 1830.4223417651438 15.85854217740147 2619990.122382502 1848.5637995877423 17.0 1848.5637995877423 1831.5637995877423 0.0
140000.0 150000.0 6016.138906250009 404.57510937500047 437.7513289873997 999.7519999999786 5.00099999998929 5106.481998551356 1707.9991220268168 1691.8576642042183 1707.9991220268168 16.141457822598532 2408467.0065628975 1700.1850077075935 11.0 1700.1850077075935 1689.1850077075935 0.0
150000.0 160000.0 4973.789134765626 559.0342072482648 443.4471617688694 999.5380000000005 5.097000000008848 2256.659131634447 2184.3694428987415 2169.205944312519 2184.3694428987415 15.16349858622276 3126188.8493828815 2192.508513470108 10.721166195407587 2192.508513470108 2181.7873472747006 0.0
160000.0 170000.0 5919.825654296903 378.42966015624796 394.75527437452575 999.2189999999828 5.881999999983236 118201.99481806262 1766.561904406982 1662.8120419426991 1767.561904406982 102.74986246428297 2368858.385880091 1722.067828042681 52.59772731301004 1723.067828042681 1667.470100729671 0.0
170000.0 180000.0 5813.307839843736 598.8827371651839 408.8708741575857 999.0839999999735 5.487000000022817 1869.9069439592606 1805.2177417270316 1792.4354802182472 1805.2177417270316 12.782261508784185 2571447.893859578 1800.835398437825 5.277354399545155 1800.835398437825 1795.5580440382798 0.0
180000.0 190000.0 5361.821253906295 343.83556710379446 418.41953580652483 999.76800000004 5.266999999992549 9050.439106343674 1952.4294471752842 1930.125069734574 1952.4294471752842 21.304377440710095 2768806.74193205 1959.8394527540502 17.403752092037223 1959.8394527540502 1941.435700662013 0.0
190000.0 200000.0 5723.118000000017 855.3763999999967 204.68553089263003 999.9610000000102 560.515000000014 2041.0 1864.0 1850.0 1864.0 14.0 2670352.0 1876.0 12.0 1876.0 1864.0 0.0
200000.0 210000.0 5640.639999999898 633.6422857143085 439.3212222094143 999.7229999999981 28.256000000052154 5394.0 2019.0 2000.0 2019.0 18.0 2856642.0 2009.0 9.0 2009.0 1999.0 0.0
210000.0 220000.0 5101.464000000036 495.85979999999984 466.05443812135724 999.8869999999879 6.347999999998137 2373.0 2244.0 2228.0 2244.0 16.0 3197870.0 2238.0 6.0 2238.0 2232.0 0.0
220000.0 230000.0 5738.994005859247 273.5096111111084 396.2662390619016 998.8630000000121 5.1049999999813735 116746.0 2010.0 1902.0 2011.0 105.0 2703208.0 1964.0 59.0 1965.0 1900.0 0.0
230000.0 240000.0 5620.719000000157 733.7341666666325 400.76867729373976 999.7550000000047 23.123999999952503 2044.0 1935.0 1919.0 1935.0 14.0 2760336.0 1936.0 8.0 1936.0 1927.0 0.0
240000.0 250000.0 6225.620999999926 424.6368888888974 490.6150817681344 999.0489999999991 2.4420000000391155 5074.0 1602.0 1585.0 1602.0 16.0 2267468.0 1605.0 9.0 1605.0 1592.0 0.0
250000.0 260000.0 4791.1110000000335 651.1111249999958 480.05286518123563 999.9479999999749 9.562999999965541 3387.0 2259.0 2237.0 2261.0 20.0 3215769.0 2261.0 6.0 2261.0 2253.0 0.0
260000.0 270000.0 5536.612000000081 751.8863333333284 369.224050959642 999.734000000055 47.93000000005122 5430.0 1916.0 1898.0 1916.0 18.0 2733421.0 1918.0 8.0 1918.0 1910.0 0.0
270000.0 280000.0 5629.806999999913 487.41166666667493 472.33078268466187 999.3730000000214 5.118000000016764 2044.0 1898.0 1884.0 1898.0 14.0 2713264.0 1905.0 12.0 1905.0 1893.0 0.0
280000.0 290000.0 5092.696005859412 381.4875380108133 451.6972062668423 999.7049999999581 0.0 117926.12765012625 1923.6918449646537 1814.1609555060618 1924.6918449646537 108.53088945859184 2608675.8142879847 1890.0991765888782 54.0 1891.0991765888782 1834.0991765888782 0.0
290000.0 300000.0 5831.846910156193 694.6921816406344 335.48718088665845 999.6060000000289 245.236083984375 2057.6473602274796 1747.5714197732996 1732.140381321458 1747.5714197732996 15.431038451841406 2496588.66967201 1750.9569192498375 9.490481977608312 1750.9569192498375 1741.4664372722293 0.0
