ts te idle avg_span std_span max_span min_span c_bytes_all c_ack_cnt c_ack_cnt_p c_pkts_all c_pkts_data s_bytes_all s_ack_cnt s_ack_cnt_p s_pkts_all s_pkts_data videorate
0.0 10000.0 2056.5180332031196 442.28378826904316 395.4871941309183 999.9720000000016 34.98610156249924 91616.07281769143 3946.271833644464 3783.2455421661116 3952.110283048441 163.02629147835233 5323459.4110862585 3896.586223973327 84.96232324064309 3896.586223973327 3805.7854513287066 0.0
10000.0 20000.0 5194.0899999999965 693.4954285714286 425.5216870379454 999.8910000000033 48.557999999997264 5577.0 2286.0 2266.0 2286.0 20.0 3192489.0 2255.0 9.0 2255.0 2246.0 0.0
20000.0 30000.0 5369.171000000002 771.804833333333 400.5924202664922 999.5179999999964 7.184000000001106 2041.0 2010.0 1996.0 2010.0 14.0 2827400.0 1997.0 10.0 1997.0 1987.0 0.0
30000.0 40000.0 6014.873779296875 388.66781818181863 427.0100875779917 999.6929999999993 7.122000000003027 17336.0 1790.0 1756.0 1791.0 34.0 2465122.0 1768.0 22.0 1768.0 1745.0 0.0
40000.0 50000.0 4486.337761718736 359.23988012695463 416.603466752323 998.8559999999998 4.413000000000466 242357.0 2408.0453324494 2213.0453324494 2410.0453324494 192.0 3133824.110936666 2320.5073841273806 106.0 2320.5073841273806 2210.5073841273806 0.0
50000.0 60000.0 5755.276113281245 331.15345282452023 433.8787522445957 998.7430000000022 2.894000000000233 5397.0 1770.9148311940858 1752.9148311940858 1770.9148311940858 18.0 2490302.1069205585 1773.2658540726813 17.0 1773.2658540726813 1755.2658540726813 0.0
60000.0 70000.0 5798.544089843766 481.53943446180426 401.0626614752138 999.929999999993 2.838000000003376 5326.919785891013 1812.1479026646125 1789.9218012392892 1813.1479026646125 20.22610142532334 2552086.4823246542 1822.6565238320663 13.0 1822.6565238320663 1805.6565238320663 0.0
70000.0 80000.0 5471.133972656258 508.60466970486027 408.5970398062958 999.4869999999937 6.877999999996973 5459.080214108987 1852.967883246126 1834.1939846714492 1852.967883246126 18.77389857467666 2594579.553467487 1841.6257377223299 11.0 1841.6257377223299 1830.6257377223296 0.0
80000.0 90000.0 6206.282941406229 474.2146323242214 415.90181715767517 999.1100000000006 5.118000000002212 1437.738436772032 1685.4214587051777 1675.6499276063082 1685.4214587051777 9.771531098869382 2348671.235731327 1660.6422673509865 9.771531098869382 1660.6422673509865 1650.8707362521172 0.0
90000.0 100000.0 5247.42801171873 321.03880234375055 423.12579479331754 999.3369999999995 5.577999999994063 1791.261563227968 2025.502591740598 2013.2741228394675 2025.502591740598 12.228468901130618 2838220.510619307 2012.3022328945553 16.22846890113062 2012.3022328945553 1996.0737639934246 0.0
100000.0 110000.0 4961.957970703108 441.2268461538479 435.24675585902617 999.872000000003 0.0 119343.0 2366.0 2256.0 2367.0 109.0 3184304.0 2315.0 63.0 2316.0 2250.0 0.0
110000.0 120000.0 5757.212000000029 707.1313333333286 416.38643798647854 999.5229999999865 6.897999999986496 2039.0 1911.0 1897.0 1911.0 14.0 2700062.0 1912.0 12.0 1912.0 1900.0 0.0
120000.0 130000.0 5674.012999999977 549.1492500000058 463.5216286822153 999.2880000000005 5.037000000011176 5394.0 2035.0 2017.0 2035.0 18.0 2843508.0 2017.0 15.0 2017.0 2002.0 0.0
130000.0 140000.0 5534.287802734383 408.2832727272709 480.4566591895812 999.9789999999921 5.269999999989523 2196.0 1885.0 1870.0 1885.0 15.0 2645894.0 1880.0 16.0 1880.0 1864.0 0.0
140000.0 150000.0 5021.042412109382 457.46884321733063 468.63897262864543 999.9720000000088 5.62400000001071 6782.0 2220.815914992931 2197.815914992931 2221.815914992931 23.0 3125654.461131344 2216.3696098637993 13.0 2216.3696098637993 2202.3696098637993 0.0
150000.0 160000.0 5935.060337890667 451.65996245659255 458.0804684276471 999.5400000000081 8.49299999998766 1863.0888341084078 1489.9018909745334 1475.963728998024 1489.9018909745334 12.938161976509504 2115448.0449836473 1506.179764166307 14.0 1506.179764166307 1491.179764166307 0.0
160000.0 170000.0 5209.580775390612 447.6424600497174 405.90871674780936 999.6879999999946 7.6710000000020955 121321.09536951035 2161.6865760831674 2052.2973162943235 2162.6865760831674 108.38925978884384 2887184.2082225727 2094.5682420227276 52.32742176535336 2095.5682420227276 2040.2408202573743 0.0
170000.0 180000.0 6029.381076171907 445.53421375867845 424.2944834574785 998.2699999999895 5.24100000000908 1762.835277454858 1742.0560578304312 1728.3366140742405 1743.0560578304312 12.719443756190715 2437159.4819764467 1728.847997407225 11.719443756190717 1728.847997407225 1715.1285536510343 0.0
180000.0 190000.0 4964.1519042968575 362.33243136160723 430.4970942548233 999.9260000000068 5.223999999987427 8917.980518926379 1944.1450468956489 1923.7905407230148 1944.1450468956489 19.95313447845593 2704066.709306441 1921.6398733166538 15.354506172634089 1921.6398733166538 1905.8839954498417 0.0
190000.0 200000.0 4645.460960937489 764.9341484375016 362.59295898213776 999.7429999999877 25.295039062504657 2376.0 2295.3945132232875 2278.7958849174656 2295.3945132232875 16.0 3238954.094379548 2291.3945132232875 12.59862830582184 2291.3945132232875 2278.1972566116438 0.0
200000.0 210000.0 5647.7820000000065 733.3284999999984 373.783950748962 999.7790000000095 47.75299999999697 5383.0 1925.0 1907.0 1925.0 18.0 2698604.0 1915.0 11.0 1915.0 1904.0 0.0
210000.0 220000.0 6435.36599999998 357.6223000000027 435.72201061559826 999.9569999999949 5.64100000000326 2859.0 1569.0 1551.0 1571.0 16.0 2179872.0 1564.0 20.0 1564.0 1542.0 0.0
220000.0 230000.0 4752.337958984368 296.81899999999933 436.5690634715699 999.5860000000102 5.522999999986496 116546.0 2460.0 2352.0 2461.0 107.0 3315193.0 2405.0 59.0 2406.0 2342.0 0.0
230000.0 240000.0 5660.2759999999835 723.287333333336 413.2544143273749 999.9180000000051 9.651000000012573 2044.0 1836.0 1821.0 1836.0 14.0 2602560.0 1845.0 13.0 1845.0 1831.0 0.0
240000.0 250000.0 5235.641091796861 447.93962801846845 482.9322568065851 999.9519999999902 25.56500000000233 5759.0 2057.3476006771816 2036.3476006771816 2057.3476006771816 20.0 2907678.3983921185 2070.5614556313876 14.0 2070.5614556313876 2052.5614556313876 0.0
250000.0 260000.0 5304.985999999917 782.5023333333471 241.470146979993 999.38400000002 486.180908203125 1958.7196723863517 2133.1328366085154 2119.6465735218503 2133.1328366085154 13.486263086664769 3009572.898676342 2125.4327185676443 11.486263086664769 2125.4327185676443 2113.9464554809792 0.0
260000.0 270000.0 5535.056796874967 502.4596892361167 449.4847075408068 999.6830000000191 9.193000000028405 4993.585845041328 2000.7650607615683 1984.9603267552952 2000.7650607615683 15.80473400627306 2806903.2513100877 1991.5723306313782 13.610735944314508 1991.5723306313782 1977.9615946870636 0.0
270000.0 280000.0 5233.990138671768 437.45362375711557 433.3048295346737 999.8730000000214 6.907000000006519 2243.5101245453816 2211.121324179786 2195.165949950483 2211.121324179786 14.955374229303255 3086332.6418418316 2187.2471599170713 12.149372291261807 2187.2471599170713 2174.0977876258094 0.0
280000.0 290000.0 5689.15317187499 299.1240614583328 347.1086590978109 998.7810000000172 0.0 125741.93377604 1905.52197588475 1790.8281340329834 1908.52197588475 113.69384185176654 2502932.339370122 1846.9555597123351 61.9177565821635 1847.9555597123351 1781.0378031301718 0.0
290000.0 300000.0 5941.002894531237 586.4475864955374 421.44982324836525 999.8510000000242 20.65799999999581 1776.250581986947 1837.1112018881986 1823.0514150622064 1837.1112018881986 12.059786825992369 2578797.4704094976 1824.2307755401835 9.835872095595422 1824.2307755401835 1812.3949034445882 0.0
