ts te idle avg_span std_span max_span min_span c_bytes_all c_ack_cnt c_ack_cnt_p c_pkts_all c_pkts_data s_bytes_all s_ack_cnt s_ack_cnt_p s_pkts_all s_pkts_data videorate
0.0 10000.0 1872.6230000000214 812.7376999999979 353.01489851563247 999.6070000000182 90.61700000002747 7900.0 3787.0 3742.0 3788.0 45.0 5353919.0 3789.0 14.0 3789.0 3774.0 0.0
10000.0 20000.0 5113.039728515665 814.4933785807225 397.06079389101876 999.9249999999884 9.853271484375 2373.0 2022.0501756643773 2006.0501756643773 2022.0501756643773 16.0 2864252.253141022 2030.8355431986413 12.0 2030.8355431986413 2018.8355431986413 0.0
20000.0 30000.0 5127.3773281250615 696.786953124991 382.1968968453601 999.869000000006 4.885999999998603 2043.0 2040.3584176412662 2026.3584176412662 2040.3584176412662 14.0 2861538.3604046265 2029.1892362134902 13.0 2029.1892362134902 2016.1892362134902 0.0
30000.0 40000.0 5935.765000000014 677.3724999999977 363.4125670603083 999.9949999999953 6.418000000005122 1794.929228745672 1785.149241731534 1772.8810462029428 1785.149241731534 12.268195528591157 2513743.1763718277 1783.0694466822283 10.556829607159298 1783.0694466822283 1772.512617075069 0.0
40000.0 50000.0 6046.040861328074 658.9931897786543 329.9369087153945 999.795999999973 265.68408203125 1706.7615886640128 1729.1272219715577 1717.532698869524 1729.1272219715577 11.594523102033518 2422489.4381635385 1713.380678821696 9.039786361947566 1713.380678821696 1704.3408924597481 0.0
50000.0 60000.0 6105.548082031251 778.8903835937497 213.13464969606932 999.9070000000065 538.9039999999804 1769.3091825903152 1781.314942991265 1769.1776616218895 1781.314942991265 12.137281369375325 2491445.7719189855 1763.5250950839443 7.403384030893135 1763.5250950839443 1756.121711053051 0.0
60000.0 70000.0 4683.789999999979 886.0350000000035 186.83398670798073 999.4020000000019 556.5750000000116 2376.0 2380.0 2364.0 2380.0 16.0 3337319.0 2356.0 9.0 2356.0 2347.0 0.0
70000.0 80000.0 5437.0320000000065 651.8525714285705 456.179237303293 999.6830000000191 6.929000000003725 2041.0 1841.0 1827.0 1841.0 14.0 2613076.0 1850.0 10.0 1850.0 1840.0 0.0
80000.0 90000.0 5198.85400000005 960.22919999999 85.06042183176224 999.8699999999953 808.1070000000182 2044.0 1921.0 1907.0 1921.0 14.0 2712833.0 1925.0 13.0 1925.0 1912.0 0.0
90000.0 100000.0 4250.65499999997 958.2241666666717 74.55779861936966 999.9349999999977 815.6180000000168 2373.0 2453.0 2437.0 2453.0 16.0 3468665.0 2460.0 13.0 2460.0 2447.0 0.0
100000.0 110000.0 6424.475000000035 722.3091999999946 398.535580902378 999.8649999999907 36.021000000007916 1712.0 1540.0 1527.0 1540.0 12.0 2152262.0 1532.0 13.0 1532.0 1518.0 0.0
110000.0 120000.0 5444.768015624955 911.0463968750089 176.63419159962106 999.4810000000289 596.3769999999786 2363.8741628766097 1922.0655943458844 1906.1027206314807 1922.0655943458844 15.962873714403695 2743414.890419344 1949.1027206314807 15.0 1949.1027206314807 1934.1027206314807 0.0
120000.0 130000.0 5993.130900390679 667.8115166015535 353.1354104343953 999.7050000000163 37.09101562498836 1982.01217223777 1713.4111801915815 1699.7542567065007 1713.4111801915815 13.65692348508052 2432274.59161584 1725.2750679085639 9.0 1725.2750679085639 1716.2750679085639 0.0
130000.0 140000.0 5215.919130859373 683.4401241629467 331.5676941174961 999.3740000000107 173.376953125 2102.11366488562 2131.1297391993053 2116.7495363987896 2131.1297391993053 14.380202800515786 3016249.819120765 2131.7079846999522 7.0 2131.7079846999522 2124.7079846999522 0.0
140000.0 150000.0 5769.99785546877 846.000428906246 167.76948280638322 999.9130000000005 593.6520468749804 1895.044434591514 1790.6640517001626 1777.6754491152105 1790.6640517001626 12.988602584952087 2543775.4806541083 1795.4991298385235 6.831433764158682 1795.4991298385235 1788.6676960743648 0.0
150000.0 160000.0 5967.972025390598 672.0046624349003 312.6475847529533 999.9280000000144 168.44790234375978 1907.1799800654649 1834.7272978280312 1821.653433799468 1834.7272978280312 13.073864028562987 2581823.331485503 1831.016982178343 9.231032849356392 1831.016982178343 1821.7859493289866 0.0
160000.0 170000.0 5887.56075781252 685.40654036458 297.33093551987423 999.2779999999912 322.8489277343615 1820.3555678636235 1846.4380127474105 1834.0327735985295 1846.4380127474105 12.405239148881218 2573299.6337983394 1817.8269904641888 5.290062781112968 1817.8269904641888 1812.5369276830759 0.0
170000.0 180000.0 5943.222373046854 676.129604492191 306.29756680136967 999.7430000000168 199.43994140625 1884.4571837663623 1864.252646702015 1851.3228376268294 1864.252646702015 12.92980907518566 2619143.269575096 1847.0529015524894 2.8453404661564865 1847.0529015524894 1844.207561086333 0.0
180000.0 190000.0 5110.682941406267 814.8861764322888 261.0590477021041 999.6509999999544 329.43599999998696 2327.9628337130353 2243.3114772856097 2227.708992123192 2243.3114772856097 15.60248516241805 3144995.983331006 2224.5182227264586 10.802130139215471 2224.5182227264586 2213.716092587243 0.0
190000.0 200000.0 5027.055000000051 828.8241666666581 346.00811923617823 999.841999999946 134.12300000002142 2041.0 2001.0 1987.0 2001.0 14.0 2813344.0 1988.0 9.0 1988.0 1979.0 0.0
200000.0 210000.0 5632.005999999936 873.5988000000128 177.97476087273364 999.3710000000428 618.2199999999721 2044.0 1886.0 1872.0 1886.0 14.0 2671050.0 1892.0 11.0 1892.0 1881.0 0.0
210000.0 220000.0 5782.447999999858 843.5104000000283 221.12179878363082 999.9370000000345 526.9629999999888 2041.0 1940.0 1926.0 1940.0 14.0 2725410.0 1931.0 11.0 1931.0 1920.0 0.0
220000.0 230000.0 4640.827000000048 893.195499999992 165.43161220848177 999.8469999999506 654.9969999999739 2375.0 2300.0 2284.0 2300.0 16.0 3274186.0 2316.0 12.0 2316.0 2304.0 0.0
230000.0 240000.0 5652.3146855469095 869.5370628906181 288.4771764235816 999.6759999999776 353.497314453125 2042.0 1859.3788563654584 1845.3788563654584 1859.3788563654584 14.0 2626655.7431153716 1861.9587061498555 13.0 1861.9587061498555 1848.9587061498555 0.0
240000.0 250000.0 5941.002230468788 676.499628255202 369.45724443024415 999.9939999999478 172.7176855468424 1879.070818144368 1152.0509288004523 1139.041437452148 1152.0509288004523 13.009491348304339 1669375.1556217428 1189.9568419935988 12.0 1189.9568419935988 1177.9568419935988 0.0
250000.0 260000.0 4986.44482617185 716.2221676897358 321.52341167419365 999.7839999999851 145.49699999997392 2011.75784483884 2270.624647438273 2257.1010657524457 2270.624647438273 13.523581685827224 3196004.960585289 2257.6808491491806 9.885491172112769 2257.6808491491806 2247.795357977068 0.0
260000.0 270000.0 5793.654980468797 701.0575032552006 329.10281733022293 999.2199999999721 332.50927734375 1721.749901718761 1801.009815732268 1789.2147301445445 1801.009815732268 11.795085587723273 2545993.8401781186 1798.4501091758907 7.110073360905662 1798.4501091758907 1791.340035814985 0.0
270000.0 280000.0 5942.236277343822 811.5527445312357 197.66255435945087 999.9740000000456 558.4379999999655 1701.4214352980307 1803.9357516635487 1792.2639102854034 1803.9357516635487 11.671841378145167 2550274.3004994784 1803.953493531475 10.00443546698157 1803.953493531475 1793.9490580644933 0.0
280000.0 290000.0 5105.682999999961 815.7195000000065 288.6029182449545 999.6990000000224 370.9880000000121 2376.0 2291.0 2275.0 2291.0 16.0 3238641.0 2290.0 12.0 2290.0 2278.0 0.0
290000.0 300000.0 5674.403000000049 865.1193999999902 205.1747796204574 999.314000000013 533.4969999999739 2041.0 1989.0 1975.0 1989.0 14.0 2780644.0 1972.0 12.0 1972.0 1960.0 0.0
