ts te idle avg_span std_span max_span min_span c_bytes_all c_ack_cnt c_ack_cnt_p c_pkts_all c_pkts_data s_bytes_all s_ack_cnt s_ack_cnt_p s_pkts_all s_pkts_data videorate
0.0 10000.0 612.5238339843927 405.9371609848476 389.8831803869858 999.7999999999884 12.809712890652008 83842.14787735659 4234.141677292336 4086.4718435544814 4238.0771552795095 146.6698337378544 5796623.2492316775 4224.18072059508 83.90244307907633 4224.18072059508 4135.342799528829 0.0
10000.0 20000.0 5310.9220000000205 592.5069999999978 481.3758490024778 999.7480000000214 9.89100000000326 5432.0 2024.0 2004.0 2025.0 19.0 2843113.0 2024.0 14.0 2024.0 2009.0 0.0
20000.0 30000.0 5108.163912109332 612.2720109863367 470.7651826125899 999.9770000000135 2.922000000020489 2044.0 1901.277977844007 1887.277977844007 1901.277977844007 14.0 2691164.2931749704 1909.017708124553 13.0 1909.017708124553 1894.017708124553 0.0
30000.0 40000.0 5353.712013671873 308.0318055419957 401.8929983300944 999.9479999999749 5.266999999992549 6998.959045413147 1670.9812465628067 1644.6682402651372 1671.9812465628067 24.31300629766956 2353484.014312599 1689.6764847939128 24.0 1689.6764847939128 1663.6764847939128 0.0
40000.0 50000.0 5474.525107421854 300.33629162597936 372.16786413385364 999.5750000000116 0.14892578125 267124.9428140531 1963.02145766901 1747.265985993889 1965.02145766901 213.75547167512116 2462660.762146756 1861.0248035825325 111.38409152643352 1863.0248035825325 1745.640712056099 0.0
50000.0 60000.0 5113.159019531158 292.54884722222533 399.9337889366141 999.7370000000228 2.9280000000144355 4949.091846722548 2199.987904903933 2184.13586624456 2199.987904903933 14.852038659373575 3080736.164736377 2191.4303654270057 18.576166789648617 2191.4303654270057 2170.8541986373566 0.0
60000.0 70000.0 5611.282892578107 513.509011935766 440.34204910607303 999.7920000000158 11.583999999973457 1770.0062938112278 1869.7314130202426 1855.6519296524068 1869.7314130202426 12.07948336783571 2596804.7656292976 1853.8506380719962 12.039741683917855 1853.8506380719962 1838.8108963880784 0.0
70000.0 80000.0 5647.142999999982 545.4842500000013 472.378205407416 999.935999999987 4.881999999983236 2041.0 1833.0 1819.0 1833.0 14.0 2576277.0 1832.0 16.0 1832.0 1816.0 0.0
80000.0 90000.0 5466.32699999999 509.5485555555594 483.5364085436421 999.5489999999991 5.0860000000102445 5433.0 1973.0 1954.0 1973.0 18.0 2771215.0 1974.0 15.0 1974.0 1958.0 0.0
90000.0 100000.0 5536.446093749953 304.0786666666662 432.52569118157277 999.6959999999963 4.967000000004191 2065.0 1959.0 1943.0 1959.0 15.0 2750418.0 1958.0 21.0 1959.0 1936.0 0.0
100000.0 110000.0 3576.1870214843075 487.24842857143295 424.91854616778824 999.515000000014 0.0 117013.0 2522.0 2411.0 2523.0 107.0 3390795.0 2457.0 56.0 2458.0 2398.0 0.0
110000.0 120000.0 5754.00299999991 849.199400000018 246.57086190241512 999.9280000000144 430.9330000000191 2044.0 1842.0 1828.0 1842.0 14.0 2606075.0 1843.0 8.0 1843.0 1835.0 0.0
120000.0 130000.0 5495.433023437508 570.5163749999992 469.79972781751695 999.7719999999972 7.24900000001071 5455.0 1935.0 1917.0 1935.0 18.0 2728227.0 1934.0 10.0 1934.0 1924.0 0.0
130000.0 140000.0 5120.271000000008 542.1921111111102 481.04563016422867 999.6959999999963 7.3140000000130385 3173.0 2015.0 1996.0 2017.0 17.0 2858549.0 2032.0 16.0 2032.0 2014.0 0.0
140000.0 150000.0 5587.021925781155 304.7467414062548 419.2283291782025 998.5410000000265 5.37599999998929 6381.0 1905.0693446828186 1881.0693446828186 1907.0693446828186 22.0 2660764.3265191503 1907.8871077171884 22.0 1907.8871077171884 1882.8871077171884 0.0
150000.0 160000.0 6061.395162109344 492.325604736332 455.12712997209854 998.564000000013 6.168000000005122 2251.0272150526644 1621.2138827396034 1605.9667308416956 1621.2138827396034 15.247151897907615 2315151.8678157087 1641.1603602156956 11.0 1641.1603602156956 1630.1603602156956 0.0
160000.0 170000.0 5755.115939453186 391.3791873224334 393.8588836075508 999.4490000000224 4.9359999999869615 120493.27262734326 1904.9458672467667 1797.9306914570311 1905.9458672467667 106.01517578973568 2525868.441208598 1847.195715522183 53.75176109823475 1848.195715522183 1791.443954423948 0.0
170000.0 180000.0 5098.343734374968 612.707033203129 372.82779774415206 999.9440000000177 5.898999999975786 2021.377874915724 2266.977860037035 2253.340577556606 2266.977860037035 13.637282480428983 3181942.8800605233 2249.2797232259563 9.731507263110624 2249.2797232259563 2239.5482159628455 0.0
180000.0 190000.0 6560.738248046837 321.37347932943277 370.47168131820337 997.3730000000214 5.010999999998603 8903.71943717105 1546.4886074706758 1525.4788917895703 1546.4886074706758 21.0097156811055 2135446.0915137855 1525.4917379177248 13.426057487832393 1525.4917379177248 1512.0656804298924 0.0
190000.0 200000.0 5149.461958984379 617.0495051269536 442.13088071907936 999.5649999999441 26.580078125 2121.9433561907035 2198.5573098633085 2182.33373346123 2198.5573098633085 14.223576402078741 3081170.716472107 2185.1951236505074 11.223576402078741 2185.1951236505074 2171.9715472484286 0.0
200000.0 210000.0 4995.709078124957 722.0468459821506 454.761326718377 998.9710000000196 50.037000000011176 5346.659489326601 1840.7471279597917 1822.880030211048 1840.7471279597917 17.867097748743486 2602483.6764101265 1849.7902317507446 12.867097748743486 1849.7902317507446 1836.9231340020012 0.0
210000.0 220000.0 5375.853999999934 520.204222222234 493.2724774434477 999.9159999999683 5.550000000046566 2044.0 2027.0 2013.0 2027.0 14.0 2851104.0 2026.0 16.0 2026.0 2010.0 0.0
220000.0 230000.0 4436.155000000144 464.4183846153767 451.53948038100424 999.9070000000065 5.459000000031665 116205.0 2484.0 2377.0 2485.0 104.0 3368669.0 2443.0 57.0 2443.0 2381.0 0.0
230000.0 240000.0 5524.079046875006 376.6590000000045 468.192336174706 999.4370000000345 6.185000000055879 2044.0 1934.0 1919.0 1934.0 14.0 2715935.0 1935.0 19.0 1935.0 1915.0 0.0
240000.0 250000.0 5707.111105468823 434.52738945311864 474.6154823384319 999.9200000000419 2.493999999947846 5429.0 1760.4360955666402 1741.4360955666402 1760.4360955666402 18.0 2469175.592328111 1767.770445483594 13.0 1767.770445483594 1749.770445483594 0.0
250000.0 260000.0 5248.242921875091 791.9595130208181 285.22902068117764 999.5370000000112 270.5381054687314 2042.0 1966.521982300404 1952.521982300404 1966.521982300404 14.0 2773758.5880758045 1968.3121321069516 12.0 1968.3121321069516 1956.3121321069516 0.0
260000.0 270000.0 5972.542015624931 582.7508549107172 447.05392649923283 999.5400000000373 51.79799999995157 5390.0 1702.8988014052902 1684.8988014052902 1702.8988014052902 18.0 2409595.424679443 1714.3159062330674 14.0 1714.3159062330674 1700.3159062330674 0.0
270000.0 280000.0 5843.885841796873 463.06646202257576 442.5229328841554 999.8040000000037 5.130000000004657 2000.113780727793 1782.6788346093401 1769.1027128235332 1782.6788346093401 13.576121785806802 2500296.7400103398 1780.4417172012888 17.5761217858068 1780.4417172012888 1762.8655954154822 0.0
280000.0 290000.0 4969.832999999984 369.7894285714304 406.02894407771 999.8410000000149 0.0 121144.17372247102 2216.334852676059 2112.5810856806097 2217.334852676059 102.75376699544952 2972641.451062944 2159.9117912255538 53.753766995449524 2159.9117912255538 2104.1580242301043 0.0
290000.0 300000.0 4658.361216796911 763.0912547432984 343.90166090350874 999.8959999999497 28.0458984375 1886.1238669794413 2590.6832445984496 2577.715842924602 2590.6832445984496 12.96740167384742 3632072.754449876 2566.4302058368476 11.74443383251961 2566.4302058368476 2554.685772004328 0.0
