ts te idle avg_span std_span max_span min_span c_bytes_all c_ack_cnt c_ack_cnt_p c_pkts_all c_pkts_data s_bytes_all s_ack_cnt s_ack_cnt_p s_pkts_all s_pkts_data videorate
0.0 10000.0 426.6689999999944 957.3331000000005 129.93852265800336 999.9720000000016 587.5380000000005 8089.0 3390.0 3349.0 3391.0 41.0 4840555.0 3423.0 10.0 3423.0 3412.0 631.0344827586207
10000.0 20000.0 4714.517999999996 755.0688571428576 416.4533920154128 999.8260000000009 93.89800000000105 2044.0 1771.0 1757.0 1771.0 14.0 2520938.0 1787.0 12.0 1787.0 1775.0 900.0
20000.0 30000.0 3332.159984375008 833.480001953124 310.6271710850832 998.7679999999964 230.416015625 2376.0 2125.4042856199135 2109.4042856199135 2125.4042856199135 16.0 2993286.202699851 2124.8936427769263 12.0 2124.8936427769263 2112.8936427769263 950.0
30000.0 40000.0 4606.061015624997 770.5627120535719 354.2421655682166 999.502999999997 45.84798437500285 2044.0 1958.5957143800865 1944.5957143800865 1958.5957143800865 14.0 2770415.797300149 1959.1063572230737 12.0 1959.1063572230737 1947.1063572230737 1054.5454545454545
40000.0 50000.0 5949.234955078136 810.1530089843727 386.19817666371665 999.0570000000007 121.196044921875 2044.0 1685.9216526820992 1671.9216526820992 1685.9216526820992 14.0 2399032.971132629 1706.4083674235403 13.0 1706.4083674235403 1693.4083674235403 1000.0
50000.0 60000.0 5936.921943359368 812.6156113281264 232.07176063781858 999.8390000000072 430.74795507812814 2014.3756585037029 1818.1683816028608 1804.3468414913928 1818.1683816028608 13.82154011146809 2572367.3381360336 1817.109345969675 7.0 1817.109345969675 1810.109345969675 1000.0
60000.0 70000.0 4973.227119140618 718.1104115513402 320.41802476269896 999.7229999999981 178.38689843750035 2073.624341496297 2107.702173886266 2093.523713997734 2107.702173886266 14.17845988853191 3013663.0454667686 2133.086229569017 12.0 2133.086229569017 2121.086229569017 1076.923076923077
70000.0 80000.0 6045.868056640626 790.8263886718748 240.46079732063203 999.3479999999981 461.7610175781301 1937.7507386761567 1752.4274650761217 1739.1722028891393 1752.4274650761217 13.255262186982407 2497576.4364761636 1770.8850249707175 11.255262186982407 1770.8850249707175 1759.6297627837353 1000.0
80000.0 90000.0 6155.548974609381 640.7418375651032 331.8291749765732 999.2459999999992 123.87807421875186 1862.1062083153822 1738.0436032938226 1725.3185597775932 1738.0436032938226 12.725043516229315 2463239.1256093616 1746.0026056920162 9.725043516229315 1746.0026056920162 1736.277562175787 1076.923076923077
90000.0 100000.0 5712.413951171853 714.5976748046911 325.34698037620547 999.0810000000056 335.7610488281207 1476.143053008461 1761.7367234588298 1751.7170291620414 1761.7367234588298 10.019694296788279 2489627.0831790436 1754.5084263750339 5.019694296788279 1754.5084263750339 1749.4887320782457 1111.111111111111
100000.0 110000.0 4537.367999999988 910.4386666666687 161.87276728055946 999.6680000000051 598.3310000000056 2376.0 2286.0 2270.0 2286.0 16.0 3282629.0 2326.0 10.0 2326.0 2316.0 1000.0
110000.0 120000.0 5424.109000000026 915.1781999999948 119.93764448746082 999.2300000000105 740.1959999999963 2044.0 1882.0 1868.0 1882.0 14.0 2669283.0 1887.0 9.0 1887.0 1878.0 1000.0
120000.0 130000.0 5823.611999999994 835.2776000000013 226.28786835091444 999.9189999999944 552.9629999999888 2044.0 1908.0 1894.0 1908.0 14.0 2713765.0 1918.0 8.0 1918.0 1910.0 1000.0
130000.0 140000.0 5688.7029999999795 862.2594000000041 227.60197858937528 999.9780000000028 474.89300000001094 2044.0 1924.0 1910.0 1924.0 14.0 2742011.0 1942.0 7.0 1942.0 1935.0 1000.0
140000.0 150000.0 5688.467000000004 862.3065999999992 187.6554247531938 999.9590000000026 656.3619999999937 2044.0 1959.0 1945.0 1959.0 14.0 2782531.0 1970.0 8.0 1970.0 1962.0 1000.0
150000.0 160000.0 5658.781999999977 868.2436000000046 183.7912499190252 999.9590000000026 619.8710000000137 2044.0 1885.0 1871.0 1885.0 14.0 2699600.0 1911.0 11.0 1911.0 1900.0 1000.0
160000.0 170000.0 5028.5709199218545 828.5715133463576 267.12177359804326 999.7710000000079 429.36799999998766 2376.0 2291.215050565331 2275.215050565331 2291.215050565331 16.0 3261352.1012771344 2304.4542980370643 12.0 2304.4542980370643 2292.4542980370643 1000.0
170000.0 180000.0 5905.565994140634 682.4056676432277 470.7053833948461 999.5370000000112 9.466919921862427 2044.0 1713.6525063583247 1699.6525063583247 1713.6525063583247 14.0 2464326.1282270043 1746.3383275123313 13.0 1746.3383275123313 1733.3383275123313 1000.0
180000.0 190000.0 5107.297822265624 698.9574539620537 402.4871922399109 999.997000000003 48.853999999992084 2290.264977972888 1936.8614582544283 1920.4803439292903 1936.8614582544283 16.38111432513788 2736030.447774632 1938.838560426482 11.0 1938.838560426482 1927.838560426482 1000.0
190000.0 200000.0 5880.815351562487 823.8369296875026 235.42298730105512 999.9610000000102 466.6967363281292 2107.476242902848 1645.3007262337937 1630.9570189172796 1645.3007262337937 14.343707316514472 2358162.76815375 1679.0685267039864 13.724821641652351 1679.0685267039864 1665.343705062334 1000.0
200000.0 210000.0 5842.834998046892 692.8608336588513 385.52456404948947 999.9139999999898 45.810087890626164 1524.7784923075671 1775.9137835650656 1765.4826652561144 1775.9137835650656 10.43111830895129 2518894.9488848527 1781.729948079735 8.43111830895129 1781.729948079735 1773.2988297707839 1166.6666666666667
210000.0 220000.0 5935.238830078102 677.460194986983 341.0525059362971 998.9079999999958 96.486083984375 1845.149647636272 1807.2335334674108 1794.7136558781542 1807.2335334674108 12.519877589256458 2571418.9125189614 1812.8713956671722 5.326786863582144 1812.8713956671722 1807.54460880359 980.0
220000.0 230000.0 5960.170083984354 807.9659832031291 231.8406469258893 998.3550000000105 468.83600000001024 1945.3306391804254 1826.8229415556464 1813.4987590955066 1826.8229415556464 13.3241824601399 2593602.693163665 1830.698943573229 5.517273185814214 1830.698943573229 1825.1816703874147 940.0
230000.0 240000.0 5848.002000000008 830.3995999999985 252.70909100643945 999.9539999999979 433.2069999999949 2044.0 1888.0 1874.0 1888.0 14.0 2689778.0 1903.0 8.0 1903.0 1895.0 1000.0
240000.0 250000.0 5021.23199999996 829.7946666666734 263.15160569882977 999.9980000000214 462.1730000000098 2376.0 2339.0 2323.0 2339.0 16.0 3356335.0 2366.0 7.0 2366.0 2359.0 1000.0
250000.0 260000.0 5323.765000000014 935.2469999999972 96.07832323161743 999.234999999986 781.0760000000009 2044.0 1916.0 1902.0 1916.0 14.0 2747651.0 1947.0 13.0 1947.0 1934.0 1000.0
260000.0 270000.0 5424.469999999972 915.1060000000056 122.97072960463923 999.9639999999781 728.3410000000149 2044.0 1844.0 1830.0 1844.0 14.0 2660036.0 1888.0 14.0 1888.0 1874.0 1000.0
270000.0 280000.0 4708.401101562486 881.9331497395857 236.5583385611796 999.0580000000191 407.4208984375 2376.0 2069.975143040188 2053.975143040188 2069.975143040188 16.0 2978103.5445211167 2114.7837099735184 12.0 2114.7837099735184 2102.7837099735184 1000.0
280000.0 290000.0 5890.833005859342 684.8611656901097 407.1563708318588 999.5599999999977 118.69699999998556 2004.5540693998905 1620.786056455864 1607.0236825438164 1620.786056455864 13.762373912047535 2336449.468037669 1658.5517329948188 11.0 1658.5517329948188 1647.5517329948188 1000.0
290000.0 300000.0 5053.0819726561895 618.3647534179763 437.9506586434504 999.1830000000191 8.492919921875 2251.9049300414426 2120.1396229108814 2104.832868324578 2120.1396229108814 15.306754586303192 3026892.6979830833 2136.3876204428375 8.019750999528778 2136.3876204428375 2128.367869443309 1076.923076923077
