ts te idle avg_span std_span max_span min_span c_bytes_all c_ack_cnt c_ack_cnt_p c_pkts_all c_pkts_data s_bytes_all s_ack_cnt s_ack_cnt_p s_pkts_all s_pkts_data videorate
0.0 10000.0 1525.6670175781255 877.9582592592592 273.3743718630315 999.9700000000012 78.89700000000084 40973.0 3180.0 3122.0 3188.0 55.0 5753901.0 4114.0 49.0 4114.0 4059.0 1118.75
10000.0 20000.0 5654.070173828128 738.9174285714289 350.69580860225074 999.5760000000009 154.45900000000256 10262.0 1535.0 1522.0 1535.0 13.0 2742522.0 1941.0 13.0 1941.0 1928.0 1090.909090909091
20000.0 30000.0 5789.196052734376 724.9759999999998 335.3741987227451 999.7330000000002 179.5179999999964 9475.0 1490.0 1478.0 1490.0 12.0 2720465.0 1923.0 12.0 1923.0 1911.0 1000.0
30000.0 40000.0 5611.43500585937 759.5587857142849 313.3903308999265 999.6270000000004 182.25800000000163 9475.0 1523.0 1511.0 1523.0 12.0 2735601.0 1934.0 12.0 1934.0 1922.0 1000.0
40000.0 50000.0 5835.546845703124 745.5804285714299 322.93712175442613 999.8669999999984 81.97400000000198 9475.0 1478.0 1466.0 1478.0 12.0 2747125.0 1942.0 12.0 1942.0 1930.0 1000.0
50000.0 60000.0 5611.744085937491 746.1252142857151 353.61621016384566 999.2930000000051 11.994000000006054 9475.0 1505.0 1493.0 1505.0 12.0 2764698.0 1953.0 12.0 1953.0 1941.0 1000.0
60000.0 70000.0 5301.796568359379 722.2096583116314 405.71877582205417 999.6199999999953 38.864013671875 10900.687292941877 1699.9399272651472 1686.1385544205236 1699.9399272651472 13.801372844623582 3077171.2975538694 2174.327571669884 13.801372844623582 2174.327571669884 2160.5261988252605 1000.0
70000.0 80000.0 5944.921634765618 675.787446010045 333.2951866023999 999.8220000000001 60.05298632812628 8840.312707058123 1342.6931332719378 1331.4945061165613 1342.6931332719378 11.198627155376418 2501184.5311425487 1768.7435127098088 11.198627155376418 1768.7435127098088 1757.5448855544323 1166.6666666666667
80000.0 90000.0 6063.184146484375 558.1895759420962 331.9731820418993 999.2280000000028 22.16008398437407 9475.0 1339.236857785075 1327.236857785075 1339.236857785075 12.0 2467162.0280700205 1745.3419805827998 12.0 1745.3419805827998 1733.3419805827998 1230.7692307692307
90000.0 100000.0 5257.321955078121 643.2187399259878 343.3452303234108 999.5869999999995 42.5849609375 10187.262287139041 1689.446904558134 1676.5477107690836 1689.446904558134 12.89919378905062 3018499.859108267 2133.6133998195023 12.89919378905062 2133.6133998195023 2120.7142060304514 1142.857142857143
100000.0 110000.0 5972.7420488281205 647.3010143229166 325.65593869140594 998.570000000007 100.73201757812058 8295.058052138387 1417.2335457873382 1406.7304910792031 1417.2335457873382 10.503054708135066 2511570.3552939133 1774.451444456269 10.503054708135066 1774.451444456269 1763.9483897481339 1166.6666666666667
110000.0 120000.0 5998.446929687489 568.5235184972407 348.59459138180466 995.3090000000084 90.81298437499208 7798.033204315072 1398.100031332829 1388.2231067673079 1398.100031332829 9.876924565521357 2511247.7761499295 1773.5974861706225 9.876924565521357 1773.5974861706225 1763.7205616051012 1076.923076923077
120000.0 130000.0 6045.335484375013 668.9410764322927 316.59785447870166 999.5480000000098 86.422119140625 8601.947178393166 1489.9253614849565 1479.031013577599 1489.9253614849565 10.894347907357457 2645285.3309343033 1868.4868395437572 10.894347907357457 1868.4868395437572 1857.5924916363997 1111.111111111111
130000.0 140000.0 5812.2522167968855 702.9375629185275 366.3826838401751 999.2760000000126 8.549999999988358 9338.699278014334 1478.424238514582 1466.5977594846463 1478.424238514582 11.826479029935498 2725123.821747148 1927.4377650473566 11.826479029935498 1927.4377650473566 1915.6112860174212 1000.0
140000.0 150000.0 5775.474124999979 761.6401428571428 326.70484434491954 999.7449999999953 47.187999999994645 9475.0 1527.0 1515.0 1527.0 12.0 2771318.0 1958.0 12.0 1958.0 1946.0 1000.0
150000.0 160000.0 4788.980433593766 773.5381176470597 348.3507204650024 999.6030000000028 69.44800000000396 11058.0 1897.0 1883.0 1897.0 14.0 3276294.0 2315.0 14.0 2315.0 2301.0 1000.0
160000.0 170000.0 5661.371087890613 774.4759230769213 326.6406351967617 999.6969999999856 19.176999999996042 9475.0 1608.0 1596.0 1608.0 12.0 2821180.0 1995.0 11.0 1995.0 1984.0 1000.0
170000.0 180000.0 6708.691062500002 707.6164000000019 263.45595932113974 999.804999999993 320.9409999999916 7892.0 1214.0 1204.0 1214.0 10.0 2204037.0 1560.0 10.0 1560.0 1550.0 1000.0
180000.0 190000.0 4729.457066406263 730.4635789473695 357.68453385805924 999.8030000000144 65.38800000000629 11838.0 1823.0 1808.0 1823.0 15.0 3350929.0 2368.0 15.0 2368.0 2353.0 1000.0
190000.0 200000.0 5711.030279296858 725.1339999999992 352.0028036304418 999.2220000000088 73.65200000000186 9475.0 1474.0 1462.0 1474.0 12.0 2736859.0 1935.0 12.0 1935.0 1923.0 1000.0
200000.0 210000.0 5427.55627929687 757.5610714285659 322.740491063751 999.3159999999916 89.2049999999872 9475.0 1449.0 1437.0 1449.0 12.0 2681330.0 1895.0 12.0 1895.0 1883.0 1000.0
210000.0 220000.0 5548.383539062517 763.7777857142875 310.06559390237 999.7909999999974 194.19099999999162 9475.0 1558.0 1546.0 1558.0 12.0 2796307.0 1977.0 12.0 1977.0 1965.0 1000.0
220000.0 230000.0 5427.4828925781185 778.6542802734366 366.7924061363765 999.8889999999956 91.729248046875 11058.0 1621.4045212252036 1607.4045212252036 1621.4045212252036 14.0 3048538.4570679716 2152.48108160923 13.0 2152.48108160923 2139.48108160923 1000.0
230000.0 240000.0 5826.70053515624 621.8231037597689 367.96217093066156 999.4189999999944 35.09472460937104 9475.0 1479.8098094005595 1467.8098094005595 1479.8098094005595 12.0 2652493.6111029964 1876.9469353036425 12.0 1876.9469353036425 1864.9469353036425 1076.923076923077
240000.0 250000.0 6195.456650390581 628.7044236886182 348.3179106872947 999.8449999999721 45.44900000002235 8683.0 1313.93392505484 1302.93392505484 1313.93392505484 11.0 2376174.945747975 1679.4214326101967 11.0 1679.4214326101967 1668.4214326101967 1272.7272727272727
250000.0 260000.0 5216.888896484394 620.9872651110207 351.22706523211724 999.8180000000284 21.01806640625 10267.0 1621.6536505309089 1608.6536505309089 1621.6536505309089 13.0 2902881.10246294 2054.3323363015234 13.0 2054.3323363015234 2041.332336301523 1100.0
260000.0 270000.0 5872.252976562537 666.7375613839291 346.1384958142043 999.4050000000279 7.572999999974854 7950.555371167067 1376.8875131339046 1366.8170954359618 1376.8875131339046 10.070417697942704 2474895.4712159466 1747.8583057088572 10.070417697942704 1747.8583057088572 1737.7878880109142 1166.6666666666667
270000.0 280000.0 5981.475845703157 631.4158710937481 345.1474127981664 999.7480000000214 182.80900000000838 7370.380265218722 1439.1595914777326 1429.8265265068203 1439.1595914777326 9.333064970912535 2494836.647748987 1762.1064340176472 9.333064970912535 1762.1064340176472 1752.7733690467348 1111.111111111111
280000.0 290000.0 6045.141986328119 775.0949969951942 298.8934470222164 999.8150000000023 176.62199999997392 9158.06436361421 1444.1509891768505 1432.5544718457056 1444.1509891768505 11.596517331144762 2612486.764653184 1846.8534744489039 11.596517331144762 1846.8534744489039 1835.2569571177592 1000.0
290000.0 300000.0 5719.885082031251 754.403307692309 305.0483172186073 998.3479999999981 203.0779999999795 9475.0 1586.0 1574.0 1586.0 12.0 2737737.0 1936.0 12.0 1936.0 1924.0 1000.0
