ts te idle avg_span std_span max_span min_span c_bytes_all c_ack_cnt c_ack_cnt_p c_pkts_all c_pkts_data s_bytes_all s_ack_cnt s_ack_cnt_p s_pkts_all s_pkts_data videorate
0.0 10000.0 10.445654296840075 578.3556524697586 371.2433504614674 999.9569999999949 0.0 81375.00712640796 3337.4992979506624 3189.657023671086 3340.399795017222 147.8422742795761 4544305.318130511 3307.9529847137396 80.83300302933615 3307.9529847137396 3224.2194846178436 0.0
10000.0 20000.0 2126.3288750000065 684.2060872395814 400.4700619031221 999.8890000000247 87.45100000000093 6228.878926469173 2325.67705131375 2302.3212874075916 2325.67705131375 23.355763906158145 3263667.290388528 2294.3212874075916 13.0 2294.3212874075916 2281.3212874075916 0.0
20000.0 30000.0 4642.702919921954 670.9585100097538 439.70471777710065 999.545999999973 5.168999999994412 2376.0 1781.759385680255 1765.759385680255 1781.759385680255 16.0 2546742.12209954 1793.6672255300782 13.0 1793.6672255300782 1780.6672255300782 0.0
30000.0 40000.0 3882.317201171827 446.32998563058624 454.9692239895776 999.814000000013 5.10899999999674 5425.01295789395 1798.117879188059 1780.1238252248424 1798.117879188059 17.994053963216565 2531880.3884827048 1791.2338234853696 19.0 1791.2338234853696 1772.2338234853696 0.0
40000.0 50000.0 3020.220806640631 380.00619819568794 427.8583029724493 999.8159999999916 3.977000000013504 290253.98704210605 2215.039728065415 1987.0337820286315 2218.039728065415 226.00594603678343 2813756.3011213043 2105.9397924453506 124.0 2106.9397924453506 1975.9397924453503 0.0
50000.0 60000.0 4911.396041015629 347.4887622931993 398.87832734500495 999.5839999999735 4.966000000014901 8875.0 1696.083007066271 1669.083007066271 1697.083007066271 25.0 2383969.1882964503 1703.1591585392018 23.0 1703.1591585392018 1676.1591585392018 0.0
60000.0 70000.0 5274.170119140588 503.383288085938 438.40125481704365 999.5439999999944 45.84499999997206 1486.3610415887051 1730.0203435689791 1718.8583070357276 1730.0203435689791 10.162036533251488 2461893.219723516 1729.6953408485372 9.162036533251488 1729.6953408485372 1718.5333043152857 0.0
70000.0 80000.0 5434.455880859343 476.08671191406904 438.4611207942085 998.7640000000247 5.232000000018161 1745.6389584112949 1784.9796564310209 1772.1416929642724 1784.9796564310209 11.837963466748512 2525153.780276484 1777.3046591514628 13.837963466748512 1777.3046591514628 1762.4666956847143 0.0
80000.0 90000.0 3918.933000000019 617.0951000000001 493.8439912461017 999.8429999999935 5.652999999991152 5754.0 2356.0 2336.0 2356.0 20.0 3358999.0 2360.0 14.0 2360.0 2346.0 0.0
90000.0 100000.0 4592.00607421872 324.4447042739005 452.95333256809556 999.9079999999958 5.554999999993015 2044.0 1847.4300772474228 1833.4300772474228 1847.4300772474228 14.0 2612895.0 1847.4300772474228 20.430077247422783 1847.4300772474228 1827.0 0.0
100000.0 110000.0 4403.722970703093 379.7835898437496 435.1697385894307 999.8479999999981 0.0 124962.0 2023.5699227525772 1910.5699227525772 2024.5699227525772 111.0 2729852.0 1990.5699227525772 71.56992275257721 1991.5699227525772 1916.0 0.0
110000.0 120000.0 4680.120999999926 759.9827142857248 370.3543463030592 999.9810000000289 121.37300000002142 2044.0 1728.0 1714.0 1728.0 14.0 2481677.0 1744.0 11.0 1744.0 1733.0 0.0
120000.0 130000.0 3693.278115234396 640.4068884765613 444.9412852380724 999.755999999994 5.283999999985099 5756.0 2054.331405147429 2034.331405147429 2054.331405147429 20.0 2929527.549846976 2063.3024651715114 16.0 2063.3024651715114 2047.3024651715111 0.0
130000.0 140000.0 5283.639966796851 473.01370332031513 464.14480354939263 999.99099999998 6.0200000000186265 2027.6388799828899 1725.9154025385737 1712.0139635025323 1725.9154025385737 13.901439036041506 2447910.817114918 1724.993622996471 15.0 1724.993622996471 1709.993622996471 0.0
140000.0 150000.0 5164.496015624958 356.08957031250713 430.2744170447421 999.3910000000033 5.2889999999897555 5337.96482615439 1725.828276194873 1707.2080061577985 1725.828276194873 17.620270037074636 2413004.429143218 1710.692159420429 20.0 1710.692159420429 1689.692159420429 0.0
150000.0 160000.0 4366.667902343674 630.4466775173722 422.152462071048 999.9579999999842 6.613000000012107 2123.3962938627205 2093.924916119124 2079.4466251922404 2093.924916119124 14.478290926883858 2981634.203894888 2096.0117524115885 14.0 2096.0117524115885 2082.0117524115885 0.0
160000.0 170000.0 5081.476851562504 426.78567268880823 434.3121209593873 999.7089999999735 5.416000000026543 124284.24520411513 1924.74840137171 1817.8408274288468 1925.74840137171 105.90757394286327 2568050.0527589195 1865.9602119317358 59.90757394286326 1865.9602119317358 1804.0526379888724 0.0
170000.0 180000.0 5323.176990234351 584.6028762207061 456.9636426558731 999.9060000000172 6.327999999979511 1682.983106625239 1882.2262119832842 1870.8582495512137 1882.2262119832842 11.367962432070774 2653304.1876857653 1864.762285869508 10.328600092794483 1864.762285869508 1854.4336857767137 0.0
180000.0 190000.0 4820.8930820312235 395.05406556920417 451.2817100029185 998.9949999999953 5.408000000054017 9135.77168925963 1825.0253866450057 1802.3009230199395 1826.0253866450057 21.724463625065965 2572443.759555315 1820.277502198756 18.763825964342253 1820.277502198756 1800.5136762344139 0.0
190000.0 200000.0 4060.090000000084 848.5585714285595 346.9166070402129 999.6300000000047 68.70499999995809 2376.0 2325.0 2309.0 2325.0 16.0 3295961.0 2317.0 12.0 2317.0 2305.0 0.0
200000.0 210000.0 5098.209999999963 712.3402857142834 430.0520583428353 999.2299999999814 84.59199999994598 5364.0 1944.0 1926.0 1944.0 18.0 2744795.0 1933.0 13.0 1933.0 1920.0 0.0
210000.0 220000.0 4237.807999999961 529.1492727272721 469.3194626763573 999.408000000054 5.518999999971129 2044.0 1902.0 1888.0 1902.0 14.0 2695808.0 1896.0 13.0 1896.0 1883.0 0.0
220000.0 230000.0 3838.033894531196 384.8233888888951 435.11130539007974 999.8320000000531 5.309000000008382 121416.0 1974.0 1859.0 1977.0 112.0 2632493.0 1933.0 65.0 1934.0 1862.0 0.0
230000.0 240000.0 5377.442748046829 463.34362519531277 485.2311206296882 999.7369999999646 5.425999999977648 2044.0 1788.0789507122558 1773.0789507122558 1788.0789507122558 14.0 2542164.4836805076 1787.976423205274 12.0 1787.976423205274 1774.976423205274 0.0
240000.0 250000.0 3898.3333417968825 489.60320447716646 448.1976797034386 999.9629999999888 43.43000000005122 5725.0 1937.722137701525 1916.722137701525 1937.722137701525 20.0 2732922.079433808 1939.824665208507 17.0 1939.824665208507 1918.824665208507 0.0
250000.0 260000.0 4502.422796874889 785.3681718750158 218.68642538754457 999.7550000000047 496.2160000000149 1712.0 1651.3351151678282 1639.3351151678282 1651.3351151678282 12.0 2350101.887437012 1655.2576032117195 12.0 1655.2576032117195 1643.2576032117195 0.0
260000.0 270000.0 2726.852109374944 660.7541575520785 363.9599875440095 999.0239999999758 49.15399999998044 8704.0 2182.571268466544 2156.571268466544 2184.571268466544 26.0 3079353.526379163 2175.239903465118 12.0 2175.239903465118 2161.239903465118 0.0
270000.0 280000.0 4660.849984374945 415.86946274039263 448.77793051144477 999.7920000000158 5.5450000000419095 2043.3072210587925 1742.1201425377378 1726.124998464896 1742.1201425377378 13.995144072842004 2447164.8947225884 1725.5265915316938 16.995953394035006 1725.5265915316938 1706.5306381376588 0.0
280000.0 290000.0 3987.7340781247476 442.9962200056013 446.12254666269 998.8490000000456 0.0 120916.03241325545 1969.873920462583 1866.0477628374958 1970.873920462583 102.82615762508728 2674323.2546331356 1933.9045138595359 54.82534830389428 1933.9045138595359 1877.0791655556416 0.0
290000.0 300000.0 4382.114835937624 702.235645507797 361.82462038422227 999.5749999999534 153.145263671875 1813.5515530710609 1808.2137315618656 1795.343065146302 1808.2137315618656 12.870666415563766 2560176.157692935 1795.6466106572093 8.409220566429298 1795.6466106572093 1787.23739009078 0.0
