ts te idle avg_span std_span max_span min_span c_bytes_all c_pkts_all s_bytes_all s_pkts_all videorate
0.0 10000.0 7521.043999999994 619.7390000000014 404.35340300533375 997.1840000000084 136.9110000000219 64896.0 1041.0 9393716.0 7655.0 4400.0
10000.0 20000.0 8103.391999999993 379.32160000000147 214.19736382319354 659.1880000000237 66.77799999999115 51008.0 853.0 9664337.0 8112.0 8000.0
20000.0 30000.0 6234.6100214843755 627.5649964192708 445.2761390167545 977.0200000000186 47.24599999998463 54503.613668216465 907.4667091380314 10301145.19112811 8652.072095438376 8000.0
30000.0 40000.0 5771.909978515643 528.5112526855446 353.1720246832079 974.0260000000126 48.61200000002282 60821.386331783535 1035.5332908619685 11854122.80887189 9966.927904561624 8000.0
40000.0 50000.0 7846.338000000047 430.7323999999906 240.12534920181562 763.795999999973 111.66899999999441 56857.0 924.0 10559005.0 8860.0 8000.0
50000.0 60000.0 8317.96100000001 336.40779999999796 182.60865484882385 552.6589999999851 71.63900000002468 52401.0 874.0 10524656.0 8823.0 8000.0
60000.0 70000.0 7467.168078124989 506.56638437500226 299.702117689334 801.294921875 58.31099999998696 52464.472564806485 874.3599783584793 10541778.249786764 8643.607795126938 8000.0
70000.0 80000.0 4051.7069218750694 660.9214531249922 429.5684294759699 999.9670000000042 24.082999999984168 59294.527435193515 933.6400216415207 12313912.750213236 8859.392204873062 8000.0
80000.0 90000.0 8667.27999999997 266.54400000000606 189.51394861855263 484.42399999999907 69.1930000000284 36271.0 581.0 7776437.0 5520.0 8000.0
90000.0 100000.0 7276.065000000002 544.7869999999996 130.35199916570835 712.2779999999912 364.8670000000275 57522.0 927.0 12238820.0 8704.0 8000.0
100000.0 110000.0 8436.163999999932 312.7672000000137 135.34888485206898 425.00900000002 81.55200000002515 36911.0 591.0 7841104.0 5586.0 8000.0
110000.0 120000.0 7445.332999999984 510.9334000000032 154.5526568755619 709.7689999999711 296.1130000000121 56461.0 916.0 12741120.0 9055.0 8000.0
120000.0 130000.0 6191.729999999981 544.0385714285741 413.37128890738313 998.7600000000093 56.79200000001583 47680.0 764.0 10087901.0 7243.0 8000.0
130000.0 140000.0 7101.70199999999 579.659600000002 169.38744827553924 780.6840000000084 443.29999999998836 53462.0 879.0 11802252.0 8400.0 8000.0
140000.0 150000.0 8386.677000000025 322.66459999999495 168.49356792114418 486.13000000000466 67.67200000002049 36740.0 588.0 7768091.0 5601.0 8000.0
150000.0 160000.0 7367.067000000039 526.5865999999921 143.50815538950582 695.6259999999893 370.5590000000084 56234.0 897.0 12006600.0 8554.0 8000.0
160000.0 170000.0 8070.978999999992 385.8042000000016 75.93378631872508 477.25599999999395 296.8510000000242 47133.0 767.0 10174958.0 7305.0 8000.0
170000.0 180000.0 6756.5079999999725 540.5820000000045 432.4601007343997 999.9579999999842 26.072999999974854 46314.0 738.0 9767960.0 6952.0 8000.0
180000.0 190000.0 8011.972000000009 397.6055999999982 197.6289101265196 546.6759999999776 67.8410000000149 54427.0 897.0 12232019.0 8707.0 8000.0
190000.0 200000.0 8572.424999999988 285.5150000000023 201.40267578536753 488.70799999998417 63.82799999997951 37770.0 602.0 8030688.0 5746.0 8000.0
200000.0 210000.0 7107.207000000053 578.5585999999894 264.5926384828207 906.2010000000009 354.25699999998324 61308.0 920.0 12114796.0 8622.0 8000.0
210000.0 220000.0 5833.68710937514 595.1875558035515 432.67712899577106 999.8699999999953 31.61199999996461 46579.148231983905 743.3937126265645 10049057.548326163 7141.938997096488 8000.0
220000.0 230000.0 3737.0968906250782 695.8781232638802 440.55400730511155 999.591999999946 50.07799999997951 47205.851768016095 785.6062873734355 10526976.451673837 7510.061002903512 8000.0
230000.0 240000.0 7584.712999999872 483.0574000000255 265.7554201559948 725.5840000000317 57.207000000053085 53631.0 884.0 11833272.0 8435.0 8000.0
240000.0 250000.0 8124.938000000082 375.0123999999836 72.31617739687835 491.97199999995064 301.14000000001397 44920.0 730.0 9661199.0 6892.0 8000.0
250000.0 260000.0 7802.685013671871 439.46299726562575 263.9802950076524 803.885986328125 86.02500000002328 45694.03652631321 731.7999274936597 9766799.16331207 6984.157745685903 8000.0
260000.0 270000.0 4569.5860156249255 603.3793315972305 409.9202422829699 999.9170000000158 52.29000000003725 48583.92613040726 786.7399980836706 10352962.2111496 7405.353885289554 8000.0
270000.0 280000.0 5382.797970703221 577.1502536620974 418.21581067474204 996.5620000000345 26.78599999996368 45969.03734327953 772.4600744226698 10221403.62553833 7399.488369024543 8000.0
280000.0 290000.0 8232.90000000014 353.41999999997205 262.21834488359633 569.9379999999655 64.00199999997858 53807.0 888.0 11952609.0 8531.0 8000.0
290000.0 300000.0 8474.27600000007 305.1447999999858 189.7895882304676 489.69999999995343 68.23999999999069 37165.0 596.0 7956082.0 5666.0 8000.0
