ts te idle avg_span std_span max_span min_span c_bytes_all c_pkts_all s_bytes_all s_pkts_all video_rate
0.0 10000.0 7985.155000000028 671.6149999999907 527.0133011575517 998.5719999999856 63.65100000001257 64437.0 1041.0 8251150.0 6436.0 4400.0
10000.0 20000.0 6829.723121093761 452.8966969866056 328.14415010290475 963.3219999999856 50.51500000001397 62688.89454614515 1011.4771929955223 11380908.844355214 9561.687272849143 7550.0
20000.0 30000.0 2858.167935546895 714.1832064453105 416.81388756346075 999.9930000000168 30.35999999998603 54627.971784092464 905.0050168999286 10209618.683071584 8577.280837517308 8000.0
30000.0 40000.0 6131.37094335939 644.7715094401016 285.9899686197873 887.1260566406418 85.07699999999022 60045.133669762385 1015.5177901045492 11412035.472573202 9570.031889633548 8000.0
40000.0 50000.0 8486.196999999986 302.7606000000029 33.10367212712191 333.15299999999115 248.41399999998976 52828.0 885.0 10062686.0 8447.0 8000.0
50000.0 60000.0 7853.21100000001 429.35779999999795 153.93298657759848 599.3589999999967 290.0119999999879 53458.0 893.0 10015100.0 8412.0 8000.0
60000.0 70000.0 5639.176099609409 622.9748429129415 260.6682861784991 998.0069999999832 148.347900390625 53832.81269146474 870.0404374502648 10089750.646673575 8167.861393822858 8000.0
70000.0 80000.0 3491.6849003906245 813.5393874511719 327.02207956556185 999.0169999999925 26.706000000005588 54551.18730853526 896.9595625497352 11778422.353326425 8369.13860617714 8000.0
80000.0 90000.0 6815.8429999999935 636.8314000000013 143.51289341484403 756.1990000000224 432.6570000000065 48264.0 777.0 10283766.0 7327.0 8000.0
90000.0 100000.0 8435.107000000076 312.97859999998474 139.97003826818957 562.1379999999772 236.50599999999395 47411.0 744.0 9854695.0 7003.0 8000.0
100000.0 110000.0 7685.271999999997 462.9456000000006 136.4979092781282 603.4529999999795 317.4189999999944 47301.0 756.0 9939866.0 7095.0 8000.0
110000.0 120000.0 3377.0536855468526 735.8829238281274 328.4424963649581 999.7970000000205 95.747314453125 49810.876046748876 791.4148478358559 10555557.033220489 7498.816875305888 8000.0
120000.0 130000.0 6121.830314453109 646.3616142578152 325.4174719551938 883.7176855469006 0.0 53561.123953251124 887.5851521641441 11768119.966779511 8366.183124694111 8000.0
130000.0 140000.0 7259.864000000001 548.0271999999998 217.74374421255115 737.9670000000042 275.6460000000079 46766.0 761.0 10051440.0 7148.0 8000.0
140000.0 150000.0 8098.636999999988 380.2726000000024 96.25503380759939 532.6170000000275 287.3950000000186 47178.0 742.0 9688811.0 6889.0 8000.0
150000.0 160000.0 6851.620119140658 524.7299801432237 165.8028716837405 616.9239999999991 189.827880859375 54318.34153935572 885.7581080005285 11559394.425258894 8220.0657422051 8000.0
160000.0 170000.0 2378.2059707031003 762.17940292969 350.92431640087057 999.6529999999912 127.35111914062873 46329.28680394399 685.2934419727608 9105063.092003277 6475.783325973806 8000.0
170000.0 180000.0 3633.2979101562523 795.8377612304685 327.6684181898527 998.2789999999804 25.244999999995343 55546.371656700285 886.9484500267107 11792081.48273783 8361.150931821092 8000.0
180000.0 190000.0 7138.601000000024 572.2797999999951 209.451565590231 804.8640000000014 291.26600000000326 48809.0 771.0 10249546.0 7289.0 8000.0
190000.0 200000.0 7910.728000000061 417.8543999999878 254.35748715204826 722.179999999993 73.67799999995623 39159.0 613.0 8139239.0 5789.0 8000.0
200000.0 210000.0 6721.857999999891 546.3570000000182 241.61144047579663 707.5879999999888 61.207000000053085 55950.0 920.0 12270779.0 8715.0 8000.0
210000.0 220000.0 3636.312728515477 795.4609089355654 322.7767644969002 999.6689999999944 196.853271484375 52731.896188062514 835.7810748130231 11184049.411883695 7957.257703095739 8000.0
220000.0 230000.0 6126.266271484201 645.6222880859665 266.25509075303535 855.3360000000102 117.59872851567343 50098.103811937486 810.2189251869769 10680039.588116305 7600.74229690426 8000.0
230000.0 240000.0 7962.8820000001 407.42359999998007 200.42776605751598 758.1620000000112 286.99399999994785 46267.0 755.0 10336860.0 7343.0 8000.0
240000.0 250000.0 7765.923000000068 446.8153999999864 97.91861693419911 607.0350000000326 346.841999999946 45926.0 744.0 9964347.0 7081.0 8000.0
250000.0 260000.0 5297.799044921761 671.7429935826055 350.3822168949962 992.6360000000568 45.928955078125 52574.1077014401 816.0028465417897 10484601.650152959 7439.931561998891 8000.0
260000.0 270000.0 2642.7629550781567 817.4707827690937 307.8586156355324 998.2530000000261 237.6040000000503 56254.8922985599 920.9971534582103 11863855.349847041 8426.06843800111 8000.0
270000.0 280000.0 5462.033999999985 756.3276666666692 193.07571382404367 990.1550000000279 519.6330000000307 49511.0 784.0 9963454.0 7079.0 8000.0
280000.0 290000.0 8109.530999999959 378.0938000000082 45.464541157917125 452.2619999999879 340.7850000000326 49378.0 807.0 10262086.0 7292.0 8000.0
290000.0 300000.0 7431.225999999908 513.7548000000185 146.54524129328982 627.7120000000577 309.34799999999814 48261.0 759.0 9809561.0 6955.0 8000.0
