ts te idle avg_span std_span max_span min_span c_bytes_all c_pkts_all s_bytes_all s_pkts_all videorate
0.0 10000.0 6735.30700000003 816.1732499999925 283.98664303727645 998.9259999999776 397.5219999999972 42212.0 473.0 2292491.0 1619.0 1487.2727272727273
10000.0 20000.0 7000.222000000009 599.9555999999982 354.76099056308624 975.8730000000214 241.1479999999865 48606.0 796.0 9503691.0 6598.0 8000.0
20000.0 30000.0 6573.229072265618 571.1284879557303 382.0387839293566 982.060999999987 72.01400000002468 49435.48984265624 834.682341807965 10525257.390550254 7309.836878494866 8000.0
30000.0 40000.0 5058.670921874989 617.6661347656263 341.68225490500754 999.8780000000261 238.88900000002468 57278.806256629185 896.4569320174564 11607142.918630132 8053.926453882122 8000.0
40000.0 50000.0 8129.702005859406 311.71633235676563 175.9688527215238 494.11599999998 28.638994140608702 48456.70390071457 783.8607261745785 10573106.690819614 7329.236667623012 8000.0
50000.0 60000.0 7511.026000000013 497.7947999999975 292.33085041045945 989.6460000000079 272.4340000000084 48375.0 760.0 9788387.0 6789.0 8000.0
60000.0 70000.0 6431.189000000071 594.8018333333215 427.88617310934535 983.1979999999749 73.66100000002189 47636.0 773.0 10013763.0 6947.0 8000.0
70000.0 80000.0 6418.29999999993 596.9500000000116 444.5698885133723 998.2089999999735 25.23100000002887 50044.0 772.0 10026221.0 6955.0 8000.0
80000.0 90000.0 6832.514000000025 527.9143333333292 332.47320291997676 926.0750000000116 66.7609999999986 91518.0 1252.0 9884458.0 6863.0 8000.0
90000.0 100000.0 7725.091998046846 454.9816003906308 269.40163334415644 712.3530000000028 53.01000000000931 132514.7310591024 1743.056113109648 11123648.422532838 7690.220095725575 8000.0
100000.0 110000.0 6411.030001953128 598.1616663411454 194.61245244934545 965.7849999999744 378.91799804684706 58101.268940897586 923.9438868903519 11108788.577467162 7711.779904274425 8000.0
110000.0 120000.0 6428.596000000078 595.2339999999871 435.2935295779098 984.1429999999818 0.0 48693.0 791.0 10148836.0 7044.0 8000.0
120000.0 130000.0 7625.5987167968415 395.7335472005264 342.4858237520004 940.1410000000033 61.04800000000978 67696.22959460241 1006.8494877844948 10530562.443871632 7300.200980812239 8000.0
130000.0 140000.0 8061.832199218741 323.02796679687646 179.661675867312 587.5040000000154 69.15299999999115 98569.2252582984 1364.0971163083107 10393310.220297726 7190.5549359999595 8000.0
140000.0 150000.0 6946.091083984356 508.9848193359406 144.83675068069618 770.5939999999828 325.24891601561103 57408.5451470992 883.0533959071945 11116438.335830642 7703.244083187801 8000.0
150000.0 160000.0 7274.363736328087 454.27271061198553 381.9244804940897 993.9180000000051 51.086000000010245 57460.51651466219 781.7702155099405 7581309.735761127 5273.387963609597 8000.0
160000.0 170000.0 4762.961240234319 654.6298449707101 326.12394297754855 995.5889999999781 254.78800000000047 84851.08129557401 1232.6543935775558 12676569.235475164 8784.05527368581 8000.0
170000.0 180000.0 4880.247023437463 568.8614418402818 427.18381908485196 999.9679999999935 50.54100000002654 51139.4021897638 788.5753909125037 9973777.028763708 6916.556762704593 8000.0
180000.0 190000.0 7330.460000000021 444.9233333333298 358.67866946985777 999.920999999973 60.631999999983236 50098.0 748.0 9671245.0 6700.0 8000.0
190000.0 200000.0 7530.777000000002 493.8445999999996 90.30365449858708 593.6620000000112 366.3300000000163 84352.0 1238.0 12380829.0 8586.0 8000.0
200000.0 210000.0 5584.376999999979 883.1246000000043 222.97747092094377 987.4150000000373 484.3040000000037 49066.0 778.0 10327064.0 7160.0 8000.0
210000.0 220000.0 5741.229900390725 709.7950166015459 297.7154517981425 987.1700000000419 311.152099609375 52300.886450040685 841.7568211129496 10830960.90564944 7515.1890857385415 8000.0
220000.0 230000.0 5889.913218750153 685.0144635416412 221.7571741343629 829.4179999999469 310.077880859375 53453.78050217134 854.6084694604331 10967095.635874482 7609.216084799185 8000.0
230000.0 240000.0 8166.763806640636 305.53936555989395 165.0689658223166 555.8649999999907 36.351119140628725 45641.60933349323 715.1037646840481 9425142.811782341 6529.948578345815 8000.0
240000.0 250000.0 6183.371074218885 545.2327036830164 342.41099498161213 997.3279999999795 144.27500000002328 54617.723714294756 851.5309447425692 10991023.646693736 7624.646251116459 8000.0
250000.0 260000.0 5771.42402148433 845.715195703134 298.3329051418942 981.6180000000168 312.052978515625 44403.035269902364 714.7153634058923 9337202.38676312 6471.80598748601 8000.0
260000.0 270000.0 4910.945000000065 636.1318749999919 391.69111235652565 999.9719999999506 63.39300000004005 54732.54868795835 864.3989385727518 11173715.414098416 7749.938295232394 8000.0
270000.0 280000.0 6535.723861327977 494.8965912388604 320.94634012478735 998.0050000000047 28.62100000004284 52896.63610278243 828.9542148349643 10563097.974208226 7333.5256540657165 8000.0
280000.0 290000.0 7957.3121171876555 340.4479804687241 83.29345914459334 479.1689999999944 251.79788281244691 53442.77993935685 819.9314831863916 10703536.224930236 7421.730063215879 8000.0
290000.0 300000.0 7358.614730468951 440.2308782551748 311.48138166918903 973.3989999999758 20.265999999945052 49629.29165570818 776.6941588811809 10113295.374166716 7016.263651559433 8000.0
