ts te idle avg_span std_span max_span min_span c_bytes_all c_pkts_all s_bytes_all s_pkts_all videorate
0.0 10000.0 7750.50900000002 749.8303333333266 159.16073329290217 864.609999999986 568.1369999999879 60092.0 936.0 9315363.0 7686.0 4400.0
10000.0 20000.0 5780.533999999927 703.2443333333455 315.46209546800554 999.7289999999921 252.6130000000121 43135.0 671.0 6998188.0 5907.0 7400.0
20000.0 30000.0 7842.930999999982 431.41380000000356 94.64330476426238 573.7880000000005 346.445000000007 58261.0 957.0 10715837.0 9018.0 8000.0
30000.0 40000.0 7738.3189999999595 376.94683333334007 154.6555316908141 571.4830000000075 117.625 59368.9849192302 944.2382490060112 10403133.691098532 8807.237110295333 8000.0
40000.0 50000.0 5439.939000000013 760.0101666666645 205.83570743620388 885.6699999999837 358.1390000000247 61667.0150807698 1042.7617509939887 11619037.308901468 9851.762889704667 8000.0
50000.0 60000.0 4596.6500156249385 675.4187480468827 444.2829269663081 999.9820000000182 53.242000000027474 56252.646037437604 937.3271574999114 10237204.135544993 8728.654314999823 8000.0
60000.0 70000.0 5876.5299843750545 589.0671450892779 319.23862561233034 997.295999999973 96.79200000001583 54910.353962562396 893.6728425000886 9961761.864455007 8257.345685000177 8000.0
70000.0 80000.0 7743.233000000066 451.3533999999869 104.41794469248386 634.3470000000088 375.45799999998417 48474.0 774.0 10017332.0 7211.0 8000.0
80000.0 90000.0 6964.915076171863 505.84748730468954 295.8220304092818 860.8950000000186 122.596923828125 48349.97741936685 790.513874489138 10259389.595190711 7439.44817843525 8000.0
90000.0 100000.0 5747.500923828105 850.499815234379 70.36987727310117 932.2270000000135 737.6820761718554 54836.022580633144 909.486125510862 11789650.404809289 8510.55182156475 8000.0
100000.0 110000.0 3113.4599999999627 860.8175000000047 329.1058075682381 999.9459999999963 50.85800000000745 46847.0 762.0 9883573.0 7141.0 8000.0
110000.0 120000.0 8078.659999999974 384.26800000000515 53.00658090746044 475.6039999999921 339.5430000000051 49759.0 797.0 10156135.0 7306.0 8000.0
120000.0 130000.0 8271.437999999966 345.7124000000069 66.5372583542441 450.8420000000042 272.6510000000126 47045.0 767.0 9994862.0 7183.0 8000.0
130000.0 140000.0 7572.313109375071 404.61448177082156 246.67568501083161 867.3150000000023 118.587890625 46195.1640016807 691.5242170330391 8890767.822418392 6401.93471852359 8000.0
140000.0 150000.0 5917.049890624941 583.2785870535798 376.0296633623929 999.9660000000149 72.15399999998044 48390.8359983193 777.4757829669609 9538439.177581608 6924.06528147641 8000.0
150000.0 160000.0 3803.7590136718936 774.5301232910133 364.04488054335684 998.9349999999977 68.60899999999674 58045.71311802984 935.3315079688366 11952120.25484266 8627.331507968836 8000.0
160000.0 170000.0 6954.3339863281 507.61100227865 142.14198703555957 664.2130136718624 317.4180000000051 49465.28688197016 818.6684920311634 10389585.74515734 7498.668492031164 8000.0
170000.0 180000.0 7938.739999999991 412.2520000000019 40.14835501611957 459.52799999999115 356.7029999999795 47888.0 784.0 10173123.0 7326.0 8000.0
180000.0 190000.0 6754.978101562476 540.8369830729207 288.5628292457101 857.3919999999925 123.7958984375 51204.59108906843 827.7521249509272 10404955.31898297 7485.899076382897 8000.0
190000.0 200000.0 5058.33489843749 705.9521573660729 350.92681400882196 999.9939999999478 27.804000000003725 46130.40891093157 761.2478750490728 9724240.68101703 7055.100923617103 8000.0
200000.0 210000.0 5365.719000000157 772.3801666666404 268.84775085420443 994.3029999999562 423.96100000001024 56452.0 933.0 11991615.0 8627.0 8000.0
210000.0 220000.0 8200.396999999997 359.92060000000055 90.33914191973845 506.04799999995157 284.22100000001956 46244.0 750.0 9911371.0 7137.0 8000.0
220000.0 230000.0 7693.171000000089 461.36579999998213 216.3708644162056 847.9520000000484 357.53799999994226 46634.0 759.0 9879828.0 7129.0 8000.0
230000.0 240000.0 6103.740066406317 649.3766555989472 338.99957845080667 873.7049999999581 119.23193359375 48941.57205142468 798.8514185719952 10419495.239316974 7516.693381057441 8000.0
240000.0 250000.0 4822.534025390632 739.6379963727668 290.9663160858736 998.3950000000186 331.680908203125 51836.47436303033 842.4579819369415 10856543.04013799 7868.765668357584 8000.0
250000.0 260000.0 5728.209908203105 610.2557273995563 290.1965555854294 998.155999999959 306.7589999999618 52559.953585544994 852.6905994910634 10679119.720545037 7770.540950584975 8000.0
260000.0 270000.0 8190.037000000128 361.99259999997446 43.14816688227167 422.5579999999609 311.89099999994505 48745.0 782.0 9836657.0 7079.0 8000.0
270000.0 280000.0 7506.153751953156 415.6410413411407 246.42639571118664 873.3009999999776 120.729248046875 48550.99598518191 794.3885989503142 10401828.669107687 7568.682802476959 8000.0
280000.0 290000.0 5465.228248046944 755.795291992176 206.7991351756132 869.6169999999693 347.6840000000084 53204.0040148181 871.6114010496858 11436948.330892313 8260.317197523042 8000.0
290000.0 300000.0 6027.602000000072 662.0663333333214 395.18769177172413 997.5529999999562 72.86899999994785 51973.0 828.0 10437286.0 7547.0 8000.0
