ts te idle avg_span std_span max_span min_span c_bytes_all c_pkts_all s_bytes_all s_pkts_all video_rate
0.0 10000.0 8235.0317109375 588.3227630208336 375.5119354498628 999.1310000000012 262.7659999999996 15283.608222613791 245.97466036071796 2184399.8678860655 1820.2574680925895 4400.0
10000.0 20000.0 2435.001289062504 840.5554123263885 186.1091653773864 999.1270000000004 493.45471093750166 56186.391777386205 1441.025339639282 15895830.132113934 13128.74253190741 5784.615384615385
20000.0 30000.0 6744.378000000004 542.603666666666 368.1326838690993 999.9890000000014 126.32200000000012 35301.0 896.0 10071779.0 8353.0 8000.0
30000.0 40000.0 6853.577740234374 629.2844519531252 178.2833389676768 824.7569999999978 434.791259765625 41109.74991293922 1025.618846826878 11537738.360940676 9498.05931653858 8000.0
40000.0 50000.0 5692.845246093755 615.3078219866064 297.37630518384634 995.1489999999976 152.06074023437395 35441.77252522144 886.4257150341166 9945029.896191692 8305.675441605748 8000.0
50000.0 60000.0 6364.65502929686 605.8908284505233 206.48714551195354 857.8500000000058 298.23098632812616 43949.633230590836 1092.393516859075 12274622.712316347 10089.169062090568 8000.0
60000.0 70000.0 6444.697996093761 592.5503339843732 225.7830034253724 752.3399999999965 202.4230156249978 35758.82728193927 897.0846282366402 9899689.520025913 8271.308716879908 8000.0
70000.0 80000.0 7183.315988281247 469.44733528645884 236.50563352357904 713.474000000002 137.78699999999662 32592.017049309223 798.4772930432903 9033673.510525372 7440.787462885197 8000.0
80000.0 90000.0 7062.763107421895 587.4473785156209 151.25536670671588 777.9529999999941 433.264892578125 39740.15412598864 992.7084496241245 11194651.720365917 9261.758392095786 8000.0
90000.0 100000.0 6431.697771484367 594.7170380859388 211.902596969882 796.6380000000063 249.2521074218821 32543.950826033397 807.0810637551946 8772216.745055985 7314.946189591245 8000.0
100000.0 110000.0 5836.482152343757 594.7882639508919 214.96882519600473 997.7369999999937 355.39599999999336 40412.23701813197 1004.5453934561452 11368790.742302733 9328.939605522386 8000.0
110000.0 120000.0 5229.04303125001 681.5652812499985 272.26079170458127 999.7229999999981 254.88603125000373 43230.71682663991 1071.3398888360912 11996646.92517776 9986.535858952198 8000.0
120000.0 130000.0 6290.401960937481 529.9425770089313 267.67405909966305 997.3269999999902 140.5219999999972 37392.71663697085 942.7413989178207 10274824.500103813 8644.165216661946 8000.0
130000.0 140000.0 5068.778689453116 704.4601872209834 300.6381161483994 995.2149999999965 211.87602343750768 37668.98842083831 928.8464256886732 10332377.798341861 8650.516310016412 8000.0
140000.0 150000.0 5757.76116796874 606.0341188616086 343.96290638875564 999.9629999999888 46.77700000000186 41903.7635727202 1052.2386571854317 11397348.987238478 9423.714425135739 8000.0
150000.0 160000.0 5223.971814453107 682.2897407924132 190.32099921286735 996.4180000000051 435.9873046875 39050.043439255845 976.370297745566 10642199.78983969 8827.543706482318 8000.0
160000.0 170000.0 6343.306326171849 609.4489456380252 166.16210845878766 804.820000000007 379.7946953125065 38728.20055329618 970.581305395588 10658487.34939212 8809.5548251583 8000.0
170000.0 180000.0 6402.774978515634 599.5375035807277 390.6017906681291 959.0890000000072 56.3110214843764 30328.228580124684 764.547119395365 8289028.442181638 6848.325470383668 8000.0
180000.0 190000.0 4492.858076171862 786.7345605468769 208.01918487061803 996.4320000000007 435.346923828125 40384.7898815607 1016.0555142506503 10957051.095318958 9122.524110274831 8000.0
190000.0 200000.0 3912.8876699218526 760.8890412597684 265.1996857766582 999.9120000000112 364.13525390625 43557.2055115923 1092.560849540229 12153841.925357044 10074.879018462703 8000.0
200000.0 210000.0 6997.302960937464 500.4495065104226 258.36863625356887 763.7950000000128 125.74900000001071 30149.61601578917 750.4686565948434 8361325.620197177 6930.435958208715 8000.0
210000.0 220000.0 6427.050332031271 595.4916113281215 257.79777487051564 873.5979999999981 180.29770703124814 35271.67289471654 884.5178754406737 9819154.336182607 8100.765075027583 8000.0
220000.0 230000.0 5081.762976562488 702.6052890625017 281.31276381211535 997.8550000000105 279.53203906249837 45898.695334378746 1147.8323595397865 12316315.597776601 10190.599667533234 8000.0
230000.0 240000.0 6049.423992187483 564.3680011160739 376.9104833864271 988.9700000000012 78.70000000001164 35253.163562563364 879.735990168383 9595730.950545488 8018.14824992701 8000.0
240000.0 250000.0 5134.949992187496 695.0071439732149 339.7477813228471 999.9969999999739 107.16100000002189 40038.85679939918 1003.8287544654344 11100963.474622127 9261.647920565923 8000.0
250000.0 260000.0 6638.640097656229 672.2719804687542 142.83725165745835 776.6930000000284 430.52490234375 33548.70749203458 838.1081738041462 9244201.342254093 7690.066836513503 8000.0
260000.0 270000.0 6800.568822265603 533.2385296223996 189.97271816844457 810.7420000000275 244.21609765622998 36242.1745411957 880.0450822109304 9944512.367267016 8159.116813856638 8000.0
270000.0 280000.0 5054.746177734458 706.4648317522203 266.7701651103553 993.0889999999781 315.36391992185963 43802.94816457101 1092.71821143754 11971621.123370737 9963.09693626483 8000.0
280000.0 290000.0 6851.001005859289 524.8331656901186 113.25032109930154 710.8780000000261 404.8930976562551 37267.34334021599 932.3098273546449 10418326.517957445 8638.931113513034 8000.0
