ts te idle avg_span std_span max_span min_span c_bytes_all c_pkts_all s_bytes_all s_pkts_all video_rate
0.0 10000.0 7938.532999999938 687.1556666666875 170.88536666530229 879.0900000000256 551.5310000000172 75957.0 1258.0 8286042.0 5831.0 4400.0
10000.0 20000.0 6538.445000000007 576.9258333333322 421.22075520772995 999.3960000000079 35.32900000002701 77532.0 1364.0 7837414.0 5566.0 7280.0
20000.0 30000.0 4926.431999999972 724.7954285714326 364.67782155572445 999.929999999993 72.30499999999302 104461.0 1866.0 12657357.0 8939.0 8000.0
30000.0 40000.0 6727.573999999964 545.4043333333393 376.6203100448333 999.9619999999995 63.70699999999488 99048.0 1712.0 12482241.0 8783.0 8000.0
40000.0 50000.0 6304.271943359345 615.9546761067759 337.53506441838164 997.2579999999725 73.68300000001909 68469.24839715492 1158.4090014601284 10126901.963837627 7072.409001460129 8000.0
50000.0 60000.0 5824.475056640629 521.9406179199214 490.49936063802863 998.6280000000261 52.74699999997392 86839.75160284508 1568.5909985398716 10630639.036162373 7493.590998539872 8000.0
60000.0 70000.0 6745.445011718781 650.9109976562438 316.66177270824 895.43798828125 98.32099999999627 84051.91404634756 1456.5477808452258 10468773.2737648 7819.447886829439 8000.0
70000.0 80000.0 6690.259712890605 472.8200410156278 406.4759952533742 995.935999999987 23.195000000006985 61785.16568938349 1058.4889981826373 11904217.769845627 10058.46381005547 8000.0
80000.0 90000.0 7603.517275390681 399.4137874348865 294.47979054814897 789.8649999999907 58.222724609368015 55331.92026426895 884.9632209721369 9923731.956389572 8364.088303115092 8000.0
90000.0 100000.0 6174.445999999996 546.5077142857148 444.11465963484767 999.9619999999995 26.163000000000466 55153.0 930.0 10409071.0 8803.0 8000.0
100000.0 110000.0 7065.855999999971 489.0240000000049 464.8933273924252 989.5339999999851 49.10499999998137 52959.0 888.0 9732712.0 8224.0 8000.0
110000.0 120000.0 6185.355999999971 635.7740000000049 352.976047266113 995.3670000000275 60.414999999979045 62660.0 1062.0 12039314.0 10190.0 8000.0
120000.0 130000.0 7112.1870000000345 577.5625999999932 82.46129195750372 678.2750000000233 480.74599999998463 53810.0 887.0 10339519.0 8246.0 8000.0
130000.0 140000.0 7335.093999999983 532.9812000000035 265.0338960127528 747.5420000000158 101.23700000002282 46434.0 758.0 9971851.0 7219.0 8000.0
140000.0 150000.0 5571.003000000026 553.6246249999967 364.5044536784344 965.2860000000219 24.14399999997113 54910.0 904.0 11553954.0 8334.0 8000.0
150000.0 160000.0 6367.11298437498 726.5774031250039 341.96681926899294 968.4990000000107 125.35999999998603 45133.83215283512 638.739260669017 8282686.208444275 5986.536796232407 8000.0
160000.0 170000.0 6377.942015624954 517.4368549107209 274.9684178591135 986.2029999999795 105.05898437497672 57769.16784716488 982.260739330983 11925624.791555725 8636.463203767593 8000.0
170000.0 180000.0 8151.866000000038 369.6267999999924 251.7701178986451 606.9099999999744 92.14399999997113 32920.0 480.0 6197774.0 4495.0 8000.0
180000.0 190000.0 7649.071999999927 470.1856000000145 240.2117248560239 713.6880000000237 95.66899999999441 48173.0 782.0 10065780.0 7314.0 8000.0
190000.0 200000.0 6134.549000000057 644.2418333333238 355.8774450691851 986.4760000000242 30.255999999993946 65219.0 1082.0 14298013.0 10316.0 8000.0
200000.0 210000.0 5891.593999999925 684.734333333346 353.9618264721109 991.2600000000093 65.58600000001024 46015.0 756.0 9848000.0 7156.0 8000.0
210000.0 220000.0 8016.301000000094 396.7397999999812 313.5997326389201 710.4449999999488 68.3969999999972 48320.0 781.0 10056884.0 7221.0 8000.0
220000.0 230000.0 8383.035000000149 323.3929999999702 312.49623528371217 696.8519999999553 74.1030000000028 38259.0 608.0 7884813.0 5687.0 8000.0
230000.0 240000.0 6143.35999999987 642.773333333355 342.94924969601396 974.0659999999916 63.61100000003353 56941.0 949.0 12015623.0 8644.0 8000.0
240000.0 250000.0 4890.552999999956 729.9210000000063 349.651215046742 985.3919999999925 33.476000000024214 58585.0 917.0 12069262.0 8723.0 8000.0
250000.0 260000.0 6091.473999999929 781.7052000000142 159.4863978877219 918.7920000000158 526.5470000000205 47358.0 774.0 9991317.0 7195.0 8000.0
260000.0 270000.0 8230.697999999975 353.86040000000503 352.8135315223922 740.234000000055 64.32099999999627 37661.0 607.0 8039153.0 5787.0 8000.0
270000.0 280000.0 7785.243999999948 442.95120000001043 264.87078204421175 762.9030000000494 61.6589999999851 54109.0 886.0 11875303.0 8516.0 8000.0
280000.0 290000.0 7076.406000000075 487.2656666666541 400.3158320410102 987.4309999999823 55.68999999994412 45459.0 735.0 9721539.0 6950.0 8000.0
290000.0 300000.0 7285.589999999967 542.8820000000065 429.991316905937 895.1500000000233 68.03300000005402 54993.0 858.0 11323903.0 8161.0 8000.0
