ts te idle avg_span std_span max_span min_span c_bytes_all c_pkts_all s_bytes_all s_pkts_all video_rate
0.0 10000.0 0.0 0.0 0.0 0.0 0.0 0.0 0.0 0.0 0.0 0.0
10000.0 20000.0 0.0 0.0 0.0 0.0 0.0 0.0 0.0 0.0 0.0 0.0
20000.0 30000.0 6584.989105468732 569.1684824218779 370.5646071569169 999.0509999999776 62.26199999998789 146317.66345433728 1994.4749112635811 13756089.616614416 9608.387936794104 5507.692307692308
30000.0 40000.0 7023.953894531238 496.00768424479367 260.5180947973334 795.6720000000205 69.78800000000047 55644.336545662714 866.5250887364189 11082172.383385584 7714.6120632058955 8000.0
40000.0 50000.0 8080.513751953084 383.89724960938327 253.03723485228474 831.1919999999809 206.479248046875 39978.50496967634 644.4204874006158 8435306.778237453 5873.387538513329 8000.0
50000.0 60000.0 3096.761347656371 862.9048315429536 274.05187098500085 998.414999999979 208.472900390625 58882.02919573859 975.818742936562 12174203.931023955 8491.123837420342 8000.0
60000.0 70000.0 7566.62090039067 405.56318326822174 279.93913217164146 731.0559999999823 70.95899999997346 46427.46583458506 729.7607696628222 9288202.290738592 6477.48862406633 8000.0
70000.0 80000.0 7981.003000000084 403.79939999998317 222.08019151716118 640.7669999999925 68.35399999999208 63965.0 969.0 9919418.0 6930.0 8000.0
80000.0 90000.0 6469.760999999999 706.0478000000003 201.80652147835417 830.3819999999832 352.0680000000284 68439.0 1093.0 12155208.0 9734.0 8000.0
90000.0 100000.0 6110.7029999999795 648.2161666666701 267.4362754971177 995.890000000014 320.40299999999115 53823.0 893.0 10023450.0 8449.0 8000.0
100000.0 110000.0 6013.874060546863 569.4465627790196 461.722514940106 999.3260000000009 27.081999999994878 59010.65139464008 982.6003397489924 11156080.720864281 9399.26918831294 8000.0
110000.0 120000.0 7915.314939453034 347.44751009116106 292.43145581775775 664.7970000000205 69.93900000001304 86552.34860535992 1264.3996602510076 9467494.279135719 8003.730811687062 8000.0
120000.0 130000.0 7108.630880859389 481.89485319010174 272.9255265201006 892.3069999999716 186.20100000000093 101510.39617187082 1421.1695433542116 10776046.320476811 9068.80353312609 8000.0
130000.0 140000.0 8018.381119140657 330.2698134765572 341.64174378337475 841.1359999999986 20.375 128444.60382812918 1635.8304566457884 9628273.679523189 8091.19646687391 8000.0
140000.0 150000.0 4245.804000000004 822.0279999999995 334.6312071470017 999.9619999999995 99.66600000002654 64751.0 994.0 11969037.0 9122.0 8000.0
150000.0 160000.0 5649.341990234447 621.5225728236504 383.09461009935455 998.1699999999837 93.72399999998743 50503.303744812794 775.1993974768837 9175956.241256315 6568.4535824020295 8000.0
160000.0 170000.0 7792.9760898437235 367.8373183593794 215.0500511123279 639.0069999999832 77.65000000002328 88387.67527650185 1304.5166173947025 11463872.162518295 8748.59755020295 8000.0
170000.0 180000.0 8068.789919921954 321.8683466796744 260.50163270330444 790.2089999999735 68.10499999998137 55144.02097868537 880.2839851284136 9401164.59622539 7887.948867395021 8000.0
180000.0 190000.0 8066.508007812547 386.6983984374907 110.20938172032116 505.3989999999758 208.0419921875 61728.69067816297 1016.9603391329866 10689853.526006259 8979.140489292351 8000.0
190000.0 200000.0 6119.476992187498 646.7538346354171 359.21802986359165 972.0890000000363 151.21999999997206 59063.30932183703 979.0396608670134 10959853.473993741 9206.85951070765 8000.0
200000.0 210000.0 7136.074878906249 477.3208535156252 427.96680086603885 999.9529999999795 53.65800000005402 50274.10839446757 824.2872845807681 9264970.611604478 7774.508180090779 8000.0
210000.0 220000.0 7966.615121093695 338.8974798177175 227.33759906011866 613.2939999999944 63.55299999995623 103129.89160553244 1422.712715419232 10897257.388395522 9160.49181990922 8000.0
220000.0 230000.0 6156.545003906125 640.5758326823125 318.5213764749052 999.4790000000503 208.64599609375 139135.74520824218 1653.722817706398 9099927.403085727 7393.978022782599 8000.0
230000.0 240000.0 6766.1669960937 538.9721673177168 382.61134293822533 973.8479999999981 113.9100000000326 205906.25479175785 2263.277182293602 11115906.596914273 7894.021977217401 8000.0
240000.0 250000.0 5645.680066406145 622.0457047991222 462.0614920109269 999.9980000000214 84.05200000002515 61974.37910090719 927.950970605601 9300344.189529827 6615.712313184223 8000.0
250000.0 260000.0 4151.129978515673 731.1087526855408 330.5604790447405 998.2140000000363 208.553955078125 128474.13982691482 1688.3820498213333 14061455.843413305 9965.353410824253 8000.0
260000.0 270000.0 8138.414849609253 310.2641917317912 295.46286614936446 757.454000000027 74.88600000005681 102744.14527638217 1259.1912035673079 7965921.406212865 5652.788462905763 8000.0
270000.0 280000.0 7082.044154296862 486.32597428385634 193.9537260966026 721.1970000000438 208.324951171875 92081.49521659985 1270.1391255032843 11829992.540704962 8403.001925025177 8000.0
280000.0 290000.0 7041.331951171975 493.11134147133754 309.1303703870969 843.8519999999553 76.92900000000373 55719.84057919595 885.3366505024735 11390165.02013904 8124.143888060584 8000.0
290000.0 300000.0 7815.349999999977 436.93000000000467 408.87724900023295 928.4510000000009 62.54899999999907 65674.0 1010.0 10032880.0 7170.0 8000.0
