ts te idle avg_span std_span max_span min_span c_bytes_all c_pkts_all s_bytes_all s_pkts_all video_rate
0.0 10000.0 7862.89404492185 712.3686516927168 297.7837988350135 953.2600000000093 379.428955078125 21453.78414268411 213.78374874810387 1689596.1732914671 1181.3589669091848 2126.6666666666665
10000.0 20000.0 5186.464955078147 802.2558408203089 236.35999968069854 993.609999999986 408.13400000002 64145.21585731589 961.2162512518961 9839668.826708533 6854.641033090815 4266.666666666667
20000.0 30000.0 5881.566013671865 588.3477123325907 414.46652593894606 921.1880000000237 37.510986328125 55634.637656318286 972.4966462827498 10254227.57025168 7114.224657177267 8000.0
30000.0 40000.0 4286.884986328136 816.1592876674092 251.46585409062268 999.9820000000182 302.75801367184613 55380.362343681714 863.5033537172502 9215263.42974832 6420.775342822733 8000.0
40000.0 50000.0 7751.469999999972 449.7060000000056 60.943675356848736 511.625 364.0920000000042 56664.0 959.0 10547794.0 7316.0 8000.0
50000.0 60000.0 7845.369000000006 430.9261999999988 37.3156474779719 469.5439999999944 383.2069999999949 52700.0 874.0 10088462.0 6999.0 8000.0
60000.0 70000.0 6578.343999999983 684.3312000000035 291.1287722326709 912.5329999999958 356.09600000001956 55025.0 879.0 10050822.0 6979.0 8000.0
70000.0 80000.0 6350.145726562536 521.4077533482092 315.21124483040745 908.0650000000023 115.99800000002142 58066.531406145696 976.3144519171835 11699451.472562794 8116.57232108577 8000.0
80000.0 90000.0 3259.807273437502 748.9103029513886 369.02271111444435 996.63400000002 47.478000000002794 55793.468593854304 923.6855480828165 10478217.527437206 7288.42767891423 8000.0
90000.0 100000.0 7713.442000000039 457.31159999999215 75.10365266283777 553.4859999999753 349.6219999999739 52245.0 873.0 10124779.0 7033.0 8000.0
100000.0 110000.0 7871.302999999956 425.73940000000874 59.78368239160589 531.2540000000154 389.9770000000135 52751.0 873.0 10006004.0 6938.0 8000.0
110000.0 120000.0 5522.121999999974 895.5756000000052 6.106128626219304 902.6030000000028 888.9330000000191 55390.0 865.0 10131069.0 7030.0 8000.0
120000.0 130000.0 5100.638113281224 699.9088409598252 289.4942628807752 999.8989999999758 250.68400000000838 53996.36157669695 897.4423276329219 11255658.560084458 7808.16008724916 8000.0
130000.0 140000.0 5119.312886718777 610.0858891601529 355.74380505004183 999.9739999999874 77.60399999999208 57576.63842330305 967.5576723670781 10821829.439915542 7526.83991275084 8000.0
140000.0 150000.0 7787.698999999964 442.46020000000715 82.14560057423031 571.9110000000219 380.30200000002515 53913.0 901.0 10067399.0 6997.0 8000.0
150000.0 160000.0 7508.898000000045 498.22039999999106 216.79389183807365 884.6699999999837 387.66499999997905 49142.0 764.0 8349988.0 5810.0 8000.0
160000.0 170000.0 5432.674999999988 913.4650000000023 27.17224515015203 960.6790000000037 894.4789999999921 54121.0 915.0 10084511.0 7009.0 8000.0
170000.0 180000.0 4096.62474218756 843.3393225446343 221.55507823110347 999.9820000000182 391.27899999998044 61769.07027157182 1031.4845873901395 11973835.892568009 8296.317865861005 8000.0
180000.0 190000.0 1704.7579960937728 829.5242003906227 267.4247923854909 999.9770000000135 265.5557421874837 62892.912380920825 1113.268881443918 8520870.77788343 6509.295172009353 8000.0
190000.0 200000.0 6892.9522617186885 443.86396261161593 259.3302374182908 979.564000000013 146.2160000000149 60751.01734750735 971.2465311659424 10697072.329548564 8984.386962129642 6800.0
200000.0 210000.0 7553.16100000008 489.36779999998396 224.99755453492017 891.7589999999618 384.9889999999432 50436.0 841.0 9549104.0 8016.0 8000.0
210000.0 220000.0 5442.22601367184 759.6289977213601 352.2314611626049 923.1239999999525 41.010986328125 54633.67049735632 928.6436172759006 10645709.943978613 8937.588474637818 8000.0
220000.0 230000.0 5245.75998632831 594.2800017089612 431.8439402944885 999.9699999999721 29.890999999945052 61393.32950264368 1038.3563827240994 11676823.056021387 9815.411525362182 8000.0
230000.0 240000.0 7283.092000000062 543.3815999999875 241.70869048669684 961.3739999999525 341.5799999999581 52851.0 892.0 10114327.0 8501.0 8000.0
240000.0 250000.0 6959.287000000128 506.78549999997875 223.7272081797359 944.9479999999749 331.4290000000037 50872.0 854.0 10226808.0 8040.0 8000.0
250000.0 260000.0 6490.237000000081 701.9525999999838 285.909865093509 927.8199999999488 387.33400000003166 45034.0 733.0 9668053.0 6863.0 8000.0
260000.0 270000.0 5864.536009765579 590.7805700334886 411.1441146780266 928.3329999999842 43.114990234375 48730.90276656813 799.0619858437022 10530909.48353288 7486.417668830533 8000.0
270000.0 280000.0 3394.8469902342185 825.6441262207227 288.34484439046054 999.8649999999907 278.0650097656762 53054.09723343188 875.9380141562978 11623049.51646712 8289.582331169466 8000.0
280000.0 290000.0 7938.528000000049 412.2943999999901 84.24479254412361 513.810999999987 289.64099999994505 46286.0 759.0 10081825.0 7175.0 8000.0
290000.0 300000.0 7920.576000000001 415.8847999999998 44.404313396308304 472.0649999999441 374.9470000000438 45956.0 752.0 9994911.0 7104.0 8000.0
