ts te idle avg_span std_span max_span min_span c_bytes_all c_pkts_all s_bytes_all s_pkts_all videorate
0.0 10000.0 7659.3091132812515 585.1727216796871 477.941115772952 999.862000000001 105.23388671875 23982.68358359299 449.2551838848851 4523170.993947984 3725.451065079881 4400.0
10000.0 20000.0 3914.0228867187543 760.7471391601557 277.4776560697021 995.375 308.5099999999984 47156.31641640701 1226.7448161151149 14286636.006052015 11588.548934920118 6560.0
20000.0 30000.0 7183.94000000001 563.211999999998 90.29175180491492 705.8660000000018 473.6979999999967 33304.0 850.0 9643211.0 7769.0 8000.0
30000.0 40000.0 7313.796999999999 537.2406000000003 132.19960105007684 693.8099999999977 398.2960000000021 33369.0 840.0 9636953.0 7765.0 8000.0
40000.0 50000.0 6926.736056640628 614.6527886718744 203.8232990982944 878.116943359375 379.1339999999982 39919.28050015599 1006.8613762929822 11678276.967307387 9422.447026318325 8000.0
50000.0 60000.0 7702.801943359387 382.86634277343546 215.87475792495385 615.7639999999956 8.510056640618131 34125.71949984401 856.1386237070179 9839891.032692613 7955.552973681676 8000.0
60000.0 70000.0 7684.9209999999875 463.0158000000025 129.87329580286843 654.6429999999964 328.03800000000047 31501.0 786.0 8968800.0 7249.0 8000.0
70000.0 80000.0 7399.303878906256 520.1392242187488 211.04235600634365 877.47412109375 348.6560000000027 39824.32369135482 997.8344483135191 11584287.179808073 9348.41559546532 8000.0
80000.0 90000.0 4384.669121093728 701.916359863284 355.0409133505342 999.0090000000055 35.67387890625105 36482.67630864518 918.1655516864809 10311786.820191927 8409.58440453468 8000.0
90000.0 100000.0 6405.534025390618 718.8931949218764 94.90440598491712 878.073974609375 623.0350000000035 34535.976519576754 871.8497516251574 9851351.285088724 8073.460571707123 8000.0
100000.0 110000.0 6546.73202929688 575.5446617838534 272.9778092552932 878.6689453125 112.65702539062477 35320.28603238095 896.1943130084588 10141629.837884022 8297.156132841856 8000.0
110000.0 120000.0 6152.672945312515 641.2211757812474 352.5826691612822 924.9100000000035 14.036054687487194 41394.73744804229 1048.9559353663838 11845389.877027255 9651.383295451022 8000.0
120000.0 130000.0 6692.090041015617 661.5819917968765 167.71506073898865 878.782958984375 464.5219999999972 34580.301875681056 878.9873127927864 9816233.229380561 8001.004747772089 8000.0
130000.0 140000.0 6861.729958984361 523.04500683594 242.6096677030313 766.94200000001 63.889041015616385 35169.698124318944 891.0126872072136 10093805.770619439 8211.99525222791 8000.0
140000.0 150000.0 5392.161000000022 767.973166666663 196.341381451206 997.3349999999919 549.5499999999884 34553.0 874.0 9678213.0 7884.0 8000.0
150000.0 160000.0 6121.695000000007 775.6609999999986 120.29129609826022 887.255999999994 604.7820000000065 35698.0 906.0 10059505.0 8166.0 8000.0
160000.0 170000.0 6688.979000000021 551.8368333333298 411.5041588068921 999.9629999999888 23.34299999999348 40715.0 1026.0 11666913.0 9478.0 8000.0
170000.0 180000.0 7370.826000000001 525.8347999999999 210.42861227908213 658.9890000000014 153.3859999999986 27588.0 696.0 7699545.0 6294.0 8000.0
180000.0 190000.0 3202.0569999999425 849.7428750000072 201.52241883539176 999.19200000001 574.3250000000116 42068.0 1065.0 12034301.0 9853.0 8000.0
190000.0 200000.0 6828.038999999961 634.3922000000078 64.23771472584816 734.9539999999979 580.69200000001 35068.0 883.0 10034026.0 8169.0 8000.0
200000.0 210000.0 5788.515000000014 701.9141666666643 292.47431831695457 999.9869999999937 193.11999999999534 42378.0 1073.0 11970030.0 9711.0 8000.0
210000.0 220000.0 5851.478000000003 691.4203333333329 330.3704429507295 999.9439999999886 95.91200000001118 34876.0 885.0 9736036.0 7976.0 8000.0
220000.0 230000.0 6560.006999999983 687.9986000000033 57.58450971224832 775.6820000000007 621.448000000004 34674.0 879.0 9918451.0 8086.0 8000.0
230000.0 240000.0 6725.108999999997 654.9782000000007 80.02112953902419 737.2840000000142 551.551999999996 35288.0 894.0 10042540.0 8175.0 8000.0
240000.0 250000.0 7146.273000000045 570.745399999991 239.9265528141879 871.984999999986 201.2399999999907 34582.0 877.0 9880758.0 8041.0 8000.0
250000.0 260000.0 6753.834000000032 649.2331999999936 72.56675076231582 738.2289999999921 583.8339999999735 34548.0 875.0 9935444.0 8068.0 8000.0
260000.0 270000.0 2798.8129999999655 900.1483750000043 150.94852673290802 999.0100000000093 574.829000000027 41323.0 1045.0 11830464.0 9623.0 8000.0
270000.0 280000.0 6145.478999999992 770.9042000000015 94.61760360894795 885.9890000000014 654.3329999999842 37305.0 931.0 10562017.0 8576.0 8000.0
280000.0 290000.0 6192.020947265613 761.5958105468774 118.37512344453413 896.9099999999744 640.7530000000261 33971.182066918074 857.0921839928849 9694191.710727802 7856.848092734541 8000.0
290000.0 300000.0 7299.7630527343135 450.03949121094774 180.31942012885315 598.5530000000144 116.47594726562966 35196.817933081926 881.9078160071151 10238074.289272198 8266.15190726546 8000.0
