ts te idle avg_span std_span max_span min_span c_bytes_all c_pkts_all s_bytes_all s_pkts_all video_rate
0.0 10000.0 7693.044999999984 768.9850000000055 303.072042925443 983.1639999999898 422.21199999999953 74012.0 1212.0 9379016.0 7379.0 4400.0
10000.0 20000.0 6558.973999999987 688.2052000000025 245.95507330344086 955.4440000000177 450.64100000000326 54118.0 914.0 10081399.0 8459.0 8000.0
20000.0 30000.0 6856.769000000029 628.6461999999941 212.7317580468445 961.5760000000009 374.375 55121.0 898.0 9957677.0 8369.0 8000.0
30000.0 40000.0 2987.960999999952 876.504875000006 218.646884319668 999.9780000000028 366.8859999999986 63478.0 1070.0 12184350.0 10232.0 8000.0
40000.0 50000.0 7295.668000000005 450.7219999999991 369.34090102343663 996.9220000000205 63.93400000000838 53317.0 893.0 10103197.0 8477.0 8000.0
50000.0 60000.0 7704.963999999978 459.0072000000044 135.40344673677623 642.9729999999981 343.4079999999958 53826.0 881.0 9815517.0 8252.0 8000.0
60000.0 70000.0 4916.703999999969 847.2160000000052 186.21138774306598 995.4440000000177 587.0160000000033 52744.0 864.0 9912330.0 8080.0 8000.0
70000.0 80000.0 5702.199999999953 716.3000000000078 351.40281859200405 957.9000000000233 65.2949999999837 56864.0 918.0 12141904.0 8647.0 8000.0
80000.0 90000.0 8120.256999999983 375.94860000000335 339.66601758683447 916.6259999999893 84.56500000000233 37495.0 598.0 7989204.0 5681.0 8000.0
90000.0 100000.0 7829.018999999971 434.1962000000058 106.9626904004395 576.7320000000182 331.35800000000745 56443.0 921.0 12121709.0 8606.0 8000.0
100000.0 110000.0 7507.037000000011 498.5925999999978 94.45080868263459 600.4330000000191 367.4529999999795 47007.0 770.0 9972351.0 7081.0 8000.0
110000.0 120000.0 6200.635000000009 759.8729999999981 293.0555478207076 993.6680000000051 337.9870000000228 48341.0 769.0 10033663.0 7146.0 8000.0
120000.0 130000.0 6978.2970000000205 503.61716666666325 389.80976584658356 972.2339999999967 73.0 47327.0 758.0 9965191.0 7096.0 8000.0
130000.0 140000.0 5964.624999999942 672.5625000000097 373.60349289468905 979.6180000000168 26.36099999997532 57053.0 917.0 12073475.0 8582.0 8000.0
140000.0 150000.0 7508.891999999993 498.2216000000015 97.28487082429866 606.8159999999916 379.53800000000047 48598.0 761.0 10019153.0 7122.0 8000.0
150000.0 160000.0 7698.281000000075 460.3437999999849 89.42276590835257 601.9899999999907 364.56099999998696 47421.0 760.0 10008061.0 7127.0 8000.0
160000.0 170000.0 6032.440999999992 793.5118000000017 241.30965729784003 973.1930000000284 451.2509999999893 48289.0 762.0 10032800.0 7150.0 8000.0
170000.0 180000.0 7332.252999999968 533.5494000000065 424.4622869776498 975.4409999999916 70.28100000001723 48681.0 769.0 9990544.0 7095.0 8000.0
180000.0 190000.0 6487.704999999958 702.4590000000084 54.997114715221876 776.2119999999995 623.6940000000177 56763.0 919.0 11948767.0 8508.0 8000.0
190000.0 200000.0 7573.76099999994 485.2478000000119 129.61376590740028 640.4679999999935 361.8649999999907 47840.0 773.0 9977570.0 7095.0 8000.0
200000.0 210000.0 7095.246000000159 580.9507999999681 216.08259992465443 945.0209999999497 391.67299999995157 47035.0 762.0 9980932.0 7089.0 8000.0
210000.0 220000.0 5447.92799999984 758.6786666666934 289.9414573562458 951.2240000000456 370.98400000005495 55830.0 914.0 12086659.0 8583.0 8000.0
220000.0 230000.0 4453.031011718907 693.3711235351366 398.3270671412252 997.8959999999497 48.06298828125 44552.193182056704 706.7589177016005 9113168.958557885 6514.366738752449 8000.0
230000.0 240000.0 7378.4349882811075 436.92750195314875 315.6729457898285 964.4570000000531 74.81700000003912 51048.806817943296 840.2410822983995 10867265.041442115 7722.633261247551 8000.0
240000.0 250000.0 7614.820999999996 477.03580000000073 144.93030633274802 708.1850000000559 327.7730000000447 45344.0 673.0 8698384.0 6198.0 8000.0
250000.0 260000.0 7045.423999999999 590.9152000000001 204.10175403874894 946.3719999999739 450.57700000004843 48259.0 791.0 10336206.0 7351.0 8000.0
260000.0 270000.0 6825.010000000009 634.9979999999981 302.91665613168254 967.6360000000568 380.75800000003073 46633.0 758.0 9835237.0 7011.0 8000.0
270000.0 280000.0 4162.787000000011 833.8875714285698 325.31041147024774 999.966999999946 102.73100000002887 57326.0 930.0 12262025.0 8731.0 8000.0
280000.0 290000.0 7868.493999999948 426.30120000001045 93.79343355854776 545.2010000000009 330.72199999995064 46002.0 746.0 9784292.0 6962.0 8000.0
290000.0 300000.0 7719.48499999987 456.1030000000261 80.0437281958832 587.0169999999925 369.3540000000503 46904.0 762.0 10024803.0 7138.0 8000.0
