ts te idle avg_span std_span max_span min_span c_bytes_all c_pkts_all s_bytes_all s_pkts_all videorate
0.0 10000.0 7440.151000000013 853.2829999999958 202.19840718464746 970.9770000000135 619.8069999999716 66103.0 1040.0 9365892.0 7596.0 4400.0
10000.0 20000.0 7476.725000000035 504.65499999999304 247.09984183725254 876.039999999979 323.2420000000275 52685.0 878.0 9779797.0 8211.0 8000.0
20000.0 30000.0 6105.21609570313 556.3977006138385 349.58769739615377 846.6379999999772 86.32600000000093 67180.17808107307 1113.5475814141696 13180472.313624078 11044.121224378892 8000.0
30000.0 40000.0 3136.752904296969 857.9058869628789 324.5139276801279 996.8969999999972 56.510095703124534 56395.82191892694 926.4524185858303 10299528.686375922 8649.878775621108 8000.0
40000.0 50000.0 7923.3120000000345 415.33759999999313 109.98365651905823 512.4980000000214 269.0889999999781 54290.0 902.0 10160545.0 8541.0 8000.0
50000.0 60000.0 7859.984999999986 428.00300000000277 142.20067007578461 613.8190000000177 302.70100000000093 52653.0 866.0 9841614.0 8268.0 8000.0
60000.0 70000.0 6563.249000000069 572.7918333333218 359.47457506723464 986.1300000000047 51.414999999979045 52016.0 866.0 10049044.0 8177.0 8000.0
70000.0 80000.0 5330.892894531193 778.1845175781345 209.21333499953616 958.93310546875 363.39000000001397 49476.60109572655 791.1538022057871 10594684.038255818 7531.850873822645 8000.0
80000.0 90000.0 2676.006105468783 813.7770993923574 335.50455834000036 999.9820000000182 41.02489453123417 52726.39890427345 866.8461977942129 11402096.961744182 8103.149126177355 8000.0
90000.0 100000.0 7844.10400000005 431.1791999999899 104.57662667966915 575.7679999999818 311.34799999999814 46766.0 745.0 9929603.0 7065.0 8000.0
100000.0 110000.0 7849.310999999987 430.1378000000026 148.03032838982483 629.1390000000247 297.8620000000228 48756.0 779.0 10355125.0 7363.0 8000.0
110000.0 120000.0 6326.364999999991 734.7270000000019 231.6203541617043 854.4340000000084 320.8180000000284 46950.0 758.0 9934389.0 7070.0 8000.0
120000.0 130000.0 5434.363062499964 913.1273875000072 91.68444851602271 997.4739999999874 798.9870000000228 53798.894792697974 829.7487587375881 11002345.303571168 7818.9794338568445 8000.0
130000.0 140000.0 4230.522937499918 721.1846328125102 364.63640668307653 999.9810000000289 42.77906249999069 51991.105207302026 839.2512412624119 11059764.696428832 7883.0205661431555 8000.0
140000.0 150000.0 7846.133000000031 430.77339999999384 82.43540783123322 530.814000000013 303.8389999999781 47739.0 765.0 10022649.0 7125.0 8000.0
150000.0 160000.0 8302.614000000001 339.4771999999997 9.483287652486986 351.6479999999865 327.8850000000093 48019.0 770.0 10089226.0 7162.0 8000.0
160000.0 170000.0 6348.331000000006 730.3337999999989 219.1230959841867 839.2449999999953 338.5580000000191 46457.0 740.0 9744314.0 6916.0 8000.0
170000.0 180000.0 5067.263917968783 704.6765831473167 309.18430388763727 977.61599999998 250.1479999999865 55605.38707932358 904.8814528675541 12021260.18632445 8535.143524035633 8000.0
180000.0 190000.0 5556.640082031256 634.7657025669635 357.75153101420204 994.4039999999804 39.43991796876071 48618.61292067642 775.1185471324459 10214984.813675553 7254.856475964367 8000.0
190000.0 200000.0 7959.918999999936 408.01620000001276 135.03626050138686 614.7339999999967 292.1140000000014 47710.0 756.0 9940949.0 7074.0 8000.0
200000.0 210000.0 7551.086999999941 489.7826000000117 228.21391758679775 848.9520000000484 319.7399999999907 48967.0 770.0 9983255.0 7103.0 8000.0
210000.0 220000.0 5793.6849999999395 841.2630000000121 3.9234448511577984 848.1380000000354 838.4050000000279 46840.0 756.0 9899016.0 7051.0 8000.0
220000.0 230000.0 3825.215064453194 771.8481169433508 318.4516573009928 999.966999999946 234.283935546875 55694.51109463585 877.24740136323 11376293.483195662 8109.353604712021 8000.0
230000.0 240000.0 7419.441935546813 430.0930107421979 123.81693927335168 543.7399999999907 191.4320644531399 51923.48890536415 828.75259863677 10786967.516804338 7700.646395287979 8000.0
240000.0 250000.0 7656.431000000099 468.71379999998027 148.4054500185194 686.9799999999814 323.60699999995995 48062.0 749.0 9702551.0 6904.0 8000.0
250000.0 260000.0 7464.977999999886 507.0044000000227 233.69446213442663 834.6570000000065 325.9560000000056 49246.0 799.0 10385322.0 7392.0 8000.0
260000.0 270000.0 5606.501984374947 627.6425736607218 339.3203289898352 891.685999999987 56.02000000001863 54202.614031055324 887.9780137383696 11753261.99190101 8366.791130514512 8000.0
270000.0 280000.0 3295.8049863281194 838.0243767089851 331.5122711824164 999.4620000000577 24.275984375039116 48456.51485258824 783.0912420743202 10215358.042547662 7275.5753154382255 8000.0
280000.0 290000.0 7288.76002929674 387.31999581475145 333.8251679604118 992.1500000000233 0.0 46373.87111635644 741.9307441873102 9626065.965551328 6844.633554047263 8000.0
290000.0 300000.0 8107.206999999937 378.5586000000127 130.9636602203244 609.5720000000438 294.625 49192.0 803.0 10460207.0 7432.0 8000.0
