ts te idle avg_span std_span max_span min_span c_bytes_all c_pkts_all s_bytes_all s_pkts_all video_rate
0.0 10000.0 7961.356000000029 679.5479999999903 379.3538740134333 996.9959999999846 259.42499999998836 71469.0 1166.0 8411814.0 5919.0 4400.0
10000.0 20000.0 6681.163738281233 553.1393769531278 279.9862489568102 893.1259999999893 77.75 91541.09399917434 1604.1654834824283 12023080.16231384 8458.724065160937 7100.0
20000.0 30000.0 7706.148261718743 458.7703476562514 317.0251031076545 873.9679999999935 120.80200000002515 56596.906000825664 955.8345165175718 8992413.83768616 6264.275934839063 8000.0
30000.0 40000.0 4427.197999999975 696.6002500000031 346.83287913705897 989.3300000000163 0.0 68171.0 1181.0 10165875.0 7122.0 8000.0
40000.0 50000.0 5615.099000000046 730.8168333333257 374.8750210170911 999.9319999999716 49.64199999999255 77432.0 1329.0 12341427.0 8810.0 8000.0
50000.0 60000.0 7457.869999999995 508.42600000000095 443.77761459542825 992.9330000000191 74.09499999997206 45972.0 718.0 7959009.0 6714.0 8000.0
60000.0 70000.0 7335.176000000036 532.9647999999928 257.29220750772174 710.3769999999786 82.59200000000419 63485.0 1077.0 12091097.0 10163.0 8000.0
70000.0 80000.0 7344.171000000031 531.1657999999937 120.0976242133851 663.3090000000084 409.3640000000014 55105.0 922.0 10066014.0 8472.0 8000.0
80000.0 90000.0 5639.057999999961 622.9917142857199 452.0385842638247 999.9639999999781 33.95100000000093 66088.0 1104.0 11694575.0 9862.0 8000.0
90000.0 100000.0 7552.945999999996 489.41080000000073 415.54486981575377 970.664999999979 68.19500000000698 43961.0 725.0 8094764.0 6821.0 8000.0
100000.0 110000.0 7659.2820000000065 468.1435999999987 348.2743143770319 743.3929999999818 79.13500000000931 53849.0 904.0 10154188.0 8538.0 8000.0
110000.0 120000.0 7445.653000000049 510.86939999999015 262.773935901763 716.0179999999818 69.76799999998184 57082.0 949.0 12241078.0 8685.0 8000.0
120000.0 130000.0 6684.90291601565 663.01941679687 262.26701447903145 984.4720000000088 363.74099999998 53109.18602389247 870.1314366041348 11258771.641621003 8000.385061271108 8000.0
130000.0 140000.0 5252.4580839845 678.2202737165 424.1902969238768 999.9189999999944 28.088999999978114 40272.81397610753 664.8685633958653 8475118.358378997 6031.614938728892 8000.0
140000.0 150000.0 7073.474999999977 585.3050000000046 335.4722553505837 867.8300000000163 61.65399999998044 55941.0 918.0 11797625.0 8392.0 8000.0
150000.0 160000.0 8200.516999999993 359.8966000000015 272.8869492396072 673.829000000027 65.36300000001211 38967.0 628.0 8252039.0 5855.0 8000.0
160000.0 170000.0 6241.383996093762 626.4360006510396 197.04717115395377 883.8790000000154 338.9529999999795 62846.462988773026 1037.5871153256912 13401564.343602832 9508.727724833634 8000.0
170000.0 180000.0 6865.793003906263 522.3678326822895 395.5191877278641 985.3730000000214 0.0 41261.537011226974 674.4128846743089 8694891.656397168 6206.272275166366 8000.0
180000.0 190000.0 4788.268080078124 744.5331314174109 361.5939945752542 995.6379999999772 28.809000000008382 55984.46634948156 914.5430359738772 11662988.009296607 8364.28638490204 8000.0
190000.0 200000.0 6811.8779199219425 455.4460114397225 416.27884883562706 987.5270000000019 0.0 38590.53365051844 626.4569640261228 8062480.990703392 5735.71361509796 8000.0
200000.0 210000.0 6048.266076171887 658.6223206380188 332.18246299654817 999.9490000000224 66.42700000002515 58328.32916748133 948.0010554544858 12262084.69138917 8692.715722913883 8000.0
210000.0 220000.0 7826.233923828113 362.29434602864785 214.0026048212266 582.1959999999963 101.27500000002328 45751.67083251868 766.9989445455142 9970789.30861083 7071.284277086117 8000.0
220000.0 230000.0 7410.5950000000885 517.8809999999824 420.98366197098335 956.5089999999618 75.73300000000745 39299.0 625.0 7572877.0 5396.0 8000.0
230000.0 240000.0 6401.964999999851 599.6725000000248 440.4228547542897 990.3270000000484 26.660000000032596 58123.0 966.0 12407772.0 8847.0 8000.0
240000.0 250000.0 8177.064000000013 364.5871999999974 212.76096160997105 662.8499999999767 71.37699999997858 45870.0 755.0 9981661.0 7081.0 8000.0
250000.0 260000.0 7282.189999999944 543.5620000000112 193.98811133417237 725.1110000000335 223.72600000002421 54722.0 899.0 11778043.0 8369.0 8000.0
260000.0 270000.0 6820.288054687437 529.9519908854272 292.7584667137724 945.1629999999423 76.32400000002235 54818.07379400103 902.1330775300358 11694495.037951093 8306.77140014846 8000.0
270000.0 280000.0 2152.663939453196 871.926228949645 259.1574766351919 999.9880000000121 203.31305468745995 49507.477314158124 805.1058960992932 10207553.313600957 7266.926042303268 8000.0
280000.0 290000.0 4715.097005859483 660.6128742675646 418.58786724292275 998.9470000000438 0.0 49341.448891840846 819.761026370671 10426484.64844795 7421.302557548272 8000.0
290000.0 300000.0 7396.287999999942 520.7424000000116 198.01993114403373 800.7419999999693 246.9790000000503 43639.0 695.0 8716634.0 6207.0 8000.0
