ts te idle avg_span std_span max_span min_span c_bytes_all c_pkts_all s_bytes_all s_pkts_all videorate
0.0 10000.0 7896.224999999977 701.258333333341 414.18053083447955 995.0100000000093 227.53700000001118 16852.0 139.0 595313.0 428.0 1658.6666666666667
10000.0 20000.0 6191.573000000091 634.7378333333181 229.9254321134742 976.0939999999828 417.3609999999753 73922.0 1163.0 11329767.0 9525.0 4914.909090909091
20000.0 30000.0 6648.0229999999865 670.3954000000027 117.90635147777118 808.7139999999781 496.76699999999255 53355.0 934.0 9830915.0 8354.0 8000.0
30000.0 40000.0 5493.925984374946 643.7248593750077 233.51540167662748 994.685999999987 368.3400000000256 56375.617627136446 943.4474666606055 10276910.35469084 8676.57524207751 8000.0
40000.0 50000.0 4105.056070312508 736.8679912109365 266.34606973245275 999.9810000000289 292.0959843749879 64368.94150664592 1106.9572258919052 11916113.844105683 10111.994847319878 8000.0
50000.0 60000.0 7570.550945312483 404.9081757812528 216.47762533808134 611.3470000000088 23.772054687491618 53809.44086621764 915.5953074474892 10065969.801203476 8481.429910602612 8000.0
60000.0 70000.0 8158.369000000064 368.3261999999871 76.16733026501957 499.51699999999255 307.4859999999753 52521.0 878.0 9807241.0 8256.0 8000.0
70000.0 80000.0 6201.56597851566 633.0723369140566 196.21709013793551 819.4469999999856 343.9440000000177 50020.24273904045 835.3836812451514 10681213.544943532 7697.205800513531 8000.0
80000.0 90000.0 703.7311425781227 845.1153506747161 257.8476970513093 999.7029999999795 292.71997851564083 51373.043878659126 823.855976462474 10237286.481810672 7376.606219239257 8000.0
90000.0 100000.0 4818.151878906181 647.7310151367274 312.11135881805336 999.8730000000214 235.1240000000107 54169.713382300426 891.7603422923746 11261147.973245796 8145.18798024721 8000.0
100000.0 110000.0 8182.365000000049 363.5269999999902 44.330018221298815 426.6479999999865 314.0079999999725 50060.0 796.0 9996446.0 7204.0 8000.0
110000.0 120000.0 7699.0650000000605 460.1869999999879 212.70195360645107 694.6479999999865 291.6680000000051 47433.0 768.0 9830980.0 7125.0 8000.0
120000.0 130000.0 6123.358066406217 646.1069889322971 228.01449354768337 997.9139999999898 325.945000000007 48659.47553724772 795.8891440007353 10075815.150508326 7305.277124577171 8000.0
130000.0 140000.0 4348.379953124968 627.9577829861147 369.0052952330805 999.9990000000107 104.64199999999255 40534.60340190018 638.3751976175178 8112175.27701337 5845.494770670854 8000.0
140000.0 150000.0 6576.011980468698 489.1411456473288 219.55490038285885 785.2550000000047 237.69699999998556 54699.921060852095 940.7356583817469 12198666.572478306 8782.228104751975 8000.0
150000.0 160000.0 8346.579000000027 330.6841999999946 52.26240196068203 394.8979999999865 258.41399999998976 45902.0 744.0 9781705.0 7058.0 8000.0
160000.0 170000.0 7794.068000000028 441.1863999999943 220.25943238668356 833.5750000000116 317.3640000000014 46645.0 760.0 9741828.0 7002.0 8000.0
170000.0 180000.0 6035.01303515624 566.4267092633943 280.96818681638473 999.9490000000224 209.53100000001723 52731.398362949396 850.6177829123127 10564953.38577492 7601.321160531009 8000.0
180000.0 190000.0 4577.091964843741 602.5453372395843 357.01319718576707 999.994000000006 136.91300000000047 55737.601637050604 930.3822170876874 11882344.614225082 8559.67883946899 8000.0
190000.0 200000.0 6793.64799999987 641.270400000026 175.31004723859868 773.5570000000298 339.90500000002794 49956.0 796.0 9872919.0 7149.0 8000.0
200000.0 210000.0 8304.81799999997 339.036400000006 50.57881943858329 390.5010000000475 277.530999999959 47045.0 770.0 10030722.0 7210.0 8000.0
210000.0 220000.0 6591.351999999955 681.729600000009 4.1119816147611825 687.158000000054 676.6720000000205 46848.0 766.0 9859811.0 7098.0 8000.0
220000.0 230000.0 5067.650085937581 616.5437392578024 325.1610329996364 999.9399999999441 195.9320000000298 52847.36431196908 856.1714241033748 10968490.914516173 7957.856791551429 8000.0
230000.0 240000.0 5134.345826171921 608.2067717285099 310.5205379290152 997.6589999999851 146.80400000000373 49419.49521403417 822.5741239967738 10582508.032867834 7634.376922971071 8000.0
240000.0 250000.0 8145.847087890725 309.0254853515459 134.2430050493426 404.47199999995064 39.40691210934892 48643.14047399675 810.2544518998515 10526100.052615995 7606.766285477501 8000.0
250000.0 260000.0 8618.6669999999 276.2666000000201 36.09730087278132 316.23400000005495 223.7630000000354 47781.0 763.0 9880744.0 7107.0 8000.0
260000.0 270000.0 6388.466000000015 722.306799999997 75.40690824255854 856.1770000000251 678.5740000000224 50747.0 817.0 10224467.0 7352.0 8000.0
270000.0 280000.0 2653.547912109294 816.2724542100784 288.47641160628535 999.9649999999674 286.0439999999944 53050.243999265505 845.2104379026629 10500524.740519434 7574.461156565791 8000.0
280000.0 290000.0 6353.994087890722 455.75073901365977 318.79210130839516 999.9939999999478 134.72999999998137 51188.7560007345 795.7895620973372 10139827.259480566 7261.538843434209 8000.0
290000.0 300000.0 8234.832000000053 353.0335999999894 104.98321243322087 505.29099999996834 259.0470000000205 46094.0 763.0 10023593.0 7146.0 8000.0
