ts te idle avg_span std_span max_span min_span c_bytes_all c_pkts_all s_bytes_all s_pkts_all videorate
0.0 10000.0 9656.701000000001 343.29899999999907  343.29899999999907 343.29899999999907 3800.0 14.0 10930.0 13.0 0.0
10000.0 20000.0 6526.478000000003 578.9203333333329 237.14113550514037 996.369000000006 279.97299999999814 93078.0 1513.0 15046872.0 12396.0 5507.692307692308
20000.0 30000.0 7032.766999999993 593.4466000000015 44.45696265828203 672.0869999999995 562.9349999999977 54217.0 920.0 10202912.0 8595.0 8000.0
30000.0 40000.0 2123.821113281301 875.1309874131888 207.18290288213737 999.4839999999967 462.85888671875 61301.943010918076 1017.9832146316521 11349820.901367089 9554.837741439303 8000.0
40000.0 50000.0 5226.848886718799 795.5251855468669 152.5964122797482 925.8709999999846 500.10311328124953 59307.05698908193 1004.0167853683479 11214969.098632911 9477.162258560697 8000.0
50000.0 60000.0 7312.703999999969 537.4592000000063 203.95430834551914 832.4670000000042 357.07400000002235 51794.0 860.0 9498732.0 8015.0 8000.0
60000.0 70000.0 7532.447999999975 493.510400000005 65.58257392630081 539.5819999999949 395.1730000000098 54704.0 919.0 10221090.0 8627.0 8000.0
70000.0 80000.0 5882.71490820311 588.1835845424129 196.25488941569665 999.9699999999721 377.40500000002794 56242.460978093026 924.4546059948664 11251921.008720448 8423.66631848336 8000.0
80000.0 90000.0 1224.0790917968843 877.5920908203116 238.75130106012384 999.3180000000284 360.8489999999874 53367.539021906974 872.5453940051336 10857210.991279552 7839.33368151664 8000.0
90000.0 100000.0 3545.7150000000256 806.7856249999968 318.2066866483189 999.954000000027 112.73599999997532 51621.0 844.0 10204500.0 7383.0 8000.0
100000.0 110000.0 7378.956999999995 524.2086000000011 129.96778561165408 706.9579999999842 356.0370000000112 49266.0 795.0 9782555.0 7089.0 8000.0
110000.0 120000.0 7323.800999999978 535.2398000000045 187.13903242162777 839.189000000013 361.24599999998463 51107.0 824.0 10169762.0 7317.0 8000.0
120000.0 130000.0 4455.153007812449 792.1209988839358 236.19787628417262 994.3520000000135 423.1669921875 56075.80008681867 912.7298637700216 10814554.575612176 7845.838276794167 8000.0
130000.0 140000.0 90.9970058593899 900.8184540127827 213.91262894941528 999.7739999999758 392.635986328125 48555.6560555357 785.0026187504022 9841639.574425092 7076.585942347093 8000.0
140000.0 150000.0 3179.080986328132 852.6148767089835 218.51268349730444 998.0599999999977 426.55300000001444 53602.54385764563 892.2675174795762 11181975.849962732 8093.575780858739 8000.0
150000.0 160000.0 7695.924999999988 460.8150000000023 128.97301834686246 620.7889999999898 351.71100000001024 49327.0 801.0 10080659.0 7287.0 8000.0
160000.0 170000.0 7171.978000000003 565.6043999999995 81.08857657709096 680.7019999999902 452.1020000000135 47449.0 768.0 9631888.0 6953.0 8000.0
170000.0 180000.0 3513.060921874945 720.7710086805616 339.81118602943485 996.4270000000251 49.73700000002282 53632.66719231648 869.8457728303051 11234616.479496012 8119.064505291273 8000.0
180000.0 190000.0 3606.8650781250326 799.1418652343709 298.86548456981524 999.5779999999795 169.0810000000056 39347.33280768352 616.1542271696949 7843074.5205039885 5686.935494708727 8000.0
190000.0 200000.0 4540.410994140664 779.9412865513337 271.5714857263317 999.9109999999637 319.0019999999786 42309.41738723308 658.0185703363978 8195593.440284213 5926.145467635117 8000.0
200000.0 210000.0 6510.217005859362 581.6304990234397 86.69193319280221 683.5239999999758 480.2380000000121 51079.58261276692 842.9814296636022 10183761.559715787 7357.854532364883 8000.0
210000.0 220000.0 6978.945999999996 604.2108000000007 50.84123700502902 692.939000000013 565.7269999999553 49827.0 821.0 10137392.0 7337.0 8000.0
220000.0 230000.0 2194.28506054671 867.3016599392545 220.692941830092 995.783000000054 407.137939453125 47773.14067204012 715.1491276222603 8785549.785436913 6352.078989219759 8000.0
230000.0 240000.0 1063.5838925781427 893.6416107421858 208.15391041869916 999.7260000000242 429.748046875 58815.262236532224 956.8216988156026 11426830.849349406 8242.582533019706 8000.0
240000.0 250000.0 3779.755046874867 777.5306191406416 201.90237525562046 999.9590000000317 548.2489531249739 58009.59709142765 912.0291735621372 10443539.365213681 7571.338477760535 8000.0
250000.0 260000.0 6201.974000000046 759.6051999999909 126.98057523182003 871.4009999999544 546.8299999999581 50990.0 843.0 9871989.0 7172.0 8000.0
260000.0 270000.0 7130.460999999894 573.9078000000212 8.84038328920452 585.4810000000289 564.6530000000494 47863.0 786.0 10137539.0 7340.0 8000.0
270000.0 280000.0 2114.4037187497597 876.17736458336 222.35272782135215 999.7780000000494 402.86328125 53050.46395572218 846.1571792376742 10805852.723466786 7822.6797379850295 8000.0
280000.0 290000.0 4516.337169921957 685.4578537597554 325.4017357762088 999.3719999999739 159.42399999999907 54738.30403281763 898.3521431665663 11049239.092885658 7962.8970608689515 8000.0
290000.0 300000.0 6742.042111328221 542.9929814452966 211.6153657088271 938.8580000000075 331.9000000000233 48107.23201146019 793.4906775957595 10143970.183647554 7325.423201146019 8000.0
