ts te idle avg_span std_span max_span min_span c_bytes_all c_pkts_all s_bytes_all s_pkts_all videorate
0.0 10000.0 6680.2770839844015 829.9307290038996 299.2923567460339 999.5530000000144 382.638916015625 58585.66899007906 835.3021487058002 4688138.707551904 3340.3066693684586 2620.0
10000.0 20000.0 4489.464916015626 787.2192977120534 367.7060621066312 999.9469999999856 32.03200000000652 69090.33100992095 1165.6978512941998 11556977.292448096 9601.69333063154 7485.714285714285
20000.0 30000.0 4508.9310000000405 784.4384285714228 266.57378418108317 999.9729999999981 460.0329999999958 51870.0 856.0 9455207.0 7988.0 8000.0
30000.0 40000.0 8083.076000000001 383.3847999999998 38.616624246553556 438.4230000000098 335.98100000002887 56158.0 941.0 10578653.0 8951.0 8000.0
40000.0 50000.0 7140.794908203068 476.5341819661553 242.62742300370428 883.6240000000107 260.319091796875 56204.32749144362 935.6255898559908 10503284.113259824 8942.492021637008 8000.0
50000.0 60000.0 6307.56116406247 615.406472656255 261.64901509585866 846.0709999999963 264.450927734375 51712.53338771801 860.7618164593141 9652470.271657273 8150.123770639169 8000.0
60000.0 70000.0 2701.5426367187756 810.9397070312472 283.26895041112385 999.9839999999967 245.09299999999348 59489.76087264545 1007.1247622347928 11375885.516610524 9596.508204728998 8000.0
70000.0 80000.0 5723.8592910156 610.8772441406285 289.778473340992 999.9099999999744 218.5827089843806 49229.37824819292 802.4878314499024 10342387.09847238 7448.876002994824 8000.0
80000.0 90000.0 8077.127000000037 384.57459999999264 54.16816454615183 455.7849999999744 322.6570000000065 48422.0 788.0 10144560.0 7410.0 8000.0
90000.0 100000.0 7184.197958984354 469.3003401692743 192.28122259536994 832.3169999999809 265.092041015625 51759.29798622991 840.3708007552004 10671714.886182036 7715.87528850671 8000.0
100000.0 110000.0 5355.69594921876 663.4720072544629 275.38546160054926 984.3670000000275 267.319091796875 48283.81665542364 780.6978957386135 9953020.56742448 7214.381338643789 8000.0
110000.0 120000.0 4152.033150390605 835.4238356584849 208.82231196079925 996.195000000007 522.43994140625 53182.883300855996 862.4511744938596 11133841.61726863 8036.43545906368 8000.0
120000.0 130000.0 6892.931941406219 517.8446764322968 125.91768699484282 743.5410000000265 360.5819999999949 50848.002057490456 825.4801290123264 10261106.929124855 7445.307913785821 8000.0
130000.0 140000.0 7759.833000000042 448.0333999999915 125.13254110862563 613.7210000000196 313.76699999999255 48402.0 776.0 10141671.0 7329.0 8000.0
140000.0 150000.0 6295.086917968758 529.2732974330346 357.95666910688163 999.5920000000042 24.354999999981374 50954.345502055665 829.514748984011 10620368.298931556 7823.443095871759 8000.0
150000.0 160000.0 4062.2491152343573 742.2188605957053 274.65008136958 997.8719999999739 281.5810000000056 52926.39696927292 868.3217111514086 11281617.77732661 8182.39336426366 8000.0
160000.0 170000.0 5105.872966796858 815.6878388671903 218.84466488097647 965.9980000000214 519.8650332031539 46466.25752867141 747.1635398645803 9776684.923741832 7040.16353986458 8000.0
170000.0 180000.0 7615.229999999981 476.9540000000037 124.0384006326153 592.9060000000172 341.39000000001397 50834.0 811.0 10278921.0 7418.0 8000.0
180000.0 190000.0 8012.33600000001 397.53279999999796 45.57042056751893 464.15600000001723 335.8150000000023 47838.0 771.0 9896444.0 7178.0 8000.0
190000.0 200000.0 6539.050009765604 576.8249983723994 290.4579838153493 881.4670000000042 267.864990234375 51148.502341562526 818.0291932135617 10427543.552347025 7541.121054330968 8000.0
200000.0 210000.0 5266.995990234311 591.6255012207112 420.76894560414746 999.9960000000428 35.39000000001397 54349.497658437474 888.9708067864383 11507773.447652975 8313.878945669032 8000.0
210000.0 220000.0 5050.403000000166 824.9328333333057 251.47921369005329 999.9510000000009 477.5139999999665 49646.0 795.0 10141489.0 7325.0 8000.0
220000.0 230000.0 8148.601000000024 370.27979999999513 71.81413006995872 483.4200000000419 303.24199999996927 48122.0 766.0 9751423.0 7044.0 8000.0
230000.0 240000.0 7148.804017578135 475.1993304036441 200.06442185101233 820.8639999999432 258.406982421875 52882.567735579425 842.7266778487063 10699659.957851347 7756.429873541214 8000.0
240000.0 250000.0 6525.8139824218815 694.8372035156237 179.36389036079004 836.2090000000317 446.97100000001956 43624.43226442057 703.2733221512937 9259788.042148653 6732.570126458786 8000.0
250000.0 260000.0 2447.6617382812547 839.1486957465272 317.5296287897697 999.9729999999981 99.73800000001211 55985.22607352897 920.0480344312929 11857215.062202908 8553.874605433433 8000.0
260000.0 270000.0 6222.883261718671 629.5194563802215 279.14536011444886 991.9449999999488 338.97400000004563 49018.773926471025 808.9519655687071 10433284.937797092 7530.125394566567 8000.0
270000.0 280000.0 7705.729999999981 458.85400000000374 199.48516032025717 813.8209999999963 348.8170000000391 46343.0 752.0 9867320.0 7127.0 8000.0
280000.0 290000.0 8108.524000000092 378.29519999998155 57.704239716003585 457.02700000000186 324.11899999994785 47130.0 773.0 10198424.0 7368.0 8000.0
