ts te idle avg_span std_span max_span min_span c_bytes_all c_pkts_all s_bytes_all s_pkts_all videorate
0.0 10000.0 6975.094000000041 756.2264999999898 320.46045145541393 994.9670000000042 315.86599999998 95770.0 1254.0 8914056.0 6204.0 4400.0
10000.0 20000.0 8487.093999999983 302.58120000000343 167.70205810214458 501.6919999999809 59.88400000002002 42539.0 670.0 8383040.0 5833.0 8000.0
20000.0 30000.0 6324.852000000072 525.0211428571326 439.6686589267885 996.7810000000172 26.262999999977183 79781.0 1220.0 12039102.0 8375.0 8000.0
30000.0 40000.0 7421.4439999999595 515.7112000000081 279.0350019561941 738.320000000007 75.84000000002561 58626.0 959.0 11998353.0 8346.0 8000.0
40000.0 50000.0 8244.786999999953 351.04260000000943 129.3582836130037 575.954000000027 254.55300000001444 50062.0 781.0 9994868.0 6949.0 8000.0
50000.0 60000.0 8234.115000000049 353.17699999999024 134.50204741006453 584.3709999999846 241.91800000000512 50311.0 781.0 10002369.0 6968.0 8000.0
60000.0 70000.0 8232.236000000092 353.55279999998163 135.21591459846695 584.4799999999814 242.7029999999795 48931.0 773.0 9959900.0 6928.0 8000.0
70000.0 80000.0 8430.478000000003 313.90439999999944 252.68855698429965 592.1720000000205 53.20899999997346 38524.0 536.0 6775520.0 4718.0 8000.0
80000.0 90000.0 6611.366000000038 564.772333333327 423.8242658379286 999.109999999986 31.92599999997765 111240.0 1486.0 11261049.0 7812.0 8000.0
90000.0 100000.0 7651.113000000012 469.77739999999756 181.60742873379806 716.4230000000098 325.80099999997765 84896.0 1192.0 11749237.0 8177.0 8000.0
100000.0 110000.0 7426.099999999977 514.7800000000046 121.18170279790894 619.4870000000228 306.7170000000042 48781.0 769.0 10034421.0 6969.0 8000.0
110000.0 120000.0 8005.939999999944 398.81200000001115 118.333133665098 608.8670000000275 331.5320000000065 49789.0 789.0 10139182.0 7055.0 8000.0
120000.0 130000.0 6092.379078125057 651.2701536458238 180.73349605802656 911.5740000000224 368.044921875 52807.65470915935 850.0928579360258 10880626.979482545 7566.693864265511 8000.0
130000.0 140000.0 7480.729921874998 419.87834635416704 208.85197299926543 654.1199999999953 63.41800000000512 42471.34529084065 698.9071420639742 9069047.020517454 6314.306135734489 8000.0
140000.0 150000.0 7683.9439999999595 463.2112000000081 227.80523022243426 607.0380000000005 67.0800000000163 96909.0 1419.0 12001714.0 8352.0 8000.0
150000.0 160000.0 8079.105999999971 384.1788000000059 115.31547964909329 589.2600000000093 314.11900000000605 48311.0 762.0 10032547.0 6962.0 8000.0
160000.0 170000.0 8362.26000000001 327.5479999999981 189.23057307818056 594.3279999999795 59.13000000000466 38473.0 608.0 8066166.0 5602.0 8000.0
170000.0 180000.0 6368.296000000031 605.2839999999948 465.9065988740719 997.4309999999823 25.48499999998603 95462.0 1316.0 11584584.0 8031.0 8000.0
180000.0 190000.0 7173.842000000004 471.0263333333326 318.8446255947735 947.5 64.29999999998836 62129.0 958.0 12303669.0 8544.0 8000.0
190000.0 200000.0 7149.90399999998 475.01600000000326 334.46599346778135 984.9930000000168 56.00300000002608 74767.0 1095.0 9982417.0 7847.0 8000.0
200000.0 210000.0 7971.916999999899 405.6166000000201 240.73746433779962 697.9340000000084 72.08200000005309 44094.0 729.0 8247956.0 6921.0 8000.0
210000.0 220000.0 6374.693945312523 604.2176757812462 359.12718927628293 977.0509999999776 61.81400000001304 79912.97858970203 1301.5342969482335 13900676.604468772 11643.523454642947 8000.0
220000.0 230000.0 4942.066054687602 722.5619921874853 338.73757443571793 997.6909999999916 4.9609453125158325 54834.021410297966 915.4657030517664 10169405.395531228 8550.476545357053 8000.0
230000.0 240000.0 7899.289000000106 420.14219999997874 101.1618375831546 582.4089999999851 325.0339999999851 53785.0 897.0 9963220.0 8379.0 8000.0
240000.0 250000.0 7705.304000000004 458.93919999999923 128.49122379834608 647.2099999999627 315.8399999999674 53668.0 896.0 10024293.0 8411.0 8000.0
250000.0 260000.0 8143.079986328143 309.48666894530953 126.652525904538 510.8880000000354 117.364013671875 52695.036907049034 850.3980302596667 10317660.991721867 7860.322748952216 8000.0
260000.0 270000.0 5663.036962890648 619.5661481584788 383.13044055140165 997.125 59.97900000005029 78020.1718631079 1109.509340951928 10536695.94156915 7506.624270916202 8000.0
270000.0 280000.0 7050.315050781355 491.6141582031075 264.8647516924895 739.5259999999544 56.45600000000559 52173.79122984306 858.0926287884054 11147836.066708982 7914.052980131582 8000.0
280000.0 290000.0 8273.42200000002 345.3155999999959 200.5704645487747 534.5550000000512 48.51599999994505 61348.0 945.0 9934898.0 7086.0 8000.0
290000.0 300000.0 7935.594000000041 412.8811999999918 218.71249443549058 607.966999999946 69.07299999997485 51090.0 797.0 10109010.0 7179.0 8000.0
