ts te idle avg_span std_span max_span min_span c_bytes_all c_pkts_all s_bytes_all s_pkts_all video_rate
0.0 10000.0 7997.246000000043 667.5846666666524 450.14482193660183 998.4369999999763 154.97999999998137 19434.0 149.0 627957.0 449.0 1932.8
10000.0 20000.0 6235.221000000078 627.4631666666537 235.9641104417579 999.2779999999912 263.84499999997206 68382.0 1031.0 10372847.0 8703.0 4529.333333333333
20000.0 30000.0 3443.410013671848 819.573748291019 218.76763261358587 999.164999999979 498.20000000001164 54327.175833929956 919.9145484919557 10086771.162792576 8494.957274245979 8000.0
30000.0 40000.0 3290.2479863280314 745.5280015191076 352.0294882442731 998.454000000027 38.97601367189782 64324.824166070044 1112.0854515080443 12335111.837207424 10393.042725754021 8000.0
40000.0 50000.0 7300.868000000017 539.8263999999966 278.1665672952039 916.6489999999758 298.09700000000885 54427.0 898.0 9981499.0 8419.0 8000.0
50000.0 60000.0 8193.859999999986 361.2280000000028 61.703769629575305 436.929999999993 297.2029999999795 54327.0 905.0 9988948.0 8450.0 8000.0
60000.0 70000.0 6933.241999999969 613.3516000000061 10.241130616297271 630.820000000007 605.685999999987 53189.0 888.0 9838591.0 8320.0 8000.0
70000.0 80000.0 2666.8989082031767 814.789010199647 281.38518056225377 999.9610000000102 315.84399999998277 51044.229364491126 807.2695159460872 10397071.39260372 7395.620383306623 8000.0
80000.0 90000.0 3096.0480917969253 767.1057675781194 338.17541640181327 999.9670000000042 133.10390820313478 56218.770635508874 898.7304840539128 11809329.60739628 8397.379616693377 8000.0
90000.0 100000.0 6874.483999999997 625.1032000000007 193.24285691247331 875.9699999999721 428.42700000002515 51845.0 791.0 9960322.0 7190.0 8000.0
100000.0 110000.0 7874.436000000045 425.11279999999095 117.5205174478073 587.6979999999749 314.4459999999963 48002.0 767.0 9652629.0 6940.0 8000.0
110000.0 120000.0 7024.014000000025 595.1971999999951 5.03929019804073 602.6359999999986 590.1039999999921 49752.0 821.0 10447726.0 7435.0 8000.0
120000.0 130000.0 3393.688087890623 734.0346569010419 330.09228932475975 999.9020000000019 51.90600000001723 51922.861784734116 792.6957915154492 9985647.044284914 7110.205938954034 8000.0
130000.0 140000.0 3479.9699121093727 815.0037609863284 292.3955886530489 998.1379999999772 118.00608789065154 55783.13821526589 938.3042084845508 11637294.955715086 8325.794061045966 8000.0
140000.0 150000.0 7587.60500000004 482.4789999999921 223.02011606915283 850.5389999999898 284.320000000007 49341.0 812.0 10256603.0 7478.0 8000.0
150000.0 160000.0 7736.421999999962 452.71560000000756 140.34042185272355 620.7669999999925 325.2750000000233 46156.0 747.0 9474049.0 6872.0 8000.0
160000.0 170000.0 5885.612742187455 685.7312096354241 124.24426638776966 919.7392578125 596.5929999999935 51872.546338478445 829.3011955107812 10154319.052668547 7227.602391021563 8000.0
170000.0 180000.0 1880.0832578124828 811.9916742187518 341.19477149033935 999.9029999999912 77.42474218748976 57280.453661521555 961.6988044892189 12457496.94733145 8863.397608978437 8000.0
180000.0 190000.0 5801.517999999982 699.747000000003 305.43808382585195 999.9820000000182 235.06199999997625 47958.0 776.0 9851262.0 7078.0 8000.0
190000.0 200000.0 7696.896000000008 460.62079999999844 211.6098858115952 834.6219999999739 330.0649999999441 48225.0 782.0 9988222.0 7157.0 8000.0
200000.0 210000.0 7553.957999999984 489.20840000000317 151.8792344703705 607.8129999999655 301.51899999997113 47813.0 773.0 9963561.0 7138.0 8000.0
210000.0 220000.0 5003.062951171887 713.8481498325875 254.96262409529652 999.0470000000205 321.78000000002794 50520.54480054745 806.2279434023678 10211167.306878291 7271.336612189354 8000.0
220000.0 230000.0 1438.6590644532116 856.1340935546789 290.7470041537351 999.9949999999953 97.40995117183775 45649.89586438113 739.4454366156923 9759683.088123715 6944.540357928037 8000.0
230000.0 240000.0 5616.937984374934 626.1517165178666 327.26546606891134 999.5209999999497 81.65401562501211 57748.55933507142 957.3266199819398 12115908.604997994 8731.123029882609 8000.0
240000.0 250000.0 8349.308999999892 330.1382000000216 56.11093158822767 374.98199999995995 253.98100000002887 45845.0 743.0 9786444.0 6998.0 8000.0
250000.0 260000.0 6988.141999999876 602.3716000000247 11.561020707511508 616.2249999999767 590.5130000000354 40349.0 628.0 8024602.0 5761.0 8000.0
260000.0 270000.0 4851.319001953118 643.5851247558603 324.25148965713174 996.6210000000428 52.925000000046566 51926.20952443378 828.4020463907807 10415362.5959563 7415.086548450498 8000.0
270000.0 280000.0 2861.348705078126 793.1834772135416 327.4229025120208 999.9590000000317 119.57900195312686 54799.96882447711 920.8839936984133 11777634.000117887 8414.214098550976 8000.0
280000.0 290000.0 6808.532292968826 531.9112845051956 343.9410890143212 865.8429999999935 28.815707031288184 47995.82165108911 769.713959910806 9820461.403925814 7048.699352998527 8000.0
290000.0 300000.0 7819.418999999994 436.11620000000113 141.9253131357904 600.9139999999898 275.50600000005215 49898.0 817.0 10220000.0 7338.0 8000.0
