ts te idle avg_span std_span max_span min_span c_bytes_all c_pkts_all s_bytes_all s_pkts_all video_rate
0.0 10000.0 6418.401933593734 716.3196132812533 328.21214901503066 998.2160000000149 195.51806640625 59922.37924209213 886.4841335144035 6547068.392479138 4610.907682371161 3175.0
10000.0 20000.0 7903.133066406299 349.47782226561685 189.00927308700838 527.4619999999995 97.71999999997206 79161.62075790786 1375.5158664855965 9183908.607520862 6541.092317628839 7400.0
20000.0 30000.0 7691.904062499991 461.6191875000019 163.12498277487182 625.7480000000214 194.3359375 60002.81764936746 1014.1957025935709 11023893.177408816 9341.597366649548 8000.0
30000.0 40000.0 5534.680937499972 744.2198437500047 355.24866605030115 978.8790000000154 230.52206250000745 59783.18235063254 990.8042974064291 10947732.822591184 9284.402633350452 8000.0
40000.0 50000.0 7979.243753906223 404.1512492187554 333.89721461275786 948.3850000000093 82.56300000002375 49600.44592940387 821.7482351007512 9177489.39059452 7741.53828876024 8000.0
50000.0 60000.0 7756.236332031258 373.96061132812366 280.21166398579874 701.4930000000168 81.2270000000135 64478.41916386242 1060.2626921224896 11702143.489960207 9880.904795534327 8000.0
60000.0 70000.0 7546.323654296866 408.94605761718896 168.46558482614438 558.4729999999981 195.541259765625 55032.7062908061 918.7193046104956 10198386.233356362 8666.253360963376 8000.0
70000.0 80000.0 7435.580011718732 427.40333138021134 158.46148512604856 578.5140000000247 195.479248046875 55044.25152849705 909.0972517223558 10128997.976521468 8460.628592369123 8000.0
80000.0 90000.0 6491.720275390602 501.18281780134254 329.69518569875146 980.5590000000084 192.52197265625 53765.72681146755 874.1587209851814 11359672.605884684 8224.5436676623 8000.0
90000.0 100000.0 5287.428056640609 673.2245633370559 340.92235059845274 994.4130000000005 195.138916015625 45647.24698212949 726.9500282589794 9050211.195375491 6568.415140076721 8000.0
100000.0 110000.0 7383.674599609338 436.0542333984437 149.9997513438591 582.0709999999963 193.79931640625 55310.884556690595 910.6853790465759 11509682.367861005 8362.787571664841 8000.0
110000.0 120000.0 8110.285335937515 314.9524440104142 297.2965155486578 861.1290000000154 78.2949999999837 42251.33996083988 668.6766374644476 8521864.816995017 6127.905942833782 8000.0
120000.0 130000.0 7059.365980468807 490.1056699218655 302.5970264519758 998.2839999999851 88.85600000002887 50121.978776303054 824.7017506887233 10670619.923451247 7714.022640135292 8000.0
130000.0 140000.0 7348.402009765676 441.9329983723874 320.14833810045087 990.755999999994 85.28299999999581 50900.50669349868 830.7754524438277 10830754.409773398 7809.0096662134965 8000.0
140000.0 150000.0 4551.408990234486 681.0738762206893 423.58350722307523 998.8229999999749 26.40999999997439 55455.49330650132 879.2245475561722 11113187.590226602 8058.9903337865035 8000.0
150000.0 160000.0 7825.4948906250065 434.9010218749987 137.66286016910584 533.880999999994 195.037109375 52297.09322582314 855.9301930149701 10992922.012861138 7995.535425761406 8000.0
160000.0 170000.0 7654.70110937499 390.8831484375017 232.18590327900014 669.4839999999967 70.56500000000233 44039.90677417686 698.06980698503 8775245.987138862 6374.464574238594 8000.0
170000.0 180000.0 6691.135999999999 661.7728000000003 286.98017517363235 976.7689999999711 364.89000000001397 59414.0 969.0 12360701.0 8928.0 8000.0
180000.0 190000.0 4550.199039062543 778.5429944196367 304.3414615103344 996.2999999999884 194.4599609375 49232.11711135925 796.7027161196362 9980982.439401906 7218.641800743658 8000.0
190000.0 200000.0 5292.8850546874455 672.4449921875078 323.4402871833738 996.585000000021 195.25390625 51464.03549170065 839.60624910741 10860818.93330711 7846.6095995235655 8000.0
200000.0 210000.0 7852.786605468718 357.8688990885469 202.2201353280471 620.890999999945 71.34400000004098 47369.5432333723 766.6381587772182 9738299.724895267 7030.2856416872455 8000.0
210000.0 220000.0 7828.832396484329 361.86126725261175 168.03943332114173 500.0139999999665 110.73400000005495 50635.8741178032 821.3336635269704 10582707.233490674 7648.229679060027 8000.0
220000.0 230000.0 6877.278904296923 520.4535159505127 363.87174746493247 977.6729999999516 121.83809570316225 50887.4300457646 821.7192124687654 10703579.668905044 7708.2332789855045 8000.0
230000.0 240000.0 5644.527044921881 622.210422154017 427.89052021802365 998.2129999999888 34.0 45167.18231871491 737.7039915208719 9044078.295366999 6550.099647899274 8000.0
240000.0 250000.0 7576.94684179686 484.61063164062796 181.26925532387577 673.8100000000559 196.26611328125 52458.14507191197 867.0453234397006 11115780.126541791 8031.879803147583 8000.0
250000.0 260000.0 7894.551183593809 350.90813606769854 172.6833739133982 542.1509999999544 84.93900000001304 52588.38047849126 842.3232475318156 10861364.136162965 7836.209892630831 8000.0
260000.0 270000.0 8155.063828125014 307.48936197916436 177.4440635100043 502.25699999998324 70.11800000001676 48075.124141999506 774.6175732104888 10049068.903404452 7272.469300933688 8000.0
270000.0 280000.0 6284.1171445313375 530.8404079240946 315.76932608904855 967.7389999999432 194.73095703125 57162.94142278676 933.9871592944311 11425200.310010491 8315.716885612224 8000.0
280000.0 290000.0 6048.474957031198 564.5035775669718 403.48391592791154 987.2210000000196 31.57900000002701 48304.22656609559 763.322705002692 9545421.228513302 6893.6244697764 8000.0
290000.0 300000.0 7485.120999999926 502.9758000000147 266.99003716561197 763.7110000000102 92.93000000005122 49888.0 802.0 10039750.0 7301.0 8000.0
