ts te idle avg_span std_span max_span min_span c_bytes_all c_pkts_all s_bytes_all s_pkts_all video_rate
0.0 10000.0 7369.044744140625 657.7388139648438 403.022299332519 998.0329999999994 204.29799999999886 28932.294974009223 570.6828877697245 5998183.426111346 4887.026813502137 4400.0
10000.0 20000.0 2914.5062558593854 787.2770826822905 251.81987464165735 999.9959999999992 431.6650000000009 43722.70502599078 1147.3171122302756 12968628.573888652 10578.973186497864 7100.0
20000.0 30000.0 5706.067070312507 613.4189899553561 337.5549467131784 998.9919999999984 210.2529296875 36855.59754939139 912.6528502520141 10572908.420629216 8532.154607234697 8000.0
30000.0 40000.0 6801.622929687495 533.0628450520841 185.26907779560634 787.7070703124991 301.0699999999997 37916.40245060861 972.3471497479859 11361516.579370784 9163.845392765303 8000.0
40000.0 50000.0 7733.928999999989 453.21420000000217 31.840751698101016 502.86900000000605 419.3919999999998 34001.0 859.0 10051799.0 8118.0 8000.0
50000.0 60000.0 7422.380999999994 515.5238000000012 108.06727178336622 630.9729999999981 384.8139999999985 41116.0 1024.0 11973538.0 9657.0 8000.0
60000.0 70000.0 7674.186999999991 465.1626000000018 103.8858678372559 591.5479999999952 376.16300000000047 34656.0 867.0 10086190.0 8155.0 8000.0
70000.0 80000.0 8184.331999999995 363.133600000001 175.8166320952068 562.5650000000023 80.12699999999313 27387.0 688.0 7954638.0 6424.0 8000.0
80000.0 90000.0 7385.904999999999 522.8190000000002 141.8794076037857 710.3680000000022 348.179999999993 41495.0 1039.0 12018078.0 9683.0 8000.0
90000.0 100000.0 7053.46802929687 491.08866178385506 269.581222961765 999.650999999998 210.094970703125 33620.23736967296 842.374947320152 9718027.417650398 7836.899536417338 8000.0
100000.0 110000.0 6437.13687890624 508.98044587053715 276.4539908315602 926.3380000000034 74.444091796875 36135.70463193131 909.746049009454 10615248.078390874 8570.903151343962 8000.0
110000.0 120000.0 4929.4060917968745 724.3705583147322 329.06315224894723 999.9759999999951 69.99100000000908 34171.05799839573 860.8790036703939 9860463.503958728 7957.197312238698 8000.0
120000.0 130000.0 6990.072999999975 601.985400000005 108.2498447864935 743.820000000007 460.6790000000037 41080.0 1031.0 11929377.0 9623.0 8000.0
130000.0 140000.0 6204.707999999984 632.5486666666693 363.6417827261681 994.6240000000107 52.836000000010245 34651.0 880.0 10026163.0 8100.0 8000.0
140000.0 150000.0 5590.435999999987 881.9128000000026 94.74986613024736 950.6650000000081 720.1760000000068 40586.0 1022.0 12024009.0 9692.0 8000.0
150000.0 160000.0 7032.004000000015 494.66599999999744 282.6007081449095 999.9280000000144 127.72099999999045 34293.0 859.0 10012522.0 8080.0 8000.0
160000.0 170000.0 7903.446000000025 419.3107999999949 222.86359555723595 674.3999999999942 60.8859999999986 34232.0 864.0 9974441.0 8049.0 8000.0
170000.0 180000.0 7759.37894726565 373.4368421223917 355.38034468486484 839.3729999999923 71.35899999999674 27989.42452088164 702.3217279971287 8128232.877425383 6573.276234006716 8000.0
180000.0 190000.0 5632.893052734376 623.8724210379462 322.2879064542892 998.6270000000077 313.00800000000163 40666.57547911836 1025.6782720028712 11890904.122574616 9584.723765993283 8000.0
190000.0 200000.0 2650.5377285156574 816.6069190538159 290.5933260890687 999.9130000000005 161.853271484375 41359.5956216183 1035.4881852748613 12001379.621785967 9688.976370549723 8000.0
200000.0 210000.0 7112.317271484353 481.2804547526078 250.17679599127567 832.768728515628 119.60399999999208 34191.4043783817 857.5118147251387 9999133.378214033 8057.023629450277 8000.0
210000.0 220000.0 7641.767999999982 471.6464000000036 233.18727165156503 693.0020000000077 94.51600000000326 27727.0 701.0 7967634.0 6452.0 8000.0
220000.0 230000.0 5600.619083984377 628.4829880022319 395.08259228237944 987.2520000000077 130.22099999999045 44157.366439109675 1081.5158626674358 12321332.278307611 9933.219137450342 8000.0
230000.0 240000.0 1501.4919160156278 944.2786759982636 57.53987944376131 999.8379999999888 837.9090839843848 39758.63356089032 1024.4841373325642 11684626.721692389 9429.780862549658 8000.0
240000.0 250000.0 6988.420999999973 602.3158000000054 394.8946673236994 995.5 61.351000000024214 27376.0 692.0 8016484.0 6465.0 8000.0
250000.0 260000.0 7705.434000000008 458.9131999999983 290.8617806660039 879.3219999999856 61.804999999993015 34313.0 862.0 10008811.0 8061.0 8000.0
260000.0 270000.0 6184.370999999985 635.9381666666692 378.59401459739433 963.9679999999935 77.60399999999208 34521.0 868.0 10035738.0 8082.0 8000.0
270000.0 280000.0 7751.503087890567 374.7494853515721 169.66164782276448 590.4010000000126 74.909912109375 41014.89309530351 1029.2697076058926 12111056.104502643 9757.343700902165 8000.0
280000.0 290000.0 5172.547912109469 603.4315109863164 400.43513784750553 989.3369999999995 83.15999999997439 33626.10690469649 843.7302923941074 9807429.895497357 7916.656299097835 8000.0
290000.0 300000.0 7507.378999999957 498.5242000000086 230.53406567728385 680.914999999979 109.65100000001257 41099.0 1025.0 12019779.0 9690.0 8000.0
