ts te idle avg_span std_span max_span min_span c_bytes_all c_pkts_all s_bytes_all s_pkts_all video_rate
0.0 10000.0 0.0 0.0 0.0 0.0 0.0 0.0 0.0 0.0 0.0 0.0
10000.0 20000.0 4317.9960000000065 811.7148571428562 321.95934288945404 999.9239999999991 110.82800000000134 62930.0 819.0 8691909.0 6937.0 3186.6666666666665
20000.0 30000.0 3193.7130761718727 850.7858654785159 233.0332931649359 999.4859999999971 343.221923828125 50015.94095454064 915.9211905260745 9984888.919957407 7898.710000369729 8000.0
30000.0 40000.0 6484.378923828124 585.936846028646 198.98864520678578 899.273000000001 393.3810761718778 56631.05904545936 1003.0788094739255 11844559.080042593 9359.289999630271 8000.0
40000.0 50000.0 6527.114000000016 694.5771999999968 172.4684518649745 923.6630000000005 498.63499999999476 49797.0 871.0 10037314.0 7907.0 8000.0
50000.0 60000.0 5134.998999999996 810.8335000000006 236.76971779748533 997.0139999999956 350.8439999999973 50786.0 884.0 9946680.0 7846.0 8000.0
60000.0 70000.0 6619.263000000006 676.1473999999987 184.98172271551493 890.0910000000003 426.38700000000244 50057.0 865.0 9959325.0 7883.0 8000.0
70000.0 80000.0 7168.142000000007 566.3715999999986 312.4377273478682 809.4850000000006 64.58199999999488 57545.0 1001.0 11971891.0 9425.0 8000.0
80000.0 90000.0 7516.232000000018 496.75359999999637 105.91188942134713 622.3249999999971 350.22699999999895 47999.0 833.0 9963735.0 7844.0 8000.0
90000.0 100000.0 7664.593000000008 467.0813999999984 80.30420903850593 589.502999999997 388.36299999999756 48683.0 847.0 10000519.0 7892.0 8000.0
100000.0 110000.0 7843.825000000012 431.2349999999977 111.7451463890057 610.8139999999985 314.43799999999464 47429.0 815.0 9737547.0 7699.0 8000.0
110000.0 120000.0 7299.949000000022 540.0101999999955 148.4010951196113 746.8289999999979 392.3269999999902 48949.0 861.0 10173496.0 8016.0 8000.0
120000.0 130000.0 7083.573000000004 583.2853999999992 283.0910953841552 845.8159999999916 167.31599999999162 58359.0 1022.0 12009272.0 9441.0 8000.0
130000.0 140000.0 7667.6020000000135 466.4795999999973 217.81958167666932 854.630999999994 339.89100000000326 48874.0 857.0 10066212.0 7966.0 8000.0
140000.0 150000.0 7334.921000000031 533.0157999999938 200.3124516341965 889.5540000000037 417.0309999999881 48623.0 847.0 9933237.0 7827.0 8000.0
150000.0 160000.0 7387.449000000022 522.5101999999955 129.0695862517601 714.2259999999951 385.6479999999865 47481.0 829.0 9928120.0 7822.0 8000.0
160000.0 170000.0 7340.688999999984 531.8622000000032 237.92742003539524 916.4290000000037 352.7600000000093 48593.0 847.0 9973335.0 7844.0 8000.0
170000.0 180000.0 7500.314000000013 499.9371999999974 136.2710518661312 729.2600000000093 392.2399999999907 56101.0 987.0 11772215.0 9280.0 8000.0
180000.0 190000.0 7398.338999999978 520.3322000000044 53.65102110584355 593.8969999999972 448.72200000000885 49666.0 878.0 10251236.0 8068.0 8000.0
190000.0 200000.0 5570.999000000011 738.1668333333315 235.8429318198158 978.8450000000012 448.31200000000536 50405.0 827.0 9643612.0 7597.0 8000.0
200000.0 210000.0 7920.432000000001 415.91359999999986 60.72405897830181 479.4109999999928 342.49299999998766 47744.0 834.0 9945874.0 7824.0 8000.0
210000.0 220000.0 7629.926999999996 474.01460000000077 163.25900606490643 757.9260000000068 358.1680000000051 47613.0 830.0 9897013.0 7793.0 8000.0
220000.0 230000.0 7254.200000000012 549.1599999999977 243.60379446551784 984.5849999999919 429.6460000000079 57333.0 1015.0 12101560.0 9508.0 8000.0
230000.0 240000.0 7442.986000000004 511.4027999999991 85.99045974525028 645.0959999999905 418.00800000000163 48141.0 842.0 10031192.0 7889.0 8000.0
240000.0 250000.0 7689.253999999957 462.1492000000086 124.61017062704855 673.9060000000172 363.4739999999874 48112.0 838.0 10098358.0 7943.0 8000.0
250000.0 260000.0 7359.9070000000065 528.0185999999987 63.515545713640414 612.0200000000186 447.7739999999758 49130.0 860.0 10051020.0 7916.0 8000.0
260000.0 270000.0 5880.74800000008 686.5419999999867 263.1222399676608 998.8099999999977 368.0889999999781 58522.0 1040.0 12040001.0 9464.0 8000.0
270000.0 280000.0 6693.515003906214 472.3549994419695 292.2347898697274 997.2179999999935 57.04599999997299 49006.92208651174 842.5500846289174 9780185.569674864 7689.240744734472 8000.0
280000.0 290000.0 6344.765996093745 609.2056673177091 174.19249756570034 905.0619999999763 418.87099999998463 49165.07791348826 870.4499153710826 10185474.430325136 8018.759255265528 8000.0
290000.0 300000.0 7392.6939999999595 521.4612000000081 80.07536852989347 635.7619999999879 432.8400000000256 49541.0 873.0 10107065.0 7950.0 8000.0
