ts te idle avg_span std_span max_span min_span c_bytes_all c_pkts_all s_bytes_all s_pkts_all video_rate
0.0 10000.0 7842.373000000021 719.2089999999929 242.77232085227837 999.3969999999972 571.4070000000065 85101.0 1216.0 8795152.0 6141.0 4400.0
10000.0 20000.0 7111.499000000011 481.41683333333157 347.9000538139698 999.9899999999907 53.18400000000838 67150.0 1094.0 11919022.0 9490.0 8000.0
20000.0 30000.0 5084.457000000053 702.2204285714209 464.0633961715653 996.9689999999828 0.0 46072.0 731.0 8177580.0 6922.0 8000.0
30000.0 40000.0 6733.02999999997 544.495000000005 305.84843897785834 999.9579999999842 77.14000000001397 69216.0 1117.0 11861552.0 9995.0 8000.0
40000.0 50000.0 8155.75 368.85 121.42212263216712 562.8969999999972 239.9319999999716 44927.0 717.0 8072830.0 6799.0 8000.0
50000.0 60000.0 7387.187695312488 435.4687174479186 184.66533050613376 745.079000000027 285.2289999999921 49941.64318698361 791.1248139176054 8823970.9161756 7449.230696737254 8000.0
60000.0 70000.0 7281.104265624948 453.1492890625086 217.0429616821099 769.5210000000079 151.95769531250698 47716.51992292563 768.0591451743758 8702481.251417398 7325.081406815365 8000.0
70000.0 80000.0 3862.2991250000196 767.2126093749976 328.3996625776874 999.9980000000214 196.03196093748556 42435.62268120689 668.322777828249 8381225.682331486 6274.021257920824 8000.0
80000.0 90000.0 8104.966914062446 315.8388476562589 225.68707374526204 567.2119999999995 24.429999999993015 41286.21420888386 639.4932630797699 8257956.150075516 5998.666638526558 8000.0
90000.0 100000.0 8262.869999999995 347.42600000000095 180.15544657461353 556.9729999999981 84.16300000000047 37391.0 567.0 7375183.0 5267.0 8000.0
100000.0 110000.0 7882.084015624947 352.98599739584216 229.55371787777213 575.208984375 68.33199999999488 51078.33459600035 771.7393021427876 9831058.03946198 7012.140167759631 8000.0
110000.0 120000.0 5605.988984374853 627.715859375021 468.4025321147304 999.9920000000275 0.0 37162.66540399965 594.2606978572124 7883206.960538019 5630.859832240369 8000.0
120000.0 130000.0 7790.1389999999665 368.3101666666723 383.4455588040801 999.6120000000228 57.87699999997858 55672.0 883.0 10089292.0 7324.0 8000.0
130000.0 140000.0 8084.994999999937 383.0010000000126 134.3697466768367 615.679999999993 284.6830000000191 62236.0 1009.0 10990578.0 9280.0 8000.0
140000.0 150000.0 8302.021999999997 339.59560000000056 188.4269324600406 546.4959999999846 67.4309999999823 51592.0 811.0 8996755.0 7575.0 8000.0
150000.0 160000.0 7698.89697265625 383.5171712239583 195.1968802185741 583.1520000000019 52.23999999999069 55556.32750392361 882.9952627227935 9919761.402317092 8325.22519838494 8000.0
160000.0 170000.0 8309.643027343729 281.7261621093785 365.7673905896966 999.9729999999981 69.42200000002049 33389.67249607639 536.0047372772065 5930755.597682908 4989.77480161506 8000.0
170000.0 180000.0 6592.453999999911 681.5092000000179 345.28432547206563 929.4710000000196 111.61200000002282 152940.0 2124.0 13982175.0 11776.0 8000.0
180000.0 190000.0 8103.663999999932 379.2672000000137 219.9446617269934 619.0310000000172 53.4550000000163 54483.0 873.0 9841654.0 8053.0 8000.0
190000.0 200000.0 8051.462999999989 389.7074000000022 211.00584260581942 579.7519999999786 56.12800000002608 58374.0 863.0 10124783.0 7193.0 8000.0
200000.0 210000.0 7690.5449999999255 461.8910000000149 171.97618597644095 733.1600000000326 341.96999999997206 49279.0 781.0 10089578.0 7189.0 8000.0
210000.0 220000.0 2768.806984374998 803.4658906250002 279.6768233523559 999.9939999999478 315.9570000000531 56806.31982734289 918.1022133857397 12010824.09181606 8571.987668455115 8000.0
220000.0 230000.0 6625.110015625134 482.1271406249808 370.95368789939124 991.0540000000037 51.758999999961816 39979.68017265711 639.8977866142603 8111741.90818394 5890.0123315448855 8000.0
230000.0 240000.0 7988.957000000053 402.20859999998936 225.62192647947117 612.1790000000037 66.55099999997765 58922.0 927.0 10271218.0 7306.0 8000.0
240000.0 250000.0 6724.179000000004 545.970166666666 369.3481581789323 999.1300000000047 47.83900000003632 104596.0 1493.0 12261871.0 8730.0 8000.0
250000.0 260000.0 7516.456999999937 496.70860000001267 306.97466966148744 882.4109999999637 55.1480000000447 60628.0 916.0 10203669.0 7271.0 8000.0
260000.0 270000.0 4172.054999999935 832.5635714285808 252.4615759905351 999.1310000000522 295.66399999998976 62572.0 980.0 12241189.0 8748.0 8000.0
270000.0 280000.0 7377.219000000041 524.5561999999918 258.4060936330582 686.9449999999488 65.125 51957.0 799.0 10045071.0 7133.0 8000.0
280000.0 290000.0 8337.975000000093 332.4049999999814 44.24064616954363 398.5019999999786 291.158000000054 48594.0 778.0 9949438.0 7087.0 8000.0
290000.0 300000.0 8090.976000000024 381.80479999999517 199.463893021271 568.4170000000158 53.83299999998417 73185.0 1090.0 10057099.0 8047.0 8000.0
