ts te idle avg_span std_span max_span min_span c_bytes_all c_pkts_all s_bytes_all s_pkts_all video_rate
0.0 10000.0 8702.558730468736 648.720634765632 424.73165688165756 949.05126953125 348.39000000001397 28631.269867658193 421.3496129980655 3539904.3475524834 2831.0076539441557 4400.0
10000.0 20000.0 6957.417269531172 434.6546757812612 193.33976006097672 683.2660000000033 50.941730468766764 86979.7301323418 1314.6503870019346 13850377.652447518 11700.992346055844 6338.461538461538
20000.0 30000.0 7407.199999999953 518.5600000000093 166.93891243055296 722.3709999999846 300.8520000000135 56407.0 939.0 10105943.0 8539.0 8000.0
30000.0 40000.0 6217.721054687514 630.3798242187477 265.51925199064493 939.6689453125 320.01699999999255 59147.10404424475 953.4694536657938 10261783.36754669 8730.349411404692 8000.0
40000.0 50000.0 2833.375945312495 716.6624054687505 413.73501369886526 999.8209999999963 0.0 63477.89595575525 1080.530546334206 11782561.63245331 9940.650588595308 8000.0
50000.0 60000.0 6497.122999999963 583.8128333333394 425.08604234174913 998.8780000000261 61.73200000001816 56960.0 940.0 10194205.0 8631.0 8000.0
60000.0 70000.0 7242.157999999938 551.5684000000125 111.21688522565302 720.670999999973 428.0200000000186 54166.0 916.0 9987596.0 8484.0 8000.0
70000.0 80000.0 7594.977041015634 400.8371598307276 287.6006228617479 636.6560000000172 6.407958984375 47418.28780074559 774.2244074149403 9952430.19415476 7212.982349508775 8000.0
80000.0 90000.0 3865.930966796819 681.5632259114645 368.71507143320633 998.5 63.16700000001583 55418.582158454716 786.1905556703549 9990939.975234544 7233.384984375054 8000.0
90000.0 100000.0 3161.4709628905985 854.8161296386752 309.6813813262957 998.255999999994 93.94600781251211 57772.200760702974 972.2657296954978 11985997.965671044 8744.622824099752 8000.0
100000.0 110000.0 6007.938029296813 665.3436617838646 318.7741476349137 902.2370000000228 42.6749707031413 50748.92928009672 826.3193072192068 9991705.86493965 7272.009842016419 8000.0
110000.0 120000.0 7205.307999999961 558.9384000000078 115.70279580374005 737.7540000000154 424.7619999999879 49770.0 810.0 10110329.0 7299.0 8000.0
120000.0 130000.0 6849.310999999987 630.1378000000026 217.23806384055388 985.2739999999758 415.9110000000219 49307.0 744.0 8970475.0 6499.0 8000.0
130000.0 140000.0 1128.1790351562086 985.7578849826435 36.57186944636248 999.9079999999958 888.31396484375 53169.63980962458 854.3153575620004 10436009.989525752 7554.4983480805495 8000.0
140000.0 150000.0 3696.828964843764 787.8963793945295 288.5319082927559 999.4969999999739 111.6520351562649 53163.36019037542 883.6846424379996 11063189.010474248 8026.5016519194505 8000.0
150000.0 160000.0 8146.871000000043 370.62579999999144 227.7075171150626 673.4710000000196 58.14399999997113 40005.0 616.0 7706042.0 5598.0 8000.0
160000.0 170000.0 8225.987000000081 354.8025999999838 179.4870759547958 528.4039999999804 66.50799999997253 49661.0 798.0 10168991.0 7340.0 8000.0
170000.0 180000.0 7392.108999999997 521.5782000000006 129.36239471037112 630.1500000000233 341.5219999999972 47574.0 777.0 9785129.0 7048.0 8000.0
180000.0 190000.0 5193.17208593752 686.6897020089257 403.64041729207275 999.63400000002 23.09399999998277 52046.494275543526 835.9027389613386 10457624.205030277 7620.263933196089 8000.0
190000.0 200000.0 5708.391914062609 613.0868694196272 391.267145668654 992.9349999999977 45.31400000001304 54568.505724456474 904.0972610386614 11434474.794969723 8283.736066803911 8000.0
200000.0 210000.0 7854.337999999989 429.13240000000224 349.55310842818307 785.4290000000037 48.66500000003725 40749.0 664.0 8328710.0 6026.0 8000.0
210000.0 220000.0 7614.232000000076 477.15359999998475 205.6362817398841 761.0840000000317 287.1809999999823 55572.0 912.0 11834299.0 8553.0 8000.0
220000.0 230000.0 5684.808708984521 616.455898716497 381.1521185448519 999.5409999999683 22.27099999994971 53450.16084519583 845.1806909823663 10304598.67981421 7451.493800403015 8000.0
230000.0 240000.0 2832.5922910155496 716.740770898445 414.2450182355261 999.7530000000261 24.133000000030734 56729.83915480417 932.8193090176337 11698375.32018579 8441.506199596985 8000.0
240000.0 250000.0 5941.268999999971 811.7462000000057 215.77695749360106 986.5339999999851 439.8730000000214 54337.0 844.0 10264179.0 7455.0 8000.0
250000.0 260000.0 6555.137980468804 574.143669921866 343.5706817590559 982.4070000000065 58.51599999994505 54280.83225656753 823.0898745418444 10054591.925182765 7268.465025222775 8000.0
260000.0 270000.0 7711.732019531424 381.37799674476264 289.857825580505 636.3739999999525 19.66798046871554 48710.16774343246 788.9101254581556 10005955.074817235 7234.534974777225 8000.0
270000.0 280000.0 4748.675939453184 750.1891515066881 213.92907942385756 999.0749999999534 469.07400000002235 50563.974586560464 808.81198041107 10087255.068843778 7295.775248999715 8000.0
280000.0 290000.0 2166.544060546905 870.3839932725662 300.18355528945415 999.9989999999525 91.38593945314642 55183.025413439536 928.18801958893 12086225.931156222 8706.224751000285 8000.0
290000.0 300000.0 7914.594999999972 417.0810000000056 367.6417144972861 902.9189999999944 61.30500000005122 38661.0 607.0 7660757.0 5533.0 8000.0
