ts te idle avg_span std_span max_span min_span c_bytes_all c_pkts_all s_bytes_all s_pkts_all video_rate
0.0 10000.0 5719.344685546879 856.1310628906242 252.76974265410576 998.3449999999721 414.497314453125 46794.760522717304 665.2570474308707 4520269.499077071 3140.1731015830746 2766.6666666666665
10000.0 20000.0 6444.7372070311685 444.40784912110394 334.01148193124504 950.5970000000088 70.90500000002794 56564.76947698 886.3622892505532 10626961.80975531 7357.45205495205 5933.333333333333
20000.0 30000.0 4619.066187500022 672.6167265624972 383.1542356595978 999.9670000000042 37.070999999996275 56161.00034781276 921.4257077725845 11056950.30459962 7653.913198255725 8000.0
30000.0 40000.0 6313.797835937468 526.6003091517903 351.9732414943145 999.5810000000056 49.19208007812267 52466.85940368542 799.7316585059649 9857622.940745901 6844.097628524861 8000.0
40000.0 50000.0 7507.326083984284 415.44565266928595 250.5957145849296 834.9000000000233 73.27291601564502 52477.61024880451 834.2232970400269 10532921.445822097 7310.36401668429 8000.0
50000.0 60000.0 5836.841999999946 832.6316000000108 2.610529314151992 835.9000000000233 829.1749999999884 44209.0 674.0 8674459.0 6023.0 8000.0
60000.0 70000.0 5362.191027343739 579.7261215820326 387.02395346025986 986.6410000000033 58.37800000002608 53292.738989613776 841.9148480051088 11071335.849699333 7682.902323921882 8000.0
70000.0 80000.0 5851.992708984355 691.3345485026075 188.49247072641631 933.1689999999944 461.32600000000093 51243.50400790802 746.0590966875556 9475608.82776033 6584.199877684199 8000.0
80000.0 90000.0 8136.854263671907 266.16367661829906 98.29945455915046 339.170999999973 120.95973632810637 55827.7570024782 929.0260553073357 12050416.322540337 8348.897798393918 8000.0
90000.0 100000.0 7675.811000000045 464.837799999991 220.58942898447737 839.7999999999884 328.27899999998044 48705.0 769.0 9930164.0 6887.0 8000.0
100000.0 110000.0 5813.1570000000065 837.3685999999987 1.4304807933011312 839.0939999999828 835.74099999998 46558.0 756.0 10063136.0 6972.0 8000.0
110000.0 120000.0 2705.462009765615 810.5042211371539 329.78876233296154 996.2490000000107 175.864990234375 52370.16688617716 788.7758801183465 10178815.728646964 7058.265321515368 8000.0
120000.0 130000.0 6576.880111328093 489.01712695312955 277.0843786340788 838.0680000000284 99.00500000000466 56050.95129380534 899.9199010978729 11488542.579535615 7970.84859951262 8000.0
130000.0 140000.0 8338.672878906247 276.88785351562547 122.8201586486239 362.25400000001537 33.66112109372625 48864.8818200175 779.3042187837806 10143859.691817421 7032.886078972012 8000.0
140000.0 150000.0 7711.669999999984 457.66600000000324 214.3024286843345 828.3080000000191 330.6359999999986 51060.0 796.0 10438857.0 7230.0 8000.0
150000.0 160000.0 6268.945999999996 621.842333333334 333.87428977366795 843.6080000000075 94.44199999998091 47568.0 763.0 10016319.0 6943.0 8000.0
160000.0 170000.0 3365.751021484495 737.1387753906116 378.4088958291903 990.8119999999763 23.927978515625 51418.7044189006 791.0236378298856 9896101.543818476 6869.751446692283 8000.0
170000.0 180000.0 7198.617005859443 466.8971656900928 160.5934848379337 684.3709999999846 247.39697265625 53031.78030007658 862.3812725279142 10931165.564357717 7578.092973443054 8000.0
180000.0 190000.0 7796.0759726561955 367.3206712239674 216.7600518306493 759.3250000000116 88.22202734375605 52611.515281022825 832.5950896422 10925397.89182381 7573.155579864664 8000.0
190000.0 200000.0 6057.209999999963 657.1316666666729 281.4461442817496 993.0209999999497 322.7420000000275 51076.0 786.0 10295607.0 7141.0 8000.0
200000.0 210000.0 6322.43200000003 612.927999999995 366.99043633207236 854.4329999999609 61.31499999994412 47402.0 774.0 10074700.0 6982.0 8000.0
210000.0 220000.0 4684.605087890523 759.3421303013539 361.4897418708944 976.7129999999888 212.284912109375 54370.81723651649 822.3839765708731 10589620.844710158 7341.868873058335 8000.0
220000.0 230000.0 7828.369912109571 361.9383479817382 68.99767587422961 484.98199999995995 282.76899999997113 52142.18276348351 847.6160234291269 11204020.155289842 7766.131126941664 8000.0
230000.0 240000.0 8152.656000000075 369.4687999999849 74.34411548802531 502.11899999994785 329.33600000001024 49090.0 754.0 9767301.0 6779.0 8000.0
240000.0 250000.0 5773.860999999917 845.2278000000166 17.900810685516735 876.8249999999534 832.7780000000494 50589.0 796.0 10210863.0 7086.0 8000.0
250000.0 260000.0 4913.542066406342 726.6368476562368 328.3534933793483 975.8939999999711 247.48193359375 51231.380048133324 796.9739127939773 10602613.754809605 7347.518555580714 8000.0
260000.0 270000.0 4581.099966797046 774.1285761718506 292.25308292787133 990.9340000000084 246.865966796875 55194.250332513846 873.689587256297 11362295.959446391 7871.43698568945 8000.0
270000.0 280000.0 8008.534966796869 331.91083886718843 140.73969427935478 488.29099999996834 84.04903320316225 49949.36961935283 807.3364999497256 10453825.285744004 7256.044458729836 8000.0
280000.0 290000.0 7848.773999999859 430.24520000002815 77.21909141331835 533.2920000000158 350.28000000002794 50625.0 792.0 10264098.0 7124.0 8000.0
290000.0 300000.0 6301.115000000107 739.7769999999786 231.45070612661567 862.5999999999767 326.2389999999432 49038.0 761.0 9846596.0 6837.0 8000.0
