ts te idle avg_span std_span max_span min_span c_bytes_all c_pkts_all s_bytes_all s_pkts_all videorate
0.0 10000.0 7746.802999999956 563.2992500000109 501.51311735744383 997.0869999999995 59.67300000000978 54241.0 831.0 8407334.0 6759.0 4400.0
10000.0 20000.0 7993.8060000000405 401.2387999999919 203.68727504117896 603.6460000000079 63.820999999996275 47478.0 773.0 8476906.0 7158.0 6800.0
20000.0 30000.0 7964.265000000014 407.1469999999972 197.29974482245404 563.7399999999907 68.00799999997253 51670.0 871.0 9876634.0 8308.0 8000.0
30000.0 40000.0 7806.833000000042 438.6333999999915 68.33442186264506 515.4720000000088 370.420999999973 64064.0 1063.0 11999970.0 10118.0 8000.0
40000.0 50000.0 7598.590999999957 480.2818000000087 264.4456689448617 778.3530000000028 74.51400000002468 68063.0 1116.0 12747403.0 10797.0 8000.0
50000.0 60000.0 7331.206999999995 533.758600000001 243.42660549394165 721.7170000000042 119.69099999999162 57220.0 935.0 11496575.0 9665.0 8000.0
60000.0 70000.0 7850.912000000011 429.81759999999775 235.2038871964141 739.5160000000033 93.81199999997625 51829.0 862.0 10004366.0 8111.0 8000.0
70000.0 80000.0 7737.892000000051 452.42159999998984 234.67061789304765 666.5869999999995 70.94799999997485 52381.0 763.0 9937879.0 7080.0 8000.0
80000.0 90000.0 7625.645000000019 474.8709999999963 108.5204197973665 658.8719999999739 377.75900000002 54864.0 892.0 11635613.0 8289.0 8000.0
90000.0 100000.0 8269.094999999972 346.1810000000056 249.04584432289718 551.4980000000214 69.0800000000163 47478.0 757.0 10179686.0 7238.0 8000.0
100000.0 110000.0 7922.485999999975 415.5028000000049 339.908943713887 836.0669999999809 66.62800000002608 54704.0 855.0 11599717.0 8294.0 8000.0
110000.0 120000.0 8210.262999999977 357.94740000000456 269.64529173212543 707.9500000000116 74.82099999999627 40094.0 592.0 7725870.0 5526.0 8000.0
120000.0 130000.0 7561.472000000009 487.70559999999824 335.23800136364315 999.8069999999716 90.13500000000931 55339.0 890.0 11859762.0 8459.0 8000.0
130000.0 140000.0 8097.205000000016 380.55899999999673 179.87488518828076 544.8429999999935 74.08600000001024 56483.0 925.0 12374778.0 8794.0 8000.0
140000.0 150000.0 8093.3979999999865 381.3204000000027 253.6551513527861 600.8410000000149 99.4780000000028 37550.0 593.0 7790012.0 5576.0 8000.0
150000.0 160000.0 7993.4589999999735 401.3082000000053 214.39757543802634 703.7910000000265 98.57600000000093 48315.0 771.0 10089009.0 7205.0 8000.0
160000.0 170000.0 7916.694000000018 416.6611999999965 206.79141334856834 584.61599999998 76.05900000000838 57473.0 932.0 12390796.0 8822.0 8000.0
170000.0 180000.0 7969.957999999984 406.0084000000032 183.42676301946662 583.515000000014 104.75400000001537 46071.0 732.0 9622192.0 6870.0 8000.0
180000.0 190000.0 7990.245999999985 401.9508000000031 305.72325773271143 660.929999999993 63.39500000001863 58087.0 932.0 12438986.0 8859.0 8000.0
190000.0 200000.0 8156.549999999988 368.6900000000023 169.81417230167267 534.3989999999758 81.86599999997998 49962.0 787.0 10178198.0 7301.0 8000.0
200000.0 210000.0 7907.848999999929 418.43020000001417 227.45954618281607 696.0709999999963 67.78300000005402 51040.0 814.0 10670354.0 7630.0 8000.0
210000.0 220000.0 8162.587000000058 367.48259999998845 172.3501983587735 525.4239999999991 71.86399999994319 39085.0 618.0 8013017.0 5712.0 8000.0
220000.0 230000.0 7679.41399999999 464.1172000000021 267.81348511641795 796.7129999999888 72.4429999999702 60818.0 976.0 12871596.0 9318.0 8000.0
230000.0 240000.0 7612.300999999861 477.53980000002775 254.7228760922434 743.6570000000065 74.8969999999972 54947.0 902.0 12050736.0 8585.0 8000.0
240000.0 250000.0 7962.231000000145 407.5537999999709 262.1445348204047 662.3079999999609 84.46999999997206 47578.0 765.0 9993307.0 7227.0 8000.0
250000.0 260000.0 7929.226999999839 414.15460000003225 200.5936379931055 563.1360000000568 78.3969999999972 48587.0 775.0 10183625.0 7282.0 8000.0
260000.0 270000.0 7978.074000000022 404.3851999999955 201.17799025788227 562.5910000000149 73.26699999999255 47317.0 769.0 10272478.0 7306.0 8000.0
270000.0 280000.0 7893.486999999965 421.3026000000071 189.5117778036756 595.9290000000037 112.3739999999525 48557.0 776.0 10074992.0 7250.0 8000.0
280000.0 290000.0 8082.682000000146 383.46359999997077 296.18866301616174 775.7079999999842 76.07999999995809 62247.0 926.0 12847412.0 9140.0 8000.0
290000.0 300000.0 8126.091999999946 374.7816000000108 278.8098402321755 666.1360000000568 67.58400000003166 47334.0 760.0 9986543.0 7172.0 8000.0
