ts te idle avg_span std_span max_span min_span c_bytes_all c_pkts_all s_bytes_all s_pkts_all videorate
0.0 10000.0 6444.55588671875 888.8610283203125 197.32937682320767 990.6529999999984 592.89111328125 26137.516331838033 504.08688202604964 5151649.854770251 4206.059338316971 4400.0
10000.0 20000.0 5849.195113281257 592.9721266741061 246.22083123235777 995.3989999999976 375.48399999999674 43184.48366816196 1112.9131179739504 12755176.14522975 10429.94066168303 6200.0
20000.0 30000.0 4370.356083984378 703.7054895019528 342.6822853864356 994.3629999999976 48.263916015625 28624.85259228407 712.8214797412728 8063268.5534194615 6557.865787017754 8000.0
30000.0 40000.0 6566.542916015627 572.2428473307288 208.52074508535327 950.5270839843724 410.7130000000034 31866.14740771593 774.1785202587272 8602170.446580539 7029.134212982246 5342.857142857143
40000.0 50000.0 7660.831999999995 467.833600000001 75.14386740979111 554.471000000005 366.26200000000244 34294.0 855.0 9949169.0 8063.0 8000.0
50000.0 60000.0 7105.9330000000045 578.8133999999991 229.16707493507596 906.8509999999951 358.75800000000163 41008.0 1024.0 11956051.0 9692.0 8000.0
60000.0 70000.0 7680.602999999988 463.87940000000236 98.22808640251006 631.054999999993 373.4070000000065 35001.0 873.0 10029285.0 8125.0 8000.0
70000.0 80000.0 7310.184999999998 537.9630000000004 298.4067738247596 867.1260000000038 100.68899999999849 41134.0 1026.0 11821848.0 9652.0 8000.0
80000.0 90000.0 5694.39899999999 717.6001666666683 229.934839828521 998.6410000000033 477.8249999999971 35543.0 893.0 9978818.0 8327.0 8000.0
90000.0 100000.0 6844.822 631.0355999999999 111.16374882037968 769.6110000000044 472.3029999999999 35540.0 890.0 10058168.0 8259.0 8000.0
100000.0 110000.0 8073.049000000014 385.39019999999726 63.160974388462655 495.0069999999978 334.16999999999825 34518.0 862.0 10069475.0 8154.0 8000.0
110000.0 120000.0 7511.013999999996 497.7972000000009 120.64905930714527 693.8239999999932 403.73300000000745 34594.0 865.0 9968550.0 8096.0 8000.0
120000.0 130000.0 7534.680999999982 493.06380000000354 286.14615446166295 821.9150000000081 150.84500000000116 35348.0 873.0 10153666.0 8265.0 8000.0
130000.0 140000.0 8159.0899999999965 368.1820000000007 24.97162207387196 380.7250000000058 323.5769999999902 34347.0 857.0 10021485.0 8111.0 8000.0
140000.0 150000.0 7991.822000000015 401.63559999999705 90.49652810909109 546.1179999999877 318.5249999999942 40325.0 1005.0 11898945.0 9634.0 8000.0
150000.0 160000.0 7679.2300000000105 464.1539999999979 125.19628330945515 614.0860000000102 352.72099999999045 34349.0 855.0 9846657.0 8015.0 8000.0
160000.0 170000.0 7634.043999999994 473.1912000000011 92.40601923955393 612.5320000000065 383.304999999993 34880.0 873.0 10158824.0 8228.0 8000.0
170000.0 180000.0 7654.481999999989 469.1036000000022 96.54961203857965 630.2930000000051 375.98099999999977 34635.0 858.0 9917609.0 8033.0 8000.0
180000.0 190000.0 7612.051000000007 477.58979999999866 102.27961285222511 651.6000000000058 397.6719999999914 34377.0 856.0 10054276.0 8150.0 8000.0
190000.0 200000.0 7142.4009999999835 571.5198000000033 196.20328746278372 784.9280000000144 380.91399999998976 42310.0 1042.0 11984023.0 9698.0 8000.0
200000.0 210000.0 7874.660999999993 425.06780000000145 48.88503361663552 483.0469999999914 370.69200000001 34219.0 851.0 9929183.0 8039.0 8000.0
210000.0 220000.0 5384.757964843768 659.3202907366046 333.0073365469681 998.9539999999979 11.68603515625 35541.30297800799 877.057402637395 9998317.584381187 8194.545325055253 8000.0
220000.0 230000.0 6768.34003515626 538.6099941406234 333.8500832701732 976.6329648437386 88.01199999998789 32833.69702199201 835.942597362605 9710060.41561881 7891.454674944748 8000.0
230000.0 240000.0 6001.77999999997 666.370000000005 265.10272844088314 999.9860000000044 425.9910000000091 41991.0 1053.0 12149797.0 9876.0 8000.0
240000.0 250000.0 7177.875 564.425 182.67761907797936 827.4029999999912 400.5229999999865 35048.0 871.0 10008364.0 8150.0 8000.0
250000.0 260000.0 7314.56799999997 537.0864000000059 312.4620352471742 826.2870000000112 70.04999999998836 34306.0 854.0 9984580.0 8100.0 8000.0
260000.0 270000.0 6301.0139999999665 739.7972000000067 151.5872123983382 885.8520000000135 533.2270000000135 42026.0 1046.0 12032009.0 9804.0 8000.0
270000.0 280000.0 6913.879000000015 617.2241999999969 326.3841902929733 976.8470000000088 96.16800000000512 35592.0 890.0 10062837.0 8305.0 8000.0
280000.0 290000.0 5479.463999999978 753.4226666666704 195.93171416763587 999.6570000000065 589.8649999999907 35938.0 901.0 9911103.0 8157.0 8000.0
290000.0 300000.0 6842.328999999969 631.5342000000062 147.9251292823512 885.7820000000065 515.2760000000126 35192.0 876.0 9864427.0 7986.0 8000.0
