ts te idle avg_span std_span max_span min_span c_bytes_all c_pkts_all s_bytes_all s_pkts_all videorate
0.0 10000.0 7065.300000000047 733.6749999999884 244.7796029996483 999.9319999999716 406.6809999999823 62649.0 998.0 9334200.0 7613.0 4400.0
10000.0 20000.0 8072.420999999973 385.5158000000054 201.80598685048736 621.755999999994 68.09200000000419 49413.0 801.0 8839727.0 7494.0 7400.0
20000.0 30000.0 7960.476999999955 407.90460000000894 243.51366298690735 710.6280000000261 55.161000000021886 56731.0 919.0 9932361.0 8491.0 8000.0
30000.0 40000.0 6674.483000000007 665.1033999999985 173.85075714184651 857.8169999999809 417.49300000001676 65110.0 1099.0 12328649.0 10448.0 8000.0
40000.0 50000.0 6938.430999999982 612.3138000000035 172.71372841409865 831.0590000000084 426.1689999999944 55860.0 916.0 10088845.0 8560.0 8000.0
50000.0 60000.0 7193.799000000057 561.2401999999886 183.27348547375587 884.8329999999842 445.36599999998 55949.0 914.0 10067473.0 8560.0 8000.0
60000.0 70000.0 8023.190000000002 395.3619999999995 326.0970739634327 734.7480000000214 58.9199999999837 54997.0 908.0 10532968.0 8656.0 8000.0
70000.0 80000.0 7569.314000000013 486.1371999999974 257.441081499643 729.929999999993 59.36099999997532 56459.0 897.0 11739114.0 8462.0 8000.0
80000.0 90000.0 8303.835999999952 339.2328000000096 280.7599836091255 643.6630000000005 56.40100000001257 43660.0 639.0 8068912.0 5832.0 8000.0
90000.0 100000.0 7653.520000000019 469.2959999999963 237.79276891128765 671.4699999999721 66.99499999999534 57985.0 937.0 12182996.0 8829.0 8000.0
100000.0 110000.0 7845.031000000017 430.99379999999655 213.81668229045212 576.4290000000037 57.27600000001257 49905.0 804.0 10686551.0 7734.0 8000.0
110000.0 120000.0 7994.191999999981 401.16160000000383 317.3531711804725 735.3369999999995 63.60800000000745 39297.0 607.0 8044873.0 5778.0 8000.0
120000.0 130000.0 7637.670000000042 590.5824999999895 138.90808387442746 720.5289999999804 400.25 63384.0 1031.0 13680391.0 9818.0 8000.0
130000.0 140000.0 7382.017999999982 523.5964000000037 348.18812155688533 967.8240000000224 61.79599999997299 40368.0 646.0 8283310.0 5965.0 8000.0
140000.0 150000.0 7888.320000000007 422.3359999999986 342.6716021448246 783.2679999999818 62.68800000002375 54434.0 896.0 12006784.0 8580.0 8000.0
150000.0 160000.0 8004.869999999995 399.0260000000009 244.40299332965895 746.6699999999837 56.60899999999674 47725.0 773.0 10092279.0 7251.0 8000.0
160000.0 170000.0 7514.329999999958 497.13400000000837 114.54758055278603 659.1259999999893 351.2860000000219 45917.0 747.0 9867145.0 7170.0 8000.0
170000.0 180000.0 7132.5929999999935 573.4814000000013 178.80230222313855 763.0509999999776 365.5690000000177 57121.0 929.0 12276657.0 8771.0 8000.0
180000.0 190000.0 7934.426999999967 413.1146000000066 348.42120458762787 820.5989999999874 50.73800000001211 49774.0 778.0 9875868.0 7117.0 8000.0
190000.0 200000.0 6951.162000000011 508.1396666666648 390.2768700851518 992.320000000007 16.379000000015367 49402.0 812.0 10560651.0 7709.0 8000.0
200000.0 210000.0 8082.435999999987 383.5128000000026 224.30059262671864 699.2909999999683 68.54399999999441 48928.0 775.0 9990338.0 7179.0 8000.0
210000.0 220000.0 7629.671999999904 474.0656000000192 243.8086367201032 686.5400000000373 69.20999999996275 47210.0 764.0 10101396.0 7236.0 8000.0
220000.0 230000.0 8037.892000000109 392.4215999999782 365.90492757451386 894.545999999973 56.34199999994598 47584.0 762.0 10174178.0 7261.0 8000.0
230000.0 240000.0 8005.558999999892 398.8882000000216 237.95791970577042 653.4170000000158 57.03300000005402 54654.0 895.0 11871325.0 8549.0 8000.0
240000.0 250000.0 8002.761000000057 399.44779999998866 227.4663019475495 643.841999999946 63.462999999988824 38412.0 618.0 8052586.0 5767.0 8000.0
250000.0 260000.0 8270.418999999994 345.91620000000114 286.73035842442 641.0540000000037 53.802000000025146 46590.0 728.0 9694797.0 6980.0 8000.0
260000.0 270000.0 7589.162999999942 482.1674000000115 239.62720621686626 662.4120000000112 60.711000000010245 56485.0 922.0 12104447.0 8758.0 8000.0
270000.0 280000.0 8303.390999999945 339.32180000001097 183.98820766209766 524.14300000004 56.72199999995064 46563.0 756.0 9954477.0 7201.0 8000.0
280000.0 290000.0 7867.949000000022 426.41019999999554 221.0555265803031 629.4869999999646 64.11300000001211 56434.0 929.0 12294721.0 8838.0 8000.0
290000.0 300000.0 8341.76500000013 331.6469999999739 275.0668339576725 644.1049999999814 59.773999999975786 46801.0 756.0 9964167.0 7194.0 8000.0
