ts te idle avg_span std_span max_span min_span c_bytes_all c_pkts_all s_bytes_all s_pkts_all videorate
0.0 10000.0 8039.975890624977 980.0120546875114 26.83462500624142 998.9870000000228 961.037109375 15262.823729572443 161.86884748857597 1206427.287208661 842.1836642491951 4400.0
10000.0 20000.0 6103.6291679687565 432.93009244791597 393.517482884339 999.9670000000042 16.256890624994412 84319.20986267082 1417.2029641527204 14359864.741449563 11797.782103454696 5900.0
20000.0 30000.0 1582.3848378905677 841.7615162109432 232.56393348361883 999.7380000000121 480.07600000000093 58332.27826287077 983.7149818525759 10850948.212613937 9105.480442780341 8000.0
30000.0 40000.0 7062.44210351567 489.5929827473883 264.3501457371722 817.685999999987 61.40999999997439 57843.68814488597 985.2132065061278 10811735.758727841 9065.553789515769 8000.0
40000.0 50000.0 7671.049999999988 465.79000000000235 160.14833345527677 738.9980000000214 334.875 53428.0 896.0 10064268.0 8439.0 8000.0
50000.0 60000.0 7540.84493750002 409.85917708333 164.76257873706197 621.7459999999846 117.6640625 57089.27882820834 965.0075276472593 10819377.43247143 9089.97907521755 8000.0
60000.0 70000.0 7008.696062499948 498.5506562500086 128.766853246031 633.6390000000247 330.9230000000098 60644.72117179166 1018.9924723527407 11378762.56752857 9551.02092478245 8000.0
70000.0 80000.0 2111.9359121093876 876.4515653211791 195.88993832841524 999.9110000000219 520.340087890625 45031.33413717148 716.7464281083974 9320564.108362626 6617.786615670599 8000.0
80000.0 90000.0 4435.842087890662 794.8797017299055 190.10432769550906 998.560999999987 427.650912109355 49297.66586282852 819.2535718916026 10665247.891637374 7564.213384329401 8000.0
90000.0 100000.0 7476.262999999977 504.7474000000046 170.0528707352596 806.4220000000205 397.06400000001304 48105.0 787.0 10149233.0 7199.0 8000.0
100000.0 110000.0 7343.482117187465 442.7529804687559 238.56150814038352 788.0970000000088 112.0048828125 47905.91723318704 778.1737545674183 11387057.808248876 8069.599903608541 8000.0
110000.0 120000.0 7264.294882812421 547.1410234375159 92.40313694514337 614.6080000000075 409.5800000000163 46321.08276681296 754.8262454325817 9836119.191751124 6976.400096391459 8000.0
120000.0 130000.0 2161.710744140728 870.921028428808 223.70868087000713 999.3319999999949 463.687255859375 52348.27198522756 847.8943383664609 10990294.907923153 7814.715183101835 8000.0
130000.0 140000.0 5207.474255859386 684.6465348772306 268.9723493130825 991.7579999999725 321.2050000000163 49905.72801477244 841.1056616335391 10942714.092076847 7770.284816898165 8000.0
140000.0 150000.0 7926.7179999999935 414.6564000000013 198.61956630025696 766.890000000014 291.35700000001816 45015.0 730.0 9666659.0 6867.0 8000.0
150000.0 160000.0 7716.219050781219 380.6301582031301 158.1646313938579 607.0760000000009 112.64794921875 48941.54853568047 808.088801385494 10756855.506329844 7645.026007976385 8000.0
160000.0 170000.0 5747.878029296931 607.4459958147241 178.20221836349378 962.7789999999804 386.8539999999921 49135.90733814172 791.9277173335842 10474773.341165988 7438.08255471227 8000.0
170000.0 180000.0 1794.9609628906474 820.5039037109352 258.3071301151789 999.9510000000009 407.45899999997346 48043.82130117062 797.2490702177219 10451223.155831184 7437.425281558545 8000.0
180000.0 190000.0 5607.090957031178 732.1515071614704 235.1773381535566 974.1560000000172 408.56400000001304 48037.7228250072 805.7344110632 10297090.996672984 7303.4661557528 8000.0
190000.0 200000.0 7916.728000000061 416.6543999999878 69.97749299452767 503.8649999999907 340.4089999999851 48089.0 800.0 10534536.0 7461.0 8000.0
200000.0 210000.0 7669.415923828143 388.4306793619762 176.71343726518356 619.7979999999516 115.778076171875 47570.10434121871 778.7014022448003 10148208.15972648 7197.485865917456 8000.0
210000.0 220000.0 6210.997185546905 541.2861163504422 268.4449910284539 957.9749999999767 62.59600000001956 51581.275174396425 845.3436455467846 10953245.210927337 7805.523878500404 8000.0
220000.0 230000.0 2843.05189062492 795.2164565972312 347.23305580565955 999.9980000000214 24.236000000033528 49436.62048438487 833.9549522084151 10955767.62934618 7776.99025558214 8000.0
230000.0 240000.0 6256.974999999977 748.6050000000047 224.4937309960147 940.3000000000466 499.48199999995995 46546.0 764.0 9777306.0 6940.0 8000.0
240000.0 250000.0 7001.7630507814465 499.70615820309223 215.6837763100004 688.98199999996 112.77294921875 48633.44913876098 801.8983965710271 10399586.290186819 7390.718367996253 8000.0
250000.0 260000.0 7052.72968359373 491.21171940104495 193.06147621719933 622.533000000054 114.197265625 46489.130691349215 763.9146210078283 9926574.955738688 7064.141476271554 8000.0
260000.0 270000.0 4435.177986328141 618.313557074651 302.495617857296 990.5620000000345 75.17900000000373 50664.269961857746 824.8942462934175 10795495.393209523 7680.352400826684 8000.0
270000.0 280000.0 5476.079279296799 646.274388671886 334.77748635925303 989.0820000000531 26.317999999970198 49652.150208032064 835.2927361277272 10978696.36086497 7809.787754905509 8000.0
280000.0 290000.0 7288.611999999965 542.277600000007 194.0134998223352 758.4150000000373 369.11699999996927 46155.0 756.0 10041397.0 7140.0 8000.0
