ts te idle avg_span std_span max_span min_span c_bytes_all c_pkts_all s_bytes_all s_pkts_all videorate
0.0 10000.0 8463.104886718793 384.2237783203018 413.22060315354844 998.3719999999739 106.01799999998184 61347.86779624193 992.7830014503496 8224758.722553502 6433.978751812937 4400.0
10000.0 20000.0 6615.873113281268 564.0211477864553 224.9200836004604 820.8250000000116 290.97200000000885 59749.13220375807 906.2169985496504 10073058.277446497 8456.021248187062 6457.142857142857
20000.0 30000.0 5520.648919921892 746.5585133463513 193.40960775754527 896.132080078125 358.8209999999963 63385.80000661407 1061.100768496502 11848776.861402985 9935.976510373457 8000.0
30000.0 40000.0 3361.3440800781245 737.628435546875 350.07809017409244 999.9419999999809 103.83891992189456 54535.19999338593 844.8992315034981 9123104.138597015 7662.023489626542 8000.0
40000.0 50000.0 7377.7639999999665 437.0393333333389 312.29401683841263 997.9220000000205 66.91200000001118 54940.0 902.0 9989573.0 8380.0 8000.0
50000.0 60000.0 8212.68399999995 357.46320000001 82.39933186136537 492.4180000000051 302.1940000000177 57138.0 943.0 10434142.0 8745.0 8000.0
60000.0 70000.0 6687.885000000009 552.0191666666651 370.02486414532234 978.7920000000158 53.39100000000326 52459.0 860.0 9987797.0 8121.0 8000.0
70000.0 80000.0 5784.150101562496 702.641649739584 270.923162669687 826.1130000000121 149.9208984375 50810.75278990265 824.86691555167 10621683.812016284 7535.368009094106 8000.0
80000.0 90000.0 3993.088898437447 667.4345668402837 405.54999897753385 999.9789999999921 50.19900000002235 55097.24721009735 895.13308444833 11561722.187983718 8194.631990905895 8000.0
90000.0 100000.0 7969.188999999955 406.162200000009 84.57640601965625 508.55200000002515 315.20000000001164 49319.0 788.0 10120156.0 7188.0 8000.0
100000.0 110000.0 8352.255999999994 329.5488000000012 21.653874323101952 362.6010000000242 302.89299999998184 47533.0 760.0 9864397.0 6997.0 8000.0
110000.0 120000.0 6967.615999999922 606.4768000000156 280.35192898249 817.6170000000275 292.65500000002794 47942.0 772.0 10081014.0 7144.0 8000.0
120000.0 130000.0 6689.6799609375885 551.720006510402 340.45582469959345 895.2900390625 52.478000000002794 49426.829466663265 762.8027901826425 10038825.152748443 7103.802790182643 8000.0
130000.0 140000.0 2990.0460390624357 778.8837734375071 320.230909341559 992.9749999999767 36.761960937525146 59694.170533336735 951.1972098173574 12131611.847251557 8603.197209817357 8000.0
140000.0 150000.0 7821.215999999957 435.75680000000864 72.64797117402401 492.9670000000042 335.71999999997206 48225.0 789.0 10063904.0 7148.0 8000.0
150000.0 160000.0 7827.373000000021 434.5253999999957 216.72499289721205 821.36599999998 318.1049999999814 48477.0 769.0 9975152.0 7076.0 8000.0
160000.0 170000.0 6411.366999999969 717.7266000000061 214.78859963648733 822.1500000000233 333.64199999999255 48381.0 761.0 10095788.0 7160.0 8000.0
170000.0 180000.0 4160.700900390628 834.1855856584817 220.09716812949497 999.9880000000121 366.8159999999916 58944.12427338844 900.1443919502855 11801900.416146452 8365.4659478497 8000.0
180000.0 190000.0 3977.451099609374 752.8186125488282 343.7721956047219 999.8879999999772 98.06890039064456 50920.87572661156 803.8556080497145 10290190.583853548 7303.534052150299 8000.0
190000.0 200000.0 7760.408999999985 447.91820000000297 175.88909812207208 704.2069999999949 306.6800000000512 49357.0 749.0 9745527.0 6914.0 8000.0
200000.0 210000.0 8314.767999999924 337.0464000000153 16.178995419978794 346.84600000001956 308.70900000003166 47866.0 756.0 9789179.0 6937.0 8000.0
210000.0 220000.0 5832.767099609366 694.5388167317724 276.7100576155633 823.0280000000494 130.097900390625 53782.97677430026 863.3023840141977 11127951.72811563 7894.967324590094 8000.0
220000.0 230000.0 2998.958603515639 777.8934884982623 388.82074551912456 999.5230000000447 61.929000000003725 54613.95620095909 872.4423656440134 11925823.043348482 8453.22345843499 8000.0
230000.0 240000.0 7023.549296875135 496.0751171874775 293.6689030677701 981.4889999999432 118.91570312494878 48861.06702474065 775.2552503417888 10191296.228535889 7227.809216974916 8000.0
240000.0 250000.0 8388.763999999966 322.2472000000067 14.470473599710688 340.0130000000354 303.9120000000112 47532.0 774.0 9999209.0 7092.0 8000.0
250000.0 260000.0 7775.3739999999525 444.9252000000095 213.69983192949252 818.0069999999832 303.90300000004936 48598.0 769.0 10001155.0 7090.0 8000.0
260000.0 270000.0 5589.038888671785 735.1601852213693 236.48192461332698 897.964111328125 257.48100000002887 54680.31846912638 891.6175475929762 11582213.375899246 8211.003326027865 8000.0
270000.0 280000.0 3048.355039062677 772.4049956597025 406.0440979843661 999.9939999999478 22.317999999970198 46871.80114365654 736.7314541018594 9584142.8339634 6804.119738116376 8000.0
280000.0 290000.0 5315.629072265583 585.5463659668021 361.3076215385103 999.8710000000428 127.23192773433402 50924.880387217076 826.6509983051644 10689128.790137354 7587.876935855758 8000.0
290000.0 300000.0 8109.532999999938 378.0934000000125 96.06411925532427 545.9710000000196 310.20900000003166 47986.0 772.0 10010051.0 7100.0 8000.0
