ts te idle avg_span std_span max_span min_span c_bytes_all c_pkts_all s_bytes_all s_pkts_all videorate
0.0 10000.0 7582.337916015647 604.4155209960882 336.452822270273 999.9839999999967 218.986083984375 101068.90836533962 1384.642596291768 9740844.892301112 6814.604842482925 5054.545454545455
10000.0 20000.0 7919.79206054681 346.7013232421984 90.65515670300289 454.30200000002515 218.8740234375 51033.41105811652 840.5137109811594 10859543.451767324 7563.345237725457 8000.0
20000.0 30000.0 8540.269087890629 243.2884853515619 150.25954636490857 394.6230000000214 53.570999999996275 46308.26243145907 699.0516528484951 7530758.388952922 5264.5466189012795 8000.0
30000.0 40000.0 7592.311677734426 401.2813870442624 178.70101542347066 740.1809999999823 217.7392578125 84708.38521537077 1304.3088356657968 13768320.569541005 9623.06799136955 8000.0
40000.0 50000.0 8146.992214843689 308.8346308593852 198.2561252195221 569.579000000027 48.93300000001909 66001.90813371104 1006.3238147926919 9964985.35320835 6937.823151407504 8000.0
50000.0 60000.0 7947.724019531277 342.04599674478715 90.34393125528032 425.42800000001444 219.1240234375 47184.22568464132 761.6368741433356 9832165.402340107 6866.020889831916 8000.0
60000.0 70000.0 8200.764123046829 299.87264615886187 274.8281948723288 713.9629999999888 61.2050000000163 89421.76820198532 1313.9938468060645 9902530.266638087 6883.757121888695 8000.0
70000.0 80000.0 7924.66595312499 345.8890078125017 109.26797825655696 542.1620000000112 218.470947265625 53010.92305120868 812.2109607710587 10022553.599466346 6950.646998642275 8000.0
80000.0 90000.0 7756.650957031292 373.89150716145133 209.22028236347595 585.2359999999753 64.19500000000698 92207.45750677054 1343.603243256101 11954432.143131925 8345.256566341384 8000.0
90000.0 100000.0 7585.214890624979 402.4641848958369 113.78689280253172 567.8580000000075 219.152099609375 54199.78576032341 873.6748640229198 10428393.314157289 7324.554184146877 8000.0
100000.0 110000.0 7736.999812499969 377.1666979166718 156.30144324441264 580.9880000000121 175.45190039061708 51074.97883854426 838.8632747010707 9898408.477578815 6964.781775799242 8000.0
110000.0 120000.0 8159.316351562506 306.78060807291575 147.9355050398816 444.945000000007 54.25099999998929 42932.29390579171 682.199755292247 8641381.1113467 6013.465675314917 8000.0
120000.0 130000.0 8115.87501953129 314.0208300781184 58.56190954235323 403.2870000000112 220.138916015625 59292.88313180249 952.4364660976307 11945742.794095151 8313.748114779717 8000.0
130000.0 140000.0 8281.503666015633 286.41605566406116 214.06481650014445 621.9560000000056 65.85508398438105 49027.18151679006 778.2699100541959 9627545.98629394 6708.367693521815 8000.0
140000.0 150000.0 8349.212335937482 275.131277343753 80.7688498832176 344.4679999999935 137.65675000002375 50412.11388716879 819.7490442955961 10299481.340859775 7192.069263030984 8000.0
150000.0 160000.0 7878.895011718792 353.51749804686796 83.74570687420423 476.45408593752654 219.02490234375 61511.01760498048 996.8012629014357 11333274.856636705 7983.857743616396 8000.0
160000.0 170000.0 7966.093933593773 338.98434440103784 113.39705212237094 441.9349999999977 208.52709765627515 49134.91100375901 800.3431783574487 10602346.304967487 7359.972586556247 8000.0
170000.0 180000.0 7551.862056640675 349.73399190847493 442.0542526242245 995.5389999999898 32.14199999999255 57418.94033890666 846.0698032946166 8431940.725405289 5878.393281134187 8000.0
180000.0 190000.0 7136.619871093717 477.23002148438053 232.89525666539333 897.4859999999753 219.092041015625 77918.1754565491 1203.58322750563 13671683.599666623 9487.989744146293 8000.0
190000.0 200000.0 8518.014931640588 246.99751139323538 193.67524265160273 513.7399999999907 51.29700000002049 52339.802168074246 795.5517107917069 8417137.62358262 5856.747332298967 8000.0
200000.0 210000.0 8168.8542050782125 305.1909658202979 245.3868682160879 619.9279999999562 50.22199999995064 109426.5608899366 1423.680323634705 9638204.359325558 6729.439103271726 8000.0
210000.0 220000.0 7617.622904296964 397.0628492838393 317.424205587016 899.280999999959 64.08600000001024 88890.1058487703 1245.4916434943257 10624811.43873687 7409.544083791647 8000.0
220000.0 230000.0 6995.3699511718005 500.7716748046999 346.1637562100378 999.9200000000419 61.01100000005681 109763.1198691148 1608.5929299695026 13020650.458001548 10949.25775974167 8000.0
230000.0 240000.0 7741.31904882798 376.4468251953367 186.18987064987772 612.3310000000056 56.08700000005774 54422.8801308852 902.4070700304973 9568028.541998452 8127.74224025833 8000.0
240000.0 250000.0 7702.554056640598 459.4891886718804 153.29758111620558 635.8170000000391 219.241943359375 70896.63690426416 1114.2192023269072 10619121.849129422 8922.157371175002 8000.0
250000.0 260000.0 8091.841943359352 318.0263427734414 210.23195694039745 555.0520000000251 58.16299999994226 75445.36309573584 1106.7807976730928 9538346.150870577 8035.8426288249975 8000.0
260000.0 270000.0 8570.189906250103 285.96201874997934 246.55602343783244 579.3279999999795 50.71699999994598 145685.5718192152 1778.4651576098358 9466234.446311137 7964.96446767413 8000.0
270000.0 280000.0 7681.296191406203 386.45063476563274 164.70348670720745 596.9640000000363 218.52490234375 95064.827201694 1474.4915507078058 13001538.056165555 10710.54269794871 8000.0
280000.0 290000.0 7927.461943359231 345.4230094401282 203.3781927742556 567.4300000000512 48.65700000000652 66214.83357799421 990.5391149923169 10358088.883738134 7376.996417357354 8000.0
290000.0 300000.0 8159.705994140822 306.71566764319624 172.32453324699352 485.83499999996275 57.38899999996647 42864.148752683264 674.4102817367549 8446519.56751125 5991.4006304797 8000.0
