ts te idle avg_span std_span max_span min_span c_bytes_all c_pkts_all s_bytes_all s_pkts_all video_rate
0.0 10000.0 8070.251119140623 643.2496269531257 424.9221793865623 996.4660000000003 171.70500000000175 16003.783928036417 260.0453114447548 2297886.2240868113 1949.8815810611939 4400.0
10000.0 20000.0 3339.0159902343657 740.1093344184038 294.3049288033941 998.3340000000026 236.4131191406268 54176.140196958484 1396.18629612446 15502616.032755392 12891.894081895565 5900.0
20000.0 30000.0 5823.978849609375 596.5744500558036 333.9110369915215 967.3669999999984 21.073109375000058 37813.740984225115 970.435269182981 11037762.549049433 8975.765504053341 8000.0
30000.0 40000.0 5500.686041015622 642.7591369977682 350.07687450216343 999.2289999999994 92.09300000000076 38874.33489077999 990.3331232478043 11114336.194108363 9071.4588329899 8000.0
40000.0 50000.0 5610.03899999999 548.7451250000013 417.8355166697725 999.6739999999991 32.95200000000477 35764.0 909.0 9951405.0 8100.0 8000.0
50000.0 60000.0 7469.356 506.12880000000007 307.63421755015855 795.9499999999971 56.67200000000594 34845.0 882.0 10067768.0 8140.0 8000.0
60000.0 70000.0 5367.855896484383 772.0240172526028 192.16214911716804 999.9499999999971 515.631103515625 41527.864653973425 1051.6032103781 11749129.786618143 9563.27751724898 8000.0
70000.0 80000.0 7772.589103515609 371.2351494140651 345.60919075760523 769.275999999998 42.222896484381636 28363.135346026575 716.3967896219001 8198397.213381857 6650.722482751021 8000.0
80000.0 90000.0 5406.431113281244 765.5948144531261 202.36653185968336 993.0770000000048 515.48388671875 42118.86509344328 1057.122766334772 12032286.46842179 9836.725071613748 8000.0
90000.0 100000.0 1792.1147792968695 820.7885220703131 227.57721665931905 996.9279999999999 474.95311328125536 38347.13953437665 981.2818201292217 10988221.157262687 8994.917248940374 8000.0
100000.0 110000.0 6125.504107421875 553.4994132254463 284.79665096063775 984.9089999999997 48.54099999999744 32089.995372180067 808.5954135360064 9038386.374315523 7453.357679445877 8000.0
110000.0 120000.0 5320.234000000026 668.5379999999963 329.80428118102617 999.7049999999872 58.203999999997905 34599.0 879.0 9934078.0 8139.0 8000.0
120000.0 130000.0 7041.3399999999965 493.1100000000006 350.5843708724113 979.0290000000095 45.12299999999232 35924.0 912.0 10176819.0 8332.0 8000.0
130000.0 140000.0 4810.896000000037 864.8506666666605 169.56853818284964 999.8520000000135 606.435999999987 42212.0 1074.0 11899693.0 9647.0 8000.0
140000.0 150000.0 4907.913884765585 727.4408736049164 235.12957993789058 996.0450000000128 405.5659999999916 34554.73382648072 878.7867456507684 9764548.97083498 7984.575636246839 8000.0
150000.0 160000.0 7054.942115234386 490.84298079426907 381.39354672557033 949.43299999999 59.52388476562919 42035.26617351928 1054.2132543492316 12102060.029165022 9843.424363753162 8000.0
160000.0 170000.0 6251.479017578124 624.7534970703127 331.5546912412574 997.9700000000012 114.62100000001374 33249.38605082437 841.4560731045897 9374302.544422152 7612.141468457571 8000.0
170000.0 180000.0 7583.865982421878 402.6890029296871 221.21069967283034 609.5689999999886 55.64499999998952 30575.613949175633 774.5439268954103 8716178.455577848 7099.858531542429 8000.0
180000.0 190000.0 4686.383999999962 759.0880000000054 286.5127161127998 998.0130000000063 405.0350000000035 41303.0 1041.0 11928863.0 9677.0 8000.0
190000.0 200000.0 6515.931000000011 696.8137999999977 150.4902051470454 883.1900000000023 533.2740000000049 35430.0 898.0 10090637.0 8277.0 8000.0
200000.0 210000.0 5490.338078125002 751.6103203124998 201.74776691650177 999.880999999994 541.794921875 41730.14733279188 1059.253544464873 11692092.437544053 9491.759074362712 8000.0
210000.0 220000.0 6359.336841796874 606.7771930338544 274.84473977550397 823.2259999999951 81.29807812499348 35153.18523252117 894.815060691348 9761809.653945323 7987.750264070283 8000.0
220000.0 230000.0 6734.525058593776 544.2458235677041 216.14585916884704 798.4210000000021 154.9589199218608 36413.4928012832 927.8181374610105 10333435.768256292 8445.789024839569 8000.0
230000.0 240000.0 4301.64111328125 712.2948608398438 414.4864176178348 999.9459999999963 88.2229785156378 34971.23325578793 890.4084751493128 9537154.19386777 7691.132890329807 8000.0
240000.0 250000.0 5229.6485878905805 681.4787731584885 248.06487015643097 998.460000000021 307.9530917968659 39723.56232323428 1002.6696469000137 11230146.077539047 9149.945504312389 8000.0
250000.0 260000.0 6767.527378906205 538.7454368489658 301.0887647406506 882.1780000000144 104.44500000000698 31599.103955099505 801.7066398906481 8785586.825652916 7130.547952042268 8000.0
260000.0 270000.0 5018.546033203136 553.4948851996515 327.8155794931389 985.1930000000284 106.83699999999953 40078.93152656816 1009.1734920033311 11312539.730760526 9236.862445083045 8000.0
270000.0 280000.0 6166.200908203085 638.9665152994858 175.71755377277574 813.5320000000065 319.89209179684985 36477.34357271388 920.1550034394627 10432262.312434074 8500.21284495993 8000.0
280000.0 290000.0 1798.905974609428 820.1094025390572 284.16824011131365 999.890000000014 280.9459999999963 38246.00611363137 966.838157269676 10653255.257499278 8774.384108406377 8000.0
