ts te idle avg_span std_span max_span min_span c_bytes_all c_pkts_all s_bytes_all s_pkts_all video_rate
0.0 10000.0 6730.602888671856 817.349277832036 341.7520818971732 994.1610000000219 304.839111328125 59392.099754815565 909.7665335965395 9173196.705209224 7478.996104083891 4400.0
10000.0 20000.0 7445.403111328138 425.766148111977 315.62536188336907 789.9780000000028 68.15200000000186 54456.900245184435 927.2334664034605 10278117.294790776 8692.00389591611 8000.0
20000.0 30000.0 5165.80700000003 690.5989999999957 370.9304413718766 994.1880000000237 53.52600000001257 55577.0 913.0 9948342.0 8429.0 8000.0
30000.0 40000.0 4770.051000000036 871.6581666666607 97.16121491299118 985.304999999993 744.1759999999776 68836.0 1159.0 12545208.0 10766.0 8000.0
40000.0 50000.0 6585.844000000041 682.8311999999918 178.28897504669558 893.1510000000126 530.8819999999832 51883.0 855.0 9310157.0 7931.0 8000.0
50000.0 60000.0 6630.0380000000005 561.6603333333333 365.44916052150563 999.9220000000205 105.00099999998929 57075.0 936.0 10425062.0 8850.0 8000.0
60000.0 70000.0 7543.426999999967 491.31460000000664 397.5753453677897 906.6120000000228 69.25199999997858 45108.0 734.0 7929128.0 6753.0 8000.0
70000.0 80000.0 5020.212999999989 711.3981428571444 455.5262144393737 999.9419999999809 27.911000000021886 54020.0 867.0 11230990.0 8176.0 8000.0
80000.0 90000.0 6892.182999999961 621.5634000000078 313.97364210678717 874.9170000000158 102.06400000001304 62784.0 992.0 12627888.0 9207.0 8000.0
90000.0 100000.0 7031.285000000033 593.7429999999935 301.80167387542133 883.8780000000261 135.7729999999865 46484.0 735.0 9499641.0 6860.0 8000.0
100000.0 110000.0 7585.450000000012 482.9099999999977 379.54955004387267 888.3260000000009 94.49099999997998 48212.0 780.0 10147583.0 7359.0 8000.0
110000.0 120000.0 5365.63308593753 662.0524162946385 343.6396312912248 999.4569999999949 105.87400000001071 53665.9178266692 844.2955264738757 10687632.584481865 7765.22854451834 8000.0
120000.0 130000.0 6644.239914062491 559.2933476562515 303.21108425130717 828.5630000000237 23.288000000000466 50511.0821733308 844.7044735261243 10884553.415518135 7946.77145548166 8000.0
130000.0 140000.0 6653.222999999998 669.3554000000004 129.32940789433368 866.6479999999865 532.8429999999935 48445.0 794.0 10274610.0 7444.0 8000.0
140000.0 150000.0 7336.080000000016 532.7839999999967 252.76582170361593 794.0599999999977 110.49099999997998 46555.0 758.0 9862724.0 7175.0 8000.0
150000.0 160000.0 7812.963999999978 437.40720000000437 335.63279140109694 875.3219999999856 75.02500000002328 40311.0 633.0 8110023.0 5908.0 8000.0
160000.0 170000.0 6622.835999999952 562.8606666666747 376.66239952014814 999.8730000000214 116.86599999997998 65972.0 1065.0 13792916.0 9981.0 8000.0
170000.0 180000.0 4408.886999999988 798.7304285714303 310.9389511071567 995.6570000000065 114.76600000000326 40670.0 657.0 8255073.0 6008.0 8000.0
180000.0 190000.0 7401.843999999983 519.6312000000034 384.30499861007746 982.8099999999977 116.66600000002654 48111.0 766.0 9780929.0 7063.0 8000.0
190000.0 200000.0 7394.657999999996 521.0684000000008 397.1258937639154 889.9830000000075 69.51300000003539 48743.0 768.0 9970537.0 7198.0 8000.0
200000.0 210000.0 6541.048000000068 691.7903999999864 126.01901428871501 894.8819999999832 572.4969999999739 58796.0 944.0 12196977.0 8830.0 8000.0
210000.0 220000.0 7528.827999999863 494.2344000000274 266.6395885353356 705.4020000000019 50.46200000005774 48124.0 774.0 9670673.0 7019.0 8000.0
220000.0 230000.0 8078.527999999933 384.2944000000134 312.45185504378946 715.6380000000354 58.84799999999814 38665.0 566.0 7238915.0 5272.0 6560.0
230000.0 240000.0 6500.1720058594365 583.3046656900939 214.88881168613514 997.155999999959 440.045999999973 68483.11844349359 1095.2640068349208 14110469.717571987 10234.665393708467 8000.0
240000.0 250000.0 7606.551994140609 398.9080009765651 305.11415817535027 839.734000000055 76.51800000004005 49093.88155650642 779.7359931650792 10118016.282428015 7322.334606291533 8000.0
250000.0 260000.0 7285.398999999976 542.9202000000048 288.0296352542613 802.9279999999562 63.930999999982305 48012.0 779.0 9988021.0 7271.0 8000.0
260000.0 270000.0 4643.513000000035 765.2124285714235 373.1449336825451 996.7260000000242 0.0 55930.0 906.0 11802279.0 8528.0 8000.0
270000.0 280000.0 6454.87200000009 590.8546666666516 416.8943958230607 999.8919999999925 16.60999999998603 48225.0 790.0 10208208.0 7407.0 8000.0
280000.0 290000.0 7110.890000000014 577.8219999999972 279.09616680991576 790.9189999999944 107.00800000003073 49578.0 795.0 10042187.0 7284.0 8000.0
290000.0 300000.0 7192.958999999915 561.4082000000169 282.85848253979066 887.2900000000373 114.35499999998137 46840.0 766.0 9972624.0 7173.0 8000.0
