ts te idle avg_span std_span max_span min_span c_bytes_all c_pkts_all s_bytes_all s_pkts_all videorate
0.0 10000.0 6641.221933593741 839.6945166015648 162.02672017179378 979.3240000000224 656.51806640625 56354.41746545071 870.1186711001341 8436653.851180453 6800.715409968975 4400.0
10000.0 20000.0 6390.399066406186 515.6572762276877 370.5415109305489 980.454000000027 28.07400000002235 56593.58253454929 902.8813288998659 10005930.148819547 8408.284590031026 6971.428571428572
20000.0 30000.0 4791.554000000004 651.0557499999995 389.4486756787429 987.8589999999967 25.097000000008848 51470.0 750.0 8374840.0 7049.0 8000.0
30000.0 40000.0 6665.061999999976 666.9876000000047 336.1773050531385 923.25 102.24800000002142 66329.0 1104.0 12704828.0 10636.0 8000.0
40000.0 50000.0 6906.570000000007 618.6859999999986 85.6986411735915 770.5709999999963 562.5779999999795 53493.0 900.0 10070718.0 8461.0 8000.0
50000.0 60000.0 7219.627000000037 556.0745999999926 310.8031796174203 850.539999999979 102.12699999997858 54997.0 913.0 10244861.0 8615.0 8000.0
60000.0 70000.0 5326.097000000009 778.9838333333319 212.42676746248728 988.9199999999837 521.710000000021 52641.0 882.0 9924776.0 8080.0 8000.0
70000.0 80000.0 3815.703999999969 883.4708571428616 157.68937768962866 984.9810000000289 541.7320000000182 55879.0 917.0 12007446.0 8541.0 8000.0
80000.0 90000.0 6648.199999999953 558.633333333341 407.61383483667123 999.9739999999874 46.13900000002468 39148.0 630.0 7998975.0 5701.0 8000.0
90000.0 100000.0 7263.271999999997 547.3456000000006 123.32638147736566 738.369000000006 405.9880000000121 56089.0 921.0 12076846.0 8578.0 8000.0
100000.0 110000.0 7317.244999999995 536.551000000001 256.05958216007707 754.8759999999893 96.26400000002468 47915.0 768.0 10009372.0 7125.0 8000.0
110000.0 120000.0 7611.626999999979 477.67460000000426 78.94639383974263 574.4290000000037 365.9220000000205 48801.0 778.0 10109578.0 7187.0 8000.0
120000.0 130000.0 5365.199882812507 772.4666861979155 373.72423442616116 990.5989999999874 24.79700000002049 54606.90005566129 894.1056469743794 11742078.290094865 8361.40803048396 8000.0
130000.0 140000.0 5115.818220703106 610.5227224121118 467.2164215753696 999.2889999999898 47.72888281248743 38632.879584822396 592.1426763135624 7751751.097574683 5519.7398892235 8000.0
140000.0 150000.0 5178.947896484402 602.6315129394497 353.0391396058278 997.7490000000107 59.62810351559892 55442.220359516316 883.7516767120582 11395016.612330452 8147.8520802925395 8000.0
150000.0 160000.0 7184.412000000011 563.1175999999978 55.70319473602316 624.4089999999851 502.2239999999874 45952.0 746.0 9852373.0 7100.0 8000.0
160000.0 170000.0 6452.171000000031 591.3048333333281 370.98881675729035 978.2170000000042 31.353999999992084 49546.0 785.0 10373116.0 7376.0 8000.0
170000.0 180000.0 6578.042000000016 570.3263333333307 391.1185242566132 990.0030000000261 111.92800000001444 48130.0 770.0 10104332.0 7186.0 8000.0
180000.0 190000.0 8099.15200000006 380.169599999988 213.22182969104966 683.3069999999716 93.24099999997998 53829.0 881.0 11778986.0 8365.0 8000.0
190000.0 200000.0 8251.780999999959 349.6438000000082 258.97527996064974 614.6149999999907 70.02700000000186 50488.0 738.0 9660732.0 6879.0 8000.0
200000.0 210000.0 7563.827000000165 487.23459999996703 79.06333721011903 594.8009999999776 376.6929999999702 49167.0 803.0 10395734.0 7416.0 8000.0
210000.0 220000.0 3207.8139999998966 849.0232500000129 334.48458479737866 997.4810000000289 25.90700000000652 48394.0 787.0 10221130.0 7290.0 8000.0
220000.0 230000.0 4946.233000000124 721.9667142856966 311.71731003515623 997.7469999999739 125.02000000001863 55757.0 913.0 11942205.0 8522.0 8000.0
230000.0 240000.0 6702.672000000137 549.5546666666438 314.17511975756025 999.984999999986 31.86399999994319 47126.0 763.0 10189884.0 7262.0 8000.0
240000.0 250000.0 7420.440999999875 515.911800000025 256.1125332870042 755.3549999999814 108.43500000005588 48273.0 780.0 10087054.0 7167.0 8000.0
250000.0 260000.0 7420.1179999999 515.9764000000199 111.2364337831757 632.5990000000456 378.7530000000261 47439.0 772.0 10209354.0 7254.0 8000.0
260000.0 270000.0 3330.4169999998994 833.6978750000126 345.953935215345 1000.0 0.0 57305.0 932.0 11884745.0 8489.0 8000.0
270000.0 280000.0 4312.916000000085 947.8473333333192 61.48588568989157 998.719000000041 831.640999999945 46774.0 745.0 9781521.0 6966.0 8000.0
280000.0 290000.0 8135.33899999992 372.932200000016 252.7480012783397 654.1450000000186 65.23800000001211 39654.0 605.0 7867459.0 5611.0 8000.0
290000.0 300000.0 7946.9220000000205 410.6155999999959 355.49548306453636 919.0860000000102 66.55200000002515 58747.0 929.0 12291567.0 8721.0 8000.0
