ts te idle avg_span std_span max_span min_span c_bytes_all c_pkts_all s_bytes_all s_pkts_all video_rate
0.0 10000.0 8350.410000000033 824.7949999999837 233.83596989771667 990.1419999999925 659.4479999999749 15478.0 191.0 1344768.0 941.0 4400.0
10000.0 20000.0 3396.038011718774 825.4952485351532 342.2632520114871 999.7779999999912 0.0 93359.49786965238 1573.1975129399325 15748806.609437726 10945.898189471238 5900.0
20000.0 30000.0 6446.574988281296 592.2375019531173 235.7876143318085 797.3499999999767 181.78301171876956 61183.502130347624 1089.8024870600673 10558271.390562274 7357.101810528762 8000.0
30000.0 40000.0 7614.028894531308 397.6618509114487 243.31266327213143 743.6489999999758 12.18310546875 57287.18450859205 926.6156418643739 10116905.77234206 7018.343953394054 8000.0
40000.0 50000.0 6591.758105468762 486.89169921874833 245.90400089591168 986.2629999999772 250.81500000000233 63471.81549140795 1042.3843581356261 11943037.22765794 8279.656046605945 8000.0
50000.0 60000.0 6055.448000000033 657.4253333333278 339.6358411579531 998.3300000000163 193.26799999998184 53637.0 902.0 10177203.0 7061.0 8000.0
60000.0 70000.0 2383.600000000035 952.0499999999956 65.7734915470202 999.9739999999874 805.7280000000028 69630.0 1215.0 10274607.0 7199.0 8000.0
70000.0 80000.0 6950.479990234366 508.25333496093907 376.08310471063163 941.005999999994 14.510009765625 60879.99494419047 965.1901482641796 10240792.439060278 7122.106508028553 8000.0
80000.0 90000.0 7900.901009765628 419.8197980468743 306.25893352549826 806.6180000000168 68.32299999997485 52695.00505580953 864.8098517358205 10100191.560939722 7014.893491971447 8000.0
90000.0 100000.0 6651.621999999974 669.6756000000053 106.51217404973416 763.3780000000261 486.6140000000014 53388.0 867.0 9811931.0 6817.0 8000.0
100000.0 110000.0 2335.58901562501 851.60122048611 306.8916315352541 999.9949999999953 55.95100000000093 71522.85845465468 1193.698428262496 11948821.321716731 8325.449760286243 8000.0
110000.0 120000.0 4851.367984374985 735.5188593750021 435.67167210270367 999.6699999999837 25.070000000006985 42769.14154534532 720.3015717375039 8137874.678283269 5647.550239713758 8000.0
120000.0 130000.0 6591.804718750063 568.0325468749894 339.86358192853004 971.664999999979 10.36328125 59751.35883285304 1024.9345748414567 12098873.010626616 8391.260882671384 8000.0
130000.0 140000.0 8232.282259765605 294.6196233723992 152.2218918966158 442.66771875001723 14.572021484375 51886.9003694143 865.467718757917 10147297.313337091 7039.34543648275 8000.0
140000.0 150000.0 6669.685960937524 555.0523398437459 159.96576945860627 699.9099999999744 357.6659785156371 60397.62889847549 1009.7408623518887 11437435.635158367 7947.442618515924 8000.0
150000.0 160000.0 6106.721060546872 486.65986743164103 329.9417946394886 999.7700000000186 77.75599999999395 69701.11189925717 1223.8568440487377 10875642.040877923 7607.951062329943 8000.0
160000.0 170000.0 4298.917000000016 814.4404285714263 358.9922289460028 999.9349999999977 19.59299999999348 58305.0 995.0 10040965.0 6981.0 8000.0
170000.0 180000.0 7380.127998046926 436.64533365884563 241.0900745421403 728.9319999999716 12.802001953125 56890.8750560371 966.164284346747 10160307.390092013 7066.153089933662 8000.0
180000.0 190000.0 7110.864898437518 481.5225169270804 264.34045055692883 802.8580000000075 75.84399999998277 58680.84990548775 983.9970665250578 11516851.727562174 7991.812800110284 8000.0
190000.0 200000.0 7241.73410351557 551.653179296886 224.2512917884229 752.5039999999572 226.57989648438524 44736.275038475156 746.8386491281952 8570014.882345814 5953.034109956054 8000.0
200000.0 210000.0 2139.57874609367 873.3801393229255 323.10703810060966 999.2970000000205 19.71999999997206 66858.8725803999 1122.5710483730013 11697509.769525804 8141.881886144492 8000.0
210000.0 220000.0 4979.21025390632 717.2556780133829 305.0728153775273 975.7610000000568 89.36074609379284 57231.1274196001 986.4289516269987 10085865.230474196 7018.118113855508 8000.0
220000.0 230000.0 6897.381999999983 517.1030000000028 307.8206649034453 828.0300000000279 9.875 56436.29411590987 944.71472905228 10186561.18303953 7082.3604678921 8000.0
230000.0 240000.0 7253.8620429687435 457.6896595052094 120.93919104820311 675.0969999999506 345.1689999999944 62756.13123546117 1057.952859512861 11761657.044441838 8163.106509706053 8000.0
240000.0 250000.0 6360.195671874913 454.9755410156358 342.7165314158464 950.7410000000382 95.29000000003725 53209.262014741296 843.6432458318623 9069458.037067115 6309.568648032159 8000.0
250000.0 260000.0 1601.358306640759 839.8641693359241 293.29730794432777 999.9329999999609 150.17471484374255 57332.81605496599 950.3021007570563 10355333.770991806 7187.615765009259 8000.0
260000.0 270000.0 5115.417978515616 697.7974316406263 318.10667583580556 999.8449999999721 132.8330214844318 71616.49657892168 1203.3870648459404 10301296.964459714 7197.348609360429 8000.0
270000.0 280000.0 7180.5216914063785 469.91305143227027 253.72236035983858 662.6319999999832 11.09130859375 54564.56170556827 896.0030933243609 10216675.175957473 7315.804613961611 8000.0
280000.0 290000.0 6746.465353515698 542.2557744140504 121.90171676616323 699.6729999999516 364.91299999994226 60229.36631999639 1012.6439554690367 11442813.870201614 9618.8932439276 8000.0
290000.0 300000.0 5211.394970702939 684.0864327567231 412.79075891158675 999.0060000000522 26.18700000003446 56093.64405017905 936.3885789012467 10622672.358364515 8898.69415216709 8000.0
