ts te idle avg_span std_span max_span min_span c_bytes_all c_pkts_all s_bytes_all s_pkts_all videorate
0.0 10000.0 7932.427999999956 689.1906666666813 298.43018409058044 989.9810000000289 393.17800000001444 92516.0 1238.0 9169370.0 6401.0 4400.0
10000.0 20000.0 4507.465999999957 686.5667500000054 379.2945430705158 996.4139999999898 35.60899999999674 47485.0 756.0 9862228.0 6862.0 8000.0
20000.0 30000.0 5024.588000000047 710.7731428571361 376.18015805615266 990.9500000000116 89.33899999997811 56629.0 917.0 11960885.0 8328.0 8000.0
30000.0 40000.0 5670.329000000027 721.6118333333288 252.9165899536216 992.3580000000075 312.57199999998556 50154.0 789.0 10340051.0 7200.0 8000.0
40000.0 50000.0 8412.475000000035 317.504999999993 132.44426124409975 495.84499999997206 192.64500000001863 45828.0 715.0 9387704.0 6535.0 8000.0
50000.0 60000.0 5689.085000000021 718.4858333333299 189.42683676968485 973.3369999999995 422.46899999998277 48456.0 786.0 10207649.0 7114.0 8000.0
60000.0 70000.0 4817.533058593748 740.3524202008931 248.47786734938512 980.8460000000196 244.67599999997765 51029.68709424185 813.7290573876412 10469751.984107979 7286.593586081462 8000.0
70000.0 80000.0 5234.617941406264 595.672757324217 399.2541683387342 997.5530000000144 62.18105859373463 46728.31290575814 759.2709426123588 9795518.015892021 6838.406413918538 8000.0
80000.0 90000.0 6608.06799999997 678.386400000006 110.37900167965384 853.2989999999991 584.8510000000242 63076.0 977.0 12280289.0 8556.0 8000.0
90000.0 100000.0 8338.417000000016 332.3165999999968 50.195480506700996 387.96899999998277 255.7150000000256 50434.0 782.0 10217552.0 7108.0 8000.0
100000.0 110000.0 7427.554000000004 514.4891999999993 124.82849211499241 622.0140000000247 374.9099999999744 48952.0 747.0 9759410.0 6792.0 8000.0
110000.0 120000.0 5535.813999999955 558.0232500000056 474.89942360876177 999.5489999999991 52.45400000002701 48730.0 762.0 10045702.0 6998.0 8000.0
120000.0 130000.0 4366.001923828153 804.8568680245496 349.50430262641856 999.5370000000112 44.61599999997998 56908.0498733831 926.5507782311837 12109226.858440137 8426.962623514471 8000.0
130000.0 140000.0 7555.868076171959 407.35532063800684 251.56324856917095 711.5239999999758 72.40192382811802 48110.9501266169 775.4492217688163 9870199.141559863 6893.037376485528 8000.0
140000.0 150000.0 7721.5320000000065 455.6935999999987 160.743769992178 638.1410000000033 283.2260000000242 48867.0 736.0 9800253.0 6825.0 8000.0
150000.0 160000.0 5964.064999999944 672.6558333333427 340.6064146439041 987.5970000000088 56.99099999997998 48339.0 759.0 10091308.0 7021.0 8000.0
160000.0 170000.0 3713.052000000025 898.135428571425 235.84123800687314 999.9859999999753 364.15600000001723 48227.0 792.0 10017176.0 6991.0 8000.0
170000.0 180000.0 4698.737000000081 757.3232857142741 262.43951121336505 994.8260000000009 252.420999999973 56538.0 900.0 11937310.0 8311.0 8000.0
180000.0 190000.0 8287.63300000003 342.47339999999383 190.9654716795629 568.0109999999986 75.90200000000186 72300.0 960.0 10010187.0 6983.0 8000.0
190000.0 200000.0 7869.685999999987 426.0628000000026 149.33415945856 628.9719999999506 265.14100000000326 49010.0 778.0 10091016.0 7037.0 8000.0
200000.0 210000.0 7109.217000000062 481.79716666665627 244.5493817750718 645.0169999999925 99.90099999995437 46854.0 767.0 9974687.0 6957.0 8000.0
210000.0 220000.0 5162.269894531346 691.1043007812362 422.46833174887905 999.8739999999525 22.974999999976717 57848.97747646016 768.9777588932628 9922752.783550074 6923.490862738009 8000.0
220000.0 230000.0 5112.158062499948 698.2631339285789 293.71262761726246 999.9510000000009 92.92989453126211 56089.3810839525 908.6534660230225 12078334.153386088 8407.547365323107 8000.0
230000.0 240000.0 7235.835042968742 460.6941595052097 248.64217637790176 772.9139999999898 48.77995703124907 53059.641439587336 811.3687750837147 10231436.063063838 7137.961771938883 8000.0
240000.0 250000.0 7449.697999999975 510.060400000005 152.93843277216578 634.9549999999581 257.5799999999581 48361.0 763.0 9956868.0 6929.0 8000.0
250000.0 260000.0 6457.407097656163 590.4321503906394 190.66127955360727 906.77490234375 321.71200000005774 50091.13649978051 788.5552520266597 10095392.081864579 7061.682322876185 8000.0
260000.0 270000.0 4216.220902343746 642.642121961806 463.5057290701459 998.3469999999506 0.0 59087.86350021949 951.4447479733403 11970996.91813542 8365.317677123814 8000.0
270000.0 280000.0 6470.579999999842 705.8840000000316 86.02221779575892 834.51800000004 592.2530000000261 47814.0 754.0 9966241.0 6932.0 8000.0
280000.0 290000.0 7523.741999999853 495.25160000002944 160.02856565096454 658.3270000000484 238.78700000001118 50160.0 790.0 10078153.0 7034.0 8000.0
