ts te idle avg_span std_span max_span min_span c_bytes_all c_pkts_all s_bytes_all s_pkts_all video_rate
0.0 10000.0 8285.235999999975 571.5880000000083 472.3541329140774 995.7480000000214 62.54899999999907 65000.0 958.0 7973634.0 5614.0 4400.0
10000.0 20000.0 7529.784999999974 494.0430000000051 51.49439253452957 574.6130000000121 449.3400000000256 49227.0 775.0 9839561.0 6859.0 6971.428571428572
20000.0 30000.0 7694.213999999978 461.15720000000437 202.71257792055718 682.5599999999977 129.65100000001257 55876.0 909.0 10496026.0 7340.0 8000.0
30000.0 40000.0 7348.723999999987 530.2552000000026 114.0018331769316 732.3250000000116 455.31400000001304 59279.0 973.0 11983371.0 8376.0 8000.0
40000.0 50000.0 7445.533000000054 510.8933999999892 250.10435467281474 792.7980000000098 109.33899999997811 49370.0 814.0 9829696.0 6929.0 8000.0
50000.0 60000.0 7428.418000000005 514.316399999999 249.51154069461958 792.619000000006 109.76699999999255 49270.0 800.0 10022848.0 7017.0 8000.0
60000.0 70000.0 7297.273999999976 540.5452000000048 281.3769805966648 814.8400000000256 104.50300000002608 47417.0 773.0 9980684.0 6966.0 8000.0
70000.0 80000.0 7879.363000000012 424.1273999999976 201.04098533208204 644.9749999999767 107.87800000002608 49368.0 808.0 9812189.0 6898.0 8000.0
80000.0 90000.0 7771.2089999999735 445.75820000000533 22.62741051690058 483.35700000001816 422.85899999999674 50634.0 828.0 10099519.0 7077.0 8000.0
90000.0 100000.0 7040.0010000000475 493.33316666665877 417.25246644036184 996.3090000000084 60.40700000000652 84371.0 1225.0 10139968.0 7090.0 8000.0
100000.0 110000.0 7926.292000000016 414.7415999999968 306.3241012372481 773.0750000000116 97.83799999998882 48015.0 776.0 9887033.0 6891.0 8000.0
110000.0 120000.0 7663.146999999997 467.37060000000054 331.8092152929323 726.460000000021 103.09899999998743 57996.0 950.0 11957073.0 8355.0 8000.0
120000.0 130000.0 8208.655000000028 358.26899999999443 284.9896505945473 661.5659999999916 67.23999999999069 81603.0 1085.0 8118932.0 5686.0 8000.0
130000.0 140000.0 7436.599999999977 427.2333333333372 418.0825007008403 999.9720000000088 39.164999999979045 64201.0 1041.0 11928332.0 8342.0 8000.0
140000.0 150000.0 6756.225999999966 540.6290000000057 419.5269717045633 997.9330000000191 66.20400000002701 60367.0 976.0 11974831.0 8332.0 8000.0
150000.0 160000.0 7466.191999999981 506.7616000000038 242.13611549973092 791.2999999999884 128.77700000000186 48454.0 783.0 10036990.0 7011.0 8000.0
160000.0 170000.0 7543.739999999991 491.2520000000019 270.10842918724524 778.6120000000228 65.40200000000186 47275.0 767.0 9887978.0 6891.0 8000.0
170000.0 180000.0 8422.163000000059 315.56739999998825 242.28064996674095 602.7700000000186 61.62699999997858 43423.0 708.0 8019992.0 5660.0 8000.0
180000.0 190000.0 7715.472000000009 456.90559999999823 278.26602085918034 837.9729999999981 88.79399999999441 64687.0 1049.0 12150813.0 8492.0 8000.0
190000.0 200000.0 7155.863999999943 568.8272000000113 302.88463958443424 904.7999999999884 105.16700000001583 60879.0 999.0 11899574.0 8391.0 8000.0
200000.0 210000.0 7459.251999999979 508.1496000000043 263.6555878448114 793.6949999999488 79.0910000000149 57009.0 952.0 10216042.0 7305.0 8000.0
210000.0 220000.0 7780.6410000000615 443.87179999998773 215.45916688020196 611.9880000000121 70.81999999994878 38413.0 617.0 7937621.0 5546.0 8000.0
220000.0 230000.0 6844.525999999954 631.0948000000092 137.400172355048 863.9949999999953 537.4520000000484 79800.0 1313.0 14274630.0 10058.0 8000.0
230000.0 240000.0 7077.787999999942 584.4424000000115 347.7713351389231 953.6570000000065 83.18599999998696 57274.0 918.0 10172771.0 7220.0 8000.0
240000.0 250000.0 7505.587999999872 415.7353333333546 384.9180506937535 998.7460000000428 81.23499999998603 62274.0 972.0 9947513.0 6977.0 8000.0
250000.0 260000.0 8295.963000000105 340.80739999997894 283.9631902523717 739.170999999973 64.17299999995157 43358.0 691.0 8050889.0 5664.0 8000.0
260000.0 270000.0 7388.926999999909 522.2146000000182 273.8399100757848 841.8980000000447 98.00199999997858 57335.0 931.0 11928092.0 8320.0 8000.0
270000.0 280000.0 7118.65399999998 576.2692000000039 175.598768722054 803.6419999999925 387.80099999997765 58498.0 970.0 12105730.0 8456.0 8000.0
280000.0 290000.0 7980.719999999972 403.85600000000557 306.741051246843 792.1670000000158 67.31299999996554 29589.0 464.0 5914588.0 4146.0 8000.0
290000.0 300000.0 7416.542000000016 516.6915999999968 265.412393756965 833.1169999999693 106.07799999997951 57836.0 948.0 12025865.0 8397.0 8000.0
