ts te idle avg_span std_span max_span min_span c_bytes_all c_pkts_all s_bytes_all s_pkts_all videorate
0.0 10000.0 7757.5669609375 747.4776796875 235.45975642085475 974.494999999999 504.39800000000105 26608.562431902643 219.85165135731185 1785306.1606033905 1435.3676955833566 1523.0
10000.0 20000.0 5543.914039062496 636.5837087053577 328.00909395166883 931.3949999999968 235.60396093750023 55449.43756809736 865.1483486426881 10362941.839396609 8183.632304416643 4966.4
20000.0 30000.0 8286.898000000008 342.6203999999983 173.42381190251638 482.54099999999744 51.88300000000163 46206.0 823.0 9967801.0 7839.0 8000.0
30000.0 40000.0 8392.581999999995 321.48360000000105 32.98468323025126 358.75800000000163 290.7850000000035 47561.0 818.0 9976637.0 7845.0 8000.0
40000.0 50000.0 8211.979999999996 357.60400000000084 91.17652660361813 516.6030000000028 294.5709999999963 56241.0 973.0 11796132.0 9287.0 8000.0
50000.0 60000.0 7892.337000000014 421.53259999999716 58.65238475799377 493.7179999999935 355.62600000000384 49063.0 844.0 10163146.0 7998.0 8000.0
60000.0 70000.0 7361.577000000005 527.684599999999 147.12326094911137 730.9590000000026 336.1849999999977 49954.0 848.0 10055825.0 7925.0 8000.0
70000.0 80000.0 7794.623999999996 441.0752000000008 208.35803764721913 720.5409999999974 245.33699999999953 47500.0 825.0 9912066.0 7800.0 8000.0
80000.0 90000.0 7841.481 431.70380000000006 108.25601940399926 570.9309999999969 333.88700000000244 48328.0 824.0 9954605.0 7827.0 8000.0
90000.0 100000.0 8168.474000000002 366.3051999999996 60.21982407148022 454.1319999999978 299.78399999999965 55782.0 977.0 12012391.0 9450.0 8000.0
100000.0 110000.0 7930.119000000006 413.9761999999988 191.58723572357522 754.6180000000022 296.31699999999546 49478.0 823.0 9946032.0 7827.0 8000.0
110000.0 120000.0 8251.14499999999 349.7710000000021 22.56720533207719 374.10599999999977 313.554999999993 48891.0 843.0 10072057.0 7922.0 8000.0
120000.0 130000.0 8042.937000000005 391.4125999999989 114.64843044411755 595.0599999999977 318.4910000000091 49305.0 850.0 9951178.0 7821.0 8000.0
130000.0 140000.0 7868.205000000016 426.35899999999674 233.0288303579567 839.7049999999872 272.6790000000037 47441.0 826.0 9949300.0 7845.0 8000.0
140000.0 150000.0 8053.962999999989 389.2074000000022 66.0331128056206 486.28800000000047 307.1710000000021 56651.0 989.0 12033292.0 9442.0 8000.0
150000.0 160000.0 8084.706999999995 383.05860000000104 64.68513407499753 438.1140000000014 281.1689999999944 46747.0 809.0 9717810.0 7670.0 8000.0
160000.0 170000.0 8418.918999999965 316.21620000000695 177.8103090703684 561.1780000000144 60.83300000001327 46836.0 811.0 9885911.0 7791.0 8000.0
170000.0 180000.0 8172.006999999983 365.59860000000333 78.56234270820154 451.39000000001397 268.72200000000885 47951.0 815.0 9816479.0 7748.0 8000.0
180000.0 190000.0 7377.078000000009 524.5843999999983 151.46047770391706 785.9379999999946 411.4310000000114 57133.0 1004.0 12071968.0 9485.0 8000.0
190000.0 200000.0 5340.6020000000135 776.566333333331 271.0885035383594 999.4379999999946 358.6149999999907 47725.0 829.0 9805330.0 7732.0 8000.0
200000.0 210000.0 8117.347000000009 376.53059999999823 69.87334544231176 494.68700000000536 314.0789999999979 48182.0 837.0 9942781.0 7808.0 8000.0
210000.0 220000.0 8036.625 392.675 49.83030243737053 451.5480000000098 340.58600000001024 49091.0 845.0 10100323.0 7934.0 8000.0
220000.0 230000.0 8243.744000000006 351.2511999999988 63.53399248590889 462.9109999999928 306.33699999999953 46143.0 800.0 9703906.0 7634.0 8000.0
230000.0 240000.0 7791.713000000018 441.6573999999964 125.82674548282209 639.2669999999925 310.445000000007 57526.0 987.0 11867515.0 9327.0 8000.0
240000.0 250000.0 7206.826611328113 418.36714285714385 301.29530384514453 999.9259999999776 82.5690000000177 50491.0 840.0 9982682.0 7861.0 8000.0
250000.0 260000.0 7735.994000000006 452.8011999999988 90.48979846757504 580.5580000000191 331.795999999973 47717.0 829.0 9864253.0 7790.0 8000.0
260000.0 270000.0 8022.994999999937 395.4010000000126 214.2411147970909 593.5630000000237 60.367000000027474 47795.0 830.0 10016413.0 7905.0 8000.0
270000.0 280000.0 7784.580999999947 443.0838000000105 95.01029279872134 611.2880000000005 378.90500000002794 48273.0 811.0 9729761.0 7696.0 8000.0
280000.0 290000.0 7569.341000000073 486.1317999999854 182.61703771746318 787.054999999993 331.42499999998836 57812.0 1021.0 12248267.0 9691.0 8000.0
290000.0 300000.0 8233.902000000002 353.2195999999996 15.935761161599627 365.81099999998696 332.11800000001676 46293.0 799.0 9692792.0 7648.0 8000.0
