ts te idle avg_span std_span max_span min_span c_bytes_all c_pkts_all s_bytes_all s_pkts_all videorate
0.0 10000.0 8189.982681640628 603.3391061197908 351.53668763245713 999.5629999999983 328.85299999999916 24898.608089965015 483.71915223189364 5002570.808164679 4071.6878077378205 4400.0
10000.0 20000.0 4166.580318359374 729.1774602050782 269.55299676270977 999.9049999999988 247.04000000000087 46523.39191003499 1209.2808477681065 13903180.191835321 11321.31219226218 6800.0
20000.0 30000.0 7027.559099609374 495.40681673177096 258.905685472962 806.7580000000016 135.097900390625 34955.56985513445 881.996866568937 10257484.82509296 8282.579064293208 8000.0
30000.0 40000.0 6056.623853515623 657.2293577473962 262.7017333954464 803.2350000000006 135.748046875 27302.08557292323 662.3839186843861 7450544.321879854 6025.4065180351245 8000.0
40000.0 50000.0 3082.8470468749874 768.5725503472236 375.19493518921564 999.9689999999973 27.97400000000198 32437.34457194232 812.6192147466769 9451675.853027184 7629.014417671667 8000.0
50000.0 60000.0 6701.082999999984 659.7834000000032 85.6430552601904 777.5850000000064 545.0920000000042 40356.0 1008.0 11699757.0 9459.0 8000.0
60000.0 70000.0 7767.5210000000225 446.4957999999955 180.25224260796207 682.8659999999945 282.4759999999951 33461.0 839.0 9779788.0 7892.0 8000.0
70000.0 80000.0 7164.0487265625125 472.6585455729146 236.6620332933085 733.5639999999985 134.9052734375 35567.7325349178 895.3468573505907 10340191.103353024 8335.23817849763 8000.0
80000.0 90000.0 6347.65027343751 521.7642466517843 260.85466833587975 793.2160000000003 64.55599999999686 39785.2674650822 997.6531426494093 11559034.896646976 9316.76182150237 8000.0
90000.0 100000.0 556.2109179687541 944.3789082031246 169.35461680214766 999.9679999999935 462.43408203125 30136.643481868377 745.8692187161091 8637300.197295547 6968.223121419298 8000.0
100000.0 110000.0 7583.2450820312515 402.79248632812477 236.9777607025766 731.7350000000006 26.823000000003958 30185.356518131623 766.1307812838909 8980335.802704453 7245.776878580702 8000.0
110000.0 120000.0 4285.9100000000035 816.2985714285709 247.0607598809452 999.9610000000102 434.0540000000037 40356.0 1015.0 11754765.0 9482.0 8000.0
120000.0 130000.0 7166.026720703114 472.32887988281436 235.71636503816046 706.4280000000144 133.061279296875 35531.47870987102 895.0808810188796 10405591.598563755 8393.57713152114 8000.0
130000.0 140000.0 4511.35037304688 784.0928038504456 218.2679385985319 999.9530000000086 477.00390625 36021.94417663196 897.2152804943644 10549649.97435908 8500.79670260003 8000.0
140000.0 150000.0 1406.1579472656595 859.3842052734341 225.3563323328832 999.994000000006 482.907958984375 33221.93431514008 835.747391298742 9611439.820080278 7751.45435517844 8000.0
150000.0 160000.0 7139.5589589843585 476.7401735026069 232.94810006187757 729.6600000000035 50.13200000001234 37644.64279835694 957.9564471880141 11018574.606996885 8879.17181070039 8000.0
160000.0 170000.0 7212.719999999972 557.4560000000056 204.5103953287006 854.3770000000077 361.30100000000675 34281.0 865.0 9920970.0 8025.0 8000.0
170000.0 180000.0 7651.275000000023 469.74499999999534 131.15963239313172 702.0320000000065 381.0650000000023 34389.0 865.0 10067430.0 8131.0 8000.0
180000.0 190000.0 3015.164000000019 873.1044999999976 227.21466569618488 999.810999999987 400.6389999999956 35275.0 877.0 10021637.0 8091.0 8000.0
190000.0 200000.0 7252.56799999997 457.9053333333383 284.7145369963885 865.4010000000126 84.16500000000815 40771.0 1026.0 11913844.0 9608.0 8000.0
200000.0 210000.0 7209.208000000013 558.1583999999973 144.1281207252672 693.1369999999879 389.6590000000142 34302.0 867.0 9934992.0 8042.0 8000.0
210000.0 220000.0 7727.333068359381 378.77782194010314 153.36109061116537 535.8369999999995 135.179931640625 35972.83040213056 903.6586674662238 10445689.844715009 8419.04007335551 8000.0
220000.0 230000.0 6712.4738261718885 547.9210289713519 233.73483964210266 719.7090000000026 134.68310546875 34297.837942314094 864.8747657019883 10095960.58797127 8143.057501484971 8000.0
230000.0 240000.0 1706.5108339843573 829.3489166015643 275.91953106273206 999.939000000013 304.16599999999744 36916.572188237944 920.8722387221189 10780314.730891747 8690.658408943715 8000.0
240000.0 250000.0 6444.833271484415 507.8809612165122 309.9514034637156 997.6919999999809 113.48599999997532 35913.7594673174 913.5943281096688 10652165.836421974 8602.244016215804 8000.0
250000.0 260000.0 7740.94299999997 451.81140000000596 64.05191463413334 536.8169999999809 358.8510000000242 33929.0 847.0 9926530.0 8006.0 8000.0
260000.0 270000.0 6298.300068359415 528.8142759486551 314.23595629009117 982.2339999999967 67.82299999997485 31350.92545990269 776.5151373010168 8946753.791626265 7220.524448963181 8000.0
270000.0 280000.0 6711.394931640592 469.80072405134393 191.60201278940696 731.8499999999767 253.85800000000745 43883.07454009731 1104.4848626989833 13049284.208373735 10519.475551036818 8000.0
280000.0 290000.0 4067.4260234375834 741.5717470703021 372.1909606460388 999.9890000000014 79.23999999999069 32250.551860388976 802.7355971588624 9356144.616959551 7548.946592972505 8000.0
