ts te idle avg_span std_span max_span min_span c_bytes_all c_pkts_all s_bytes_all s_pkts_all video_rate
0.0 10000.0 7758.387999999977 747.2040000000076 165.37771195959394 924.5569999999716 597.2150000000256 74870.0 1237.0 9291686.0 6691.0 4400.0
10000.0 20000.0 5590.065999999933 629.9905714285809 404.3860725712776 994.210000000021 51.88900000002468 54830.0 910.0 9980947.0 8405.0 8000.0
20000.0 30000.0 6739.498000000021 652.1003999999957 244.35903926048545 989.6940000000177 361.14299999998184 56207.0 926.0 10074503.0 8601.0 8000.0
30000.0 40000.0 7931.331999999937 413.73360000001264 192.35616635111379 571.2750000000233 79.85600000002887 55202.0 911.0 10208614.0 8620.0 8000.0
40000.0 50000.0 7803.92711914063 366.01214680989506 246.54467783743246 781.1070000000182 61.7609999999986 57427.23692776561 926.0534201818939 10264601.441118158 8678.680280224398 8000.0
50000.0 60000.0 3359.915880859422 948.5834455915111 61.92359326387888 997.7289999999921 825.5211191406124 63166.76307223439 1057.946579818106 11738904.558881842 9989.319719775602 8000.0
60000.0 70000.0 6035.244000000006 660.7926666666657 366.4004130487085 999.9920000000275 68.95000000001164 48405.0 736.0 8351662.0 6847.0 8000.0
70000.0 80000.0 8101.130000000063 379.77399999998744 173.7106249571441 497.98499999998603 72.77899999998044 40583.0 640.0 8143788.0 5896.0 8000.0
80000.0 90000.0 7604.2880000000005 479.1423999999999 94.30248389252986 579.4280000000144 354.07600000000093 59734.0 982.0 12659896.0 9150.0 8000.0
90000.0 100000.0 7113.462000000058 481.089666666657 252.5983825020778 988.2129999999888 304.0439999999944 55934.0 911.0 11830608.0 8558.0 8000.0
100000.0 110000.0 4310.763978515577 711.1545026855529 386.6970853975006 999.9510000000009 72.97899999999208 54317.00495238255 788.5000131712302 9456430.750283182 6886.250006585615 8000.0
110000.0 120000.0 3547.1960214843275 806.6004973144591 251.16694716239707 999.9010000000126 390.60600000002887 49970.99504761745 811.4999868287698 10146102.249716818 7340.749993414385 8000.0
120000.0 130000.0 7329.362000000023 534.1275999999955 257.82226375508276 994.2029999999795 397.7139999999781 50183.0 810.0 10083432.0 7279.0 8000.0
130000.0 140000.0 7995.52899999998 400.89420000000393 189.96882546275782 559.0 84.77700000000186 39896.0 637.0 7941132.0 5750.0 8000.0
140000.0 150000.0 6730.905730468687 467.01346707590193 404.8764880096181 995.4170000000158 5.467000000004191 57686.55425591636 939.6950532650287 12416083.112774553 8945.991301028751 8000.0
150000.0 160000.0 4239.482269531232 822.9311043526811 354.10220658746726 999.890000000014 32.90299999999115 55853.44574408364 924.3049467349713 11864804.887225447 8585.008698971249 8000.0
160000.0 170000.0 6711.565000000002 657.6869999999996 259.33388760919786 943.064000000013 423.8829999999725 47822.0 776.0 9686365.0 7024.0 8000.0
170000.0 180000.0 8084.3369999999995 383.1326000000001 175.54782111806884 513.810999999987 80.19099999999162 49056.0 795.0 10372668.0 7450.0 8000.0
180000.0 190000.0 7959.411000000022 408.1177999999956 180.94577536433619 539.5 100.46799999999348 44660.0 721.0 9443996.0 6798.0 8000.0
190000.0 200000.0 5255.052000000083 677.8497142857024 282.08872643532476 999.466999999946 356.8399999999674 60181.0 988.0 12375694.0 8977.0 8000.0
200000.0 210000.0 6502.0779999999795 699.584400000004 396.11867236449626 987.0250000000233 78.47499999997672 48605.0 783.0 10114474.0 7326.0 8000.0
210000.0 220000.0 7248.3589999999385 550.3282000000123 232.6100401760374 962.5270000000019 407.71100000001024 47339.0 774.0 10082183.0 7292.0 8000.0
220000.0 230000.0 7696.589000000036 460.68219999999275 102.13477033899525 599.9159999999683 348.0999999999767 49120.0 794.0 10000911.0 7303.0 8000.0
230000.0 240000.0 7566.410999999964 486.7178000000073 342.21721614014825 992.5990000000456 70.71299999998882 47677.0 762.0 9746182.0 7048.0 8000.0
240000.0 250000.0 5241.426000000094 793.095666666651 290.1373779785637 999.9179999999469 387.2389999999432 61301.0 1039.0 12160088.0 8826.0 8000.0
250000.0 260000.0 5323.523000000045 779.4128333333259 352.92792477356943 998.5999999999767 82.56999999994878 47939.0 782.0 10118753.0 7323.0 8000.0
260000.0 270000.0 8204.270999999833 359.1458000000333 163.9886446974181 491.9420000000391 75.78300000005402 48310.0 774.0 10263994.0 7394.0 8000.0
270000.0 280000.0 8123.329000000027 375.3341999999946 168.8683655194456 507.6360000000568 92.76899999997113 45679.0 738.0 9692739.0 6973.0 8000.0
280000.0 290000.0 7794.959921874921 367.5066796875132 230.73059070105475 713.0960000000196 64.44700000004377 48284.72336602499 773.8089180404667 10133759.922172112 7337.616381820186 8000.0
290000.0 300000.0 4665.486078124959 666.8142402343801 404.8689885749562 999.4320000000298 66.40099999995437 57467.27663397501 943.1910819595333 11889226.077827888 8582.383618179814 8000.0
