ts te idle avg_span std_span max_span min_span c_bytes_all c_pkts_all s_bytes_all s_pkts_all videorate
0.0 10000.0 7839.625 720.125 319.33402018734455 999.9820000000182 372.26799999998184 60410.0 949.0 9092417.0 7405.0 4400.0
10000.0 20000.0 7871.478999999992 425.7042000000016 214.4134113708788 653.2129999999888 71.63500000000931 45193.0 748.0 8207350.0 7003.0 8000.0
20000.0 30000.0 6507.463000000105 582.0894999999824 318.3162786021201 981.2949999999837 215.3069999999716 59784.0 951.0 10400242.0 8837.0 8000.0
30000.0 40000.0 7106.200999999943 482.29983333334286 434.42007963142476 999.9760000000242 69.01000000000931 75640.0 1168.0 12854515.0 10909.0 8000.0
40000.0 50000.0 6934.738000000012 613.0523999999975 223.90785945072506 967.7530000000261 450.20899999997346 53770.0 897.0 9963154.0 8455.0 8000.0
50000.0 60000.0 7730.6939999999595 453.8612000000081 279.5419962862543 859.0800000000163 75.0219999999972 57105.0 920.0 10060128.0 8525.0 8000.0
60000.0 70000.0 7253.439999999944 549.3120000000112 118.04317657747738 685.4980000000214 401.14000000001397 52138.0 851.0 10061582.0 8020.0 8000.0
70000.0 80000.0 7493.288111328089 417.7853147786518 344.80257290256407 928.0819999999949 63.85600000002887 50972.25055740543 805.1569897720772 10542463.363485822 7609.0030529205105 8000.0
80000.0 90000.0 5843.745888671896 692.709018554684 339.8911468631844 940.3339999999735 22.18499999999767 51688.74944259458 871.8430102279228 11377498.636514178 8225.99694707949 8000.0
90000.0 100000.0 7629.679999999935 474.06400000001304 261.1708205054698 784.0360000000219 61.553000000014435 51034.0 778.0 10127748.0 7334.0 8000.0
100000.0 110000.0 7985.105999999971 402.9788000000059 198.5075751065942 553.6990000000224 62.43900000001304 46528.0 754.0 9851325.0 7095.0 8000.0
110000.0 120000.0 6490.649074218702 584.8918209635498 242.34066150635113 940.0740000000224 250.27392578125 51759.89736569146 824.8537697447501 10421195.292529957 7579.753553854068 8000.0
120000.0 130000.0 4954.256992187467 630.7178759765666 374.1552349394131 999.1790000000037 18.727000000013504 47992.431798505095 780.0290951796682 10176285.745928358 7361.229972489844 8000.0
130000.0 140000.0 5629.055933593714 624.4205809151837 402.1436545454707 998.4120000000112 42.820999999996275 44871.67083580345 735.1171350755817 9426203.961541684 6875.016473656088 8000.0
140000.0 150000.0 7726.180999999982 454.7638000000035 232.91416987316543 645.2760000000126 72.00199999997858 51890.0 775.0 10017151.0 7240.0 8000.0
150000.0 160000.0 7580.941999999981 483.8116000000038 257.03438356629545 710.8420000000042 73.0229999999865 47613.0 771.0 10002296.0 7225.0 8000.0
160000.0 170000.0 6660.0627265624935 556.6562122395844 246.8975603873115 915.4309999999823 264.4052734375 53165.82293281483 812.1039623970549 10554041.322280735 7619.404530939999 8000.0
170000.0 180000.0 2275.115273437521 858.3205251736088 209.4457427892341 999.9899999999907 389.5480000000098 50657.17706718517 845.8960376029451 11205496.677719265 8082.595469060001 8000.0
180000.0 190000.0 8008.092000000004 398.38159999999914 306.6092347798829 780.8620000000228 90.69000000000233 49686.0 796.0 10436315.0 7535.0 8000.0
190000.0 200000.0 7362.53899999999 527.4922000000021 264.98007950732097 785.8850000000093 78.90399999998044 47442.0 776.0 9803720.0 7130.0 8000.0
200000.0 210000.0 7309.837999999989 538.0324000000022 285.10795620832 776.8739999999525 73.24100000003818 49500.0 805.0 10155734.0 7379.0 8000.0
210000.0 220000.0 8018.8630000001285 396.2273999999743 196.2087037412002 556.280999999959 64.43799999996554 37780.0 601.0 7908372.0 5709.0 8000.0
220000.0 230000.0 2187.277000000002 976.5903749999998 48.59362820060351 999.9960000000428 857.341999999946 57000.0 928.0 12114284.0 8719.0 8000.0
230000.0 240000.0 7184.951000000001 563.0097999999998 288.40947672658535 814.9910000000382 74.63000000000466 56946.0 922.0 11917141.0 8642.0 8000.0
240000.0 250000.0 6620.175000000047 675.9649999999907 65.2202229795184 770.1759999999776 607.0350000000326 47460.0 770.0 9843751.0 7167.0 8000.0
250000.0 260000.0 7835.255000000121 432.9489999999758 244.17747131032965 750.2939999999944 71.4989999999525 44213.0 681.0 8593927.0 6216.0 8000.0
260000.0 270000.0 6298.689000000013 616.8851666666645 357.6456968797088 988.6920000000391 24.228000000002794 55524.0 911.0 11844295.0 8580.0 8000.0
270000.0 280000.0 4556.837000000058 777.594714285706 334.3079104671404 999.0729999999749 68.26699999999255 48304.0 788.0 10138927.0 7341.0 8000.0
280000.0 290000.0 7016.474000000046 596.7051999999909 301.35559220163174 782.8310000000056 61.353000000002794 57439.0 929.0 12182798.0 8836.0 8000.0
290000.0 300000.0 8161.010000000009 367.7979999999981 296.1517737242477 732.8760000000475 72.29299999994691 46073.0 741.0 9781234.0 7058.0 8000.0
