ts te idle avg_span std_span max_span min_span c_bytes_all c_pkts_all s_bytes_all s_pkts_all video_rate
0.0 10000.0 8351.251999999979 824.3740000000107 35.76121835174426 849.6610000000219 799.0869999999995 20351.0 253.0 2060298.0 1435.0 4400.0
10000.0 20000.0 6856.521999999997 628.6956000000006 251.84832969826076 999.939000000013 367.4739999999874 75126.0 1239.0 13042862.0 10805.0 5840.0
20000.0 30000.0 5273.535999999964 787.744000000006 243.58569490591694 937.2390000000014 299.37900000001537 62704.0 1061.0 11688873.0 9840.0 8000.0
30000.0 40000.0 2581.917749999964 824.2313611111151 311.14389473942236 999.9610000000102 124.26799999998184 50700.19487033373 831.4250423454963 9032950.115888515 7643.354814036432 8000.0
40000.0 50000.0 6104.330249999941 649.2782916666765 325.66583031799377 870.0310000000172 12.82575000001816 58945.80512966627 974.5749576545037 10470632.884111485 8884.645185963567 8000.0
50000.0 60000.0 6728.65499999997 654.269000000006 213.0298196473974 959.3800000000047 385.5879999999888 54395.0 917.0 10175592.0 8599.0 8000.0
60000.0 70000.0 7107.418000000005 578.516399999999 160.08055019832443 802.8649999999907 415.29899999999907 55679.0 933.0 10379466.0 8787.0 8000.0
70000.0 80000.0 5334.235000000102 777.6274999999829 180.38798192313146 914.380999999994 451.27899999998044 55380.0 915.0 11379248.0 8458.0 8000.0
80000.0 90000.0 1592.0579999999609 934.2157777777821 164.77154876888886 998.7210000000196 495.9969999999739 47251.0 763.0 8888691.0 6422.0 8000.0
90000.0 100000.0 4991.745000000054 834.7091666666578 158.31954855343665 999.5779999999795 602.3150000000023 51394.0 863.0 10716164.0 7737.0 8000.0
100000.0 110000.0 7501.202000000048 499.7595999999903 84.63643786987033 641.0879999999888 414.0019999999786 48145.0 778.0 9683627.0 6988.0 8000.0
110000.0 120000.0 6562.6260000000475 687.4747999999905 162.45275003734386 915.6589999999851 495.8300000000163 49107.0 803.0 10205278.0 7369.0 8000.0
120000.0 130000.0 6499.896999999997 500.01471428571466 390.98856985496565 999.9089999999851 24.558000000019092 49592.0 804.0 10121865.0 7313.0 8000.0
130000.0 140000.0 2624.675708984374 819.480476779514 289.6167762581137 999.8369999999995 288.373291015625 52938.3730427302 861.7379105952759 11061076.17632343 7986.404807360475 8000.0
140000.0 150000.0 5879.7892910156515 686.7017848307247 108.82749208726096 874.4199999999837 578.070000000007 51651.6269572698 866.2620894047241 10980129.82367657 7922.595192639525 8000.0
150000.0 160000.0 7488.1650000000955 502.3669999999809 52.209663751075816 553.1419999999925 425.4639999999781 48134.0 790.0 9950506.0 7206.0 8000.0
160000.0 170000.0 6438.186999999976 712.3626000000047 214.8974501135306 886.3580000000075 375.80300000001444 47244.0 775.0 9846029.0 7131.0 8000.0
170000.0 180000.0 3607.286062499974 799.0892421875033 265.51089139707113 999.960000000021 244.2109375 57498.16085336218 937.7347143999049 11600584.072327662 8429.84389951494 8000.0
180000.0 190000.0 3517.882937499904 810.264632812512 199.8115819493785 998.0690000000177 555.7550000000047 51736.83914663782 847.2652856000951 10541511.927672338 7677.156100485059 8000.0
190000.0 200000.0 6663.224000000104 667.3551999999793 140.19852441522173 861.3150000000023 505.01599999994505 48941.0 794.0 9700548.0 7000.0 8000.0
200000.0 210000.0 6943.908999999985 611.218200000003 206.7939559457663 893.7399999999907 310.49499999999534 49936.0 821.0 10197708.0 7440.0 8000.0
210000.0 220000.0 5301.769999999902 783.0383333333497 223.11579181641116 961.0080000000307 344.6280000000261 55840.0 929.0 11828898.0 8631.0 8000.0
220000.0 230000.0 3633.468078125152 707.3924357638721 338.87726435231946 999.9520000000484 217.99399999994785 43642.628924563294 687.6379819702801 8408493.292349974 6102.839903504911 8000.0
230000.0 240000.0 4412.170921874931 798.2612968750099 150.14330938463394 999.1350000000093 632.4679999999935 50480.371075436706 804.3620180297199 10177101.707650026 7384.160096495089 8000.0
240000.0 250000.0 7226.847999999998 554.6304000000003 111.59909793231296 742.0620000000345 460.2739999999758 48012.0 786.0 10113699.0 7291.0 8000.0
250000.0 260000.0 7506.632999999914 498.6734000000171 229.14377192126224 836.9220000000205 270.3379999999888 47555.0 775.0 10070676.0 7276.0 8000.0
260000.0 270000.0 6556.481000000029 688.7037999999942 188.28200471024257 876.140000000014 439.9969999999739 47675.0 770.0 9989025.0 7193.0 8000.0
270000.0 280000.0 2427.4369999998016 841.3958888889109 272.06222429320593 999.9490000000224 257.35600000002887 58843.0 961.0 12090930.0 8751.0 8000.0
280000.0 290000.0 5178.444999999949 803.5925000000085 173.8000207108805 999.3170000000391 613.3680000000168 49748.0 805.0 10057268.0 7278.0 8000.0
290000.0 300000.0 7448.300999999978 510.33980000000446 76.49925519378277 607.3660000000382 412.96999999997206 49112.0 798.0 9920426.0 7187.0 8000.0
