ts te idle avg_span std_span max_span min_span c_bytes_all c_ack_cnt c_ack_cnt_p c_pkts_all c_pkts_data s_bytes_all s_ack_cnt s_ack_cnt_p s_pkts_all s_pkts_data videorate
0.0 10000.0 6250.930582031251 657.0169349609375 331.1520938826915 999.7459999999992 106.50500000000102 19448.05380346844 1083.8020365396915 1062.0945452210533 1087.8020365396915 21.70749131863809 2161072.328342079 1424.5595388729255 24.70749131863809 1424.5595388729255 1395.8520475542873 2157.1428571428573
10000.0 20000.0 117.22491796874965 742.2963554687502 355.9336273357461 999.9820000000036 7.073931640625233 19482.94619653156 2130.9708658662703 2106.6783571849087 2130.9708658662703 23.29250868136191 4336915.362344934 3031.248498185779 24.29250868136191 3031.248498185779 3004.955989504417 1650.0
20000.0 30000.0 1280.4396464843812 734.3274473741318 314.2558759649305 999.7119999999995 83.46600000000035 15017.0 1168.227097594038 1150.227097594038 1168.227097594038 18.0 2535997.309312987 1775.1919629412953 18.0 1775.1919629412953 1757.1919629412953 1462.5
30000.0 40000.0 4391.05281445312 516.7334285714294 371.77572390637545 999.625 105.93600000000151 12510.0 1368.0 1353.0 1368.0 15.0 3715446.0 2237.0 15.0 2237.0 2222.0 2860.0
40000.0 50000.0 2227.7875742187607 732.3808414522042 353.79001326691656 999.8640000000014 62.786999999996624 14989.193253397862 2095.7745580656215 2077.8020564984076 2095.7745580656215 17.972501567214035 5545798.166835871 3361.4935777958744 17.972501567214035 3361.4935777958744 3343.52107622866 4400.0
50000.0 60000.0 1221.9989316406136 679.8888713235312 361.2652371735206 999.4689999999973 9.221000000005006 12542.806746602138 2336.2133861067227 2321.185887673937 2336.2133861067227 15.027498432785967 6289226.861488364 3741.349574944354 15.027498432785967 3741.349574944354 3726.3220765115684 4400.0
60000.0 70000.0 2016.1215722656198 674.5736870117198 342.37511288333576 999.9109999999928 70.787109375 15445.0 2286.880772544331 2268.880772544331 2287.880772544331 18.0 5712835.579384206 3404.7739461309543 19.0 3404.7739461309543 3384.7739461309543 5000.0
70000.0 80000.0 1331.3461289062543 684.2976393612138 371.3896429325895 999.9260000000068 41.838000000003376 11905.223066059756 2997.998839925339 2983.7171023171923 2997.998839925339 14.28173760814698 7446942.248681186 4415.483262249908 14.28173760814698 4415.483262249908 4401.201524641761 5800.0
80000.0 90000.0 173.40860546875047 696.9517117417272 344.8120400417848 999.9890000000014 72.0969999999943 13114.776933940244 2594.746213021783 2579.02795062993 2594.746213021783 15.71826239185302 7043406.926952765 4122.191174762446 15.71826239185302 4122.191174762446 4106.472912370593 5100.0
90000.0 100000.0 10.08895703125745 706.170893152574 350.92793094922075 999.755999999994 90.34500000000116 12510.0 3046.716627962648 3031.716627962648 3046.716627962648 15.0 8147717.41754443 4811.002609122453 15.0 4811.002609122453 4796.002609122453 6500.0
100000.0 110000.0 1210.0519414062437 697.5024515625012 323.8294055587318 999.9579999999987 157.79300000000512 13350.0 2570.2839341680765 2554.2839341680765 2570.2839341680765 16.0 6408140.741709038 3825.0568179315146 16.0 3825.0568179315146 3809.0568179315146 5100.0
110000.0 120000.0 1076.7430449218955 655.8128333333347 368.4738535464427 999.9379999999946 43.52392578125 11706.84799101001 2485.310755830316 2470.2668891743515 2485.310755830316 14.0438666559643 6550249.360971209 3833.9601812630176 14.0438666559643 3833.9601812630176 3818.916314607053 5100.0
120000.0 130000.0 60.017257812520256 734.4963302837155 366.96562032812176 999.8930000000109 72.10000000000582 14997.15200898999 2695.9960691948772 2678.0399358508416 2695.9960691948772 17.9561333440357 6968337.012322002 4154.971115898391 17.9561333440357 4154.971115898391 4137.014982554355 4700.0
130000.0 140000.0 31.82475585938664 772.0990367647062 306.6308888552558 999.9929999999877 218.2280000000028 13352.0 3228.613766265926 3212.613766265926 3228.613766265926 16.0 8498927.777838545 4867.27972150974 16.0 4867.27972150974 4851.27972150974 6500.0
140000.0 150000.0 14.624458984384546 707.7566871337895 356.83759051958526 999.9819999999891 86.62200000000303 12510.0 3116.320202630388 3101.320202630388 3116.320202630388 15.0 8260472.996327139 4833.81193043561 15.0 4833.81193043561 4818.81193043561 6500.0
150000.0 160000.0 1427.4110390625137 618.0763232421868 375.18408589576734 999.8310000000056 80.07399999999325 13195.286939019215 2320.3529817548783 2304.527334840397 2320.3529817548783 15.82564691448098 6115065.7959731165 3592.888191745912 15.82564691448098 3592.888191745912 3577.062544831431 4750.0
160000.0 170000.0 967.1162148437288 620.0564062500036 377.01133468647765 999.9800000000105 32.638000000006286 12469.030818271729 2504.411396316218 2489.4654678063175 2504.411396316218 14.945928509901051 6622005.372262106 3877.8113391984584 14.945928509901051 3877.8113391984584 3862.8654106885574 4750.0
170000.0 180000.0 760.6831484374416 738.9178197985211 282.48969662855063 999.5070000000123 155.784912109375 14004.477150644449 2631.5271576755254 2614.75492963808 2631.5271576755254 16.772228037445817 6948155.181804165 4084.8290404218938 16.772228037445817 4084.8290404218938 4068.0568123844478 5100.0
180000.0 190000.0 10.41372070313082 800.5297160156246 302.74699576705615 999.5679999999993 108.63200000001234 12053.205092064607 3157.0931851907003 3142.636988652528 3157.0931851907003 14.45619653817215 8443854.98236287 4920.6821737545415 14.45619653817215 4920.6821737545415 4906.225977216369 6500.0
190000.0 200000.0 502.97727343751467 698.5969418501402 306.50446644742806 999.8830000000016 35.73399999999674 15328.05949705411 2714.7040975984273 2695.922098204386 2715.7040975984273 17.781999394041094 7068491.5741944555 4172.113258606645 19.781999394041094 4172.113258606645 4150.331259212604 5450.0
200000.0 210000.0 248.7906933593913 687.5325048828108 381.0991240877108 999.9979999999923 35.75899999999092 12399.370900150341 2456.2543228121317 2441.3883915236165 2456.2543228121317 14.865931288515405 6411718.715421066 3767.5713808479913 14.865931288515405 3767.5713808479913 3752.7054495594757 4750.0
210000.0 220000.0 831.2470058593608 654.716894071693 382.5522157028584 999.9809999999998 86.25500000000466 13214.385465967154 2471.8843297401486 2456.0538567847343 2471.8843297401486 15.830472955414528 6552427.384444636 3816.490744105229 15.830472955414528 3816.490744105229 3800.660271149815 4400.0
220000.0 230000.0 125.25727148438455 693.5503396139693 359.92659344578 999.695000000007 95.65599999998813 13789.184136828397 2653.689203195242 2637.1676068332126 2653.689203195242 16.521596362028973 7155654.679958689 4112.98845927394 16.521596362028973 4112.98845927394 4096.4668629119105 5450.0
230000.0 240000.0 8.859900390612893 746.1765148207744 325.0564082945666 999.8489999999874 86.70000000001164 12922.409910488093 2897.3787242157646 2881.8757853005354 2897.3787242157646 15.502938915229382 7833453.556899553 4452.229278455025 15.502938915229382 4452.229278455025 4436.726339539796 6500.0
240000.0 250000.0 1108.6127324218396 657.8170093060711 331.6355121866807 999.9079999999958 62.64199999999255 11685.886153689797 2475.17805682214 2461.1586834639825 2475.17805682214 14.019373358158289 6486849.298232706 3735.81023033898 13.497061084770618 3735.81023033898 3722.3131692542097 4750.0
250000.0 260000.0 1080.8413320312393 746.53376516544 316.05988731734254 999.8680000000168 72.8190000000177 12081.70393582211 2326.671418962792 2312.1937312361797 2326.671418962792 14.477687726612329 6231641.368391883 3537.211991207122 15.0 3537.211991207122 3522.211991207122 4750.0
260000.0 270000.0 529.3583183594164 711.219992431641 386.16543392818323 999.6300000000047 91.02899999998044 14192.0 2577.594450541198 2560.594450541198 2577.594450541198 17.0 6836307.95887655 3907.946808038444 17.0 3907.946808038444 3890.946808038444 4750.0
270000.0 280000.0 539.9528886718326 728.4864511718786 356.6508868710953 999.7060000000056 93.92200000002049 12510.0 2642.405549458802 2627.405549458802 2642.405549458802 15.0 7222178.04112345 4126.053191961556 15.0 4126.053191961556 4111.053191961556 5100.0
280000.0 290000.0 474.1481093750335 718.4478652343697 351.6905565227737 999.8219999999856 197.1240000000107 12510.0 2856.5837445520087 2841.5837445520087 2856.5837445520087 15.0 7561603.397594763 4315.814189179364 15.0 4315.814189179364 4300.814189179364 6500.0
