ts te idle avg_span std_span max_span min_span c_bytes_all c_ack_cnt c_ack_cnt_p c_pkts_all c_pkts_data s_bytes_all s_ack_cnt s_ack_cnt_p s_pkts_all s_pkts_data video_rate
0.0 10000.0 5952.654328124994 524.8025511363644 403.8795806442078 998.3660000000018 46.223000000001775 20215.024899586395 942.225153946187 919.5298862085841 946.225153946187 22.69526773760285 2295128.319502986 1366.3052275721602 26.69526773760285 1366.3052275721602 1335.6099598345575 2300.0
10000.0 20000.0 1419.0844960937466 584.4676095448367 388.18507616163527 998.6529999999984 34.8859999999986 22065.380018078366 2466.5997883517634 2439.84038274681 2467.5997883517634 25.75940560495333 6445984.244689414 3534.5618745431843 26.974423988725007 3534.5618745431843 3505.5874505544593 2825.0
20000.0 30000.0 32.83338671873935 633.8216449218759 393.9351145265073 999.8309999999983 27.620999999999185 14837.720892199266 2413.1772001960508 2395.396569726417 2413.1772001960508 17.780630469633874 6726570.633722494 3766.783650329065 18.565612085862195 3766.783650329065 3748.218038243203 4925.0
30000.0 40000.0 36.818289062488475 676.0136868896498 403.3808407089789 999.997000000003 56.23500000000058 12496.30000710194 2892.689654185295 2877.705924960708 2892.689654185295 14.983729224586627 7956552.451589191 4390.610504199738 14.983729224586629 4390.610504199738 4375.626774975151 6500.0
40000.0 50000.0 7.030792968747846 709.4692375919121 333.81321864833393 999.9919999999984 190.99199999999837 11730.253648041244 3038.4697611578313 3024.4148493098455 3038.4697611578313 14.054911847985405 8417083.726312445 4685.033765853329 14.054911847985405 4685.033765853329 4670.978854005343 6150.0
50000.0 60000.0 584.721802734377 712.3096266601563 336.5639336327355 999.976999999999 93.603271484375 13890.477965395057 2931.2537680801684 2913.6126560939447 2931.2537680801684 16.641111986223848 7970182.082161711 4523.901461670693 16.336093029228536 4523.901461670693 4506.5653686414635 5800.0
60000.0 70000.0 478.3799863281165 797.2683806295955 239.83276918506283 999.5819999999949 226.69091796875 12728.18654730243 3092.3064527711194 3077.0448382060085 3092.3064527711194 15.261614565110829 8477412.3774691 4876.1549146677735 15.566633522106137 4876.1549146677735 4860.588281145667 6500.0
70000.0 80000.0 67.18778125000244 792.5859965587796 289.22496251335514 999.7679999999964 146.02197265625 13004.158102184918 3155.88765935899 3140.303710004841 3155.88765935899 15.583949354148654 8525695.532205902 4874.662862288877 15.583949354148654 4874.662862288877 4859.078912934728 6500.0
80000.0 90000.0 8.895539062505122 669.2777128906243 336.358251622357 999.880999999994 122.7529296875 13517.963247920556 3207.3545626685905 3191.1519722205103 3207.3545626685905 16.20259044808009 8595450.309962345 4898.917677356181 16.20259044808009 4898.917677356181 4882.7150869081015 6500.0
90000.0 100000.0 7.2458300781290745 763.4945746299345 342.8391666146377 999.7360000000044 34.302999999999884 12206.209737346417 3179.6775605245125 3165.0418848011577 3179.6775605245125 14.635675723355106 8571036.649495386 4819.52524456215 14.635675723355106 4819.52524456215 4804.889568838796 6500.0
100000.0 110000.0 191.68019726563944 599.7320112304675 387.892728111817 999.3940000000002 0.0 14306.322064565657 2771.8635525595373 2754.7160106181973 2771.8635525595373 17.147541941340577 7669478.179531641 4298.105008932777 17.147541941340577 4298.105008932777 4280.957466991436 5300.0
110000.0 120000.0 6.451214843720663 680.3560976562501 350.0464516981311 999.9349999999977 89.03993554686895 11863.02048015108 3022.570144449517 3008.346672617751 3022.570144449517 14.223471831765949 8072961.478823723 4606.163323157769 13.223471831765949 4606.163323157769 4592.939851326004 6500.0
120000.0 130000.0 690.8004316406441 685.3133834635422 354.24746136109616 999.4489999999932 48.9649082031392 14373.06398134218 2418.0683134264104 2400.8267158343383 2418.0683134264104 17.241597592072132 6524233.917568781 3766.8738156100108 17.241597592072132 3766.8738156100108 3749.632218017939 4662.5
130000.0 140000.0 1942.4212734375033 724.0659189453103 352.2735904347896 999.6479999999865 92.81500000000233 11491.918408784495 1915.5892445765817 1901.800742903441 1915.5892445765817 13.788501673140729 5283049.047137741 2966.3924235049262 13.788501673140729 2966.3924235049262 2952.6039218317856 4400.0
140000.0 150000.0 89.78666992188664 733.6378922851552 318.88412428071035 999.8880000000063 132.80900000000838 13916.83510309425 2815.521576473112 2798.8651486380586 2815.521576473112 16.656427835053314 7774149.822268485 4314.069118462436 16.656427835053314 4314.069118462436 4297.412690627382 5000.0
150000.0 160000.0 6.407400390657131 774.416303385415 307.0051833122299 999.994000000006 157.58400000000256 13559.493393658355 3082.277396800422 3066.0317520974027 3082.277396800422 16.245644703019355 8150202.560911183 4733.281727428311 16.245644703019355 4733.281727428311 4717.036082725292 6500.0
160000.0 170000.0 149.86830468746484 750.5737524181577 301.460395535624 999.8129999999946 176.65599999998813 13596.267815256071 3139.376050969086 3123.0660138729445 3139.376050969086 16.31003709614191 8470205.433965277 4863.957848290472 16.31003709614191 4863.957848290472 4847.64781119433 5900.0
170000.0 180000.0 59.1658359374851 650.3993955078149 435.9596534051651 999.7799999999988 21.597999999998137 12500.405596529272 2216.8694437297795 2201.8808385082484 2216.8694437297795 14.988605221531202 6209675.649261209 3424.576915599512 14.988605221531202 3424.576915599512 3409.5883103779806 5100.0
180000.0 190000.0 61.159886718785856 633.4203593750012 399.2597180332649 999.9340000000084 42.39208984375 12147.40181198823 3009.0233622738638 2994.4602238935922 3009.0233622738638 14.563138380271397 8381064.321460767 4677.984827731743 14.563138380271397 4677.984827731743 4663.421689351472 6500.0
190000.0 200000.0 416.60806054683053 756.4129430664063 302.757456943697 999.8580000000075 44.06700000001001 16909.596279473823 3017.199353501182 2995.9632067371995 3018.199353501182 20.23614676398282 7713856.261960215 4366.137808238893 20.23614676398282 4366.137808238893 4345.901661474911 4633.333333333333
200000.0 210000.0 192.04689453128958 650.327632080076 438.5328660152786 999.7850000000035 0.0 13521.73335540367 1750.2590714045089 1734.0551125501102 1750.2590714045089 16.203958854398657 4991962.214213526 2730.977681330733 16.203958854398657 2730.977681330733 2714.773722476334 4400.0
210000.0 220000.0 228.97315625002375 649.5681801757801 419.8310323869655 999.8619999999937 14.094000000011874 12529.315419517512 1811.6083449335383 1796.5854050053701 1811.6083449335383 15.022939928168068 5217616.02415539 2787.7818316959574 15.022939928168068 2787.7818316959574 2772.758891767789 4400.0
220000.0 230000.0 90.33911718748277 643.0101418457052 440.4064754635659 999.7080000000133 44.73000000001048 12494.432840427566 1776.23149850809 1761.2499868211214 1776.23149850809 14.981511686968606 5128552.512907261 2765.769181640453 14.981511686968606 2765.769181640453 2750.7876699534845 4400.0
230000.0 240000.0 172.46266210937756 756.8232528076169 388.9098837211262 999.7630000000063 56.36999999999534 13176.51838465125 2218.9999139504166 2203.208324419952 2218.9999139504166 15.791589530464668 6236744.29762675 3422.752766186606 15.791589530464668 3422.752766186606 3406.961176656141 5100.0
240000.0 250000.0 3.28366796876071 899.836187602802 179.8638816189317 999.7480000000214 379.2860000000219 13097.754989609168 3473.159689990289 3457.463599641362 3473.159689990289 15.696090348926708 8790412.282469016 5085.239757725893 15.696090348926708 5085.239757725893 5069.5436673769655 6500.0
250000.0 260000.0 18.18225390627049 657.2578732328839 365.56633283788005 999.8819999999832 58.506103515625 14026.72789777449 3099.9232497957546 3083.6705655815686 3100.9232497957546 16.252684214186132 8440918.32743456 4731.784692738175 17.252684214186132 4731.784692738175 4713.532008523989 6500.0
260000.0 270000.0 293.9763828125433 724.8704980468726 344.2421253264485 999.8989999999758 96.71399999997811 12954.129057814302 2942.2422333709637 2926.714255002185 2942.2422333709637 15.527978368779198 8004664.6943038525 4618.091320928671 15.527978368779198 4618.091320928671 4602.563342559893 6500.0
270000.0 280000.0 349.66545117186615 756.5250898437531 310.70341450613324 999.6610000000219 140.55400000000373 13464.872584222507 3125.724954637588 3109.58184669066 3125.724954637588 16.1431079469278 8410587.522847522 4750.090750496399 16.1431079469278 4750.090750496399 4733.947642549471 6500.0
280000.0 290000.0 506.91413281240966 666.5211106770855 345.76190956064033 999.9110000000219 70.30311914061895 13354.692529630602 3233.5491670051474 3217.8948840800845 3234.155633927877 15.654282925062912 8624768.127982711 4934.247836117775 16.260749847792063 4934.247836117775 4917.380619347254 6150.0
290000.0 300000.0 10.66619921871461 625.8266772017073 362.36908632570055 999.7359999999753 75.75609570310917 15831.822940948934 2917.4289158582333 2897.4560586998105 2918.0694498978096 18.725856196117252 8055267.760421205 4473.976273520675 19.366390235693697 4473.976273520675 4453.21635020771 5712.5
