ts te idle avg_span std_span max_span min_span c_bytes_all c_ack_cnt c_ack_cnt_p c_pkts_all c_pkts_data s_bytes_all s_ack_cnt s_ack_cnt_p s_pkts_all s_pkts_data videorate
0.0 10000.0 6405.779171875001 611.0704994140622 420.1528537186195 999.905999999999 50.15899999999965 18001.0 1138.689892184196 1118.689892184196 1142.689892184196 20.0 2673346.9879952297 1596.0221787973476 24.0 1596.0221787973476 1568.0221787973478 3000.0
10000.0 20000.0 30.788583984372963 741.9819950706845 308.24568464451426 999.4530000000013 215.49399999999878 20442.117200419754 3071.8129273482896 3046.3742319260973 3071.8129273482896 24.438695422192474 7500922.263360231 4250.280419779121 25.219347711096237 4250.280419779121 4224.061072068025 3000.0
20000.0 30000.0 3907.4096855468742 620.2006436298078 399.4931990512877 999.9190000000017 60.557999999997264 12417.090873799612 1350.0210439809352 1335.1233877710383 1350.0210439809352 14.897656209897036 3778316.8243522933 2140.0737456563475 15.117003920993273 2140.0737456563475 2124.956741735354 3466.6666666666665
30000.0 40000.0 1120.2172382812496 650.0317174479167 403.1622152439529 999.6960000000036 75.96100000000297 13313.774048074647 1604.4637233438232 1588.5013162901882 1604.4637233438232 15.962407053634896 4379753.924292246 2523.922414452908 15.962407053634896 2523.922414452908 2507.9600073992733 3000.0
40000.0 50000.0 3803.4598320312434 570.405286458334 399.30443402195493 999.8310000000056 45.853000000002794 12532.161962303187 1333.9306139389096 1318.903587155613 1333.9306139389096 15.02702678329657 3813127.5642105606 2105.20308226966 14.701241314275594 2105.20308226966 2090.5018409553845 3000.0
50000.0 60000.0 3428.247138671868 663.1520573381713 360.1592674082339 999.929999999993 109.58199999999488 14192.513820591488 1642.998744157827 1625.9981175473497 1642.998744157827 17.000626610477422 4572946.343434631 2521.803807362609 17.0 2521.803807362609 2504.803807362609 3000.0
60000.0 70000.0 265.7326308593765 671.3088736572263 389.10356896473604 999.3439999999973 68.03900000000431 13072.34209481131 1927.9518987698195 1912.2783108493181 1927.9518987698195 15.673587920501598 5492571.534827251 2978.90321313625 16.0 2978.90321313625 2962.90321313625 4866.666666666667
70000.0 80000.0 252.33598437499313 680.5973697509771 385.5902927591637 999.8479999999981 7.245902343755006 12510.0 2044.7316281515737 2029.7316281515737 2044.7316281515737 15.0 5650088.646213108 3093.0437200320293 15.0 3093.0437200320293 3078.0437200320293 4400.0
80000.0 90000.0 297.69573632812535 707.5294953613284 364.88342064794654 999.7369999999937 47.14098632812966 12510.0 1930.2828623394507 1915.2828623394507 1930.2828623394507 15.0 5401575.806967448 2926.551833236231 15.0 2926.551833236231 2911.551833236231 4400.0
90000.0 100000.0 1852.1389394531434 645.4127900390615 422.0941785400977 999.7960000000021 3.245999999999185 10828.0 1685.1166657851752 1672.1166657851752 1685.1166657851752 13.0 4715894.104347002 2622.1955852774963 13.0 2622.1955852774963 2609.1955852774963 4400.0
100000.0 110000.0 703.7329960937495 721.7957823350686 347.17082562315284 999.747000000003 75.33100000000559 15874.0 2733.088462131175 2714.088462131175 2733.088462131175 19.0 7356859.414558977 4231.009228997651 19.0 4231.009228997651 4212.009228997651 4400.0
110000.0 120000.0 369.36883984375163 727.3678114013637 382.07877748853235 999.5760000000009 68.53500000000349 12510.0 2107.2193501773895 2092.2193501773895 2107.2193501773895 15.0 5961799.202811378 3409.8887343983192 15.0 3409.8887343983192 3394.8887343983192 4400.0
120000.0 130000.0 984.3129824218631 667.735052124026 404.6842250500711 999.7490000000107 21.5458984375 12555.067896696833 2106.24115417128 2091.1869208419216 2106.24115417128 15.054233329358402 5700345.7154978085 3156.5154197604784 15.054233329358402 3156.5154197604784 3141.46118643112 4400.0
130000.0 140000.0 488.33692968750256 695.9792782552094 380.3430209190775 999.5810000000056 83.54699999999139 12464.932103303167 1966.6778354578923 1951.7320687872507 1966.6778354578923 14.945766670641598 5628675.342859824 2951.6365039746665 14.945766670641598 2951.6365039746665 2936.6907373040244 4400.0
140000.0 150000.0 813.2802578124683 649.3436605902776 416.14184399763843 999.9530000000086 81.27392773437896 13882.069131460792 2076.4635443170864 2059.8296279370493 2076.4635443170864 16.63391638003726 5767979.591711521 3184.1804181875973 15.739339307690077 3184.1804181875973 3168.441078879907 4400.0
150000.0 160000.0 135.90370507808984 715.1274321001855 352.6833756919655 999.9500000000116 111.22589257813524 12819.930868539208 2417.394373022417 2402.028289402454 2417.394373022417 15.36608361996274 6533312.469798597 3663.6688553746953 16.260660692309923 3663.6688553746953 3647.408194682386 4400.0
160000.0 170000.0 2524.6264843749814 607.9007636718763 432.3733824204553 999.6529999999912 32.004691406240454 10828.0 1659.9152807227595 1646.9152807227595 1659.9152807227595 13.0 4512486.262761895 2549.100839306592 13.0 2549.100839306592 2536.100839306592 4400.0
170000.0 180000.0 785.4809062500135 655.9788062499991 434.22526232711203 999.9510000000009 66.63699999998789 12733.016398205746 1844.8419844207326 1829.5700132034085 1844.8419844207326 15.27197121732408 5284007.970433844 2905.1602574601775 15.27197121732408 2905.1602574601775 2889.888286242853 4400.0
180000.0 190000.0 118.60031640625675 721.6956352251822 383.4543744785396 999.9130000000005 75.14100000000326 14349.255317532741 2428.4530153779274 2411.267379235759 2428.4530153779274 17.185636142168686 6728184.358525414 3754.8037300055485 17.185636142168686 3754.8037300055485 3737.6180938633797 4400.0
190000.0 200000.0 151.87545312501607 623.8457888454852 438.2353244035524 999.8850000000093 0.0 13799.200514555929 2258.9109606824277 2242.383446628269 2258.9109606824277 16.527514054158562 6161937.27022399 3487.772127681482 16.527514054158562 3487.772127681482 3470.244613627324 4400.0
200000.0 210000.0 101.04847851561499 691.2313619384786 407.45504544542956 999.5950000000012 14.875908203131985 12954.975493229467 2091.6295330413545 2076.094260082534 2091.6295330413545 15.535272958820258 5820117.459869528 3193.093772970447 15.275075772584465 3193.093772970447 3177.8186971978625 4400.0
210000.0 220000.0 329.0618828125007 633.9768885498052 430.2727187868294 999.7639999999956 7.277099609375 12093.196264921218 2078.7951606447186 2064.296729519663 2078.7951606447186 14.498431125055617 5780184.71431377 3245.989021024778 14.758628311291409 3245.989021024778 3231.2303927134867 4400.0
220000.0 230000.0 1002.9178359375219 625.5502776041646 411.61479721501905 999.984999999986 97.44899999999325 12763.462307501724 1902.0943981764067 1886.7850452642426 1902.0943981764067 15.309352912164053 5387028.867493674 2882.9559557341536 14.9811745024728 2882.9559557341536 2867.9747812316805 4400.0
230000.0 240000.0 302.4563300781301 697.6972918701158 375.832790900508 999.8489999999874 96.82199999998556 12240.893704053173 1924.8263622217473 1910.1545406314387 1924.8263622217473 14.671821590308747 5523025.0379537735 2963.4558686316714 15.0 2963.4558686316714 2948.4558686316714 4400.0
240000.0 250000.0 107.57646289060358 665.4855549045185 382.13611042503703 999.9899999999907 64.48606640624348 16329.0 2392.430321318197 2373.430321318197 2393.430321318197 19.0 6633544.34478596 3597.0707847420654 20.0 3597.0707847420654 3576.0707847420654 4400.0
250000.0 260000.0 447.54191601567436 610.3231880744502 426.5798253908805 999.9789999999921 96.32000000000698 12892.888227806248 1947.726853352329 1931.2660973621892 1947.726853352329 15.460755990139889 5626989.30292817 2989.0778607143648 16.230377995069944 2989.0778607143648 2971.847482719295 4400.0
260000.0 270000.0 1089.0649804687127 698.6665317708355 390.6474632132624 999.460000000021 95.31099999998696 12379.288990114332 1946.572053503791 1931.7252763013448 1946.572053503791 14.846777202446184 5554645.515971489 2969.125191056145 15.077155197516129 2969.125191056145 2954.0480358586287 4400.0
270000.0 280000.0 180.78811718750512 673.3109301757795 387.7321488645043 999.4969999999739 142.01899999997113 12668.550278110026 2027.7426811719683 2012.555957449957 2027.7426811719683 15.186723722011529 5631841.178617159 3100.15676372542 14.939595264712727 3100.15676372542 3085.217168460708 4400.0
280000.0 290000.0 376.0924882812542 693.1333990885411 372.614963214367 999.9660000000149 151.2029999999795 12099.272503969394 2113.495359455089 2098.9896163696867 2113.495359455089 14.505743085402399 5710288.638112383 3251.0082155688606 14.7528715427012 3251.0082155688606 3236.2553440261595 4400.0
