ts te idle avg_span std_span max_span min_span c_bytes_all c_ack_cnt c_ack_cnt_p c_pkts_all c_pkts_data s_bytes_all s_ack_cnt s_ack_cnt_p s_pkts_all s_pkts_data videorate
0.0 10000.0 6009.9493710937495 647.2047225413604 377.82836638833044 999.380000000001 0.0 25483.389849089344 277.42001841382165 247.68940814548978 284.42001841382165 27.73061026833192 805396.913464822 496.40757357783434 33.066773094123505 496.40757357783434 457.3408004837108 791.0
10000.0 20000.0 1238.2419355468737 618.5621032031253 346.58200676713165 997.875 74.75200000000041 20200.265214767882 909.5027204274462 885.3357086021862 909.5027204274462 24.167011825260072 1643140.63670431 1190.4058953064996 24.830848999468483 1190.4058953064996 1165.5750463070308 564.0
20000.0 30000.0 5211.533818359378 374.03759018841856 242.59524048334563 748.6540000000023 35.92199999999866 14145.27864767993 836.8387114097634 819.8803062610024 836.8387114097634 16.95840514876113 1964180.3982477637 1225.946345588942 16.95840514876113 1225.946345588942 1208.987940440181 1270.0
30000.0 40000.0 2398.3934277343797 628.6539402343745 359.37071649151227 986.7309999999998 47.750999999996566 14308.066288462845 1730.2385497489686 1713.094576991322 1730.2385497489686 17.14397275764688 4198660.051583104 2446.2401855267244 17.14397275764688 2446.2401855267244 2429.0962127690773 2800.0
40000.0 50000.0 1429.1407871093616 621.8993183593752 400.89040963804473 999.6109999999971 43.50800000000163 15854.474073285974 1638.8882322972772 1618.8948068680256 1639.8882322972772 18.993425429251605 4375146.172805073 2466.802762877548 19.993425429251605 2466.802762877548 2446.8093374482964 3025.1428571428573
50000.0 60000.0 4747.221369140607 521.6031083096618 371.1454953127554 976.8920000000071 2.4979062500060536 12514.525926714026 1061.3223660349736 1045.578925353475 1061.3223660349736 15.006574570748395 2892532.511981585 1614.6709693439525 15.006574570748395 1614.6709693439525 1598.9275286624538 2177.6
60000.0 70000.0 1986.2273535156128 624.0823437500013 388.53952877871546 999.5420000000013 69.44199999999546 13061.92307817335 1801.2509403183533 1785.3147295045019 1801.2509403183533 15.673076924601645 4885370.315722276 2775.7570373020153 15.673076924601645 2775.7570373020153 2759.820826488164 3840.0
70000.0 80000.0 58.70707421874977 829.2196241455076 272.3129342625163 999.9459999999963 123.30599999999686 14247.670694156906 2535.9910963417387 2518.9232052513034 2535.9910963417387 17.067891090435253 6770943.810037929 3879.6015540853396 16.326923075398355 3879.6015540853396 3863.274631009941 4400.0
80000.0 90000.0 34.05359570313885 595.4594701891443 391.5887337322353 999.8589999999967 15.730999999999767 14837.406227669744 3074.0878492389247 3056.8288172539615 3075.0878492389247 17.2590319849631 7930993.368248529 4413.74539974642 19.0 4413.74539974642 4393.74539974642 6500.0
90000.0 100000.0 10.3203886718984 698.1134708180128 364.8029136649278 999.7609999999986 26.40799999999581 12510.0 3123.313542504143 3108.313542504143 3123.313542504143 15.0 8400526.73757046 4647.248328368687 15.0 4647.248328368687 4632.248328368687 6500.0
100000.0 110000.0 42.446884765609866 714.9006290283214 343.5940930578521 999.9049999999988 198.75500000000466 12510.0 2918.9613390721775 2903.9613390721775 2918.9613390721775 15.0 7987819.67122148 4448.376513586809 15.0 4448.376513586809 4433.376513586809 6500.0
110000.0 120000.0 275.67912890628213 711.0298048095665 331.18469348341097 999.810999999987 164.7619999999879 13083.094923085042 2242.7153186225955 2227.016422374931 2242.7153186225955 15.698896247664685 5992032.055436814 3393.2093553297123 15.698896247664685 3393.2093553297123 3377.5104590820474 4750.0
120000.0 130000.0 46.35208203122602 767.0128164062523 346.06815009179337 999.7960000000021 50.562000000005355 14448.905076914958 2814.7311511834455 2797.4300474311103 2814.7311511834455 17.301103752335315 7431281.412325537 4163.836854318508 17.301103752335315 4163.836854318508 4146.535750566172 5428.571428571428
130000.0 140000.0 216.48556640624884 685.3882071397578 332.07774301336616 999.9400000000023 74.31400000001304 13115.949724776381 2874.688125006052 2858.9491619270566 2874.688125006052 15.738963078995587 7617878.32965759 4321.063872168936 15.0 4321.063872168936 4306.063872168936 6200.0
140000.0 150000.0 224.499654296902 721.2200593261696 335.7427015631761 999.8150000000023 151.0570000000007 12963.992121270292 2153.4114473099835 2137.8749087691876 2153.4114473099835 15.536538540795839 5698329.400395029 3207.9210423876707 16.275501619791427 3207.9210423876707 3191.645540767879 4400.0
150000.0 160000.0 864.00889453126 722.5308851102942 323.10219399034406 999.7090000000026 199.94599999999627 13482.152813135694 2288.3394661262223 2272.1811187590474 2288.3394661262223 16.15834736717528 6121200.579413359 3436.3388746994933 16.15834736717528 3436.3388746994933 3420.180527332318 4400.0
160000.0 170000.0 407.9356445312733 674.1628290441158 351.75418277078506 999.8399999999965 104.43299999998999 12159.905340817633 2827.82301538934 2813.256864376307 2827.82301538934 14.566151013033295 7768265.864696861 4221.080604044379 14.566151013033295 4221.080604044379 4206.514453031345 5450.0
170000.0 180000.0 11.71780664063408 772.4849518612147 330.044858181801 999.9659999999858 94.13899999999558 13609.033853989185 3218.331188653151 3202.00705147967 3218.331188653151 16.324137173480946 8665284.440629449 4737.705317206881 15.662068586740473 4737.705317206881 4722.043248620141 6500.0
180000.0 190000.0 47.89017773439991 633.9438708639697 410.7202474995364 999.7539999999863 79.11199999999371 11410.966146010815 3009.519265920135 2995.843403093616 3009.519265920135 13.675862826519054 8209793.300771316 4605.656064629179 14.337931413259527 4605.656064629179 4591.318133215919 6500.0
190000.0 200000.0 9.70330859371461 679.3784942491345 368.731328077155 999.994000000006 67.47299999999814 12510.0 3057.238618231464 3042.238618231464 3057.238618231464 15.0 8307383.927423933 4485.703978076403 15.0 4485.703978076403 4470.703978076403 6500.0
200000.0 210000.0 6.496837890648749 659.6907501953131 369.40043811319237 999.9739999999874 24.784000000014203 14192.0 2916.979168411646 2899.979168411646 2916.979168411646 17.0 7901881.153214088 4478.521400983012 17.0 4478.521400983012 4461.5214009830115 5300.0
210000.0 220000.0 309.25537304684985 613.2999422743079 367.33796373094566 999.9599999999919 179.21299999998882 12902.481609799206 3097.3984966621174 3081.9323664842086 3097.3984966621174 15.466130177908795 8229015.010496644 4614.041112401501 15.466130177908795 4614.041112401501 4598.574982223592 6500.0
220000.0 230000.0 348.4362617187726 681.4597684326163 341.84379752346683 999.9629999999888 229.6929999999993 12117.518390200794 2965.2138916919416 2950.6800218698504 2965.2138916919416 14.533869822091205 8032958.966823823 4511.90521229526 14.533869822091205 4511.90521229526 4497.371342473169 6500.0
230000.0 240000.0 34.8560722656257 763.1538402157728 304.5004859791939 999.8969999999972 69.72099999999045 13142.82052453874 2899.0091602017214 2883.2558024344135 2899.0091602017214 15.753357767308025 7787620.943341076 4316.744155021515 15.753357767308025 4316.744155021515 4300.990797254208 6150.0
240000.0 250000.0 2823.721777343715 555.3945351562487 415.1242235901483 999.9380000000237 22.54800000000978 11954.847089760053 2101.7579504973614 2087.4180517751593 2101.7579504973614 14.339898722202626 5462040.528275388 3153.318459915406 14.339898722202626 3153.318459915406 3138.978561193204 4400.0
250000.0 260000.0 88.14494531252421 758.5490019531184 276.5324993043 999.5910000000149 274.78189257811755 13010.669924664548 2366.549782797709 2350.937749605557 2366.549782797709 15.61203319215196 6288501.871631887 3486.000503986931 15.61203319215196 3486.000503986931 3470.388470794779 4400.0
260000.0 270000.0 126.81591210939223 776.6252730034726 296.11474706873514 999.7359999999753 179.1020000000135 13613.662461036658 2430.019851190978 2413.7251408726406 2430.019851190978 16.294710318337387 6487709.706969792 3712.033552047333 16.294710318337387 3712.033552047333 3695.738841728996 4400.0
270000.0 280000.0 33.061783203156665 706.6074388427733 363.8847067073849 999.75 33.59499999997206 12510.0 2439.34065589099 2424.34065589099 2439.34065589099 15.0 6905731.521880692 3785.8838636320165 15.0 3785.8838636320165 3770.8838636320165 5450.0
280000.0 290000.0 13.07846874993993 691.7128875411214 346.66951386906186 999.8250000000116 24.92200000002049 13116.846564333224 3081.646484699848 3065.9064279140757 3081.646484699848 15.740056785772225 8113514.925831148 4745.345988343845 15.0 4745.345988343845 4730.345988343845 5800.0
290000.0 300000.0 351.93388476548716 715.1825056152447 365.6029033959765 999.5520000000251 141.9189999999944 12340.847294695963 2250.0795096844004 2235.2857934713566 2250.0795096844004 14.793716213043856 5822316.23096204 3410.230229175203 15.533772998816081 3410.230229175203 3394.696456176387 4400.0
