ts te idle avg_span std_span max_span min_span c_bytes_all c_ack_cnt c_ack_cnt_p c_pkts_all c_pkts_data s_bytes_all s_ack_cnt s_ack_cnt_p s_pkts_all s_pkts_data video_rate
0.0 10000.0 6646.4251171875 573.5912402343753 374.57260218146234 998.6510000000017 31.0048828125 19896.0 838.8058615423922 815.8058615423922 842.8058615423922 23.0 2012702.9031818528 1211.4283879833683 27.0 1211.4283879833683 1180.4283879833683 2033.3333333333333
10000.0 20000.0 2638.0645000000004 604.8105981001423 393.28903748622486 999.1869999999981 0.0 20083.952667432037 1962.4338336978083 1938.4146136165648 1962.4338336978083 24.019220081243418 4788457.292496394 2918.445569937865 24.00961004062171 2918.445569937865 2894.4359598972433 2370.0
20000.0 30000.0 87.51674804687354 772.0958374310661 398.92030712441505 999.9300000000003 0.0 13506.78554262381 2301.7678125239613 2285.5818803367297 2301.7678125239613 16.185932187231458 6188961.841599298 3534.1115423826345 16.195542227853167 3534.1115423826345 3517.9160001547816 4400.0
30000.0 40000.0 40.36625976562209 733.6488489583343 377.30398167139134 999.9029999999984 25.06201171875 13221.733141114662 2274.316382806812 2258.470364772672 2274.316382806812 15.846018034140194 6104196.163428886 3511.464136924637 15.820432882832659 3511.464136924637 3495.6437040418045 4400.0
40000.0 50000.0 14.651621093740687 636.1186526884194 439.791200412046 999.9490000000005 50.554999999993015 13297.528648829491 2350.20678325679 2334.257953559405 2350.20678325679 15.94882969738493 6399097.146395516 3599.565187532278 15.974414848692465 3599.565187532278 3583.5907726835853 5600.0
50000.0 60000.0 6.70618554687826 752.0346194661462 295.9625992208521 999.6359999999986 227.7369999999937 12448.039654613778 2823.6993121870437 2807.772899295578 2823.6993121870437 14.926412891465294 7722454.552050589 4302.99047654806 14.926412891465294 4302.99047654806 4287.064063656595 6500.0
60000.0 70000.0 180.3330957031285 738.5840249023435 324.87076049944153 999.9320000000007 36.95699999999488 15237.216045226169 3270.387377949091 3252.4807237974505 3271.968436195576 17.906654151640122 8663517.841336843 5085.254783673784 18.48771239812504 5085.254783673784 5064.60495478269 5300.0
70000.0 80000.0 24.515898437501164 748.3453810221357 363.5631998646915 999.676999999996 32.37300000000687 13695.744300160055 2847.382636036102 2830.2157030792077 2847.801577789617 16.166932956894584 7434136.259510625 4333.739915017373 17.585874710409666 4333.739915017373 4314.316156799933 6150.0
80000.0 90000.0 336.85164453125617 874.2432077508213 265.97353228998674 999.9790000000066 90.9149999999936 12510.0 2948.3764721524067 2933.3764721524067 2948.3764721524067 15.0 7968050.3810934955 4605.938608534307 15.0 4605.938608534307 4590.938608534307 6500.0
90000.0 100000.0 164.5557285156392 817.8579536675339 240.08255462892677 999.8929999999964 88.03105273436813 12230.039956182458 3246.4773404707385 3231.809834584536 3246.4773404707385 14.667505886202445 8933751.887580518 5135.738804808695 14.667505886202445 5135.738804808695 5121.071298922492 6500.0
100000.0 110000.0 16.92030273436103 734.7257071289059 363.6242946719583 999.8830000000016 14.301000000006752 13631.960043817542 3028.4007148867786 3012.0682207729806 3028.4007148867786 16.33249411379756 8145114.183090084 4715.262233731246 16.33249411379756 4715.262233731246 4698.929739617449 6500.0
110000.0 120000.0 232.5445488281257 794.3792894531246 313.1163019523732 999.7330000000075 61.346923828125 13575.406523128639 3345.0932258987136 3328.8238725567953 3345.0932258987136 16.269353341918315 8723705.66319114 5113.141778484432 16.269353341918315 5113.141778484432 5096.872425142513 6500.0
120000.0 130000.0 166.03533398435684 684.2114694695736 393.87248236951956 999.7900000000081 45.82699999999022 15058.277824371738 1998.6800589652266 1980.63263386079 1998.6800589652266 18.0474251044363 5245742.630511077 3043.2246288746837 17.909102180335914 3043.2246288746837 3025.3155266943477 3787.5
130000.0 140000.0 40.64097265628516 750.79664562988 366.2569135969612 999.9640000000072 59.66099999999278 13189.535850504884 2206.3503202737684 2190.5451466743334 2206.3503202737684 15.805173599434857 6156166.012984926 3498.5599202747944 15.88252050064051 3498.5599202747944 3482.677399774154 4400.0
140000.0 150000.0 47.707582031260245 648.5681060791012 452.7762429449408 999.3379999999888 61.62700000000768 12469.819437082664 2007.010969996823 1992.058483463237 2007.010969996823 14.952486533586047 5739846.257161297 3268.6074081588113 15.013462556480784 3268.6074081588113 3253.5939456023307 4400.0
150000.0 160000.0 84.25353515625466 655.0336815185565 441.3444200581668 999.8040000000037 33.79300000000512 12448.960364912075 1932.1443230641833 1917.2187616435588 1932.1443230641833 14.925561420624481 5449763.937780533 2978.4451231458643 14.925561420624481 2978.4451231458643 2963.51956172524 4400.0
160000.0 170000.0 965.3920683593606 617.161717675782 404.32548526266135 999.8830000000016 29.284000000014203 15423.665301912119 2688.35766590524 2669.3949691172493 2689.35766590524 17.962696787990616 7395841.456020896 4126.956360464174 19.962696787990616 4126.956360464174 4104.993663676183 5800.0
170000.0 180000.0 1779.026957031252 661.9961390624973 408.73785037982265 999.9239999999991 3.1559999999881256 12539.334698087881 2613.098818014168 2598.0615148021584 2613.098818014168 15.037303212009384 6873030.227989124 3912.989396611034 15.037303212009384 3912.989396611034 3897.9520933990243 6500.0
180000.0 190000.0 351.2770996094041 678.5479933182559 348.1834827991285 999.9560000000056 87.12299999999232 14158.1497734862 2975.4520196721046 2958.494597138273 2975.4520196721046 16.957422533831593 8242229.119510896 4612.6593984147 16.957422533831593 4612.6593984147 4595.701975880868 5187.5
190000.0 200000.0 328.00591796881054 654.742888997393 389.52412609389984 999.1039999999921 42.562095703120576 12545.8502265138 2812.2379991418675 2797.195421675699 2812.2379991418675 15.042577466168407 8006395.220377022 4428.316595751829 15.042577466168407 4428.316595751829 4413.27401828566 6500.0
200000.0 210000.0 16.946066406206228 740.5490064019104 287.9311701770537 999.7719999999972 244.94699999998556 12222.74312015409 3062.3477037181137 3047.6888639079543 3062.3477037181137 14.65883981015925 8243225.5258338135 4741.625225100564 14.65883981015925 4741.625225100564 4726.966385290405 6500.0
210000.0 220000.0 161.10683593753492 767.8434255022314 325.8408839284858 999.9070000000065 54.85595703125 14479.25687984591 3108.5412030690736 3091.200042879233 3108.5412030690736 17.34116018984075 8321432.159941955 4673.5698646717665 17.34116018984075 4673.5698646717665 4656.228704481926 5900.0
220000.0 230000.0 186.99113671877421 827.8787803819416 264.31096154502734 999.7270000000135 72.656982421875 11729.267242045025 2967.0926700560244 2953.0199061106027 2967.0926700560244 14.072763945421645 8197534.540886114 4619.197294891657 14.072763945421645 4619.197294891657 4605.124530946236 6500.0
230000.0 240000.0 380.1001113281527 796.936043678976 296.6108026556448 999.8120000000054 43.36397851561196 13290.732757954975 2978.7364249763914 2962.809188921813 2978.7364249763914 15.927236054578355 8234295.95768572 4746.215415936082 15.927236054578355 4746.215415936082 4730.288179881503 6500.0
240000.0 250000.0 135.41763867187547 800.7411975446435 281.48890107826264 999.7129999999888 92.35999999998603 12510.0 3123.8867417402803 3108.8867417402803 3123.8867417402803 15.0 8286675.110882672 4815.776101116107 15.0 4815.776101116107 4800.776101116107 6500.0
250000.0 260000.0 279.2493652343983 734.0994073153415 315.59955640993644 999.0499999999884 21.162000000011176 15503.586452977199 3084.4680261899957 3066.4744555807592 3085.4680261899957 17.993570609236578 8474897.284710169 4821.763441720303 18.993570609236578 4821.763441720303 4801.769871111066 6328.571428571428
260000.0 270000.0 406.1663046874455 738.2742066200713 363.3606928192248 999.6500000000233 6.423925781273283 12515.413547022801 3128.2473018081037 3113.24087241734 3128.2473018081037 15.006429390763422 8119758.442768553 4490.012399308951 15.006429390763422 4490.012399308951 4475.0059699181875 5800.0
270000.0 280000.0 2354.2340390624595 674.3611167534707 396.96879141038846 999.8910000000033 30.496999999973923 14320.069043180749 2400.2341683145532 2383.077986554577 2400.2341683145532 17.156181759976523 6714440.881151363 3734.3816153515245 17.0 3734.3816153515245 3717.3816153515245 4750.0
280000.0 290000.0 32.35190234374022 637.1051316964329 375.9663169742284 999.8090000000084 135.5680000000284 12518.469661413465 2684.26443257026 2669.258068253339 2684.26443257026 15.00636431692135 7425007.464515746 4307.808548395505 15.162546076897872 4307.808548395505 4292.646002318607 6150.0
290000.0 300000.0 14.273117187491152 654.2671892755712 342.7578365134937 999.8929999999818 113.8640000000014 13215.461295405788 3168.7152864344353 3152.6280196236685 3168.9650993220994 15.837453923102128 8353881.370322347 4936.501644316629 15.837453923102128 4936.501644316629 4920.664190393527 6500.0
