ts te idle avg_span std_span max_span min_span c_bytes_all c_ack_cnt c_ack_cnt_p c_pkts_all c_pkts_data s_bytes_all s_ack_cnt s_ack_cnt_p s_pkts_all s_pkts_data videorate
0.0 10000.0 6953.486124999999 666.7178810763887 298.251124277701 997.9670000000006 227.05199999999968 18821.961806552892 569.4054854209314 548.6019594607494 573.4054854209314 20.80352596018201 1079598.2292340817 754.8513229032976 24.607051920364025 754.8513229032976 726.2442709829336 1326.6666666666667
10000.0 20000.0 1642.7146171874992 646.6800941220234 404.4418605388976 999.9689999999973 14.138916015625 18489.26489113663 1045.225801496066 1022.0920347578666 1045.225801496066 22.133766738199338 2193130.407214113 1547.2940730513167 23.330240778017327 1547.2940730513167 1522.9638322732994 741.8181818181819
20000.0 30000.0 4447.726431640629 491.0483784179687 316.5279002748143 996.5160000000033 35.78399999999965 15067.00932272548 514.8631871256516 496.80376246011963 514.8631871256516 18.059424665531957 1248539.63638139 793.0930324732724 18.059424665531957 793.0930324732724 775.0336078077405 735.0
30000.0 40000.0 3800.6589531249992 639.80526171875 387.56466760816824 999.8680000000022 2.0500390625020373 15024.763979584997 1363.921458135755 1345.9181754996685 1363.921458135755 18.003282636086695 3654279.0497270054 2114.0033733583905 18.003282636086695 2114.0033733583905 2096.000090722304 2537.5
40000.0 50000.0 810.3610957031342 681.9100812270216 315.33163060499294 999.7010000000009 44.36099999999715 12951.791074910367 2869.3880552248575 2853.849110955368 2869.3880552248575 15.538944269489747 7389374.534490543 4419.587287630451 15.538944269489747 4419.587287630451 4404.048343360962 6000.0
50000.0 60000.0 1449.5364921875007 617.3008640136723 374.8200424970406 999.8769999999931 105.20600000000559 11757.37974726742 1997.2005067213654 1983.08247851796 1997.2005067213654 14.118028203405487 5318931.136819087 3090.4013672477263 14.118028203405487 3090.4013672477263 3076.283339044321 4516.666666666667
60000.0 70000.0 1112.8700058593822 666.6181037326395 354.2507793685724 998.5359999999928 65.48399999999674 12798.829177822214 1398.0046460419433 1382.6616185148384 1398.0046460419433 15.343027527104766 3750263.9886157 2172.700529671594 15.343027527104766 2172.700529671594 2157.357502144489 3000.0
70000.0 80000.0 3977.113964843753 693.1650743582597 348.4903296334731 999.9820000000036 48.46600000000035 12510.0 1621.9908598334296 1606.9908598334296 1621.9908598334296 15.0 4296723.017518079 2488.0690136639514 15.0 2488.0690136639514 2473.0690136639514 3000.0
80000.0 90000.0 4202.513068359374 750.2347611177896 320.72943553637054 999.3920000000071 58.06900000000314 14713.468500291781 1646.0722631483407 1628.4505665921747 1646.0722631483407 17.62169655616601 4362969.46520937 2557.514512006088 17.62169655616601 2557.514512006088 2539.892815449922 3583.3333333333335
90000.0 100000.0 75.09691796873813 684.9819666883697 363.34180743550763 999.9030000000057 5.226999999998952 13373.879716480615 2750.289281247623 2734.263295836126 2750.289281247623 16.025985411497167 7306617.347360436 4179.828465248321 16.025985411497167 4179.828465248321 4163.802479836824 4700.0
100000.0 110000.0 288.5851875000226 719.0003015136708 346.8701357141503 999.9729999999981 233.8859999999986 12806.651783227604 2053.8873830802286 2038.5350650478917 2053.8873830802286 15.352318032336822 5487238.159396321 3138.6214926783027 15.352318032336822 3138.6214926783027 3123.269174645966 4400.0
110000.0 120000.0 180.81230273435358 701.7686789550808 339.8666396236714 999.939000000013 213.20000000001164 12510.0 2141.687711733229 2126.687711733229 2141.687711733229 15.0 5876502.083393073 3396.3269147801725 15.0 3396.3269147801725 3381.3269147801725 4400.0
120000.0 130000.0 998.8116757812386 656.5932700195335 327.92545362502653 999.7719999999972 189.3530000000028 12022.512147656667 2166.3351532869783 2151.9217812681377 2166.3351532869783 14.413372018840754 5716521.434266516 3350.983309196572 14.413372018840754 3350.983309196572 3336.5699371777314 4400.0
130000.0 140000.0 1968.9539843749953 743.1449931640652 291.41447636874955 999.8640000000014 225.5909999999858 12880.561321466546 2025.5389758869105 2010.0965915173604 2025.5389758869105 15.44238436955029 5588441.153255515 3219.817794764351 15.44238436955029 3219.817794764351 3204.375410394801 4750.0
140000.0 150000.0 1042.12438085943 647.1000867187497 341.43263806293174 999.484999999986 105.25399999998626 13817.473426157001 2694.656771591448 2678.103927624508 2694.656771591448 16.55284396694014 7319551.169209123 4148.767379905111 16.55284396694014 4148.767379905111 4132.21453593817 4700.0
150000.0 160000.0 396.9788925781322 656.4426925048829 396.8835260336237 999.6810000000114 97.51600000000326 12851.34745174173 2107.937366357754 2092.5246639190113 2107.937366357754 15.412702438742558 5543833.448891218 3174.1408026688277 15.412702438742558 3174.1408026688277 3158.728100230085 4400.0
160000.0 170000.0 862.3117226562754 629.7690627441389 388.7498920539638 999.9919999999984 93.24295117188012 12170.534050419315 2114.0847561462097 2099.4951944427607 2114.0847561462097 14.58956170344883 5671422.685310931 3291.954938306317 14.58956170344883 3291.954938306317 3277.3653766028683 4400.0
170000.0 180000.0 245.62086914057727 725.692371582034 351.7113965791598 999.9910000000091 140.43599999998696 13339.035366438524 2249.959766635057 2233.966507604151 2249.959766635057 15.993259030905739 5924090.298075927 3473.5515134728043 15.993259030905739 3473.5515134728043 3457.5582544418985 4400.0
180000.0 190000.0 13.240224609384313 672.1053706825677 394.7098121666164 999.8530000000028 0.0 13367.827553406052 2776.2210162697634 2760.208423411566 2776.2210162697634 16.01259285819724 7806659.715730131 4402.791678453899 16.01259285819724 4402.791678453899 4385.779085595702 5300.0
190000.0 200000.0 12.573738281265832 706.9221923828136 357.68081303906746 999.80799999999 218.14100000000326 12741.657393555799 2980.7912736154385 2965.508525974936 2980.7912736154385 15.282747640502278 8230353.204180246 4538.574481994306 15.282747640502278 4538.574481994306 4523.291734353803 6500.0
200000.0 210000.0 2711.0642890625168 564.3303233072899 403.0734678204211 999.5869999999995 45.37700000000768 10595.33005425449 2064.151536736575 2051.435502851433 2064.151536736575 12.716033885141872 5662433.587377079 3170.180541671812 12.716033885141872 3170.180541671812 3157.4645077866703 5240.0
210000.0 220000.0 137.1583046875312 648.4553168174324 368.4272309326308 999.5169999999925 91.08300000001327 16846.721234903875 2550.478934488642 2529.894432400912 2551.478934488642 19.584502087730296 6875489.960903978 3893.808029390594 21.186983056275807 3893.808029390594 3870.6210463343186 4400.0
220000.0 230000.0 441.77111328122555 680.6953181537837 336.84374771839293 999.8839999999909 163.80300000001444 15984.656290928962 2724.5559054839136 2705.9268600077507 2725.5559054839136 18.629045476162663 6941942.138754236 3969.0625628328207 20.026564507617152 3969.0625628328207 3948.0359983252038 4400.0
230000.0 240000.0 35.67841210938059 653.6418975183813 389.64634075151963 999.9960000000137 74.91899999999441 12512.46519213245 2690.3935129043325 2675.3905851227028 2690.3935129043325 15.002927781629989 7635207.6074298825 4135.184618324687 15.002927781629989 4135.184618324687 4120.181690543057 6150.0
240000.0 250000.0 935.695691406203 691.8210397949224 310.99133948462975 999.9469999999856 113.74300000001676 12335.241782163246 2765.1806954615968 2750.3958657528133 2765.1806954615968 14.78482970878335 7144343.362221085 4095.0802567566293 14.78482970878335 4095.0802567566293 4080.2954270478463 5450.0
250000.0 260000.0 276.24396875000093 656.0113769531272 405.0780445564828 999.8240000000224 122.35399999999208 12994.636734775342 2064.1344127468356 2048.5512157134117 2064.1344127468356 15.583197033423998 5606025.728345531 3136.197726640927 15.583197033423998 3136.197726640927 3120.614529607503 4400.0
260000.0 270000.0 2139.9127695313073 677.1268708333257 356.7998367015251 999.0530000000144 98.46299999998882 11806.306166290411 2031.5882166788576 2017.424171776697 2031.5882166788576 14.164044902160525 5452138.990913354 3192.841354783427 14.164044902160525 3192.841354783427 3178.677309881267 4400.0
270000.0 280000.0 2119.5351113281213 643.6659346354116 352.37467238399137 999.8859999999986 49.88892187498277 13109.131588540547 2215.198825229779 2199.487053320976 2215.198825229779 15.71177190880261 6012651.988966122 3504.621249138892 15.71177190880261 3504.621249138892 3488.9094772300896 4400.0
280000.0 290000.0 69.98517382814316 718.0948370225701 363.33635978409615 999.9560000000056 124.11898632813245 13971.523848180848 2744.837306422941 2728.099154584246 2744.837306422941 16.73815183869459 7160128.081679858 4178.682614184881 16.73815183869459 4178.682614184881 4161.944462346186 5000.0
