ts te idle avg_span std_span max_span min_span c_bytes_all c_ack_cnt c_ack_cnt_p c_pkts_all c_pkts_data s_bytes_all s_ack_cnt s_ack_cnt_p s_pkts_all s_pkts_data video_rate
0.0 10000.0 0.0 0.0 0.0 0.0 0.0 0.0 0.0 0.0 0.0 0.0 0.0 0.0 0.0 0.0 0.0 0.0
10000.0 20000.0 2821.3109472656215 608.1298946340464 429.448558141082 999.9619999999995 30.514999999999418 26675.925706793285 2146.986936857805 2116.7358348259086 2150.986936857805 30.251102031896767 5720669.603074251 2715.396731482837 29.251102031896767 2715.396731482837 2682.1456294509403 3000.0
20000.0 30000.0 50.092785156244645 693.3487591145829 341.5118352953991 999.898000000001 37.46899999999732 18496.06142947953 2554.864747851352 2532.7191905765117 2554.864747851352 22.14555727484054 7118150.828226583 3453.388139361067 18.14555727484054 3453.388139361067 3435.2425820862263 3700.0
30000.0 40000.0 622.696173828117 705.6633721923831 386.2808279219671 999.9820000000036 33.521999999997206 13613.303856656617 2122.330224444289 2106.018203997539 2122.330224444289 16.31202044675011 6299198.248435067 2690.5623192955927 16.31202044675011 2690.5623192955927 2674.250298848843 4400.0
40000.0 50000.0 59.06493749999936 790.880068164063 353.1760680114397 999.974000000002 51.044999999998254 14571.761622287264 2630.0496782340706 2612.57064704312 2630.0496782340706 17.479031190950458 7703743.406619882 3543.324639525713 17.479031190950458 3543.324639525713 3525.845608334762 6200.0
50000.0 60000.0 192.74669140623882 763.7783342773444 350.7085284489588 999.9309999999969 38.570000000006985 13193.947384783305 2792.970979587931 2777.1586905323693 2792.970979587931 15.81228905556212 8122720.004013181 3243.08405032086 14.81228905556212 3243.08405032086 3228.271761265298 6500.0
60000.0 70000.0 9.734478515616502 765.7760579044125 306.42006197230893 999.9980000000069 19.200927734375 12510.0 2909.405797649106 2894.405797649106 2909.405797649106 15.0 8514004.236484572 3700.159792289145 15.0 3700.159792289145 3685.159792289145 6500.0
70000.0 80000.0 16.88913476560265 592.0851543945325 425.09421721389225 999.8540000000066 22.745999999999185 12669.396148668317 2800.3010576756933 2785.1090141230807 2800.3010576756933 15.192043552612429 8231372.7206695685 3794.2049729183527 15.096021776306214 3794.2049729183527 3779.1089511420464 6500.0
80000.0 90000.0 29.39501171876327 717.9037063419108 364.4472057898094 999.2060000000056 39.0679999999993 12350.603851331683 2660.9477387608217 2645.1397823134344 2660.9477387608217 14.807956447387571 7832106.468586615 3426.612243442083 14.903978223693786 3426.612243442083 3409.708265218389 6500.0
90000.0 100000.0 4.2293359375034925 704.6190430575265 354.2402276829021 999.4679999999935 108.76399999999558 13350.0 2750.2061473361177 2734.2061473361177 2750.2061473361177 16.0 7979246.59755712 3196.0966706720565 16.0 3196.0966706720565 3180.0966706720565 6500.0
100000.0 110000.0 12.133916015605791 752.9159429253478 308.83534557304233 999.9440000000031 7.216000000000349 15011.0 2695.3102452972316 2677.3102452972316 2695.3102452972316 18.0 7867421.047083429 3593.87301655241 18.0 3593.87301655241 3575.87301655241 5187.5
110000.0 120000.0 11.433968750017812 635.964808902138 384.74497677586885 999.9629999999888 89.25999999999476 16306.0 2759.2620503323765 2740.2620503323765 2760.2620503323765 19.0 7665444.489504989 3819.2921055257475 19.0 3819.2921055257475 3799.2921055257475 6200.0
120000.0 130000.0 3346.6115507812647 556.1068159722215 384.7959876838945 998.8040000000037 0.0 14169.0 1842.3643959732046 1825.3643959732046 1842.3643959732046 17.0 5216587.349744743 2528.0053186141367 15.0 2528.0053186141367 2513.0053186141367 3500.0
130000.0 140000.0 1288.6339335937228 599.5776481445325 413.0087867305516 999.2170000000042 39.45600000000559 17333.696141840875 1943.8446300762992 1923.0540170812387 1943.8446300762992 20.79061299506042 5634662.3034129115 2742.021446537885 20.79061299506042 2742.021446537885 2721.2308335428247 4925.0
140000.0 150000.0 224.22169531247346 706.51133528646 315.6893744200896 999.8030000000144 107.10400390625 12686.303858159125 2781.8708699256104 2766.6614829206706 2781.8708699256104 15.209387004939577 8074772.660596138 4250.053860021539 15.209387004939577 4250.053860021539 4234.844473016599 6500.0
150000.0 160000.0 641.4596113281441 777.8714860983464 265.63079603414684 999.8530000000028 79.35399999999208 12510.0 2847.174939486677 2832.174939486677 2847.174939486677 15.0 8355477.125098598 4465.707011887645 15.0 4465.707011887645 4450.707011887645 6500.0
160000.0 170000.0 1115.0097519531264 709.6023315716901 325.097580064668 999.5340000000142 42.929931640625 12791.195244502036 2578.0450621334085 2562.706272682201 2578.0450621334085 15.33878945120727 7683255.770361501 4327.5900068659475 15.33878945120727 4327.5900068659475 4312.25121741474 6500.0
170000.0 180000.0 297.8754238281399 850.0328962673601 189.58005182304282 999.9489999999932 221.988037109375 12228.804755497964 3046.834115694031 3032.1729051452385 3046.834115694031 14.66121054879273 8479370.9945032 4751.725080771737 14.66121054879273 4751.725080771737 4737.063870222944 6500.0
180000.0 190000.0 9.043777343758848 835.4515303248344 173.84629243704933 999.8379999999888 518.7099999999919 12303.70278347435 2794.718685686256 2778.9636942569514 2794.718685686256 14.754991429304452 8143841.222873552 4575.069731302933 14.754991429304452 4575.069731302933 4559.314739873629 6500.0
190000.0 200000.0 12.125642578146653 716.3079589843761 353.5170797802137 999.9519999999902 61.79000000000815 19821.29721652565 2795.689670530882 2772.4446619601863 2796.689670530882 23.245008570695546 8107729.935271445 4115.4432739643535 22.245008570695546 4115.4432739643535 4092.198265393658 5566.666666666667
200000.0 210000.0 18.296595703141065 618.6655925781248 391.3623628549066 999.4189999999944 2.131103515625 12510.0 2816.4456726075086 2800.4456726075086 2816.4456726075086 15.0 8319350.016771854 4274.474562070773 16.0 4274.474562070773 4257.474562070773 6500.0
210000.0 220000.0 9.15838085935684 596.8182904296889 424.6848347976478 999.9789999999921 4.7960000000020955 12510.0 2879.2550082747566 2864.2550082747566 2879.2550082747566 15.0 8429265.047018006 4125.732580061625 15.0 4125.732580061625 4110.732580061625 6500.0
220000.0 230000.0 467.12458398437593 679.8392369025729 372.72756449882803 999.9679999999935 98.137939453125 12510.0 2640.444186392585 2625.444186392585 2640.444186392585 15.0 7643550.204696441 3755.9812692434416 15.0 3755.9812692434416 3740.9812692434416 6500.0
230000.0 240000.0 9.436699218756985 775.7860579427102 343.5217753244008 999.8520000000135 37.094000000011874 12510.0 2730.0121677368275 2715.0121677368275 2730.0121677368275 15.0 8134138.5395108685 3843.4186251268693 15.0 3843.4186251268693 3828.4186251268693 6500.0
240000.0 250000.0 470.87799609379726 610.2407111235093 371.58658067263804 999.9919999999984 93.20199999999022 18235.590690645105 2344.965386962621 2322.7414958764684 2345.965386962621 21.223891086152566 6909584.959862064 3722.143729526427 21.223891086152566 3722.143729526427 3698.9198384402744 4662.5
250000.0 260000.0 94.30116992199328 568.5442017578083 420.52204511904864 999.9469999999856 15.941999999980908 16090.409309354896 2798.5577758200902 2779.7816669062427 2799.5577758200902 18.776108913847434 7649826.576225562 4305.050629654348 18.776108913847434 4305.050629654348 4285.2745207405005 6200.0
260000.0 270000.0 17.513621093763504 713.4851296386696 378.6749232525842 999.8020000000251 72.21199999999953 12510.0 2779.153813491127 2764.153813491127 2779.153813491127 15.0 8159112.951822505 4173.958414075327 15.0 4173.958414075327 4158.958414075327 6500.0
270000.0 280000.0 9.24110351561103 715.7812143012221 385.3952867791904 999.9110000000219 0.0 12510.0 2904.1611036418008 2889.1611036418008 2904.1611036418008 15.0 8462564.249311937 4236.079373562778 14.0 4236.079373562778 4222.079373562778 6500.0
280000.0 290000.0 17.542210937535856 795.8565480057579 329.80570988264606 999.5009999999893 93.78511718747905 13462.118578761283 2923.8446845747176 2907.7115271177563 2923.8446845747176 16.133157456961143 8549201.364082877 3854.53124432341 16.133157456961143 3854.53124432341 3838.3980868664494 6500.0
290000.0 300000.0 288.3738574219169 831.6283681640602 246.68317716255473 999.8790000000154 45.89794921875 13089.429649351867 3017.988198269999 3001.3000395415525 3017.988198269999 15.6881587284464 8586484.109120453 4219.2978098154335 15.6881587284464 4219.2978098154335 4202.6096510869875 6500.0
