ts te idle avg_span std_span max_span min_span c_bytes_all c_ack_cnt c_ack_cnt_p c_pkts_all c_pkts_data s_bytes_all s_ack_cnt s_ack_cnt_p s_pkts_all s_pkts_data videorate
0.0 10000.0 5493.078941406249 626.0765154622395 400.7045096617607 998.8179999999993 51.610107421875 21540.836181620012 1383.8681231349576 1359.8400380918667 1387.8681231349576 24.028085043090805 3259681.48762873 1876.9936132197192 27.702609015488818 1876.9936132197192 1845.2910042042304 2300.0
10000.0 20000.0 1110.7908144531248 647.3386729029614 362.0176073234418 998.9219999999987 32.408000000003085 18551.009294212505 2230.8273385146113 2207.6145144415113 2230.8273385146113 22.21282407309983 5781771.351683404 3350.029125808927 23.538300100701818 3350.029125808927 3325.490825708225 3140.0
20000.0 30000.0 318.8020000000033 713.4820889322912 397.34917237411145 999.7669999999998 50.9873046875 12309.154524167483 1922.1759537391704 1907.416862855361 1922.1759537391704 14.759090883809364 5435254.424128154 3070.310541809262 14.759090883809364 3070.310541809262 3055.5514509254526 4400.0
30000.0 40000.0 1771.7029257812464 753.1998592601111 357.5347027962966 999.7860000000001 0.0 12323.791917142327 2010.7445103296584 1995.9685874450106 2010.7445103296584 14.775922884647807 5648474.902588282 3159.5770254580934 13.775922884647807 3159.5770254580934 3145.801102573446 4400.0
40000.0 50000.0 64.78531054687483 757.1847947443185 321.8242042014438 999.8540000000066 111.95800195312768 13434.556864525683 2438.8805350030784 2422.7943356962196 2438.8805350030784 16.086199306858923 6796203.4370092545 3756.589177000188 16.086199306858923 3756.589177000188 3740.5029776933293 4400.0
50000.0 60000.0 333.93849804686033 868.7854991957746 248.48892003645759 999.2109999999957 4.585000000006403 13397.877860709088 2064.4632419943423 2048.3924801396674 2064.4632419943423 16.070761854675098 5543703.817523382 3138.8226178583554 16.070761854675098 3138.8226178583554 3122.751856003681 4400.0
60000.0 70000.0 958.9446914062573 730.137759399413 317.6123022658329 999.9679999999935 33.53411718750431 12331.611290699657 2070.095328647689 2055.3099961679063 2070.095328647689 14.78533247978298 5769004.196026123 3218.633311994575 14.78533247978298 3218.633311994575 3203.8479795147914 4400.0
70000.0 80000.0 1673.4452851562673 575.0928760986317 369.61179862827885 999.9379999999946 78.04099999999744 11618.780497178695 2073.968364134856 2060.040830443907 2073.968364134856 13.92753369094909 5758665.130250535 3303.176373509328 13.92753369094909 3303.176373509328 3289.2488398183796 4400.0
80000.0 90000.0 150.47808398437337 696.8355572509763 366.2465833908987 999.6520000000019 144.59799999999814 13635.381569744552 1990.4949154088304 1974.140665625744 1990.4949154088304 16.354249783086104 5531699.127928953 3106.7136950577305 15.570242105391527 3106.7136950577305 3091.143452952339 4400.0
90000.0 100000.0 229.5582968750241 672.1213127055917 384.7772298515009 999.8300000000017 0.0 15739.943803166027 2471.884176734936 2453.5837684176363 2472.884176734936 18.30040831729932 6832717.309516435 3868.9227450111407 19.384824312293215 3868.9227450111407 3847.5379206988473 4400.0
100000.0 110000.0 124.33562890622125 708.8915798725349 375.451395490424 999.7460000000137 17.313999999998487 13099.056196833972 2097.3944315004674 2080.6948398177665 2097.3944315004674 15.69959168270068 5573222.286077372 3210.514556833669 17.39918336540136 3210.514556833669 3192.1153734682675 4400.0
110000.0 120000.0 240.72861914063105 827.0525009765624 262.37913610890905 999.9629999999888 237.2829999999958 12499.710128611408 2088.813031580941 2073.8254140976537 2088.813031580941 14.987617483286893 5757739.646916343 3244.079516828286 14.987617483286893 3244.079516828286 3229.0918993449995 4400.0
120000.0 130000.0 2145.6054863281024 576.6126700303851 412.10051774679937 999.9539999999979 6.17805859373766 14126.944073376944 1934.6464318217436 1917.7258621560065 1936.6464318217436 16.306508647340603 5479496.487172791 3163.8956685833477 17.214695796364552 3163.8956685833477 3144.0669117685866 4400.0
130000.0 140000.0 153.41961914062267 711.1346899956601 361.0741265134162 999.6760000000068 164.3308886718878 14128.113786497299 2334.347555528839 2317.0374909100656 2334.347555528839 16.924125637170185 6334020.7168899 3751.4897835890606 18.01593848814624 3751.4897835890606 3733.087906119311 4400.0
140000.0 150000.0 367.0228652343794 615.1495096628281 376.23575926548665 999.8820000000123 116.30799999998999 15308.94975803158 2544.04680786602 2526.221585139469 2545.04680786602 17.825222726551154 7035753.986313937 4007.479514345893 18.825222726551154 4007.479514345893 3987.6542916193416 5450.0
150000.0 160000.0 1376.7232421875524 724.7606319754434 350.36288636253084 999.1339999999909 28.534109375003027 11622.28225348277 1836.2091577893416 1822.2526322836907 1836.2091577893416 13.956525505651161 5008296.859913808 2924.5954255088914 13.956525505651161 2924.5954255088914 2910.63890000324 5100.0
160000.0 170000.0 143.04785546878702 667.4249599144331 359.00157355427217 999.9169999999867 111.5799999999872 16071.393268084332 2943.8147372971885 2924.5779281902 2943.8147372971885 19.236809106988517 8030771.229057923 4557.634624649838 19.236809106988517 4557.634624649838 4538.3978155428495 4400.0
170000.0 180000.0 1607.3916601562232 641.775000366215 362.18942754040603 999.5219999999972 77.4200000000128 16180.128652197109 1852.6332362840237 1833.249924201617 1852.6332362840237 19.383312082406775 5017883.090054366 2906.213953547457 19.383312082406775 2906.213953547457 2886.8306414650506 2700.0
180000.0 190000.0 2519.9388476562162 537.8588106770844 440.8254030974944 999.9120000000112 35.50099999998929 13012.786575314225 1230.5063400030765 1214.8945033592227 1230.5063400030765 15.611836643853717 3397708.4245505407 1954.6633988515812 15.611836643853717 1954.6633988515812 1939.0515622077276 2891.4285714285716
190000.0 200000.0 36.76534179682494 655.6094376220735 427.8106385688053 999.7270000000135 42.211000000010245 12525.973692918717 1993.9440349510737 1978.9250638193412 1993.9440349510737 15.018971131732442 5592512.686846722 3200.0703592665704 15.018971131732442 3200.0703592665704 3185.051388134838 4400.0
200000.0 210000.0 1999.1335625000356 721.2503577008902 389.003425918345 999.8649999999907 5.747999999992317 11712.524905056973 1795.8717821492123 1781.8212775113773 1795.8717821492123 14.050504637834884 4880810.490905514 2810.3230670456896 13.351938240651224 2810.3230670456896 2796.9711288050385 4400.0
210000.0 220000.0 270.78795507815084 655.4153910845583 391.00230908650843 999.7930000000051 110.658935546875 13098.192906428641 2171.8828183387095 2156.184251941526 2171.8828183387095 15.698566397183662 5946265.784030007 3292.254565693658 16.397132794367323 3292.254565693658 3275.857432899291 4400.0
220000.0 230000.0 559.0048242187477 784.4073852539041 264.44887393675435 999.8450000000012 284.2019999999902 12386.300542583125 2123.9603538962356 2108.109210042345 2123.9603538962356 14.851143853890644 5774894.422175254 3333.5687343836544 14.851143853890644 3333.5687343836544 3316.7175905297636 4400.0
230000.0 240000.0 653.308140625013 724.1497979029588 357.543879949032 999.7429999999877 74.3139003906108 15392.065300992148 2517.644340252129 2499.8488344747616 2518.644340252129 17.795505777367204 6772629.86898159 3883.282008530962 18.795505777367204 3883.282008530962 3863.486502753595 4400.0
240000.0 250000.0 2982.535537109361 680.988974609372 276.9165815632336 999.6429999999818 323.2529296875 10828.462455785257 1715.8390974224023 1701.8385409172456 1715.8390974224023 13.000556505156748 4619735.305187135 2660.544432668189 14.000556505156748 2660.544432668189 2645.543876163032 4400.0
250000.0 260000.0 2696.502273437509 722.0155043945306 343.1215206492724 999.8850000000093 48.197999999974854 13279.17170063947 1555.0433556764674 1539.690561812882 1556.0433556764674 15.352793863585402 4205496.530643548 2403.6221629459333 16.352793863585404 2403.6221629459333 2386.2693690823476 4400.0
260000.0 270000.0 1867.6313535156078 720.7097925575707 326.29187166259084 999.9969999999739 117.37599999998929 15738.392704856093 3056.6085502422284 3037.7495425729535 3056.6085502422284 18.859007669274582 7334352.396999231 4325.436084193052 18.859007669274582 4325.436084193052 4306.577076523777 4400.0
270000.0 280000.0 370.793001953105 795.4206634114541 274.2229136865232 999.9459999999963 87.69604882813292 15147.607295143907 2779.3914497577716 2761.250457427046 2779.3914497577716 18.14099233072542 7644255.603000769 4379.563915806948 18.14099233072542 4379.563915806948 4361.422923476223 4400.0
280000.0 290000.0 2087.72426367196 814.8327692307604 301.2616966352193 999.9519999999902 193.97999999998137 12510.0 2077.0 2062.0 2077.0 15.0 5676861.0 3182.0 15.0 3182.0 3167.0 4400.0
290000.0 300000.0 4034.0570898437873 665.6727753906258 341.5047364350937 999.8950000000186 111.87599999998929 10315.415942555148 1444.8565390614085 1432.074078390256 1445.2477693969845 12.391230335576184 3719787.1508755633 2170.1077130218887 12.391230335576184 2170.1077130218887 2157.7164826863122 4400.0
