ts te idle avg_span std_span max_span min_span c_bytes_all c_ack_cnt c_ack_cnt_p c_pkts_all c_pkts_data s_bytes_all s_ack_cnt s_ack_cnt_p s_pkts_all s_pkts_data video_rate
0.0 10000.0 6905.177091796875 570.205000558036 349.7133341670625 999.7099999999991 95.27000000000044 16246.855890217254 531.6330410506924 513.6808316575766 535.6330410506924 17.952209393115776 1189234.8529061985 691.1849118658911 21.952209393115776 691.1849118658911 665.2327024727754 2300.0
10000.0 20000.0 1405.7451484374942 609.3338835156253 381.66867909739597 999.3320000000022 29.92199999999866 23710.475803678914 2465.5343264956755 2436.781866418606 2466.5343264956755 27.752460077069696 6395352.317178494 3670.5634111095806 29.752460077069696 3670.5634111095806 3638.810951032511 2650.0
20000.0 30000.0 2179.3695312499985 659.8350545654307 320.9900807872468 999.887999999999 137.125 17198.769199917235 1440.5527993779872 1418.9568739624085 1441.5527993779872 20.595925415578662 3640341.094509419 2053.7366864971746 21.595925415578662 2053.7366864971746 2032.1407610815954 1882.2222222222222
30000.0 40000.0 3940.439378906245 514.2750802283655 354.84090803872476 985.101999999999 42.09700000000157 13776.564825414442 1363.974306987562 1347.4558214466895 1363.974306987562 16.51848554087226 3859420.1131894663 2264.7096892880027 16.51848554087226 2264.7096892880027 2248.1912037471307 2800.0
40000.0 50000.0 1068.9536074218777 629.5872720052081 432.77716568167074 999.0080000000016 9.156999999999243 12429.951718308015 1808.92838424918 1794.0234534673416 1808.92838424918 14.904930781838498 5257135.190259736 2851.06204242423 14.904930781838498 2851.06204242423 2836.1571116423916 4166.666666666667
50000.0 60000.0 1964.5051542968722 733.1879184570325 341.03950225460886 999.6030000000028 41.95100000000093 13894.698268064481 1690.5547846481254 1673.9088171653807 1690.5547846481254 16.645967482744545 4890568.2825285345 2665.375303124906 16.645967482744545 2665.375303124906 2648.729335642162 3700.0
60000.0 70000.0 223.8586972656194 667.6452060546862 398.80439443445124 999.929999999993 93.18399999999383 12823.39994858428 1916.852226544113 1901.4790750047096 1916.852226544113 15.373151539403626 5550236.724012171 3019.9223177920253 15.373151539403626 3019.9223177920253 3004.549166252622 3800.0
70000.0 80000.0 59.51510351564502 649.7515506591781 426.0433706366009 999.8769999999931 73.61900000000605 12507.98814465241 1905.4145971231737 1890.4169865000713 1905.4145971231737 14.997610623102627 5513807.018753132 3096.779012922969 14.997610623102627 3096.779012922969 3081.7814022998664 4400.0
80000.0 90000.0 132.42540429685323 646.4165063476576 428.8600522526907 999.9140000000043 44.22599999999511 12486.41120924543 1993.151480190186 1978.1794953811059 1993.151480190186 14.971984809080084 5624306.241401668 3102.1386599817033 14.971984809080084 3102.1386599817033 3087.1666751726234 4400.0
90000.0 100000.0 13.302367187483469 733.9277209201391 388.2896320056075 999.9260000000068 24.0380859375 14359.23605521713 2789.236247034556 2772.023554764862 2789.236247034556 17.21269226969374 7964578.270014454 4418.375100829009 17.21269226969374 4418.375100829009 4401.162408559315 6200.0
100000.0 110000.0 7.347642578126397 793.318260999179 320.1833162038593 999.9799999999959 64.5351171874936 12572.648936700407 3239.3147513790254 3224.240169311525 3239.3147513790254 15.074582067500485 8689431.305768037 4951.550173190246 15.074582067500485 4951.550173190246 4936.475591122746 6500.0
110000.0 120000.0 671.2364589843783 808.7424751838228 223.2153033097123 999.9960000000137 145.652099609375 12632.758511903176 3080.743104894944 3065.597310937814 3080.743104894944 15.145793957129662 8577248.373473618 4861.792970116563 15.145793957129662 4861.792970116563 4846.647176159433 6500.0
120000.0 130000.0 1801.0806796875258 751.5613121337865 351.27170258983386 999.3189999999886 38.426093749993015 11547.241488096824 2228.109950024779 2214.255743981909 2228.109950024779 13.854206042870338 6058265.216005072 3462.809720857699 13.854206042870338 3462.809720857699 3448.9555148148293 4680.0
130000.0 140000.0 1224.9932753906178 825.2369263020829 328.81544785484306 999.4320000000007 0.0 13958.895584194426 2284.7431680222626 2268.0200141217942 2284.7431680222626 16.72315390046844 6242155.3148672525 3545.0920984859704 16.72315390046844 3545.0920984859704 3528.3689445855025 4750.0
140000.0 150000.0 47.88684960937826 704.8340121783069 337.7296610646954 999.9880000000121 178.81599999999162 13241.075997239974 2828.8622797622284 2812.991643185934 2828.8622797622284 15.870636576294505 8147552.125630453 4516.6776541743475 15.870636576294505 4516.6776541743475 4500.807017598052 6500.0
150000.0 160000.0 40.95233789063059 786.4099931640618 342.4335185348704 999.8450000000012 55.836000000010245 12966.77844152565 3085.9923726485226 3070.454169246617 3085.9923726485226 15.53820340190553 8620608.131047575 4872.741168538048 15.53820340190553 4872.741168538048 4857.202965136144 6150.0
160000.0 170000.0 89.21552148440969 684.505671875 339.05271777807314 999.9690000000119 99.15100976562826 12829.041506374588 2446.410163899835 2431.0269659384385 2446.410163899835 15.383197961396418 6651026.436304328 3815.806222824346 15.383197961396418 3815.806222824346 3800.42302486295 5000.0
170000.0 180000.0 137.7290078124788 815.7364165900731 280.7244590886481 999.9349999999977 9.093994140625 11914.592689771496 2823.7643635704526 2809.474404870457 2823.7643635704526 14.28995869999555 7829982.608152562 4393.508916620143 14.28995869999555 4393.508916620143 4379.218957920148 6500.0
180000.0 190000.0 1464.3911660156155 604.8123770461299 436.8618022359181 999.4180000000051 25.924072265625 13513.615780893864 2494.296908535928 2478.102059075988 2494.296908535928 16.194849459939554 6611681.542818926 3764.872865699712 16.194849459939554 3764.872865699712 3748.6780162397727 5300.0
190000.0 200000.0 1478.2346249999828 646.6977292968775 408.43706163545914 999.6320000000123 68.61699999999837 12324.704659559062 2000.8916175889026 1986.1116833138917 2000.8916175889026 14.779934275010762 5610144.0679332 3163.4300514625124 14.779934275010762 3163.4300514625124 3148.6501171875016 4750.0
200000.0 210000.0 14.65471874998184 720.7855486328132 352.3948501191869 999.8429999999935 28.760000000009313 13530.373406985875 3070.44100127371 3054.2271374191755 3070.44100127371 16.21386385453485 8767895.445680143 4888.587439917801 16.21386385453485 4888.587439917801 4872.373576063266 5900.0
210000.0 220000.0 2148.4005429687677 703.0873433593738 365.59979323846517 999.9679999999935 25.147999999986496 12418.03167219691 2076.272409097716 2061.381760360966 2076.272409097716 14.890648736750133 5899861.472279944 3282.575445154002 14.890648736750133 3282.575445154002 3267.684796417251 4750.0
220000.0 230000.0 1979.6069140625186 748.5161196614557 344.24050112027834 999.9569999999949 28.63399999999092 13254.62877946968 2168.873561935562 2152.9887231507755 2168.873561935562 15.884838784786826 6070602.101970029 3386.801689401137 15.884838784786826 3386.801689401137 3370.9168506163505 4400.0
230000.0 240000.0 62.17386914062081 728.7825090060765 375.8178761765708 999.9830000000075 92.57699999999022 13734.081900826051 2436.604292740723 2420.1481384642075 2436.604292740723 16.4561542765155 6528546.067382977 3745.6377737654766 16.4561542765155 3745.6377737654766 3729.1816194889607 4400.0
240000.0 250000.0 1617.6159003906068 675.4659455422798 366.9540987050776 999.9890000000014 96.77000000001863 11862.492410662308 2400.183377472667 2385.955413322144 2400.183377472667 14.227964150523073 6568530.56947838 3784.658196983935 14.227964150523073 3784.658196983935 3770.430232833412 4983.333333333333
250000.0 260000.0 1450.9366347656469 564.8517264597039 383.83391805665076 999.7299999999814 15.778999999980442 13809.687170300116 2416.978597394453 2400.4320014725745 2416.978597394453 16.546595921878854 6935041.623120703 3842.5506053939666 16.546595921878854 3842.5506053939666 3826.004009472088 5000.0
260000.0 270000.0 241.0097285155789 718.3033723144581 307.3862310386593 999.8439999999828 240.69599999999627 12510.0 2855.837038586129 2840.837038586129 2855.837038586129 15.0 8145075.575684858 4446.231303734781 15.0 4446.231303734781 4431.231303734781 6500.0
270000.0 280000.0 1476.9006406249828 717.422603125001 336.6061325516663 999.4400000000023 23.89697265625 10855.6024352943 2432.7494562944826 2419.7165962524655 2432.7494562944826 13.032860042017024 6765301.818982601 3753.55514028086 13.032860042017024 3753.55514028086 3740.522280238843 6080.0
280000.0 290000.0 1333.8819023437682 677.6690567626974 318.42721562380785 999.9290000000037 152.72899999999208 13967.505420316656 2385.156891511686 2368.4235902049963 2385.156891511686 16.733301306689576 6704298.39401426 3719.9263270804877 16.733301306689576 3719.9263270804877 3703.193025773798 4700.0
290000.0 300000.0 582.171562500007 580.9468376608429 418.7697013804734 999.310999999987 0.22499999997671694 12706.892144389043 2564.091147095347 2548.8573084440536 2564.091147095347 15.2338386512934 7227255.786749467 3902.005589911659 15.2338386512934 3902.005589911659 3886.771751260366 5800.0
