ts te idle avg_span std_span max_span min_span c_bytes_all c_ack_cnt c_ack_cnt_p c_pkts_all c_pkts_data s_bytes_all s_ack_cnt s_ack_cnt_p s_pkts_all s_pkts_data video_rate
0.0 10000.0 0.0 0.0 0.0 0.0 0.0 0.0 0.0 0.0 0.0 0.0 0.0 0.0 0.0 0.0 0.0 0.0
10000.0 20000.0 4908.881292968752 576.3429253627227 318.964636235829 976.4590000000026 92.92799999999988 23710.39924251643 1761.1796958863745 1734.354907387558 1765.1796958863745 26.8247884988164 3795890.067348314 2475.626439048196 26.8247884988164 2475.626439048196 2444.8016505493797 2300.0
20000.0 30000.0 872.2166601562567 640.6706816406253 358.58394039511893 999.497000000003 0.0 19371.60075748357 2616.349761582125 2593.1745500809416 2616.349761582125 23.1752115011836 6410005.9734788835 4072.155586029069 23.1752115011836 4072.155586029069 4048.9803745278855 3350.0
30000.0 40000.0 935.6736914062494 734.0160598144535 315.2819234886342 999.6160000000018 200.4760000000024 13681.890261203716 2112.0570338586153 2095.658171632094 2112.0570338586153 16.398862226521473 6069876.761270136 3719.640106885277 16.150873329547956 3719.640106885277 3703.4892335557292 4400.0
40000.0 50000.0 1485.6511328125052 645.2182391493055 363.2573514969317 999.7419999999984 91.37200000000303 12258.831078065432 1869.3549580616364 1854.6497117564008 1869.3549580616364 14.705246305235459 5646739.703156679 3357.441401025038 13.953235202208976 3357.441401025038 3343.4881658228287 4400.0
50000.0 60000.0 907.6869394531095 660.5708441745936 363.8859447278775 999.8570000000036 0.0 14395.891503558492 2503.757865990985 2486.496638604894 2503.757865990985 17.26122738609062 7230904.985983588 4307.729645550904 17.26122738609062 4307.729645550904 4290.468418164814 5900.0
60000.0 70000.0 718.3828125 748.2051113281252 278.83211263656693 999.9349999999977 112.74499999999534 13044.387157172361 2814.1089400485134 2798.474275966361 2814.1089400485134 15.634664082152447 8242465.680476319 4892.896612437129 15.634664082152447 4892.896612437129 4877.261948354977 6500.0
70000.0 80000.0 8.254511718754657 680.0910467773422 333.1153830178568 999.9649999999965 103.10499999999593 12385.726012162344 2819.40772926719 2804.5553230769738 2819.40772926719 14.85240619021656 8194195.6826023925 4881.3550255729215 14.85240619021656 4881.3550255729215 4866.502619382705 6500.0
80000.0 90000.0 181.90803710937325 780.1517724609373 318.77624888587974 999.9689999999973 113.85099999999511 13773.235210592591 2856.125625426369 2839.613444759567 2856.125625426369 16.512180666801655 8375147.447488134 4994.212369002449 16.512180666801655 4994.212369002449 4977.700188335647 6500.0
90000.0 100000.0 305.1622539062664 666.6767288552971 372.4299592541299 999.9829999999929 3.297999999995227 12518.424328483556 2810.2798957531277 2794.2716000417677 2810.2798957531277 15.008295711360399 8200357.201211349 4929.174004098588 15.008295711360399 4929.174004098588 4913.165708387229 6500.0
100000.0 110000.0 44.14204882812919 797.8859887952299 308.3122204167301 999.4919999999984 23.27197265625 12222.223843033467 2849.6971171127716 2835.046710614319 2849.6971171127716 14.650406498452693 8399251.56026785 5037.948806943804 14.650406498452693 5037.948806943804 5023.298400445352 6500.0
110000.0 120000.0 12.010730468740803 601.9226610054358 384.97654179131615 999.9800000000105 21.211085937495227 13047.03699487588 2744.867660694954 2729.2219761917336 2744.867660694954 15.645684503220124 8059762.436888232 4740.34478364341 15.645684503220124 4740.34478364341 4724.69909914019 6500.0
120000.0 130000.0 2641.0180390624737 603.3948098575398 382.002861163378 999.5860000000102 48.0 15778.26834383746 1711.0678920151674 1692.779044826334 1712.0678920151674 18.288847188833124 5076629.263678575 2979.6523721773547 18.288847188833124 2979.6523721773547 2960.363524988522 3875.0
130000.0 140000.0 1610.3654824218538 615.8225530427635 364.3185466555739 999.5879999999888 79.04099999999744 16575.12667896037 1991.180029847679 1971.308590213268 1991.180029847679 19.871439634411214 5325003.523153674 3255.5661175158284 19.289432325746084 3255.5661175158284 3236.2766851900824 3612.5
140000.0 150000.0 1379.169818359369 712.9642544202292 330.57410589553 999.7989999999991 103.1710000000021 12001.39773987137 2013.6655381465773 1999.2711807861624 2013.6655381465773 14.394357360415041 5656846.455207426 3537.5102634691843 14.976364669080171 3537.5102634691843 3522.533898800104 4400.0
150000.0 160000.0 9.727851562493015 661.3507645089287 369.4508714715599 999.8239999999932 52.8409999999858 14830.560848182962 2545.2928760922146 2527.5164938459257 2545.2928760922146 17.776382246289188 7287889.428659031 4019.7982209281968 17.776382246289188 4019.7982209281968 4002.0218386819074 5900.0
160000.0 170000.0 664.7841503906238 692.6521326171875 333.0013148502376 999.8030000000144 74.5789999999979 12821.305613131133 2880.8740091971463 2865.4943682055227 2880.8740091971463 15.379640991623333 8241209.286741344 4736.222507013956 15.379640991623333 4736.222507013956 4720.842866022333 6500.0
170000.0 180000.0 135.99397656248766 731.5931159539476 311.2776481224169 999.8369999999995 101.4090000000142 12198.694386868867 2882.192866433277 2867.5725074249003 2882.192866433277 14.620359008376667 8221104.195090882 4910.4170157508315 14.620359008376667 4910.4170157508315 4895.796656742455 6500.0
180000.0 190000.0 36.17881640623091 739.7692061060868 288.642239908665 999.9640000000072 104.5308906249993 14119.039999417464 2916.046592383715 2899.121977085327 2916.046592383715 16.924615298388254 8406593.66283625 4864.661304465631 16.924615298388254 4864.661304465631 4847.736689167242 6500.0
190000.0 200000.0 109.89563476562034 630.6976908967392 415.89867935998103 999.6259999999893 6.793999999994412 16613.383660602674 2361.4489256032102 2341.5131802602446 2361.4489256032102 19.93574534296583 6683653.957710394 3904.498856620642 19.93574534296583 3904.498856620642 3884.5631112776764 5030.0
200000.0 210000.0 338.7147460937267 675.4015583007829 372.42223149780995 999.9510000000009 88.49199999999837 12627.576339979862 2858.633043211197 2843.493403852551 2858.633043211197 15.139639358645917 8116715.634415571 4966.419976749168 15.139639358645917 4966.419976749168 4951.280337390523 6500.0
210000.0 220000.0 14.687154296872905 568.845736949575 403.45342232450207 999.560999999987 80.60899999999674 13352.0 3172.750531998583 3156.750531998583 3172.750531998583 16.0 8825501.309446258 5207.190944479283 16.0 5207.190944479283 5191.190944479283 6500.0
220000.0 230000.0 14.422890624991851 683.1447693256563 343.17747327309655 999.7229999999981 64.032958984375 12563.982960250356 2977.509335642148 2962.445222862753 2977.509335642148 15.064112779394721 8292771.989812798 5022.00300232084 15.064112779394721 5022.00300232084 5006.938889541445 6500.0
230000.0 240000.0 16.093406250001863 764.4844125744047 342.4974709884306 999.877999999997 73.57699999999022 13893.76941848541 2858.6720759910245 2842.017067944661 2858.6720759910245 16.655008046363456 8239599.108354841 4750.774089708769 16.655008046363456 4750.774089708769 4734.119081662406 6500.0
240000.0 250000.0 4471.520919921866 680.7894930752835 364.03921415138876 998.7980000000098 106.41300000000047 6898.247621264236 1253.479999755398 1245.1991205811564 1253.479999755398 8.280879174241825 3829837.6847210745 1987.7605485635286 8.280879174241825 1987.7605485635286 1979.4796693892868 4750.0
250000.0 260000.0 2428.70291210938 768.2696988075592 307.0871868851601 999.4280000000144 0.0 28518.61708333427 2265.720641825278 2231.151025336758 2266.720641825278 33.56961648852051 5700527.424560336 3547.9350900638183 32.56961648852051 3547.9350900638183 3514.365473575298 2165.5384615384614
260000.0 270000.0 724.4905253906036 618.5656984374975 375.8539448114312 999.9529999999795 72.490966796875 14592.519168027155 2633.836233727509 2616.3332418414907 2633.836233727509 17.502991886017995 7496463.255723058 4361.591607166742 17.502991886017995 4361.591607166742 4344.088615280723 5625.0
270000.0 280000.0 13.513181640650146 660.9552633322031 396.29560850819564 999.9689999999828 3.213999999978114 13566.46682860026 2915.1437794104186 2898.877628151231 2915.1437794104186 16.266151259187822 8493464.28521946 5046.794547508315 16.266151259187822 5046.794547508315 5030.528396249127 6500.0
280000.0 290000.0 124.08034960943041 775.4586328124976 281.75781868770787 999.9969999999739 0.0 13074.396920038318 2719.422139858198 2703.7608994919246 2719.422139858198 15.66124036627367 8007973.118634152 4586.667214636982 15.66124036627367 4586.667214636982 4571.005974270709 6500.0
290000.0 300000.0 7.514435546880122 649.5084082880437 375.1852474517699 999.99099999998 38.53000000002794 12510.0 2786.1160008438965 2770.0283193570103 2786.1160008438965 15.0 8205542.916096127 4410.373030546227 15.0 4410.373030546227 4394.248859281583 6500.0
