ts te idle avg_span std_span max_span min_span c_bytes_all c_ack_cnt c_ack_cnt_p c_pkts_all c_pkts_data s_bytes_all s_ack_cnt s_ack_cnt_p s_pkts_all s_pkts_data videorate
0.0 10000.0 6546.153076171875 673.2145166015622 388.3417674768417 999.7789999999986 39.20599999999831 20813.38462397152 512.9102719400965 489.64698617969265 516.9102719400965 23.263285760403935 1132351.979503302 776.6731004695923 27.263285760403935 776.6731004695923 745.4098147091884 1086.6666666666667
10000.0 20000.0 872.732675781248 749.1638570667608 328.5852666858884 998.8050000000003 40.840087890625 19911.992839805614 1155.7031473026982 1130.8840505766238 1155.7031473026982 23.819096726074545 2102942.996178152 1532.6703509892504 24.819096726074545 1532.6703509892504 1506.851254263176 820.0
20000.0 30000.0 3428.931007812491 611.7926086237986 346.1709188441634 999.4230000000025 191.3530000000028 12441.622536222862 898.3865807572051 883.4689632436837 898.3865807572051 14.91761751352152 2400934.024318546 1430.656548541157 14.91761751352152 1430.656548541157 1415.7389310276355 1633.3333333333333
30000.0 40000.0 3820.740429687503 641.8996150841346 387.21790182377737 999.913999999997 36.10100000000239 13497.340799667089 1534.0294595036694 1517.8375804796851 1534.0294595036694 16.191879023984253 3707392.245468902 2218.9593951199213 16.0 2218.9593951199213 2202.9593951199213 2883.3333333333335
40000.0 50000.0 1044.1847285156327 706.5642462158194 399.3977855883992 999.877999999997 28.29899999999907 14942.344521925388 1837.7075790706099 1819.80471989753 1837.7075790706099 17.90285917307974 5053924.068625236 2948.1882185486616 18.094738197063993 2948.1882185486616 2930.0934803515975 3600.0
50000.0 60000.0 100.25298242186545 623.1474133731613 447.3861685469794 999.8929999999964 29.043000000005122 13345.771235510809 2357.792446367196 2341.786634495461 2357.792446367196 16.005811871735144 6355693.812629327 3642.264050297642 16.005811871735144 3642.264050297642 3626.258238425907 5300.0
60000.0 70000.0 77.92484374999185 671.0543956298834 434.4525069343667 999.8029999999999 27.672999999995227 12519.520962404753 2511.554365193354 2496.5430289570895 2511.554365193354 15.011336236264684 6609912.718768359 3830.6861396597533 15.011336236264684 3830.6861396597533 3815.674803423489 5100.0
70000.0 80000.0 439.8736230468785 680.765112630207 393.7153606276778 999.9579999999987 88.90799999999581 12417.022480491964 2101.9088667940796 2087.0207530991433 2101.9088667940796 14.888113694936179 5653435.231769843 3231.8016868712198 14.888113694936179 3231.8016868712198 3216.913573176284 4400.0
80000.0 90000.0 12.200609375009662 731.228001464844 354.1438638600506 999.528999999995 121.12600000000384 12510.0 2200.5736426351305 2185.5736426351305 2200.5736426351305 15.0 5703316.691637744 3333.8422482076962 15.0 3333.8422482076962 3318.8422482076962 4400.0
90000.0 100000.0 74.30736914064619 719.7348210018381 374.84050788449883 999.1009999999951 90.52700000000186 15150.754411813054 2504.3384593119063 2486.1692466145732 2504.3384593119063 18.16921269733299 6742573.565030218 3822.5003308923615 18.16921269733299 3822.5003308923615 3804.3311181950285 4400.0
100000.0 110000.0 225.49906054687744 662.595349379596 395.204169535442 999.6149999999907 78.89990234375 12503.521545186262 2070.480106555367 2054.490142409139 2070.480106555367 14.989964146228159 5518564.096751402 3186.0914085566287 14.910375724447583 3186.0914085566287 3169.1810328321812 4400.0
110000.0 120000.0 191.22293359375908 767.7148710937491 323.94266713914436 999.8839999999909 183.38899999999558 12377.724043000686 2376.3060918232486 2361.4652686668096 2376.3060918232486 14.840823156438852 6216680.896579494 3566.565076632235 14.920411578219426 3566.565076632235 3551.6446650540156 4400.0
120000.0 130000.0 809.6000605468871 731.6116934814436 355.0153382654834 999.7729999999865 78.31603124999674 12652.219278774046 2173.1809725280973 2158.007534383251 2173.1809725280973 15.173438144846397 5599715.102627054 3343.848486584251 15.0 3343.848486584251 3328.848486584251 4400.0
130000.0 140000.0 131.1686367187649 759.1628854549609 321.63395800442254 999.820000000007 159.05499999999302 14206.620056533182 2547.5727741158203 2530.5549447785847 2547.5727741158203 17.017829337235586 6763223.771900844 3898.337993469241 17.0 3898.337993469241 3881.337993469241 4400.0
140000.0 150000.0 75.89574218750931 731.3733903645829 347.0079121599673 999.9439999999886 247.42199999999139 12353.160664692772 2671.6460560495766 2656.8373235316585 2671.6460560495766 14.808732517918015 7425039.592031028 4240.717238891796 15.0 4240.717238891796 4225.717238891796 5800.0
150000.0 160000.0 31.82700976563501 671.9376209716793 423.5351316248561 999.9890000000014 80.33699999999953 12670.117343402237 2975.0442731753305 2959.85159285836 2975.0442731753305 15.1926803169702 8035166.754384641 4581.943691912302 15.1926803169702 4581.943691912302 4566.751011595332 6150.0
160000.0 170000.0 373.90951367188245 719.6621345052088 359.8284298410006 999.7770000000019 134.4200000000128 12349.882656597763 2327.776341386359 2312.9690217033294 2327.776341386359 14.8073196830298 5983199.867569607 3550.705882073936 14.8073196830298 3550.705882073936 3535.898562390906 4400.0
170000.0 180000.0 25.1417949218594 732.9013858642611 338.5545042097766 999.7660000000033 127.50307421875186 12510.0 2160.4687335301905 2145.4687335301905 2160.4687335301905 15.0 5767164.005772527 3366.53556229003 15.0 3366.53556229003 3351.53556229003 4400.0
180000.0 190000.0 64.11717578122625 699.1464926215299 364.05403877801547 999.9750000000058 95.7270000000135 16454.196924162334 2591.743066717254 2572.551363151202 2592.743066717254 19.191703566051626 6726549.576658685 4089.3375959199925 20.0 4089.3375959199925 4068.3375959199925 4400.0
190000.0 200000.0 64.0061679687351 641.1449977022062 413.48721496360554 998.7950000000128 66.200927734375 12464.553687542031 2638.1399785699273 2622.197042844769 2638.1399785699273 14.942935725158453 7293017.543232778 4197.564916720969 16.13463929121008 4197.564916720969 4180.430277429759 5800.0
200000.0 210000.0 439.3539433593978 635.6594475097663 422.1602765693005 999.9239999999991 76.80600000001141 12541.206115265693 2731.0980079094534 2716.058309728749 2731.0980079094534 15.039698180704626 7011494.012232597 4158.023596565792 14.865360708789922 4158.023596565792 4143.158235857001 5450.0
210000.0 220000.0 141.0291914062691 668.7216130371071 418.26425104216645 999.8420000000042 90.02499999999418 12442.09781358637 2148.8190883245584 2133.901895868965 2148.8190883245584 14.917192455593133 5721755.814674394 3395.731269186825 15.091529927507837 3395.731269186825 3380.639739259317 4400.0
220000.0 230000.0 192.61083203123417 771.5931755514706 347.50994079449515 999.8990000000049 83.43700000000536 12434.945459443574 2192.2371842965654 2177.3287142240733 2192.2371842965654 14.908470072492163 5669327.07284677 3218.985165349597 14.908470072492163 3218.985165349597 3204.076695277105 4400.0
230000.0 240000.0 583.5913261718815 594.7452739514808 389.3983838487667 999.9739999999874 103.36100000000442 16517.34962045917 2496.6699112570977 2476.4792409882452 2497.6699112570977 19.190670268852642 6626264.742589161 3834.9058187869105 21.0 3834.9058187869105 3811.9058187869105 4400.0
240000.0 250000.0 660.4217421875219 692.2873897135374 358.22159019511537 999.6410000000033 113.85499999998137 12353.650379540832 2181.5011763866314 2166.6918466554844 2181.5011763866314 14.809329731147358 5741692.872025195 3364.114733925733 15.0 3364.114733925733 3349.114733925733 4400.0
250000.0 260000.0 551.7209687500144 611.4485644531269 410.396878115869 999.6039999999921 86.82900000002701 12510.0 2132.6464298390983 2117.6464298390983 2132.6464298390983 15.0 5598751.608030831 3213.3320095965855 15.0 3213.3320095965855 3198.3320095965855 4400.0
260000.0 270000.0 524.6440097657032 646.4868743896441 418.17801512531014 999.945000000007 102.09399999998277 12611.554175243116 2047.0573685908942 2031.9335220357198 2047.0573685908942 15.123846555174532 5573998.997637835 3159.1029692887278 15.123846555174532 3159.1029692887278 3143.9791227335527 4400.0
270000.0 280000.0 391.29796875000466 704.1210687499998 367.36771485464567 999.9349999999977 129.44799999997485 12408.445824756884 2149.693645720461 2134.8174922756352 2149.693645720461 14.876153444825468 5624819.621791559 3273.6206554975242 14.876153444825468 3273.6206554975242 3258.7445020526984 4400.0
280000.0 290000.0 348.6758281249786 680.1904418402765 371.05869124117515 999.2739999999758 101.42099999997299 16329.0 2682.8463491635734 2663.8463491635734 2683.8463491635734 19.0 6835840.343319325 4147.85355793007 20.0 4147.85355793007 4126.85355793007 4400.0
290000.0 300000.0 12.231423828110565 706.5094137178385 386.27785238643673 999.9270000000251 24.177000000025146 15030.0 2272.698775767919 2253.698775767919 2272.698775767919 18.0 5959386.035162586 3449.701617059761 19.0 3449.701617059761 3429.701617059761 4400.0
