ts te idle avg_span std_span max_span min_span c_bytes_all c_ack_cnt c_ack_cnt_p c_pkts_all c_pkts_data s_bytes_all s_ack_cnt s_ack_cnt_p s_pkts_all s_pkts_data video_rate
0.0 10000.0 6926.7890625 550.4018387920673 327.1963216956412 999.3240000000005 36.79200000000128 23513.73752103029 308.1837827290655 280.6671111682248 316.9202284536947 25.516671560840756 722309.7564130751 518.1724446378748 32.253117285469884 518.1724446378748 479.1828816277759 958.6666666666666
10000.0 20000.0 1092.5461230468718 741.615909082032 311.3689769259073 999.025999999998 66.77700000000186 22251.262478969715 957.2595958062825 929.7762673671232 957.5231500816533 26.483328439159244 1721783.2073249999 1239.824609238914 27.34467677840826 1239.824609238914 1211.2163781851348 518.0
20000.0 30000.0 5929.039199218743 450.51976262019275 342.28844542200267 999.7209999999977 5.47899999999936 15020.0 939.556621464652 921.556621464652 939.556621464652 18.0 1868027.036261925 1138.0029461232111 18.40220593612186 1138.0029461232111 1119.6007401870893 1252.5
30000.0 40000.0 2499.18661914063 538.5551519531242 434.44023144773786 999.8859999999986 30.743999999998778 13874.139461662846 1598.1554221089211 1581.5068004204854 1598.1554221089211 16.648621688435682 4191850.28208211 2438.746916279025 16.648621688435682 2438.746916279025 2422.098294590589 3337.5
40000.0 50000.0 103.36795507813804 647.2199141845681 425.95342770275624 999.7770000000019 35.89299999999639 12509.277555107614 2122.4332610376177 2107.4341190481787 2122.4332610376177 14.999141989438971 5685571.11477137 3288.5286817699657 14.999141989438971 3288.5286817699657 3273.5295397805266 4400.0
50000.0 60000.0 59.88409570310614 646.2286309814472 431.66711185161444 999.752999999997 42.91800000000512 12522.876071621246 2045.9900050647043 2030.9747128181234 2045.9900050647043 15.015292246581051 5671056.184380756 3161.0659262262543 15.015292246581051 3161.0659262262543 3146.0506339796734 4400.0
60000.0 70000.0 91.70218945312081 650.5193306884767 418.0821834840002 999.2280000000028 60.09399999999732 12506.36193137479 1963.4939600111543 1948.49828075774 1963.4939600111543 14.995679253414238 5493538.189519817 3133.954048848945 14.995679253414238 3133.954048848945 3118.9583695955307 4400.0
70000.0 80000.0 1068.7829531250318 656.4974153645812 390.7155072795189 999.9489999999932 53.58100000000559 11942.433518073165 1984.5524749935632 1970.2347349942277 1984.5524749935632 14.317739999335634 5519939.188032515 2978.4137495676264 14.317739999335634 2978.4137495676264 2964.096009568291 3933.3333333333335
80000.0 90000.0 110.7379726562649 633.2114952895208 394.90306126767945 999.9250000000029 71.81100000000151 14758.020371498264 2021.7583573304216 2003.0779335654206 2021.7583573304216 17.68042376500098 5605797.54303332 3156.4263505270524 17.68042376500098 3156.4263505270524 3137.745926762051 3800.0
90000.0 100000.0 49.27423242187069 643.1733760986335 435.74514532223367 999.7939999999944 59.15899999999965 12515.015726723188 1934.3876470953778 1919.381690175279 1934.3876470953778 15.005956920098798 5367141.601793864 3088.3895454933063 15.005956920098798 3088.3895454933063 3073.3835885732074 4400.0
100000.0 110000.0 46.49308984374511 633.8069962086404 416.9976255068096 999.8659999999945 65.78900000000431 15316.789116434049 2581.4288952967427 2563.62615097554 2582.4288952967427 17.802744321202656 6842690.1094467435 3944.700422760637 18.802744321202656 3944.700422760637 3924.897678439435 5300.0
110000.0 120000.0 133.15178320306586 696.5710087316213 337.47331220691524 999.8470000000088 230.429931640625 12594.597893011978 2056.9252199018033 2040.8187824120885 2056.9252199018033 15.106437489714768 5644567.671103626 3261.231001106346 15.74599197626521 3261.231001106346 3244.485009130081 4400.0
120000.0 130000.0 1059.2592265625135 696.7596635742186 335.0169913416324 999.6680000000051 158.17199999999139 16504.102714299977 2733.6414814064524 2714.508513901757 2734.6414814064524 19.132967504695404 7079437.730924714 4090.0906823061105 20.19841819606316 4090.0906823061105 4068.892264110047 4400.0
130000.0 140000.0 184.49915625000722 618.0968031939359 414.816100553865 999.8979999999865 102.65499999999884 12758.385640192882 2693.7493453055895 2678.454350483508 2693.7493453055895 15.294994822081808 7270185.498368284 4173.149206863384 15.589989644163614 4173.149206863384 4157.559217219221 5800.0
140000.0 150000.0 166.78559765627142 709.2062560763864 376.6049143901951 999.8559999999998 32.9873046875 11592.440180970203 2998.109415859688 2984.200928803182 2998.109415859688 13.908487056506756 8019171.26009527 4545.965996475238 13.908487056506756 4545.965996475238 4532.057509418731 6500.0
150000.0 160000.0 71.4463027343736 750.5676276041696 368.4250866042173 999.6449999999895 48.75772460937151 12432.222857517663 2354.2349260555166 2339.3275378176827 2354.2349260555166 14.907388237834152 6614283.336680522 3720.6203936773795 14.907388237834152 3720.6203936773795 3705.7130054395457 4750.0
160000.0 170000.0 521.714773437503 720.8277279730909 352.3277153077081 999.9349999999977 99.23999999999069 13505.336961512134 2080.8579870110334 2064.6738623053743 2080.8579870110334 16.184124705659094 5745356.301567505 3293.3095696566807 15.824842272195978 3293.3095696566807 3277.484727384485 4400.0
170000.0 180000.0 713.6536015624588 705.2172736545165 300.8874152627153 999.8399999999965 145.97899999999208 13908.850238839397 2739.4942069491094 2722.8304893257846 2739.4942069491094 16.6637176233247 7047871.762832258 4145.717615171412 17.023000056787815 4145.717615171412 4128.694615114624 4400.0
180000.0 190000.0 110.09983593749348 663.3572002527585 367.91997442110056 999.9370000000054 121.07300000000396 12793.149761160603 2740.581583800594 2725.2453014239186 2740.581583800594 15.3362823766753 7562129.858300464 4331.345683518145 15.3362823766753 4331.345683518145 4316.009401141469 6150.0
190000.0 200000.0 165.29525585941155 696.5991668701154 344.0394929144721 999.8269999999902 191.02900000000955 12169.693708098015 3164.443987207989 3149.8481514501527 3164.443987207989 14.595835757836122 8629333.390417766 5036.511943200387 14.595835757836122 5036.511943200387 5021.91610744255 6150.0
200000.0 210000.0 805.6238886718638 669.1605684814458 326.17440422077516 999.9880000000121 231.458984375 12728.058909748952 2323.0005680396694 2307.7419363953068 2323.0005680396694 15.258631644362648 5868025.946855383 3429.08853858952 15.258631644362648 3429.08853858952 3413.8299069451573 4400.0
210000.0 220000.0 724.3531894531334 719.1679917279432 363.0409668234112 999.6659999999974 39.422015624993946 11943.538389139549 2422.7713852567717 2408.445013384684 2422.7713852567717 14.326371872087666 6054247.032680285 3539.3995867897606 14.01938016504349 3539.3995867897606 3525.380206624717 4400.0
220000.0 230000.0 78.56364843752817 751.6847290581596 332.73200925720676 999.8759999999893 89.66000000000349 14591.77013770385 2538.583577547171 2521.1075746068605 2538.583577547171 17.476002940310202 6851425.272999298 3932.788387560522 17.78299464735438 3932.788387560522 3915.005392913168 4400.0
230000.0 240000.0 1497.3585898437013 594.5081960937532 397.0605473875721 999.3680000000168 61.744000000006054 8592.938855309632 1460.4062927201098 1450.0631349347063 1460.4062927201098 10.343157785403363 4079162.7241141307 2298.5557536123033 10.343157785403363 2298.5557536123033 2288.2125958269 5800.0
240000.0 250000.0 2737.39767187502 642.963380126952 274.8932938987236 998.3989999999758 164.43499999999767 21571.456162498365 1820.0022152904805 1793.384096332644 1823.0022152904805 24.618118957836536 4628233.494140355 2684.299174152932 27.618118957836536 2684.299174152932 2653.6810551950957 2746.4
250000.0 260000.0 67.0628085937933 666.0066772460959 416.362045399091 999.86599999998 56.351000000024214 12389.610943023814 2260.307994385299 2245.457921880413 2260.307994385299 14.850072504885699 6246233.045482168 3455.900236092098 14.850072504885699 3455.900236092098 3441.0501635872124 4750.0
260000.0 270000.0 163.84880273439921 704.9731340332037 348.8259260419221 999.8709999999846 221.72399999998743 12319.021517354195 2149.1823589577743 2134.4032279558996 2149.1823589577743 14.779131001874699 5746936.8316545375 3187.1309737675583 14.779131001874697 3187.1309737675583 3172.3518427656836 4400.0
270000.0 280000.0 389.7391054687905 686.8190690104158 331.3975359717412 999.6790000000037 133.50500000000466 14526.70751276829 2510.529703052555 2493.131186876243 2510.529703052555 17.39851617631121 6832626.5202103425 3746.9428430369867 17.39851617631121 3746.9428430369867 3729.544326860676 4700.0
280000.0 290000.0 212.35351757815806 673.6644510569818 363.9198807324431 999.9079999999958 89.72999999998137 12808.203864355337 2942.319971705226 2926.9658103461343 2942.319971705226 15.354161359091849 8097393.134648262 4551.709484181327 15.354161359091849 4551.709484181327 4536.3553228222345 6500.0
290000.0 300000.0 67.34031445306027 733.404798307293 350.8674961349985 999.9220000000205 128.54999999998836 12245.869629134902 2444.388689910729 2429.7023839378853 2444.388689910729 14.686305972844302 7016630.707909083 3870.869267138347 14.686305972844302 3870.869267138347 3856.1829611655025 5450.0
