ts te idle avg_span std_span max_span min_span c_bytes_all c_ack_cnt c_ack_cnt_p c_pkts_all c_pkts_data s_bytes_all s_ack_cnt s_ack_cnt_p s_pkts_all s_pkts_data video_rate
0.0 10000.0 7310.279152343748 594.7573505859376 368.79553448331467 998.3230000000003 29.419000000001688 19797.119734692296 241.48995797576728 219.20095627791216 248.48995797576728 21.28900169785514 484478.1889672485 363.09711714763733 27.28900169785514 363.09711714763733 329.80811544978224 1092.8
10000.0 20000.0 456.9027734374977 737.0326724076712 305.7642753705311 997.5270000000019 56.266999999999825 20666.8802653077 681.5100420242327 656.7990437220878 681.5100420242327 24.71099830214486 1294251.8110327516 932.9028828523626 24.71099830214486 932.9028828523626 908.1918845502178 288.0
20000.0 30000.0 5680.256064453133 381.06364285714307 381.9292490121901 996.7909999999974 42.13999999999942 14167.0 1068.0 1051.0 1068.0 17.0 1909114.0 1222.0 17.0 1222.0 1205.0 1331.4285714285713
30000.0 40000.0 1561.5801425781247 606.0292009114584 393.28375736292105 999.0049999999974 36.171000000002095 15311.230648302258 1833.1545408220531 1814.79678470768 1833.1545408220531 18.357756114373228 4263062.744064322 2519.5506414092342 18.357756114373228 2519.5506414092342 2501.192885294861 3350.0
40000.0 50000.0 80.9306660156144 645.9318170166011 428.05278250498134 999.8120000000054 43.68399999999383 12516.81795795571 1963.2844256295275 1948.2763282922879 1963.2844256295275 15.00809733723956 5456595.296361398 3128.376092881035 15.00809733723956 3128.376092881035 3113.367995543796 4400.0
50000.0 60000.0 931.9124707031297 731.4516652343747 348.4439276996542 999.9149999999936 75.1710000000021 12755.421591813321 2209.5674872475247 2194.2787994101964 2209.5674872475247 15.288687837328483 6001212.556373551 3451.058017960794 15.288687837328483 3451.058017960794 3435.769330123466 4400.0
60000.0 70000.0 623.8619863281201 709.966448046876 368.2783923079997 999.6879999999946 92.25088476562814 13072.238648211156 2221.364430929139 2204.6931283534586 2221.364430929139 15.671302575680686 5927772.608356183 3435.8580728573515 15.671302575680686 3435.8580728573515 3419.1867702816708 4400.0
70000.0 80000.0 11.598347656254191 812.8148837316163 265.2090236783618 999.851999999999 83.89800000000105 12887.91473089099 2074.0590578371716 2058.6231571884678 2074.0590578371716 15.435900648703772 5806823.09514158 3268.2733947791294 14.58991324873101 3268.2733947791294 3253.6834815303987 4400.0
80000.0 90000.0 15.977748046876513 597.5345784970234 382.4875271863962 999.7039999999979 28.945000000006985 13505.33939197834 2881.165016005796 2864.9571665826015 2881.165016005796 16.207849423194826 7719889.066047834 4432.296329798526 17.053836823167586 4432.296329798526 4415.242492975359 6200.0
90000.0 100000.0 16.54069140626234 616.9594950195315 384.5214469768707 999.9529999999941 54.87207226562896 13226.711808941338 3181.3761068238528 3165.5218589811648 3181.3761068238528 15.85424784268742 8661958.747791013 5007.310940710981 15.85424784268742 5007.310940710981 4991.456692868294 6500.0
100000.0 110000.0 229.2607929687365 762.8781741727948 317.23735257507514 999.471000000005 119.7719999999972 12658.325221906885 3110.4894882524904 3095.3133300316986 3110.4894882524904 15.176158220792026 8355330.974988487 4858.776256756404 15.176158220792026 4858.776256756404 4843.600098535612 6500.0
110000.0 120000.0 7.8293515624827705 816.5703341899713 294.37465482204186 1000.0 122.70199999999022 12453.917591113284 3353.9828442781254 3339.0635691985667 3353.9828442781254 14.919275079558705 8891548.112865007 5196.69323629344 14.919275079558705 5196.69323629344 5181.773961213882 6500.0
120000.0 130000.0 201.6080664062465 785.0321974516389 293.64921497578194 999.8390000000072 164.03800000000047 12932.822896570557 3389.6433808688057 3374.127097174393 3389.6433808688057 15.5162836944126 8552420.06694439 5153.607492788982 14.951842468383907 5153.607492788982 5138.655650320598 6500.0
130000.0 140000.0 3.212892578128958 719.6573635817286 359.4416551668367 999.9079999999958 14.540999999997439 13390.827014900915 3378.3674720490476 3362.3802900452833 3378.4601122999925 15.9871820037644 8890659.320996271 5307.553200303282 16.64426348073815 5307.553200303282 5290.816296571599 6875.0
140000.0 150000.0 9.443167968769558 713.9518408203124 364.07482053584823 999.8509999999951 56.89896289061289 14845.483927843708 3617.4757938970233 3599.2042802827063 3618.3831536460784 17.27151361431708 9200094.23303923 5390.1484749753745 18.61774391543401 5390.1484749753745 5369.623371310885 7271.428571428572
150000.0 160000.0 925.3003046874946 566.9759536576722 360.9673534763423 999.9880000000121 14.581000000005588 15928.2080488941 2952.874013250278 2934.3120063574233 2953.874013250278 18.562006892855027 7472022.235455689 4358.654602240935 20.123136340793042 4358.654602240935 4337.531465900141 5300.0
160000.0 170000.0 6.727023437502794 794.27309425951 275.27962721751436 999.8489999999874 62.562999999994645 12608.94420291892 3286.0970906921007 3269.97929997434 3286.0970906921007 15.11779071776062 8495541.937303785 5022.410385990113 16.11779071776062 5022.410385990113 5005.292595272353 6500.0
170000.0 180000.0 6.558933593740221 745.912635644534 274.38789588443467 999.7770000000019 112.60800000000745 12643.353867380669 3572.8175051785665 3557.6727141336246 3572.8175051785665 15.144791044941552 9215034.992277268 5369.985130702632 15.144791044941552 5369.985130702632 5354.8403396576905 6500.0
180000.0 190000.0 16.572099609358702 713.0631496710535 303.22530542039095 999.9349999999977 137.0419921875 14387.192894503074 3233.7600086057637 3216.896220572058 3234.4931553677325 16.86378803370536 8430238.044027954 4924.0979609023725 17.59693479567415 4924.0979609023725 4905.767879344729 6500.0
190000.0 200000.0 1202.2354277343838 610.6985467722023 356.4647280688246 999.9059999999881 21.47599999999511 14759.090306824686 2338.9892617126698 2320.453913550965 2339.256114950701 17.53534816170501 6433310.869019159 3734.433287001542 18.802201399736216 3734.433287001542 3714.3642323637746 5800.0
200000.0 210000.0 1664.0351621093869 653.7409833984377 395.0291415429403 999.5970000000088 1.5670000000100117 15375.753330033738 2308.139150907191 2289.7183276728497 2308.139150907191 18.420823234341135 6179507.633663764 3540.68763095584 18.08202075697965 3540.68763095584 3522.6056101988606 3962.5
210000.0 220000.0 14.483048828144092 922.9547724609347 173.57174809983542 999.8889999999956 358.59130859375 12724.249466403457 2134.8747048275072 2119.619645938932 2134.8747048275072 15.255058888575544 5543324.273294456 3154.5914215353882 15.59386136593703 3154.5914215353882 3138.9975601694514 4400.0
220000.0 230000.0 28.6130878906406 785.0486627604153 291.3071505397742 999.7809999999881 168.58300000001327 13565.039760286809 2178.2615614916263 2162.0075804493995 2178.2615614916263 16.253981042226766 6131139.838192566 3385.36182225891 16.253981042226766 3385.36182225891 3369.1078412166826 4400.0
230000.0 240000.0 804.920097656257 559.2082697482628 425.5128318206763 999.6320000000123 1.489000000001397 11559.886112650462 2411.4068732465653 2397.5367972001227 2411.4068732465653 13.870076046443076 6513164.234603612 3618.526948044383 13.870076046443076 3618.526948044383 3604.65687199794 5450.0
240000.0 250000.0 19.876373046892695 695.5814398437476 313.54258426257826 999.5989999999874 143.67399999999907 13099.227229767615 3349.7549466983137 3334.053629226445 3349.7549466983137 15.70131747186818 8624560.876440117 4948.597185031872 15.70131747186818 4948.597185031872 4932.895867560004 6500.0
250000.0 260000.0 151.0900976562989 670.2204552556849 326.93052672182284 999.9479999999749 103.24800000002142 13550.4420620378 2836.2225171786986 2819.9861376270246 2836.2225171786986 16.236379551674514 7657493.91742047 4451.887365870498 16.236379551674514 4451.887365870498 4435.650986318823 5800.0
260000.0 270000.0 6.654275390668772 829.6076043945243 254.90381031254984 999.9419999999809 103.66800000000512 12467.742937151175 3368.8941522019277 3353.957557795479 3368.8941522019277 14.93659440644911 8997478.17393903 5215.458463858265 14.93659440644911 5215.458463858265 5200.521869451815 6500.0
270000.0 280000.0 15.377009765594266 705.2858961759882 323.09265153625694 999.7280000000028 84.96000000002095 12782.853142766206 3094.2629950075157 3078.938195515403 3094.2629950075157 15.32479949211272 8208180.401097959 4760.8397052211485 15.32479949211272 4760.8397052211485 4745.5149057290355 6500.0
280000.0 290000.0 6.915781249990687 664.205142068621 387.2636525120004 999.9330000000191 7.731000000028871 13054.155979372676 3294.3247888746173 3278.6684280218083 3294.3247888746173 15.656360852808803 8432719.088762904 4990.735885451146 15.656360852808803 4990.735885451146 4975.079524598337 6500.0
290000.0 300000.0 11.02884374995483 659.8627928757425 394.1301220275741 999.9880000000121 26.62699999997858 14828.95470441421 3316.2034772301704 3299.0213302674883 3317.2034772301704 17.182146962681763 8750876.905517314 5011.216242613128 18.182146962681763 5011.216242613128 4992.034095650446 6500.0
