ts te idle avg_span std_span max_span min_span c_bytes_all c_ack_cnt c_ack_cnt_p c_pkts_all c_pkts_data s_bytes_all s_ack_cnt s_ack_cnt_p s_pkts_all s_pkts_data video_rate
0.0 10000.0 6736.205222656252 661.9674446614582 362.5348744025544 998.7510000000002 0.0750000000007276 16368.05098682467 513.6443226629958 495.495429692435 517.6443226629958 18.148892970560876 1130461.9517636825 757.5072142749932 22.148892970560876 757.5072142749932 731.3583213044324 1424.0
10000.0 20000.0 104.83830078125175 719.6471639811193 366.32375672680683 999.6909999999989 38.50798632812439 21617.825494692417 1483.9669971199019 1458.1127832600105 1483.9669971199019 25.854213859891523 2900706.6637659725 2072.036347316608 25.723948721808462 2072.036347316608 2046.3123985947998 1043.076923076923
20000.0 30000.0 3768.0703808593753 433.0542138157892 359.6756096383569 997.4329999999973 10.29200000000128 21358.123518482913 737.3886802171023 710.3917870475547 738.3886802171023 24.9968931695476 1647572.3844703448 1068.4564384083983 28.12715830763066 1068.4564384083983 1037.3292801007678 807.4285714285714
30000.0 40000.0 2602.665470703134 685.7162926897316 366.44403138172146 999.4550000000017 56.47099999999773 14956.278860485221 1492.7400242572396 1473.8180778671147 1492.7400242572396 17.921946390124965 3629665.484324745 2121.251446677234 18.921946390124965 2121.251446677234 2101.329500287109 2371.4285714285716
40000.0 50000.0 5827.6866113281285 455.61127450284073 363.394791245616 935.3359999999957 73.24090234375035 13664.526809299497 1146.0928121619893 1130.2877182772522 1147.0928121619893 15.805093884737138 3012975.1094360696 1759.9754874706005 16.80509388473714 1759.9754874706005 1742.1703935858632 3466.6666666666665
50000.0 60000.0 937.9182070312527 642.9327358398432 413.30431304718724 998.8889999999956 92.15200000000186 12679.473240719974 1755.42956087427 1739.2263411604092 1755.42956087427 15.203219713860808 4694535.943795507 2722.3888812623904 16.13347970258372 2722.3888812623904 2705.255401559807 3466.6666666666665
60000.0 70000.0 1014.4995703124878 789.8195347656243 321.2021836282797 999.5500000000029 69.72710937500233 14211.581937770881 1859.3503394088343 1842.3270829506741 1859.3503394088343 17.02325645816019 4818049.637333739 2802.6060363465213 17.04651291632038 2802.6060363465213 2785.559523430201 3000.0
70000.0 80000.0 3053.8056425781106 611.1059541015628 402.40592696662765 999.7320000000036 35.79099999999744 12503.08694990093 1559.346461039398 1544.3546713126748 1559.346461039398 14.991789726723194 3987892.5223960313 2296.736536206591 14.983579453446389 2296.736536206591 2281.752956753144 3000.0
80000.0 90000.0 1079.2883046875213 707.4348463541653 361.68253390209895 999.6879999999946 53.3917304687493 12486.932379153672 1542.8989010587059 1527.9262972829888 1542.8989010587059 14.97260377571695 3904780.9762952956 2350.1085823234052 15.027297602110654 2350.1085823234052 2335.0812847212947 3000.0
90000.0 100000.0 2117.2557128906337 589.824565429687 396.889645292044 999.8120000000054 0.0 16393.392080058533 1121.1225183835704 1102.1279466753863 1122.1225183835704 18.994571708184218 2764981.972140403 1701.7694475061983 18.994571708184218 1701.7694475061983 1681.774875798014 3000.0
100000.0 110000.0 1008.2092070312647 777.0432082648025 324.6614833339253 999.9850000000006 43.750988281244645 15873.528433024276 2231.7263296734764 2212.726897142761 2231.7263296734764 18.999432530715133 5837667.921168983 3360.188994204901 18.999432530715133 3360.188994204901 3341.189561674186 3000.0
110000.0 120000.0 1171.3443144531338 687.392997135416 406.7316520025599 999.6479999999865 43.995031250000466 14159.935375885541 1876.5367316769984 1859.57366241356 1876.5367316769984 16.963069263438353 4786318.7618001215 2799.2164131226673 16.963069263438353 2799.2164131226673 2782.253343859229 3000.0
120000.0 130000.0 933.6796367187635 658.2223896484388 357.39191121080216 999.9489999999932 30.44200000001001 13205.242511702352 3202.581000422937 3186.7410449458557 3202.581000422937 15.839955477081178 7328280.668401351 4418.271861010494 15.839955477081178 4418.271861010494 4402.431905533413 6000.0
130000.0 140000.0 1451.8855429687537 694.4080529641532 357.56256381148165 999.997000000003 105.18100000001141 12343.810846657858 2576.934484952385 2562.1328411690292 2576.934484952385 14.8016437833559 6824503.11906747 4031.6071882845386 14.731617031549177 4031.6071882845386 4016.875571252989 5450.0
140000.0 150000.0 2340.0700917968643 606.5133555836425 393.5679672239881 999.9349999999977 56.553000000014435 12850.273706882104 2365.50056226562 2350.095454797741 2365.50056226562 15.405107467879208 6271566.595369681 3647.0611118160823 15.475134219685932 3647.0611118160823 3631.5859775963963 4400.0
150000.0 160000.0 799.6513359374949 682.0402833116322 361.06060996344263 999.9880000000121 63.6359999999986 14181.036740536638 2713.949043797331 2696.963273240753 2713.949043797331 16.985770556578085 6854117.3566181995 4047.8162472543995 16.985770556578085 4047.8162472543995 4030.8304766978213 4400.0
160000.0 170000.0 2826.019003906258 557.7927092633929 418.26342612178166 999.7550000000047 18.230000000010477 8009.569943762507 1369.8484391191198 1360.199284872492 1369.8484391191198 9.64915424662755 3587751.779355779 2097.3235749331675 9.64915424662755 2097.3235749331675 2087.6744206865396 5100.0
170000.0 180000.0 220.99026953123393 803.510059678822 313.376515562984 999.4020000000019 34.67399999999907 16956.24293263899 2279.3747432167766 2259.087043771837 2279.3747432167766 20.28769944493942 6115054.463147644 3519.1526275202077 20.28769944493942 3519.1526275202077 3498.8649280752684 3311.1111111111113
180000.0 190000.0 101.26186523438082 693.2628939209008 397.3501808124399 999.7950000000128 75.38200000001234 12518.494301175073 2213.8696679333807 2198.859579689705 2213.8696679333807 15.010088243675861 5822984.337096501 3247.581302631476 15.01008824367586 3247.581302631476 3232.5712143878 4750.0
190000.0 200000.0 1919.9484824219253 667.4036223493292 410.71408346592 999.5169999999925 75.33100000000559 10877.246459215503 2287.7838242776115 2274.726489874958 2287.7838242776115 13.057334402653769 5991529.6664831415 3476.3076394319482 13.057334402653769 3476.3076394319482 3463.2503050292944 5660.0
200000.0 210000.0 459.9089257812302 694.9413685238488 339.51089205497937 999.9739999999874 44.049996093759546 15803.682002634581 2972.993255793462 2954.075615775866 2972.993255793462 18.917640017595737 7986561.0808511665 4599.657492289004 18.917640017595737 4599.657492289004 4580.739852271408 4662.5
210000.0 220000.0 1545.158794921881 648.5997491455091 367.8215846090007 999.8669999999984 93.80300000001444 10868.704564744054 2556.481801731975 2543.433459018502 2556.481801731975 13.048342713472747 6797986.778812542 3935.21936102548 13.048342713472747 3935.21936102548 3922.1710183120067 6500.0
220000.0 230000.0 106.28186132817063 686.8749313964818 401.2855142891227 999.9919999999984 89.01600000000326 12612.95992375182 2323.376156608347 2308.2538764138676 2323.376156608347 15.122280194479593 6238535.7904629065 3623.027116721536 14.991314323997008 3623.027116721536 3608.035802397539 4750.0
230000.0 240000.0 293.82566796871834 736.9820770263705 363.7192146609142 999.9640000000072 130.8201054687379 12769.85017009877 2115.929506550505 2100.6217180010412 2115.929506550505 15.307788549463462 5529231.260124758 3219.771435417658 14.784860145214317 3219.771435417658 3204.9865752724436 4400.0
240000.0 250000.0 12.17182226566365 713.7627441406229 337.518991747516 999.984999999986 104.36499999999069 16161.22439781657 2825.367645500475 2806.0265357548014 2825.367645500475 19.341109745673847 7183111.585698531 4240.147398796309 19.99500402040558 4240.147398796309 4220.152394775903 4400.0
250000.0 260000.0 2462.696146484406 720.9858565673821 326.5012663921303 999.9089999999851 101.21000000002095 12680.578157282489 2272.4367004579035 2257.2332796019746 2272.4367004579035 15.203420855928997 6011354.506287649 3512.855393080113 15.203420855928997 3512.855393080113 3497.651972224184 5100.0
260000.0 270000.0 1464.591398437391 625.6608436472077 404.0528539294684 999.7760000000126 0.0 11794.34727480217 2608.3294888376886 2594.181807988755 2608.3294888376886 14.147680848933692 6634292.683531785 3830.9584246670793 14.147680848933692 3830.9584246670793 3816.8107438181455 4750.0
270000.0 280000.0 1329.4989785156213 650.7897575683601 382.89300564389487 999.6770000000251 94.6699999999837 13520.358494933498 2166.141958811764 2149.93963280828 2166.141958811764 16.202326003483964 5802340.381985122 3338.3001633482945 16.202326003483964 3338.3001633482945 3322.0978373448106 4400.0
280000.0 290000.0 462.50398632814176 752.5208660888638 324.0399541355961 999.9409999999916 115.64600000000792 13118.203321613855 2392.508770630963 2376.7864388950798 2392.508770630963 15.72233173588344 6246257.385685505 3713.8232002176455 15.646989475250846 3713.8232002176455 3698.1762107423947 4400.0
