ts te idle avg_span std_span max_span min_span c_bytes_all c_ack_cnt c_ack_cnt_p c_pkts_all c_pkts_data s_bytes_all s_ack_cnt s_ack_cnt_p s_pkts_all s_pkts_data videorate
0.0 10000.0 0.0 0.0 0.0 0.0 0.0 0.0 0.0 0.0 0.0 0.0 0.0 0.0 0.0 0.0 0.0 0.0
10000.0 20000.0 2727.548123046876 556.7375906700726 417.0709751450428 999.4800000000032 42.14600000000064 32890.11109506154 2017.6971522355313 1979.9589247414103 2021.6971522355313 37.73822749412088 4932053.7219579145 2645.373141774511 35.79180046070359 2645.373141774511 2605.5813413138076 2495.3846153846152
20000.0 30000.0 74.0003593750007 618.730841579861 409.54102053564367 999.9879999999976 24.637939453125 15496.680056593488 2970.086415761281 2951.5219106990858 2970.086415761281 18.56450506219548 8016747.892606156 4377.085698413292 18.510932095612763 4377.085698413292 4358.57476631768 5120.0
30000.0 40000.0 6.252158203125873 670.120625732422 411.9272432573907 999.9040000000023 51.12802148437186 14222.801274960479 2960.5818609568814 2943.5240731442263 2960.5818609568814 17.057787812655366 8550179.375430293 5261.581455721876 17.057787812655366 5261.581455721876 5244.523667909221 7357.142857142857
40000.0 50000.0 575.8107968750046 634.1503402683419 379.31647365686285 999.6080000000002 12.60899999999674 18030.407573384495 2529.829854698912 2508.190375067884 2529.829854698912 21.639479631028273 7510207.487024159 3939.694979050767 21.639479631028273 3939.694979050767 3918.0554994197387 5333.333333333333
50000.0 60000.0 182.03079492188408 696.9103216796881 379.8748242463705 999.7890000000043 75.0109999999986 12083.900918884721 2836.89750525069 2822.425467230388 2836.89750525069 14.47203802030155 8383740.678522864 3796.33562501352 14.47203802030155 3796.33562501352 3781.8635869932177 6500.0
60000.0 70000.0 12.947437499999069 715.486808919271 365.0194286239684 999.9389999999985 0.0 13007.22208112095 2788.6797481190188 2773.078143970639 2788.6797481190188 15.601604148379979 8298076.064941643 4063.029209171179 15.601604148379979 4063.029209171179 4047.427605022799 6500.0
70000.0 80000.0 252.99396679687197 663.5166818576383 386.81329550914285 999.9869999999937 127.87211914062209 11995.491141143208 2676.6135109289507 2662.2355773888207 2676.6135109289507 14.377933540130075 7890885.873979726 3068.0881714042343 14.377933540130075 3068.0881714042343 3053.7102378641043 6500.0
80000.0 90000.0 88.4990351562592 660.4910861235112 366.33760807802685 999.8420000000042 64.57200000000012 14635.385858851121 2835.6139520487336 2818.065527757545 2835.6139520487336 17.548424291188397 8282636.905537242 4038.81171945062 17.548424291188397 4038.81171945062 4021.2632951594314 6500.0
90000.0 100000.0 222.98675781248312 705.9621155427633 415.8853498182235 999.7360000000044 28.279296875 11116.879717726257 2628.4147380799627 2614.079148441406 2628.4147380799627 13.33558963855631 7707987.625760102 3781.7254292572147 13.33558963855631 3781.7254292572147 3767.3898396186582 6500.0
100000.0 110000.0 12.206574218755122 607.4147566034233 398.9660871475771 999.9930000000022 78.39110156250536 13359.759670207042 2778.0210126213096 2762.001381271174 2778.0210126213096 16.01963135013542 8084176.943831261 4118.379024616409 15.01963135013542 4118.379024616409 4103.359393266273 6500.0
110000.0 120000.0 23.04878515623568 657.8827458007821 381.6134038431227 999.7960000000021 74.36100000000442 19316.360612066703 2753.564249298728 2730.9194702874197 2754.564249298728 22.644779011308273 8100775.430408637 3849.8955461263768 23.644779011308273 3849.8955461263768 3825.2507671150684 5450.0
120000.0 130000.0 1398.3790156249888 626.047388020835 381.7340272336924 999.8759999999893 48.38300000000163 16779.88339566344 2433.696810671313 2414.1340037881023 2434.696810671313 19.56280688321074 6803106.561670981 3161.2630974448325 20.56280688321074 3161.2630974448325 3139.700290561622 4500.0
130000.0 140000.0 1035.0650605468836 658.51526850329 376.4223998484133 999.9839999999967 68.80600000001141 14604.370655852956 1859.0726483440567 1840.555390880224 1859.0726483440567 17.517257463832593 5368165.017625723 2335.3462328764504 17.517257463832593 2335.3462328764504 2316.828975412618 4200.0
140000.0 150000.0 1156.2127343750617 758.1534383680523 373.22851491515536 999.4979999999923 0.0 12500.92655914093 1880.4252383647488 1865.4360400800572 1880.4252383647488 14.989198284691582 5502414.302294346 2335.6546296905703 14.989198284691582 2335.6546296905703 2320.6654314058787 4400.0
150000.0 160000.0 663.7811640624714 764.7024204427124 330.2692443774857 999.2520000000077 70.86499999999069 12685.077031570307 1919.51868240166 1904.3256524293004 1919.51868240166 15.193029972359644 5709412.242886026 2386.5731743909914 15.193029972359644 2386.5731743909914 2371.380144418632 4400.0
160000.0 170000.0 426.6383828124963 545.5463227796059 443.20364369940984 999.7429999999877 6.779296875 13485.688716957582 2061.38164101865 2045.2003528563355 2061.38164101865 16.181288162314573 6109409.268002901 2801.85291796538 16.181288162314573 2801.85291796538 2785.6716298030656 5300.0
170000.0 180000.0 11.658566406258615 666.5401756835927 346.7614879552364 999.9040000000095 78.7609999999986 13829.514803028145 2857.85852766624 2841.2682663848336 2857.85852766624 16.590261281406992 8452864.376809547 3968.5680745287887 16.590261281406992 3968.5680745287887 3951.977813247382 6500.0
180000.0 190000.0 31.658150390634546 755.5575856291107 328.8145481241087 999.7069999999949 65.508056640625 13322.53883778664 2724.1183716560845 2708.1522137039 2724.1183716560845 15.966157952183877 8017602.519035127 3845.1256834298406 15.966157952183877 3845.1256834298406 3829.1595254776566 6500.0
190000.0 200000.0 90.49419531249441 985.5795260799641 22.111720060868095 999.9569999999949 933.1739433593757 12510.0 2771.928079877247 2756.928079877247 2771.928079877247 15.0 7932456.711675348 3724.6161896731455 15.0 3724.6161896731455 3709.6161896731455 6500.0
200000.0 210000.0 289.1342187500268 723.369217927632 364.25241174022807 999.9629999999888 14.756103515625 12520.397817458233 2887.6151166590903 2872.6146373609477 2887.6151166590903 15.00047929814245 8436882.341290992 4160.455399231391 15.00047929814245 4160.455399231391 4145.454919933249 6500.0
210000.0 220000.0 417.955740234378 763.1093971679686 344.2478512367235 999.8500000000058 28.7451171875 12070.847051965444 2804.714614016142 2789.245974765815 2804.714614016142 14.468639250327186 8274269.175647485 3928.472975932904 14.468639250327186 3928.472975932904 3913.0043366825766 6500.0
220000.0 230000.0 416.7933750000084 762.1200634251612 271.7626734470708 999.4530000000086 94.3299999999872 13686.283005236704 2670.058697387991 2653.652331129408 2670.058697387991 16.406366258582565 8144269.7365834145 4060.633374804438 16.406366258582565 4060.633374804438 4044.227008545856 6500.0
230000.0 240000.0 347.27414453125675 686.3321677911935 350.7897118971394 999.5229999999865 39.60498046875 15966.504192717737 2693.0424338923563 2673.8774043334824 2693.0424338923563 19.165029558874128 8049080.339654732 3701.2337412801844 19.165029558874128 3701.2337412801844 3682.06871172131 5187.5
240000.0 250000.0 3297.641359375033 551.727067491321 436.5937104082294 999.8459999999905 10.021000000007916 17687.312771016652 1422.6970395358242 1402.6587595568635 1424.6970395358242 20.03827997896057 4164619.8766828384 1767.9632323760807 20.03827997896057 1767.9632323760807 1745.9249523971203 4700.0
250000.0 260000.0 1027.8023378906073 564.0006849609344 429.17144985056444 999.435999999987 34.34499999997206 13821.25309318192 2440.2512057420668 2423.681446269138 2440.2512057420668 16.569759472929146 6080884.763450721 3225.535833384358 16.569759472929146 3225.535833384358 3208.966073911429 4500.0
260000.0 270000.0 2074.6223691406194 621.2832902114023 427.5337526543394 999.9110000000219 40.89794921875 15044.543181472145 1927.0011193083697 1908.9464801186264 1927.0011193083697 18.0546391897432 5568968.706535839 2939.27534335355 18.0546391897432 2939.27534335355 2921.2207041638067 4662.5
270000.0 280000.0 942.8331699219416 598.4071683799358 450.454731550892 999.9079999999958 25.222900390625 14325.087724058189 2059.773510392573 2042.6076349446625 2059.773510392573 17.165875447910533 6140718.587159909 3569.270191045183 16.83100889889952 3569.270191045183 3552.439182146283 4925.0
280000.0 290000.0 6.916058593720663 700.8196037703841 424.0972542041068 999.9589999999735 6.351000000024214 15216.14185140877 2506.316214481472 2488.075317831566 2506.316214481472 18.240896649906162 7299795.509516999 3912.7671782273383 17.575763198917176 3912.7671782273383 3895.191415028421 6500.0
290000.0 300000.0 397.09663671872113 753.2474313616099 343.6661773407672 999.7330000000075 32.04999999998836 12417.629311484205 2765.8783484594724 2749.895554677344 2765.971107346976 14.890034894624055 8147075.490692031 3743.967243540027 14.890034894624055 3743.967243540027 3728.0772086454026 6500.0
