ts te idle avg_span std_span max_span min_span c_bytes_all c_ack_cnt c_ack_cnt_p c_pkts_all c_pkts_data s_bytes_all s_ack_cnt s_ack_cnt_p s_pkts_all s_pkts_data videorate
0.0 10000.0 0.0 0.0 0.0 0.0 0.0 0.0 0.0 0.0 0.0 0.0 0.0 0.0 0.0 0.0 0.0 0.0
10000.0 20000.0 4282.858632812502 571.9197236793158 405.45618558179456 999.7439999999988 36.38799999999901 30687.162913823977 1688.3426669359533 1653.248649223573 1692.3426669359533 35.09401771238002 4224160.830733564 2137.398751640649 34.09401771238002 2137.398751640649 2099.3047339282693 2453.3333333333335
20000.0 30000.0 8.418255859367491 799.5859523925783 338.84127013947534 999.7459999999992 66.60209570312145 17463.68902729424 2928.5339730392498 2907.64381272381 2928.5339730392498 20.89016031543974 8477267.680560745 4044.288024668391 12.89016031543974 4044.288024668391 4031.397864352951 4400.0
30000.0 40000.0 212.88486132812977 598.2004673108543 402.5370359738131 999.9499999999971 7.903945312500582 15841.148058881781 2262.234734668721 2243.218912696541 2262.234734668721 19.01582197218024 6737505.405364225 3679.775990280116 17.01582197218024 3679.775990280116 3662.7601683079356 5187.5
40000.0 50000.0 805.254152343754 634.0221767003673 362.865316556865 999.9820000000036 33.279999999998836 14143.352725082315 2232.617987702076 2215.675763563023 2232.617987702076 16.94222413905263 6708799.031443802 3417.2670270436856 16.94222413905263 3417.2670270436856 3400.324802904633 4400.0
50000.0 60000.0 19.871318359379075 588.8322539062508 431.77713232099535 999.898000000001 37.603000000002794 15876.647274917685 2303.670354412142 2284.612578551195 2303.670354412142 19.05777586094737 6881699.422384465 3609.055149154722 15.05777586094737 3609.055149154722 3593.997373293775 5450.0
60000.0 70000.0 156.93629882813548 664.5823813733556 344.73062610259825 999.5170000000071 58.90799999999581 15851.0 2573.5258882922367 2554.5258882922367 2573.5258882922367 19.0 7521268.609995928 3560.4310444253406 19.0 3560.4310444253406 3541.4310444253406 5450.0
70000.0 80000.0 249.01808398436697 741.0116655273441 273.5348493525664 999.471000000005 335.07799999999406 12377.799150831546 2655.242849412797 2640.3998575472015 2655.242849412797 14.84299186559566 7852139.512271251 3171.539394040632 14.84299186559566 3171.539394040632 3156.6964021750364 6500.0
80000.0 90000.0 16.25584179686848 661.3238956620058 356.69710060088715 999.7489999999962 156.7270898437564 12500.210180759386 2743.4063859449498 2728.418012808656 2743.4063859449498 14.98837313629381 8239411.658230507 3304.4231392150514 14.98837313629381 3304.4231392150514 3289.434766078758 6500.0
90000.0 100000.0 15.814794921883731 637.0245022786444 411.0168878884626 999.9879999999976 12.519000000000233 12551.229233107228 2672.935627858749 2657.886662023705 2672.935627858749 15.04896583504421 8032332.739504019 3591.8188953738936 13.048965835044212 3591.8188953738936 3578.7699295388493 6500.0
100000.0 110000.0 15.630099609363242 771.3332519531259 340.6002287039307 999.8950000000041 119.63003124999523 14266.976055551078 2349.841153548863 2332.724792437757 2349.841153548863 17.116361111105796 7060153.2254183525 3226.6959036331114 14.113053059145269 3226.6959036331114 3212.5828505739664 5300.0
110000.0 120000.0 12.622580078110332 621.2400428838325 398.7796320291431 999.56700000001 3.3070000000006985 17976.564850674626 2713.0467966699334 2690.1363871085623 2714.0467966699334 20.910409561371285 8001940.894874586 3603.125824670061 21.91371761333181 3603.125824670061 3578.212107056729 5712.5
120000.0 130000.0 2117.0720332031196 612.8086847245071 399.54035598650717 999.5100000000093 39.530999999988126 16416.220529076138 2310.9607761220773 2291.867877631488 2311.9607761220773 19.092898490589235 6289434.466361099 2853.2710539580416 18.092898490589235 2853.2710539580416 2834.1781554674526 4500.0
130000.0 140000.0 807.9104843749665 587.0121930147066 448.96403350046086 999.9700000000012 15.152999999991152 14139.193117974983 1705.3483853243733 1688.3837854217902 1705.3483853243733 16.964599902583114 4962626.746081783 2376.0329637088853 14.964599902583114 2376.0329637088853 2361.068363806302 4000.0
140000.0 150000.0 2036.7739746093866 742.0912862723198 380.53632005578413 999.7980000000098 35.34172265624511 12535.39530364643 1807.841175588721 1792.8110842498822 1807.841175588721 15.030091338838561 5353650.1138479505 2517.3804692603458 13.030091338838561 2517.3804692603458 2504.350377921507 4400.0
150000.0 160000.0 2071.912285156228 577.9790510602699 494.824024930925 999.6540000000095 0.0 10832.411578378587 1565.4512444791576 1552.4459357205792 1565.4512444791576 13.005308758578323 4524437.6629277235 1647.4963689270733 11.005308758578323 1647.4963689270733 1636.491060168495 4400.0
160000.0 170000.0 131.81609570316505 672.1283488051456 414.2222201442813 999.630999999994 39.81500000000233 14164.18398594471 2257.392870770715 2240.4259064168614 2257.392870770715 16.966964353853573 6646819.081115549 3564.512525756651 14.966964353853575 3564.512525756651 3549.5455614027974 4400.0
170000.0 180000.0 591.693708984385 590.6081151194846 441.30345754086613 999.7699999999895 33.00707031250931 12537.81601405529 1824.651910202272 1808.6188745561253 1824.651910202272 15.033035646146425 5558658.692773879 3229.6203190433744 11.033035646146425 3229.6203190433744 3217.587283397228 4400.0
180000.0 190000.0 99.47781835935893 723.908389648439 381.2721216470192 999.9459999999963 38.12400000001071 14142.651739628302 2257.5412137090125 2240.5998220942524 2257.5412137090125 16.941391614760455 6684291.120952487 3098.0794656945745 16.941391614760455 3098.0794656945745 3081.138074079814 4400.0
190000.0 200000.0 54.57908007813967 585.1450080788359 427.70491424809063 999.5540000000037 36.83100000000559 21836.48330228069 2440.020201228799 2414.5362543139763 2443.020201228799 24.48394691482267 7103949.774507506 3435.457139259092 25.48394691482267 3435.457139259092 3405.973192344269 5712.5
200000.0 210000.0 22.186367187503492 619.8397486328104 403.43188701144 999.9590000000026 12.611999999993714 14670.219163471565 2163.2817034740137 2143.7138359802752 2163.2817034740137 17.56786749373884 6376847.537795486 2919.1539068526795 18.56786749373884 2919.1539068526795 2898.5860393589405 4400.0
210000.0 220000.0 17.158335937478114 653.2433822265637 376.5637706708196 999.8979999999865 3.392728515638737 16177.786491849613 2729.3420969059093 2710.4942807234947 2730.3420969059093 18.847816182414576 7534799.615779374 3987.17530363088 18.847816182414576 3987.17530363088 3967.3274874484655 5900.0
220000.0 230000.0 215.71021289064083 694.9215343520217 354.53508497276613 999.5260000000126 158.85808398437803 12480.635558504986 2685.285584145529 2670.3204587791333 2685.285584145529 14.965125366395469 7984147.663859344 4484.918974456517 13.965125366395469 4484.918974456517 4470.953849090122 6500.0
230000.0 240000.0 837.5272089843638 756.7214084329042 292.2485671625294 999.9709999999905 101.61100000000442 12670.189565601082 2602.4625121365743 2587.2723109465687 2602.4625121365743 15.190201190005457 7607387.465423306 4406.056806641193 12.190201190005457 4406.056806641193 4393.866605451189 6500.0
240000.0 250000.0 1635.5479042968655 621.0681910400399 400.09284935639755 999.7390000000014 1.8250566406350117 12490.034178663764 1940.0219074271752 1925.0182561893125 1940.0219074271752 15.003651237862531 5825865.047793068 2967.025558665038 14.003651237862531 2967.025558665038 2953.0219074271754 5100.0
250000.0 260000.0 113.5160898437025 719.8605771949376 362.81743077449465 999.7420000000275 62.072999999974854 19667.06970817114 2793.8164891508222 2769.820018205614 2794.8164891508222 22.996470945208117 7710447.118847825 3591.804725634849 23.996470945208117 3591.804725634849 3565.808254689641 4866.666666666667
260000.0 270000.0 12.60673632810358 686.5430434570328 352.1033421225554 999.8410000000149 1.1738789062364958 12291.605584742405 2723.7608558638917 2708.020182755759 2723.7608558638917 14.740673108133386 8097204.713595603 3760.2870665809683 15.740673108133386 3760.2870665809683 3743.5463934728346 6500.0
270000.0 280000.0 116.34438281244365 681.331612738716 355.74270128282694 999.5569999999716 51.84299999999348 12633.282825752827 2655.6348652829456 2640.488448625282 2655.6348652829456 15.146416657663691 7730429.082879184 3741.538221636869 14.146416657663691 3741.538221636869 3727.3918049792046 6500.0
280000.0 290000.0 12.584070312557742 768.995936925547 294.730877296402 999.7939999999944 116.40098046872299 12178.54631266617 2829.645390309286 2815.0390407693026 2829.645390309286 14.606349539983576 8241081.315632928 4168.506727123901 12.606349539983576 4168.506727123901 4155.900377583917 6500.0
290000.0 300000.0 96.69239453127375 647.195588948564 351.539577853512 999.8269999999902 0.20799999998416752 22350.5153807218 2327.9161838891036 2300.575904339553 2330.9161838891036 25.340279549550836 6405608.4225289 2821.9200803280964 28.340279549550836 2821.9200803280964 2788.579800778545 5333.333333333333
