ts te idle avg_span std_span max_span min_span c_bytes_all c_ack_cnt c_ack_cnt_p c_pkts_all c_pkts_data s_bytes_all s_ack_cnt s_ack_cnt_p s_pkts_all s_pkts_data video_rate
0.0 10000.0 0.0 0.0 0.0 0.0 0.0 0.0 0.0 0.0 0.0 0.0 0.0 0.0 0.0 0.0 0.0 0.0
10000.0 20000.0 4490.527183593749 507.77312155330884 404.4725259621257 999.9499999999971 60.98700000000099 22510.811955880723 1527.3971006977788 1501.8825875930056 1531.3971006977788 25.514513104773062 3813705.0965082757 1800.72511597694 27.040436676991902 1800.72511597694 1769.6846792999481 3000.0
20000.0 30000.0 1075.9168671875013 666.0336207217257 300.1568540132406 999.9979999999996 38.98399999999674 19965.203183578345 2838.8038428008713 2814.9240386378783 2838.8038428008713 23.87980416299305 7343811.631302835 4281.362172877032 19.35388059077421 4281.362172877032 4262.008292286258 3381.818181818182
30000.0 40000.0 554.8619179687521 705.6614112870072 341.4378560686658 999.8220000000001 33.56500000000233 14678.984860540932 2534.916399027116 2517.310716294882 2534.916399027116 17.605682732233888 7243148.725263845 4046.0729710551764 17.605682732233888 4046.0729710551764 4028.4672883229427 5600.0
40000.0 50000.0 370.0149257812518 706.5107702508218 320.04610841955673 999.9490000000005 73.54000000000087 13510.986074194312 2782.3416879889623 2766.1406488118164 2782.3416879889623 16.20103917714622 8057098.944948805 4951.736827528678 16.20103917714622 4951.736827528678 4935.535788351532 6500.0
50000.0 60000.0 126.78436132811476 805.7107060032906 235.6961661144114 999.7419999999984 314.56396484375 12614.202170179971 3209.372927051111 3194.2590158192615 3209.372927051111 15.113911231849366 8726482.27237822 5384.483761743024 15.113911231849366 5384.483761743024 5369.369850511174 6500.0
60000.0 70000.0 9.999265624996042 755.5110083264805 363.9537001533391 999.9679999999935 11.226999999998952 12602.316688332909 2694.4786364943534 2679.3653560069915 2694.4786364943534 15.113280487361683 7980612.380254264 4797.758403786969 15.113280487361683 4797.758403786969 4782.645123299608 6500.0
70000.0 80000.0 482.45718945312547 846.6977626378665 213.06363005021765 999.627999999997 274.215087890625 12994.495067292808 2711.6403017448824 2696.0685326412395 2711.6403017448824 15.57176910364273 7996608.217443901 4871.255619047277 15.57176910364273 4871.255619047277 4855.683849943634 6500.0
80000.0 90000.0 18.607742187508848 557.7410825195317 358.05692202877236 999.7400000000052 89.02400000000489 17415.64936064362 3001.060328740366 2979.8161609551553 3002.060328740366 20.244167785210625 8129269.91365323 5020.059687503965 21.244167785210625 5020.059687503965 4996.815519718754 5187.5
90000.0 100000.0 691.7109628906328 671.6674253162194 401.7740330220049 999.4790000000066 0.35599999999976717 13123.35063935638 2572.988775454559 2557.232943239769 2572.988775454559 15.755832214789375 7439217.8182466235 4506.545440480938 15.755832214789375 4506.545440480938 4490.789608266148 6150.0
100000.0 110000.0 435.436226562495 754.7610505642353 352.64129317486237 999.9790000000066 59.30999999999767 13350.0 2701.822470640776 2685.822470640776 2701.822470640776 16.0 7803315.914682163 4753.647781318924 16.0 4753.647781318924 4737.647781318924 6500.0
110000.0 120000.0 9.16804882811266 761.1366517693027 311.7053750179526 999.8470000000088 178.864990234375 12660.625559981301 2882.0378393777805 2866.858949164026 2882.0378393777805 15.178890213754515 8360494.245428347 5206.503960428226 15.178890213754515 5206.503960428226 5191.3250702144705 6500.0
120000.0 130000.0 2091.7290195312526 628.8961256103521 375.0760507313704 999.0899999999965 48.48800000001211 14860.374440018699 1887.1396899814436 1869.3185801951981 1887.1396899814436 17.821109786245486 5447965.839889491 3366.848258252851 17.821109786245486 3366.848258252851 3349.0271484666055 3500.0
130000.0 140000.0 137.44682031249977 628.9840952380952 391.31164393318215 999.9619999999995 38.65100000001257 16856.87130685357 2071.3484387186913 2051.1214155136095 2071.3484387186913 20.227023205081693 5758276.536334891 3708.756417943956 20.227023205081693 3708.756417943956 3688.529394738874 4925.0
140000.0 150000.0 6.739128906221595 742.2821016601592 355.3387034353529 999.9789999999921 14.833000000013271 13341.939115228357 2642.847103801744 2626.8503587316995 2642.847103801744 15.996745070045096 7610755.390049042 4813.490393733422 14.996745070045096 4813.490393733422 4798.493648663377 6500.0
150000.0 160000.0 92.2928906250454 727.5656068793355 357.12602209350314 999.9349999999977 90.69899999999325 11489.189577918074 2915.042107350288 2901.265875625415 2915.042107350288 13.77623172487321 8200504.588965391 5190.759176657661 13.77623172487321 5190.759176657661 5176.982944932788 6500.0
160000.0 170000.0 14.494246093789116 718.4554342447923 369.7051250962042 999.7080000000133 33.5048828125 12665.520171210306 2722.378500356592 2707.189740711515 2722.378500356592 15.188759645077266 8065600.332416334 5140.51814305868 15.188759645077266 5140.51814305868 5125.329383413603 6500.0
170000.0 180000.0 703.6749160156178 623.8437679687529 365.1177344746331 998.6639999999898 38.29800000000978 16562.53329834 2621.413664199583 2601.5453532157408 2621.413664199583 19.868310983842335 7580342.332883668 4702.886536669721 19.868310983842335 4702.886536669721 4683.018225685879 5450.0
180000.0 190000.0 13.12375585938571 809.2910574001726 290.6654634039461 999.5190000000002 101.15990624998813 13478.103207947928 2733.7300048320353 2717.568260158729 2733.7300048320353 16.161744673306533 7826482.832752496 4895.510000965942 16.161744673306533 4895.510000965942 4879.348256292634 6500.0
190000.0 200000.0 234.1058828124951 843.9579383680555 220.3365557765074 999.8640000000014 161.508056640625 12469.871466129678 2936.7124573078227 2921.769718995289 2936.7124573078227 14.942738312533855 8295182.879295304 5258.146597349894 14.942738312533855 5258.146597349894 5243.203859037361 6500.0
200000.0 210000.0 114.65082226562663 823.2127210286449 237.01356159130495 999.7719999999972 267.26500000001397 13215.971856372089 2852.6728728231888 2836.8344264379484 2852.6728728231888 15.838446385240012 8253520.396905542 5066.465621205372 15.838446385240012 5066.465621205372 5050.6271748201325 6500.0
210000.0 220000.0 845.4417363281245 797.1015615234355 207.16418713509535 999.5160000000033 291.7259999999951 12510.0 2845.289239536463 2830.289239536463 2845.289239536463 15.0 8165812.757155681 5250.91933452726 15.0 5250.91933452726 5235.91933452726 6500.0
220000.0 230000.0 183.3998652343871 701.4657766927058 324.7794959650398 999.9929999999877 96.9770000000135 13212.454974362392 2809.374103014013 2792.5277717196004 2809.374103014013 15.84633129441252 8170913.361115917 5075.785951604771 15.84633129441252 5075.785951604771 5058.939620310359 6500.0
230000.0 240000.0 6.591947265609633 785.8655481445327 258.3588643716729 999.9830000000075 233.4892578125 12501.783315398723 2882.0741215787816 2867.084021198783 2882.0741215787816 14.990100379998463 8308949.511272191 5153.744744684166 14.990100379998463 5153.744744684166 5138.754644304168 6500.0
240000.0 250000.0 916.9428027343529 665.3071664225268 361.6051714255009 999.8150000000023 5.142999999981839 30573.235661471626 2200.757048848212 2163.7211836684273 2206.757048848212 35.03586517978468 5902523.896782955 3540.6979464466367 37.03586517978468 3540.6979464466367 3499.6620812668516 3551.6666666666665
250000.0 260000.0 352.62861718737986 673.6309821777431 411.7599410138718 999.2430000000168 33.7160000000149 13382.811939665917 2004.8449441160553 1988.795209776397 2004.8449441160553 16.04973433965815 5686044.109373694 3579.684989390142 16.04973433965815 3579.684989390142 3563.635255050484 4400.0
260000.0 270000.0 663.89376562502 659.9266269531217 409.7812959223405 999.6749999999884 0.0 12487.471748445061 1922.0349215414124 1907.0727174503331 1922.0349215414124 14.962204091079194 5585478.0777910715 3393.7249668394884 14.077968806146192 3393.7249668394884 3379.6469980333422 4400.0
270000.0 280000.0 1541.4969960937742 635.4365539550745 375.16489637688255 999.7939999999944 32.28299999999581 12930.598382183376 1952.2451311363918 1936.7453331416016 1952.2451311363918 15.499797994790391 5709671.807887865 3430.4384972454386 16.384033279723393 3430.4384972454386 3414.054463965715 4400.0
280000.0 290000.0 1352.6155449219514 605.2772521484352 382.6616989282177 999.6919999999809 77.1930000000284 14015.934536672754 1912.0510980502997 1895.2304349179312 1912.0510980502997 16.820663132368324 5471085.300973741 3319.1985664583162 16.820663132368324 3319.1985664583162 3302.377903325948 5000.0
290000.0 300000.0 49.57622656249441 758.8521653645892 328.8064026690898 999.8859999999986 69.23700000002282 12339.709441800147 2534.2641202222826 2519.4688166343744 2534.2641202222826 14.795303587908283 7480318.896270974 4119.497471748842 14.795303587908283 4119.497471748842 4104.702168160934 6500.0
