ts te idle avg_span std_span max_span min_span c_bytes_all c_ack_cnt c_ack_cnt_p c_pkts_all c_pkts_data s_bytes_all s_ack_cnt s_ack_cnt_p s_pkts_all s_pkts_data video_rate
0.0 10000.0 6027.319546874998 578.8551447482641 362.16760843634245 999.5210000000006 146.5590000000011 15529.0 507.68287796832794 490.68287796832794 511.68287796832794 17.0 1002944.277011127 669.2814643369111 21.0 669.2814643369111 644.2814643369111 1570.0
10000.0 20000.0 129.47235742187695 735.4772233323321 328.5179381251387 999.8229999999967 86.03100000000268 19804.10909813649 594.5521555114431 570.8227541722522 594.5521555114431 23.729401339190844 1157353.1535947977 843.329977178005 23.729401339190844 843.329977178005 819.6005758388142 373.09090909090907
20000.0 30000.0 5949.4394257812455 399.31629963235343 262.4727842246075 994.726999999999 54.30500000000029 13996.830751377545 1284.5317638693296 1267.7528142366432 1284.5317638693296 16.778949632686647 2163371.497232218 1382.8148629643688 16.778949632686647 1382.8148629643688 1366.0359133316822 1540.0
30000.0 40000.0 3484.915769531246 595.5963426339295 367.1674639163042 996.7209999999977 4.821000000003551 13765.060150485962 1648.2332026508993 1631.7415536227768 1648.2332026508993 16.491649028122513 4220306.072161857 2275.573695520715 16.491649028122513 2275.573695520715 2259.082046492593 2900.0
40000.0 50000.0 940.6554570312583 698.3404870476975 328.6887427347113 999.5570000000007 136.06900000000314 15598.976989387127 2492.3730844730485 2473.677931473787 2492.3730844730485 18.695152999261598 6555906.944646159 3664.019767464926 18.695152999261598 3664.019767464926 3645.324614465664 4400.0
50000.0 60000.0 779.6139902343712 650.3891529947925 382.22326935610954 999.851999999999 0.0 13615.023010612873 2416.762101137525 2399.4572541367866 2416.762101137525 16.304847000738402 6438575.636407764 3661.0735732165194 16.304847000738402 3661.0735732165194 3644.7687262157815 4400.0
60000.0 70000.0 1128.6351738281228 628.5492777777771 325.5505709977871 999.9419999999955 86.71899999999732 13691.80357526126 2311.2588483809595 2294.8405220635846 2311.2588483809595 16.418326317375282 6295582.654956595 3538.326742585396 16.418326317375282 3538.326742585396 3521.908416268021 4400.0
70000.0 80000.0 834.141832031266 641.5492226562484 333.16748690392 999.5209999999934 84.30199999999604 14041.531038462246 2372.904910998562 2356.090461953639 2372.904910998562 16.814449044922746 6515225.481327048 3728.091194622541 16.814449044922746 3728.091194622541 3711.276745577618 4400.0
80000.0 90000.0 432.7508515625086 756.1803873697904 285.0428042277656 999.9869999999937 154.45500000000175 13160.665386276496 2446.1504918053365 2430.383267167634 2446.1504918053365 15.76722463770197 6571866.691149693 3827.449951266649 15.76722463770197 3827.449951266649 3811.682726628947 4400.0
90000.0 100000.0 43.46041406250151 673.3998092041002 402.14283722738577 999.7020000000048 43.72400000000198 13065.582255096811 1966.6306768174773 1950.9531374819935 1966.6306768174773 15.677539335483916 5556733.688154852 3116.9306152181694 15.677539335483916 3116.9306152181694 3101.2530758826856 4400.0
100000.0 110000.0 144.98201953123498 638.6521185661773 411.0572248149285 999.6549999999988 45.79899999999907 13405.986873059257 2212.105533907942 2196.0250621115283 2212.105533907942 16.080471796413725 6041412.130900292 3486.532482192406 15.322460664516084 3486.532482192406 3471.21002152789 5100.0
110000.0 120000.0 673.7785527343513 716.5568801269528 347.3065745420862 999.8409999999858 140.08799999998882 12517.214091633565 2086.4994970799444 2071.4906994072203 2086.4994970799444 15.00879767272386 5601774.398276694 3207.601258265263 15.0 3207.601258265263 3192.601258265263 4400.0
120000.0 130000.0 1912.791054687521 673.8443307291658 349.06031334811723 999.9569999999949 45.90100000001257 12510.961619812575 2194.119971225966 2179.1187985188776 2194.119971225966 15.001172707088507 5779698.330386689 3409.9141073965616 15.0 3409.9141073965616 3394.9141073965616 4400.0
130000.0 140000.0 132.33097851564526 764.0613743832233 274.30113113251423 999.9770000000135 231.4860058593622 15244.255160397792 2734.589047862309 2716.3570293740195 2734.589047862309 18.23201848828999 7399568.310246995 4274.5965941256545 19.0 4274.5965941256545 4255.5965941256545 4700.0
140000.0 150000.0 18.655175781226717 828.1287583869484 241.8880196672964 999.9709999999905 300.34989257811685 12836.845695328464 3280.6581942908856 3265.27001650546 3280.6581942908856 15.38817778542573 8679744.82578747 5002.32896192963 15.38817778542573 5002.32896192963 4986.940784144204 6500.0
150000.0 160000.0 12.734890624997206 829.8276201822893 209.88912789104737 999.926999999996 455.39100000000326 12183.154304671534 2942.6860242497573 2928.074202035183 2942.6860242497573 14.61182221457427 7951140.4711286705 4658.055954065669 14.61182221457427 4658.055954065669 4643.444131851094 6500.0
160000.0 170000.0 8.378910156228812 663.2853475674743 370.87006703071944 999.6369999999879 51.28500000000349 12510.0 3224.621925619199 3209.621925619199 3224.621925619199 15.0 8843494.475790998 5014.965258518546 15.0 5014.965258518546 4999.965258518546 6500.0
170000.0 180000.0 59.397257812466705 701.213995334204 327.1759874183186 999.8699999999953 197.78099999998813 13486.702981266608 2931.0486477410577 2914.8775410488915 2931.0486477410577 16.171106692166195 8013436.278379318 4601.221827212881 15.780737794777464 4601.221827212881 4585.441089418104 6500.0
180000.0 190000.0 4.266373046877561 801.0324037388366 280.1712408336303 999.9709999999905 122.97509765625 12476.908154864808 3113.8573789714487 3098.905432057758 3113.8573789714487 14.951946913690593 8633630.446801456 4973.787700711557 15.342315811079324 4973.787700711557 4958.445384900478 6500.0
190000.0 200000.0 3.3211464844061993 702.6387292798925 369.2327064339182 999.8789999999863 38.20900000000256 14543.388863868586 3294.1039188318314 3277.226972437688 3295.1039188318314 16.87694639414321 8131025.791827954 4802.659391297506 16.87694639414321 4802.659391297506 4784.782444903363 6500.0
200000.0 210000.0 265.86548046875396 647.1881659071207 371.04545200478356 999.8669999999984 102.28800000000047 13352.0 2836.0133309740777 2820.0133309740777 2836.0133309740777 16.0 7959827.194645457 4465.927734030171 16.0 4465.927734030171 4449.927734030171 5900.0
210000.0 220000.0 80.52463671873556 671.3805845588247 367.570753121695 999.9690000000119 139.2369999999937 12896.236063190383 3086.3039168210203 3070.844111983889 3086.3039168210203 15.459804837131408 8184566.682711493 4802.850530504631 15.459804837131408 4802.850530504631 4787.390725667499 6500.0
220000.0 230000.0 1792.5367792968755 628.7295469970686 360.9359361517904 999.8640000000014 35.51699999999255 14895.635992057396 2223.2254766909873 2205.3789846966624 2223.2254766909873 17.84649199432492 6253983.979051998 3386.352814738868 17.84649199432492 3386.352814738868 3368.506322744543 4700.0
230000.0 240000.0 886.920798828156 702.6612684004909 369.1760932020037 999.9489999999932 4.652999999991152 13104.127944752223 2005.8038874043475 1989.1101842358041 2005.8038874043475 15.69370316854367 5465750.252911386 3041.694634586274 15.69370316854367 3041.694634586274 3025.00093141773 4166.666666666667
240000.0 250000.0 387.7271699218545 702.5540057291704 354.87566555975377 999.6840000000084 68.7050000000163 12867.588203554511 2214.5788495695233 2199.154160491668 2214.5788495695233 15.424689077855714 5986820.884294341 3270.576066557495 15.424689077855714 3270.576066557495 3255.151377479639 4400.0
250000.0 260000.0 1054.3993378906744 655.185284613706 331.8991519500957 999.9830000000075 61.59999999997672 12152.411796445489 2529.905067326922 2515.3297564047775 2529.905067326922 14.575310922144286 6827515.529277732 3819.913883571796 14.575310922144286 3819.913883571796 3805.3385726496513 5800.0
260000.0 270000.0 1627.3960371093126 604.0483878038228 338.92669548896885 999.960000000021 0.045999999972991645 17822.469581894675 1560.1092730183225 1537.386749137963 1562.1092730183225 20.722523880359358 4255395.464028106 2521.9112081124013 23.722523880359358 2521.9112081124013 2496.188684232042 2920.0
270000.0 280000.0 1242.3662792968098 698.962181274419 372.9595092990493 999.7390000000014 30.239999999990687 13599.530418105325 1895.3344096508945 1879.056933531254 1895.3344096508945 16.277476119640642 5131237.732621982 2961.262511968237 16.277476119640642 2961.262511968237 2944.9850358485965 3466.6666666666665
280000.0 290000.0 543.7979238281259 859.4535892693025 225.64846413195934 999.445000000007 316.78001757810125 12510.0 2263.3555351506543 2248.3555351506543 2263.3555351506543 15.0 5936537.724288858 3409.9552358402507 15.0 3409.9552358402507 3394.9552358402507 4400.0
