ts te idle avg_span std_span max_span min_span c_bytes_all c_ack_cnt c_ack_cnt_p c_pkts_all c_pkts_data s_bytes_all s_ack_cnt s_ack_cnt_p s_pkts_all s_pkts_data video_rate
0.0 10000.0 0.0 0.0 0.0 0.0 0.0 0.0 0.0 0.0 0.0 0.0 0.0 0.0 0.0 0.0 0.0 0.0
10000.0 20000.0 1856.3102128906212 628.0523213281253 409.3679151786051 999.9100000000035 32.075927734375 32403.039269665886 2348.5480361965238 2311.515923049652 2352.5480361965238 37.032113146871595 5155718.772238213 3333.3186093639733 36.032113146871595 3333.3186093639733 3293.2864962171016 2603.076923076923
20000.0 30000.0 173.88984570313187 727.9008324381517 351.23518004621525 998.8550000000032 64.13100000000122 17426.41489584661 3365.286474638719 3344.4403761875947 3365.286474638719 20.84609845112424 8410345.476888072 5025.971696064841 12.846098451124242 5025.971696064841 5013.125597613716 4400.0
30000.0 40000.0 202.26775390625698 611.0186802201708 371.2896187982886 999.9859999999971 39.012000000002445 16082.527960556516 3050.4531503602802 3031.1366088394293 3050.4531503602802 19.31654152085097 7939329.364557452 4735.210323593729 17.31654152085097 4735.210323593729 4717.893782072879 6066.666666666667
40000.0 50000.0 127.12426953126123 648.5481747532889 400.5807682923039 999.8740000000034 33.81900000000314 16761.99490399126 2194.7571732001425 2174.6597920790127 2194.7571732001425 20.097381121129764 6659036.025533069 3982.0722071296304 19.097381121129764 3982.0722071296304 3962.9748260085007 4925.0
50000.0 60000.0 1820.8619941406068 575.8677410386051 397.55367668708146 999.945000000007 39.01799999999639 11899.34741850182 2316.7024562905317 2302.415820401575 2316.7024562905317 14.286635888957031 6742490.481735036 4032.2435608364776 12.286635888957031 4032.2435608364776 4019.9569249475207 5800.0
60000.0 70000.0 45.67228124999383 620.3031676432292 423.6339274330216 999.9919999999984 13.83299999999872 14856.787959051268 2200.7576590012995 2182.9526851781984 2200.7576590012995 17.804973823101268 6436486.827338934 3728.36739148954 13.804973823101268 3728.36739148954 3714.5624176664387 4400.0
70000.0 80000.0 1216.633822265605 612.2890118489595 418.3730980008408 999.176999999996 38.06100000000151 12075.072418057982 1806.4451924853686 1791.976728464273 1806.4451924853686 14.468464021095507 5424354.281605623 3210.046624109366 8.468464021095507 3210.046624109366 3201.5781600882706 4400.0
80000.0 90000.0 286.6869824218884 637.5680692784911 439.4069363574474 999.8589999999967 5.36328125 13756.46528631504 2025.2897085842003 2008.7943511036651 2025.2897085842003 16.495357480535162 6008658.216437187 3541.1703831655877 11.495357480535162 3541.1703831655877 3529.6750256850523 4400.0
90000.0 100000.0 156.12705859376 592.6111898251478 383.699654129366 999.8249999999971 33.6929999999993 15841.427464695453 2207.1396030325127 2187.3779891466957 2207.5093294790067 18.76161388581705 6183512.188198608 3577.112639859306 18.76161388581705 3577.112639859306 3556.9812995269945 4925.0
100000.0 110000.0 347.2094667968777 548.0497348632802 427.957503219259 999.9630000000034 6.574951171875 16086.922423318165 2582.624477462126 2563.7336568016085 2583.254751015632 18.890820660517413 7262368.783801406 3864.3408480454045 15.890820660517415 3864.3408480454045 3847.819753831381 5600.0
110000.0 120000.0 1119.0408320312417 614.5194111979168 426.9081159086683 999.9569999999949 37.896999999997206 12023.803719317159 1959.9745979021302 1945.5520281642239 1959.9745979021302 14.422569737906365 5751263.008686533 2850.5228929963682 9.845139475812728 2850.5228929963682 2840.6777535205556 4400.0
120000.0 130000.0 1601.4510605468822 652.7252663845478 388.9141498063018 999.6689999999944 39.4320000000007 13322.179441191356 2008.8921720619944 1992.9275884026226 2008.8921720619944 15.964583659372156 5732546.283304534 3090.976519310372 12.542013921465793 3090.976519310372 3078.4345053889065 4400.0
130000.0 140000.0 55.313505859376164 568.6063139204542 426.8072204093354 999.7550000000047 28.34299999999348 14926.465129321616 2537.8782698099344 2519.9762922216664 2537.8782698099344 17.901977588267954 7138898.819577499 4112.535159376881 15.901977588267954 4112.535159376881 4096.633181788613 5750.0
140000.0 150000.0 444.1259570312395 641.5997838245755 412.8797378826374 999.9500000000116 41.4429999999993 16751.71210861193 2537.1468649825188 2516.619918472948 2538.1468649825188 19.52694650957033 7330844.885802287 4178.178700432412 20.52694650957033 4178.178700432412 4155.651753922842 5750.0
150000.0 160000.0 29.597833984327735 634.9725309053337 459.8380516404495 999.6650000000081 38.06099999998696 12762.426467737532 1962.820530814722 1947.518052516768 1962.820530814722 15.302478297954144 5984567.106477238 3562.045615666132 12.302478297954144 3562.045615666132 3549.7431373681784 4400.0
160000.0 170000.0 10.404677734390134 635.647151110196 366.90223976097525 999.9830000000075 83.76000000000931 14309.162988715734 2662.5597022804704 2645.40757479429 2662.5597022804704 17.15212748618005 7627850.80570731 4499.483934623406 16.728566393096383 4499.483934623406 4482.755368230309 5712.5
170000.0 180000.0 12.52998242189642 701.6530619255483 338.2040691153246 999.9049999999988 119.3859999999986 13331.124635463773 2703.3535277506976 2687.361889782491 2703.3535277506976 15.991637968206373 7738459.507493474 4621.1692377466225 12.415199061290037 4621.1692377466225 4608.7540386853325 6500.0
180000.0 190000.0 7.9274179687781725 699.5667549402535 355.6633864761064 999.8949999999895 15.171000000002095 11691.138432800783 2798.2580545265664 2784.246978983664 2798.2580545265664 14.011075542902207 8147437.4861552715 4875.677334936321 12.586609946115681 4875.677334936321 4863.090724990206 6500.0
190000.0 200000.0 9.514750000002095 639.8869638157882 372.60345552579514 999.9290000000037 73.09608593748999 12512.556823114981 2734.6037959988444 2719.6007302636945 2734.6037959988444 15.003065735149859 7963528.878845617 4724.298968551528 13.002043823433239 4724.298968551528 4711.296924728094 6500.0
200000.0 210000.0 70.51177148439456 605.0587854646361 431.0802192963915 999.9429999999993 40.70699999999488 15847.0792802322 2133.111057584455 2114.1017136651813 2133.111057584455 19.009343919273302 6428054.311337381 3764.084271690027 16.434831427776448 3764.084271690027 3747.64944026225 4925.0
210000.0 220000.0 1863.470781250042 523.8134937499956 378.2743497773526 999.9739999999874 41.55199999999604 14173.945006429194 2092.2049618284195 2075.1848371176957 2092.2049618284195 17.020124710723508 6131063.500040562 3436.642348290412 16.020124710723508 3436.642348290412 3420.6222235796886 5187.5
220000.0 230000.0 60.206626953120576 597.493416601565 393.9304925095185 999.6959999999963 29.32500000001164 16734.810109389393 2426.1116860728384 2406.046590931046 2426.1116860728384 20.06509514179263 6964482.824635463 3982.333618398112 19.06509514179263 3982.333618398112 3963.268523256319 5187.5
230000.0 240000.0 14.877417968731606 637.9948590303281 417.3982202718064 999.7660000000033 30.970000000001164 12370.99598894711 2623.2091427900805 2608.3742306891927 2623.2091427900805 14.834912100887305 7828007.487689325 4327.80619844881 8.834912100887305 4327.80619844881 4318.971286347923 6500.0
240000.0 250000.0 2404.2966152343433 531.0965939797803 389.65392460300257 999.984999999986 55.18499999999767 14439.62761398809 1700.192825189299 1682.8714147213796 1700.192825189299 17.321410467919346 4995270.1867722785 2784.685342714816 16.321410467919346 2784.685342714816 2768.3639322468966 3500.0
250000.0 260000.0 1401.0693027343368 626.8255606553835 391.364294842828 999.9619999999995 21.835000000020955 14813.45385490498 2063.026638078669 2045.2752320285085 2063.026638078669 17.75140605016046 5983749.007685732 3807.564826257811 16.325154411405133 3807.564826257811 3791.239671846406 4137.5
260000.0 270000.0 2041.8076933593838 627.5945389122621 431.2438409941083 999.9980000000214 40.13500000000931 12263.518399834167 1540.978860251314 1526.2576151675798 1540.978860251314 14.721245083734015 4474497.67966827 2853.1638082801655 11.522841853906712 2853.1638082801655 2841.6409664262587 4400.0
270000.0 280000.0 523.6663515624823 738.0556053385449 310.7721542743447 999.8670000000275 166.21999999997206 12750.159619748178 2022.41658902289 2007.1408253408827 2022.41658902289 15.275763682007433 5880684.711450796 3642.2244270558876 15.900418550590064 3642.2244270558876 3626.3240085052976 4400.0
280000.0 290000.0 1551.7416542968713 603.8680963199004 369.89568108742617 999.9959999999846 54.59772656252608 15637.840380251822 2072.256791802454 2053.532555484461 2072.256791802454 18.724236317992567 5797513.09033683 3645.752511566061 18.724236317992567 3645.752511566061 3627.0282752480684 4400.0
290000.0 300000.0 3145.7320097655756 561.9821708409992 378.1850460138798 999.9839999999967 115.72998046875 14524.09048370112 1677.23814825126 1657.9912948956494 1677.4980970397203 17.41125264092055 4242466.673366003 2751.5906689637623 17.41125264092055 2751.5906689637623 2731.9194675343815 3233.3333333333335
