ts te idle avg_span std_span max_span min_span c_bytes_all c_ack_cnt c_ack_cnt_p c_pkts_all c_pkts_data s_bytes_all s_ack_cnt s_ack_cnt_p s_pkts_all s_pkts_data video_rate
0.0 10000.0 6654.581062499998 531.23091796875 405.03750871416725 999.6680000000015 103.51611328125 18270.658084403007 980.5856485193926 960.4519191481694 984.5856485193926 20.13372937122318 2142831.4228776614 1232.8590817542156 24.13372937122318 1232.8590817542156 1204.7253523829925 2300.0
10000.0 20000.0 1199.4740742187496 807.0635531782675 279.79264531424326 999.8430000000008 36.90200000000186 20649.046606399097 2531.5790089201287 2505.8914485282103 2531.5790089201287 24.687560391918442 6855158.583176272 3921.858876142049 25.687560391918442 3921.858876142049 3895.171315750131 3063.6363636363635
20000.0 30000.0 760.9569492187511 746.5467326274673 305.02410328520705 999.9519999999975 44.68310546875 11860.255347032538 3021.0351476230867 3006.806486120576 3021.0351476230867 14.22866150251038 8139542.601885443 4642.481847166344 14.22866150251038 4642.481847166344 4628.253185663833 6500.0
30000.0 40000.0 1131.4528359375036 876.9312545572913 181.10485642199822 999.6399999999994 504.971923828125 14565.155680410127 2242.440627153649 2224.984502744426 2242.440627153649 17.456124409223023 6062188.077852147 3442.113232404529 17.456124409223023 3442.113232404529 3424.657107995306 4400.0
40000.0 50000.0 1486.3645566406194 740.5045651041679 369.8424473604823 999.8559999999998 0.0 13765.884281755229 2395.713080647897 2379.2191563227725 2395.713080647897 16.493924325124972 6705130.281677342 3763.751746777133 16.493924325124972 3763.751746777133 3747.257822452008 5100.0
50000.0 60000.0 7.494144531257916 792.5904736842089 322.60919476049554 999.9020000000019 10.90899999999965 12510.0 3024.409676225167 3009.409676225167 3024.409676225167 15.0 8388135.605617858 4742.455609389813 15.0 4742.455609389813 4727.455609389813 6500.0
60000.0 70000.0 23.576597656239755 746.0718959418397 332.1113614759786 999.9529999999941 202.56699999999546 12241.863907245108 3007.3700963340552 2992.689794578719 3007.3700963340552 14.680301755336448 8055198.925748008 4657.724751910197 14.680301755336448 4657.724751910197 4643.044450154859 5900.0
70000.0 80000.0 2361.920874999996 753.3700594075514 290.7150121825082 999.6790000000037 122.47699999999895 10256.136092754892 1539.4543304150052 1527.1346321703413 1539.4543304150052 12.319698244663552 4228109.931297824 2416.8613397880204 12.319698244663552 2416.8613397880204 2404.541641543357 4400.0
80000.0 90000.0 62.21596484375186 647.9272194010417 421.62514071106847 999.9400000000023 74.83900000000722 14293.686274645836 2473.037348314515 2455.913340662508 2473.037348314515 17.124007652007116 6663592.012008292 3785.214892028981 17.124007652007116 3785.214892028981 3768.090884376974 4400.0
90000.0 100000.0 201.4077636718721 722.430659926469 365.16839497864976 999.9499999999971 78.41899999999441 13708.673386410968 2270.7016323404187 2254.2788945517404 2270.7016323404187 16.422737788677924 6269957.118464412 3610.2040169975303 16.422737788677924 3610.2040169975303 3593.7812792088525 4400.0
100000.0 110000.0 1355.2023085937544 591.320811925551 411.42915510958653 999.6790000000037 81.07099999999627 12891.640338943196 2138.2375313050384 2122.7842767457237 2138.2375313050384 15.45325455931496 6098844.462442243 3344.1346206474504 15.45325455931496 3344.1346206474504 3328.6813660881353 4750.0
110000.0 120000.0 1978.1050429687602 664.5586723958336 386.0318066839338 999.9280000000144 48.1669921875 12553.56431595267 1780.5952538453757 1765.5421266307994 1780.5952538453757 15.053127214576428 4891087.842782989 2765.4993666374676 15.053127214576428 2765.4993666374676 2750.4462394228913 4750.0
120000.0 130000.0 798.9379394531134 756.6298868272586 347.0490998740407 999.8610000000044 40.09299999999348 14230.882513459233 2508.0337986360705 2490.98638093673 2508.0337986360705 17.047417699340528 6731836.2179296445 3917.97684683551 17.047417699340528 3917.97684683551 3900.9294291361693 4750.0
130000.0 140000.0 348.72769726562547 773.2848022135402 368.17046641898224 999.9750000000058 53.08499999999185 12504.552296039934 2771.783947996082 2756.7930450175386 2771.783947996082 14.990902978543659 7741792.589761079 4260.106771020499 14.899455086083043 4260.106771020499 4245.207315934416 6150.0
140000.0 150000.0 52.190052734396886 660.1083754882802 437.43147628097773 999.9800000000105 71.39599609375 12433.000874548161 2706.630094185265 2691.7215420777256 2706.630094185265 14.908552107539382 7694124.093198709 4292.316535173404 15.0 4292.316535173404 4277.316535173404 6500.0
150000.0 160000.0 62.98088085936615 806.3527514648431 343.00365225080657 999.7850000000035 5.52001953125 12514.814215430655 2433.077752939582 2418.0720217307357 2433.077752939582 15.005731208846017 6945891.184857828 3841.1341334844856 15.0 3841.1341334844856 3826.1341334844856 5800.0
160000.0 170000.0 157.7470605468261 686.067804321292 428.0427014553035 999.3580000000075 48.187999999994645 12636.863606539384 2048.5283302423422 2033.375413472911 2048.5283302423422 15.152916769431137 5955840.002566785 3204.4689366708362 15.158647978277155 3204.4689366708362 3189.3102886925594 4400.0
170000.0 180000.0 575.8291367187921 670.885950942094 385.84217378206966 999.7119999999995 46.97200000000885 14212.483708154896 2803.0609424414824 2785.0362632750307 2803.0609424414824 17.02467916645168 7939207.151380158 4392.186336920166 16.933015594087262 4392.186336920166 4373.2533213260795 5300.0
180000.0 190000.0 1943.384556640609 702.2949435096144 400.4272284230624 999.948000000004 6.2850000000034925 10675.838469875065 2423.787483513006 2410.970810657735 2423.787483513006 12.816672855271163 6654696.649251414 3788.184670558955 12.908336427635582 3788.184670558955 3775.2763341313193 6500.0
190000.0 200000.0 8.073396484425757 707.4521879111815 323.7636139145529 999.8919999999925 130.94599999999627 18153.328502147888 3048.033248885565 3026.8596775414826 3049.033248885565 21.17357134408279 8294724.733041334 4775.224217207487 22.0 4775.224217207487 4752.224217207487 4925.0
200000.0 210000.0 36.159060546866385 672.7786130642344 375.38371609417766 999.8969999999972 145.84899999998743 14568.67149785211 2738.478383714692 2720.6519550587745 2739.478383714692 16.82642865591721 7600038.695264218 4237.393691749614 19.0 4237.393691749614 4216.393691749614 6150.0
210000.0 220000.0 1347.6606269531185 666.4651272977952 338.2588325017946 999.3530000000028 98.76708984375 13837.0 2614.92029611587 2597.92029611587 2615.92029611587 16.0 6862851.256825043 3984.6542892413545 18.0 3984.6542892413545 3964.6542892413545 6500.0
220000.0 230000.0 1080.194054687512 675.2518068847639 405.2237493854125 999.4649999999965 33.70800000001327 11670.0 2490.5063396863134 2476.5063396863134 2490.5063396863134 14.0 6859417.560093296 3945.194189493958 14.0 3945.194189493958 3931.194189493958 5100.0
230000.0 240000.0 858.1589492187195 690.8499438476574 393.3297893729346 999.9860000000044 60.14000000001397 14445.0254511417 2363.6258704379297 2346.3210204967954 2363.6258704379297 17.304849941134577 6651599.829599058 3701.7898440545923 17.15242497056729 3701.7898440545923 3684.637419084025 4750.0
240000.0 250000.0 1870.871542968729 656.8977618336384 397.6975525186619 999.820000000007 88.154052734375 13096.9745488583 2558.9129344374896 2543.217784378624 2558.9129344374896 15.695150058865423 6585165.440307685 3803.4640330407497 15.847575029432711 3803.4640330407497 3787.616458011317 5450.0
250000.0 260000.0 14.054019531235099 677.2552214227004 403.725462409917 1000.0 21.664999999979045 13494.142680516088 2984.5502345168784 2968.378978275293 2984.5502345168784 16.17125624158565 8320445.688044509 4712.079983570329 16.085628120792826 4712.079983570329 4695.994355449537 5600.0
260000.0 270000.0 50.01582617190434 663.5596739501925 427.90790180133354 999.7320000000182 76.14404296875 12367.857319483912 2806.365624399129 2791.5368806407146 2806.365624399129 14.828743758414351 7814184.051369598 4403.254891934426 14.914371879207176 4403.254891934426 4388.34052005522 6500.0
270000.0 280000.0 17.727119140559807 749.8586828613334 332.1515836928016 999.9720000000088 169.41796875 12510.0 2848.9179741002686 2833.9179741002686 2848.9179741002686 15.0 7949509.034703083 4509.588166058544 15.0 4509.588166058544 4494.588166058544 6500.0
280000.0 290000.0 1589.0980898437556 653.0587789713528 367.3848991343499 999.7920000000158 52.72499999997672 12751.678745762283 2711.848347813764 2696.557168602002 2711.848347813764 15.291179211761786 7315973.065003628 4186.020669211383 15.291179211761786 4186.020669211383 4170.729489999621 5450.0
290000.0 300000.0 39.29625585937174 792.7075560302765 327.8001556604083 999.7669999999925 58.10888671875 13950.321254237717 2529.754527484603 2512.9702552100694 2529.829978970898 16.708820788238214 6885653.242651749 3951.3974542094957 16.708820788238214 3951.3974542094957 3934.6886334212577 4700.0
