ts te idle avg_span std_span max_span min_span c_bytes_all c_ack_cnt c_ack_cnt_p c_pkts_all c_pkts_data s_bytes_all s_ack_cnt s_ack_cnt_p s_pkts_all s_pkts_data video_rate
0.0 10000.0 6767.722041015626 544.3030875000001 393.23003919934433 998.9929999999986 27.251953125 19241.84695795516 430.12429729457364 408.7833071872527 434.12429729457364 21.340990107320994 815145.0073362367 563.6745212049271 25.340990107320994 563.6745212049271 534.333531097606 958.6666666666666
10000.0 20000.0 1049.5444980468674 757.5173352864591 249.9677167452279 999.3249999999971 80.73999999999796 21362.252987514774 1027.63626604138 1002.0757122704707 1027.63626604138 25.56055377090933 2022166.8842330864 1414.6555166513908 25.56055377090933 1414.6555166513908 1389.0949628804817 959.0
20000.0 30000.0 2749.835156250003 646.0512202845982 349.7343142288426 998.9089999999997 98.24808398437744 12592.900054530068 1057.2394366640465 1042.1409805422768 1057.2394366640465 15.098456121769676 2387453.108430677 1523.669962143682 15.098456121769676 1523.669962143682 1508.5715060219122 1633.3333333333333
30000.0 40000.0 3678.3197500000024 630.5861754557287 365.4974205910958 999.7949999999983 86.5 13340.0 1331.3339653119021 1315.3339653119021 1331.3339653119021 16.0 3838913.4278228385 2228.9888563254476 15.968372136174825 2228.9888563254476 2213.020484189273 3000.0
40000.0 50000.0 3018.18505859375 642.4593498883925 390.08649575910283 999.7810000000027 30.939894531249593 14180.557323001238 1716.2549753927426 1699.2685652704133 1716.2549753927426 16.98641012232926 4642130.663996985 2705.371344441196 17.018037986154436 2705.371344441196 2688.3533064550415 3000.0
50000.0 60000.0 110.07229687499057 541.197312792969 448.57340507060684 999.9070000000065 13.533996093756286 14181.442676998762 2517.5823467511586 2499.568756873488 2517.5823467511586 17.01358987767074 7260961.075095124 3996.099174893868 17.01358987767074 3996.099174893868 3978.0855850161975 5537.5
60000.0 70000.0 326.65030273438606 642.2997321777339 400.3918645276761 999.3040000000037 98.28500000000349 12510.0 1940.306305650539 1925.306305650539 1940.306305650539 15.0 5405928.743266367 3071.387121299954 15.0 3071.387121299954 3056.387121299954 4400.0
70000.0 80000.0 297.18601953121834 639.9203737792986 403.4931878848959 999.2690000000002 99.59500000000116 12510.0 2053.231104630274 2038.2311046302739 2053.231104630274 15.0 5701143.227849584 3262.8916563081443 15.0 3262.8916563081443 3247.8916563081443 4400.0
80000.0 90000.0 585.2200234374905 687.9859971923825 379.4838126849301 999.8920000000071 29.85791015625 12560.939549639183 2095.7895604916166 2080.728187540244 2095.7895604916166 15.061372951372508 5760627.850531144 3225.9695312090334 15.030686475686254 3225.9695312090334 3210.938844733347 4400.0
90000.0 100000.0 2633.2541933593748 666.557316061581 356.20065310603127 999.8929999999964 55.354000000006636 13779.765447935753 2309.785226716431 2293.2756911196147 2309.785226716431 16.50953559681625 6355820.087330873 3714.4738759120182 16.540222072502505 3714.4738759120182 3697.9336538395155 4400.0
100000.0 110000.0 670.564292968731 687.9113560791047 364.74650857979486 999.8420000000042 28.85498046875 12895.110170547188 2083.67426635468 2068.2161320149153 2083.67426635468 15.45813433976505 5665595.068610085 3257.319423240048 15.45813433976505 3257.319423240048 3241.8612889002825 4400.0
110000.0 120000.0 507.12504296874977 735.7355971354157 307.0949347585058 999.9659999999858 228.08699999999953 12486.184831877876 2118.935725340064 2103.964768228018 2118.935725340064 14.97095711204619 5677926.287037557 3314.954817529025 14.97095711204619 3314.954817529025 3299.9838604169795 4400.0
120000.0 130000.0 854.6702246093773 706.819884765624 354.95331264859703 999.8409999999858 77.79800000000978 12510.0 2328.232691346273 2313.232691346273 2328.232691346273 15.0 5847088.355497395 3559.2003453349826 15.0 3559.2003453349826 3544.2003453349826 4400.0
130000.0 140000.0 443.37926367190084 623.8583034667954 390.7847167827326 999.7099999999919 95.40599999998813 12510.0 2092.25919318356 2077.25919318356 2092.25919318356 15.0 5567711.780504484 3278.30515314393 15.0 3278.30515314393 3263.30515314393 4400.0
140000.0 150000.0 788.4009667968785 602.1146923314158 370.851605733097 999.8420000000042 55.131103515625 16406.32407841249 2606.3980069758936 2586.342733709537 2607.3980069758936 19.055273266356693 6913016.450639049 4041.309365493539 20.0 4041.309365493539 4019.309365493539 4400.0
150000.0 160000.0 107.7209980468906 691.4774492187498 399.214371514138 999.189000000013 117.69399999998859 12451.708155191503 2071.581960988526 2055.6526354026214 2071.581960988526 14.92932558590458 5568403.725717589 3210.676683807495 15.984598852261275 3210.676683807495 3193.6920849552334 4400.0
160000.0 170000.0 138.08639453130309 709.3708619025693 416.51459785519205 999.9249999999884 15.39370898436755 12522.967766396006 2108.4181840419624 2093.402782894224 2108.4181840419624 15.015401147738725 5627903.421637809 3329.1650783174146 15.015401147738725 3329.1650783174146 3314.1496771696757 4400.0
170000.0 180000.0 856.0389433593955 644.6896704427064 415.4697508586706 999.9169999999867 97.83799999998882 12510.0 1788.2164868243767 1773.2164868243767 1788.2164868243767 15.0 4892623.834463118 2832.8875727439045 15.0 2832.8875727439045 2817.8875727439045 4400.0
180000.0 190000.0 555.8820859374537 664.3077648207734 380.4949718971915 999.625 135.19000000000233 14637.454131402486 2313.0863560218986 2295.0976931580003 2314.0863560218986 16.98866286389844 6381164.690524329 3674.0796829319224 18.98866286389844 3674.0796829319224 3653.0910200680237 4400.0
190000.0 200000.0 1175.423656250001 691.4748803710972 376.8679081702126 999.9230000000098 11.332998046884313 14180.16139060321 2304.2595665024396 2287.2736266086113 2304.2595665024396 16.985939893828043 6374112.0908373175 3639.1010918595584 16.985939893828043 3639.1010918595584 3622.1151519657305 4400.0
200000.0 210000.0 244.19111328123836 668.557181152346 412.8681651589369 999.9489999999932 25.396912109368714 12531.384477994303 2431.505309470196 2416.479912227923 2431.505309470196 15.025397242273518 6579054.996517906 3821.9588837554534 15.025397242273518 3821.9588837554534 3806.93348651318 5100.0
210000.0 220000.0 1070.8989863281313 610.3979440917974 406.62576636934114 999.9610000000102 52.819091796875 12553.488654095607 2134.6343590485108 2119.5813241044916 2134.6343590485108 15.053034944019032 5694219.527827762 3251.5810640812715 15.0 3251.5810640812715 3236.5810640812715 4400.0
220000.0 230000.0 189.9841582031513 714.9563894531243 393.42363052503373 999.7859999999928 116.74700000000303 12466.511345904393 2042.046976988964 2027.1000119329829 2042.046976988964 14.946965055980968 5701432.506901866 3256.4861879019763 14.943653445264545 3256.4861879019763 3241.542534456712 4400.0
230000.0 240000.0 286.03952539063175 653.1077200520813 380.41289015780217 999.6739999999991 56.28406640625326 15715.718294931072 2433.883956974351 2415.612320044504 2434.883956974351 18.271636929846878 6251479.457408628 3762.6475357083095 19.327983484582333 3762.6475357083095 3742.319552223727 4400.0
240000.0 250000.0 245.61377148440806 790.0606344572336 277.9017501909268 999.8680000000168 142.83799999998882 16068.281705068928 2662.0761340031654 2642.3477709330123 2663.0761340031654 18.728363070153122 6384089.461166898 3992.2494765252054 20.728363070153122 3992.2494765252054 3969.5211134550523 4400.0
250000.0 260000.0 715.5180605468922 683.0832626302067 398.8527057725789 999.8360000000102 106.625 12490.735916681135 2073.8333592053455 2058.8562381641564 2073.8333592053455 14.977121041188996 5617775.1424622005 3288.172519741626 14.977121041188996 3288.172519741626 3273.195398700437 4400.0
260000.0 270000.0 353.1398007812095 657.5605749511706 411.6104607089101 999.8099999999977 22.87111132813152 12529.264083318865 1998.0826184057573 1983.0597394469462 1998.0826184057573 15.022878958811003 5369416.664698139 3042.2617295257455 15.022878958811003 3042.2617295257455 3027.2388505669346 4400.0
270000.0 280000.0 63.17113085946767 671.6295543212836 394.9153361883047 999.9760000000242 141.8640000000014 12510.0 2119.648083321672 2104.648083321672 2119.648083321672 15.0 5747773.62532663 3306.187145988735 15.0 3306.187145988735 3291.187145988735 4400.0
280000.0 290000.0 654.869908203138 665.1062792968781 396.0519060810848 999.804999999993 117.3969999999972 16276.367475232972 2258.017026519784 2238.0415401924633 2259.017026519784 18.975486327320485 6181437.157806821 3602.915066451191 19.975486327320485 3602.915066451191 3580.9395801238697 4400.0
