ts te idle avg_span std_span max_span min_span c_bytes_all c_ack_cnt c_ack_cnt_p c_pkts_all c_pkts_data s_bytes_all s_ack_cnt s_ack_cnt_p s_pkts_all s_pkts_data videorate
0.0 10000.0 0.0 0.0 0.0 0.0 0.0 0.0 0.0 0.0 0.0 0.0 0.0 0.0 0.0 0.0 0.0 0.0
10000.0 20000.0 2801.7538769531275 711.341729235197 374.787005769618 999.8389999999999 46.680908203125 26302.316912367452 2261.8935808617525 2232.042400566912 2265.8935808617525 29.851180294840944 5589789.411180715 2648.4332091009046 28.851180294840944 2648.4332091009046 2615.5820288060636 3000.0
20000.0 30000.0 894.2788242187598 695.0483013237842 372.10018558109493 999.9179999999978 43.03100000000268 18216.75885895479 2268.0854728301165 2246.2702967739665 2268.0854728301165 21.81517605614971 6409709.714674223 3002.5463100644783 21.81517605614971 3002.5463100644783 2980.7311340083293 3622.222222222222
30000.0 40000.0 810.3451699218713 632.8622889404305 404.3287652990595 999.9570000000022 20.093000000000757 12503.429190615974 1813.934563296506 1798.942479934318 1813.934563296506 14.99208336218792 5257132.261890385 1894.2879985400455 14.99208336218792 1894.2879985400455 1879.2959151778575 4400.0
40000.0 50000.0 14.664880859367258 745.845871223959 380.8987290571813 999.9309999999969 21.0199999999968 13603.318305453296 2016.4169720310929 2000.1255028756354 2016.4169720310929 16.291469155457428 6038140.508906331 2148.5120688690354 15.291469155457426 2148.5120688690354 2133.220599713578 4400.0
50000.0 60000.0 831.5181679687448 605.625756103515 437.0595132897308 999.5890000000072 37.93399999999383 12913.276635321065 1957.574581722773 1942.0899540057142 1957.574581722773 15.484627717059038 5829195.395865313 2080.4291939248624 11.484627717059038 2080.4291939248624 2068.9445662078033 4400.0
60000.0 70000.0 1769.3694707031245 537.3692756990134 383.03780504538196 999.974000000002 40.25699999999779 15556.290306163039 2034.9284965809256 2016.2578704603925 2034.9284965809256 18.670626120533143 5943598.696047653 2481.0723054707264 17.670626120533143 2481.0723054707264 2463.4016793501937 5000.0
70000.0 80000.0 941.601263671866 626.3567442555145 403.2003697730456 999.9799999999959 37.562999999994645 14638.64457843191 2226.9416467860747 2209.3931085321715 2226.9416467860747 17.54853825390295 6460987.935045021 2800.97346543794 16.54853825390295 2800.97346543794 2784.4249271840367 4400.0
80000.0 90000.0 433.5262519531243 615.892339518229 389.8079603175889 999.8439999999973 0.2630000000062864 13632.965212692476 2286.2302394242006 2269.8839403843313 2286.2302394242006 16.346299039868875 6701204.310495557 3562.3777584811523 16.346299039868875 3562.3777584811523 3546.031459441283 5900.0
90000.0 100000.0 1.4469687499949941 829.524565476191 304.4659297784381 999.9100000000035 27.404999999998836 13910.177302778427 2890.6902567080638 2874.024962999301 2890.6902567080638 16.665293708762977 8450428.413924312 4478.222605528519 16.665293708762977 4478.222605528519 4461.557311819756 6500.0
100000.0 110000.0 591.7628300781216 589.0515693824411 384.9752155839273 999.7810000000027 74.05999999999767 14450.822697221573 2622.6628128211473 2605.32810652991 2622.6628128211473 17.33470629123702 7716169.630524779 3388.6745349384673 17.33470629123702 3388.6745349384673 3371.33982864723 5450.0
110000.0 120000.0 1857.9253925781231 518.6039474826377 423.7501612412999 999.6790000000037 32.104999999995925 12487.0 2060.9764770048378 2045.9764770048375 2060.9764770048378 15.0 6091030.266097227 2328.6413017023606 15.0 2328.6413017023606 2313.6413017023606 5800.0
120000.0 130000.0 2163.7681894531415 606.8126495863971 358.9667236039799 999.4439999999886 42.62599999998929 18339.0 1705.6648999325096 1683.6648999325096 1705.6648999325096 22.0 5071341.455348485 2130.8292479415086 22.0 2130.8292479415086 2108.8292479415086 3344.4444444444443
130000.0 140000.0 1334.601597656263 580.0177617187488 416.2040761160898 999.8919999999925 42.969000000011874 14999.0 2134.477608708633 2116.477608708633 2134.477608708633 18.0 6177704.061573564 2812.891043785016 18.0 2812.891043785016 2794.891043785016 5300.0
140000.0 150000.0 11.519259765627794 756.9276140408006 268.93054151571255 999.935999999987 315.14100000000326 12510.0 2713.665971159571 2698.665971159571 2713.665971159571 15.0 7991286.501630855 3657.0634958806495 15.0 3657.0634958806495 3642.0634958806495 6500.0
150000.0 160000.0 1145.8694648437377 745.0673001302099 284.39905523993855 999.4759999999951 189.65400000000955 19711.0 2561.147182030634 2538.147182030634 2562.147182030634 23.0 7404011.310931153 3078.205542048612 23.0 3078.205542048612 3054.205542048612 5333.333333333333
160000.0 170000.0 278.1482812500035 734.386152688419 319.4646925627323 999.9169999999867 68.972900390625 12510.0 2693.5623395005996 2678.5623395005996 2693.5623395005996 15.0 8096234.787333081 3574.3547897318085 15.0 3574.3547897318085 3559.3547897318085 6500.0
170000.0 180000.0 11.026759765605675 733.2346487821693 315.33244064267564 999.939000000013 188.40599999998813 12947.363464981781 2683.9135245032494 2668.3940904593283 2683.9135245032494 15.519434043921356 7904725.61179881 3437.887792764051 15.519434043921356 3437.887792764051 3422.3683587201294 6500.0
180000.0 190000.0 1997.1379472656408 568.5381705729152 404.0442538526038 999.9459999999963 62.4429999999993 13731.636535018219 2272.2333740973127 2255.752808141234 2272.2333740973127 16.480565956078642 6685569.726732539 2423.597335789863 15.480565956078644 2423.597335789863 2408.1167698337845 5000.0
190000.0 200000.0 429.76526367187034 559.6905540364581 456.7355915207187 999.515000000014 5.801999999996042 15065.36346169416 1647.85760079799 1628.7776448200452 1647.85760079799 18.07995597794477 4799531.127353298 1866.157710853128 17.539977988972385 1866.157710853128 1847.6177328641556 4166.666666666667
200000.0 210000.0 84.76457226564526 632.7806877441399 445.8859989910328 999.4709999999905 22.595999999990454 12504.76585822552 1901.5188333636204 1886.5251395585294 1901.5188333636204 14.993693805090988 5528984.637661552 1983.997773959375 14.996846902545494 1983.997773959375 1969.0009270568296 4400.0
210000.0 220000.0 123.78725781245157 692.3222541360335 398.73623463982597 999.8479999999981 17.198000000003958 13300.87068008032 2008.1055426233984 1992.1791924064341 2008.1055426233984 15.926350216964241 5893467.294456091 2117.1893213032704 15.46317510848212 2117.1893213032704 2101.7261461947883 4400.0
220000.0 230000.0 117.59527148437337 580.3384620682582 441.6508885641487 999.9750000000058 35.84299999999348 14169.0 2253.5315039251823 2236.5315039251823 2253.5315039251823 17.0 6671434.844350418 2605.4561884406667 17.0 2605.4561884406667 2588.4561884406667 5300.0
230000.0 240000.0 1025.1964003906178 606.709434787324 378.1970433288785 999.5320000000065 76.98999999999069 16693.060738220796 2096.929230331971 2076.886988478693 2096.929230331971 20.042241853278068 6273970.784692058 2515.789562972195 20.042241853278068 2515.789562972195 2495.747321118917 4662.5
240000.0 250000.0 2299.6340820312034 604.4086311035207 367.46792342735085 999.2640000000247 10.059000000008382 14143.939261779205 1585.0572889578375 1568.0995308111158 1585.0572889578375 16.957758146721936 4642483.311486583 1857.4094424713644 15.957758146721934 1857.4094424713644 1841.4516843246424 3466.6666666666665
250000.0 260000.0 409.11086523439735 584.4635235523866 464.1706699713222 999.9039999999804 6.402999999991152 14634.920611829957 1782.1847405617452 1764.61654469366 1782.1847405617452 17.568195868085315 5159922.234985637 1882.61654469366 17.568195868085315 1882.61654469366 1865.0483488255745 4400.0
260000.0 270000.0 495.99380273441784 671.1583167509183 368.54485282027684 999.804999999993 39.27700000000186 13726.079388170043 2201.376762530109 2184.944958398194 2201.376762530109 16.431804131914685 6481189.369993108 2329.717869995251 16.431804131914685 2329.717869995251 2313.2860658633363 4400.0
270000.0 280000.0 95.84975585940992 687.8369251302081 370.83195667980215 999.695000000007 40.18800000002375 14169.0 2361.21643659356 2344.21643659356 2361.21643659356 17.0 7072093.277603425 3191.5817796354336 17.0 3191.5817796354336 3174.5817796354336 5900.0
280000.0 290000.0 13.30446093750652 764.5494341077283 327.1513384036701 999.9280000000144 29.668999999994412 14922.916823978838 2652.8825760721325 2634.9871879201387 2652.8825760721325 17.89538815199387 7836696.1723732995 3502.9849429101578 17.89538815199387 3502.9849429101578 3485.089554758164 5900.0
290000.0 300000.0 549.2162460936815 605.583089750748 386.28383233061135 999.939000000013 76.17573242186336 15097.083176021162 2619.1285141708627 2600.343940814336 2619.8084756793833 18.10461184800613 7703308.159184029 2953.1603483639724 18.10461184800613 2953.1603483639724 2935.0557365159666 5450.0
