ts te idle avg_span std_span max_span min_span c_bytes_all c_ack_cnt c_ack_cnt_p c_pkts_all c_pkts_data s_bytes_all s_ack_cnt s_ack_cnt_p s_pkts_all s_pkts_data videorate
0.0 10000.0 6635.836058593752 571.2209480794269 308.4753323464623 999.9739999999983 24.93999999999869 23309.696250823534 420.88195747637707 393.5782367649927 425.88195747637707 26.30372071138436 950754.1419612551 652.517808877511 30.30372071138436 652.517808877511 618.2140881661265 890.6666666666666
10000.0 20000.0 253.26099023437564 643.2670261008517 342.29857822842155 999.7779999999984 90.58999999999651 20321.303749176466 977.9606798515063 953.2644005628906 978.9606798515063 23.69627928861564 1749387.0254225284 1255.7519644830936 25.69627928861564 1255.7519644830936 1228.0556851944782 949.2
20000.0 30000.0 1999.374025390629 626.0556341488482 388.20530036074285 999.8689999999988 38.279999999998836 17127.0 2423.1573626721165 2402.1573626721165 2424.1573626721165 20.0 6009609.8326162165 3569.7302266393954 21.0 3569.7302266393954 3547.7302266393954 3987.5
30000.0 40000.0 734.4090039062576 652.9087330729158 434.7062603020508 999.8389999999999 96.28899999999703 12779.014071724701 1429.7787695273628 1414.450703586235 1429.7787695273628 15.328065941127685 3792741.050736193 2148.9962202321717 15.328065941127685 2148.9962202321717 2133.668154291044 3000.0
40000.0 50000.0 998.8270332031243 683.5312362196188 394.983512877554 999.8600000000006 45.95699999999488 14752.985928275299 2066.2400833057864 2048.5681492469143 2066.2400833057864 17.671934058872317 5069058.486660569 2920.377606654799 17.671934058872317 2920.377606654799 2902.7056725959264 4000.0
50000.0 60000.0 57.79650585936906 677.8310372242636 370.5124706186061 999.9890000000014 71.77999999999884 13330.92004675056 3079.705766958262 3063.7165507507193 3079.705766958262 15.989216207542231 7888472.257211489 4421.992035054762 15.989216207542231 4421.992035054762 4406.00281884722 5900.0
60000.0 70000.0 647.2358242187765 653.916572387694 403.32922919305406 999.9429999999993 10.759119140624534 13150.371117988512 2191.2360360950406 2175.464660537837 2191.2360360950406 15.771375557203637 5866603.8541771695 3320.835209828452 15.391079674830703 3320.835209828452 3305.4441301536212 4400.0
70000.0 80000.0 1905.3826152343536 678.3613686523449 354.12269728750584 999.625 44.078999999997905 12465.761274134367 2320.756570808632 2305.8098704783497 2320.756570808632 14.94670033028237 6219922.8453989625 3581.3203335856906 15.326996212655306 3581.3203335856906 3565.9933373730355 4750.0
80000.0 90000.0 59.66946874999849 709.6026837993421 355.6210766602246 999.8699999999953 151.78800000000047 13604.94756112656 2711.674192806914 2695.3814849019423 2711.674192806914 16.29270790497176 7408471.62112866 4232.855759855349 16.29270790497176 4232.855759855349 4216.5630519503775 5000.0
90000.0 100000.0 2431.095859374982 642.7462452895236 368.4157956903383 999.9560000000056 100.67600000000675 12836.303378870205 2282.4713253222017 2267.07339437236 2282.4713253222017 15.397930949841713 6127557.105643228 3565.575919954586 15.0 3565.575919954586 3550.575919954586 5000.0
100000.0 110000.0 144.95698437500687 656.6006259765618 412.1796006454142 999.4729999999981 106.59799999999814 12693.37711229932 2082.950620130758 2067.735217156208 2082.950620130758 15.215402974550015 5615401.797237565 3204.62028244891 15.306666962195864 3204.62028244891 3189.3136154867143 4400.0
110000.0 120000.0 488.2321816406329 674.2111843749997 394.0325180732364 999.8550000000105 97.00800000000163 12000.319508830475 2115.0262931208044 2100.639627045196 2115.0262931208044 14.386666075608272 5779405.757841036 3250.7522945888904 14.693333037804136 3250.7522945888904 3236.058961551086 4400.0
120000.0 130000.0 464.26362890627934 674.1067670036745 365.7950436515869 999.997000000003 50.76211914062151 12837.272192836843 2183.4396324435193 2168.0405200132304 2183.4396324435193 15.399112430288833 5602989.587127333 3246.501261702712 15.0 3246.501261702712 3231.501261702712 4400.0
130000.0 140000.0 303.47272851562593 719.5328774414065 336.05193220990355 999.5309999999881 162.57199999998556 13369.167673894292 2400.400429374632 2384.388093032081 2400.400429374632 16.012336342550995 6268122.13536051 3573.9815606864045 16.411448772839826 3573.9815606864045 3557.5701119135647 4400.0
140000.0 150000.0 137.58380859377212 687.247507812499 372.8001383789151 999.9919999999984 72.55799999998999 13270.577910774595 2467.6889102536347 2451.7856110721923 2467.6889102536347 15.90329918144251 6908902.908716185 3767.254355062913 15.588551227160174 3767.254355062913 3751.6658038357527 5100.0
150000.0 160000.0 29.048341796878958 686.4781817626954 382.8214424393637 999.9290000000037 146.8859999999986 12559.386708511995 2736.1806691539896 2721.1119970033724 2736.1806691539896 15.068672150617324 7502757.065007388 4172.025346359476 15.0 4172.025346359476 4157.025346359476 5800.0
160000.0 170000.0 140.76389453120646 664.962696691179 413.23038131059093 999.9200000000128 99.23099999999977 12651.999615192137 2144.6800222491534 2128.6122166092487 2144.6800222491534 15.165802640238557 5737803.3864322165 3238.337578026185 15.549222745138216 3238.337578026185 3221.8863522813804 4400.0
170000.0 180000.0 370.98581835936056 634.5738286132819 419.1135854922619 999.8550000000105 95.45407617188175 12053.595898790141 2213.5241400207215 2198.9753657655256 2213.5241400207215 14.450777254861784 5763646.746639498 3235.8419381747926 14.450777254861784 3235.8419381747926 3221.2931639195976 4400.0
180000.0 190000.0 736.1142988281208 656.7184009650732 416.08363505740357 999.9370000000054 51.722906250011874 14192.0 2202.863348179556 2185.863348179556 2202.863348179556 17.0 5804664.379292602 3344.171531389337 17.0 3344.171531389337 3327.171531389337 4400.0
190000.0 200000.0 120.07387890625978 679.9130667724585 392.93347682090587 999.7390000000014 113.12799999999697 12510.0 2335.165038146599 2320.165038146599 2335.165038146599 15.0 6458428.50280218 3606.391271541401 15.0 3606.391271541401 3591.391271541401 4750.0
200000.0 210000.0 29.37643554690294 838.5704172794101 301.62802839835035 999.9819999999891 111.02600000001257 12757.865341935387 2437.977571646081 2422.6752968388423 2437.977571646081 15.302274807238275 6459860.87139837 3696.4836012890187 15.302274807238275 3696.4836012890187 3681.1813264817806 5100.0
210000.0 220000.0 400.71109570309636 670.5291235677103 406.9983775946327 999.752999999997 93.42699999999604 12262.134658064613 2107.1957849331216 2092.49805974036 2107.1957849331216 14.697725192761723 5817707.472690184 3183.965825499043 14.697725192761723 3183.965825499043 3169.2681003062817 4400.0
220000.0 230000.0 30.77684374997625 622.9980735294145 455.7775625148017 999.7550000000047 8.87109375 12517.473511580776 2085.123512361968 2070.114636457478 2085.123512361968 15.008875904490234 5753969.740740985 3136.9243318471326 15.008875904490234 3136.9243318471326 3121.9154559426424 4400.0
230000.0 240000.0 1262.817238281219 701.9759317555154 355.89940164331966 999.8930000000109 57.26591796876164 14462.753938894322 2435.119140590877 2417.7887147264955 2435.119140590877 17.330425864381837 6694008.495502169 3671.7975343316457 17.330425864381837 3671.7975343316457 3654.4671084672636 4400.0
240000.0 250000.0 486.17192382813664 678.6003281249975 373.8400694920555 999.7170000000042 79.50199999997858 12231.772549524903 2458.3008561339966 2443.640157902869 2458.3008561339966 14.66069823112793 6663361.244330145 3726.4229702270923 14.66069823112793 3726.4229702270923 3711.7622719959645 5660.0
250000.0 260000.0 1271.3027128906106 570.3445306755466 415.90527105751534 999.7430000000168 35.413000000000466 14647.0 2167.020166188404 2150.020166188404 2168.020166188404 17.0 5861033.840315569 3322.034260257051 18.0 3322.034260257051 3303.034260257051 4750.0
260000.0 270000.0 700.5370722656953 669.8933775634723 401.18537811557815 999.8479999999981 71.39100000000326 12510.0 1712.481120247985 1696.481120247985 1712.481120247985 15.0 4627967.847609796 2632.540971402185 16.0 2632.540971402185 2615.540971402185 3466.6666666666665
270000.0 280000.0 1600.5727421874763 592.7772171875035 449.810205060712 999.4689999999828 82.57099999999627 12795.998253869004 1495.2999126934503 1479.9511343350734 1495.2999126934503 15.348778358376835 3898772.1177834296 2314.834031352349 15.348778358376835 2314.834031352349 2299.485252993972 3000.0
280000.0 290000.0 993.9902773436625 686.9572376709002 361.08268739618995 999.9710000000196 72.52899999998044 13906.001746130996 1932.234983830975 1915.5837621893518 1932.234983830975 16.651221641623167 5068442.438708175 2943.158513456833 16.651221641623167 2943.158513456833 2926.50729181521 3583.3333333333335
