ts te idle avg_span std_span max_span min_span c_bytes_all c_pkts_all s_bytes_all s_pkts_all videorate
0.0 10000.0 0.0 0.0 0.0 0.0 0.0 0.0 0.0 0.0 0.0 0.0
10000.0 20000.0 3460.4039999999804 817.4495000000024 335.2646387808647 999.9340000000084 114.01899999997113 83254.0 1215.0 5037068.0 3519.0 1746.1538461538462
20000.0 30000.0 4134.369000000006 733.2038749999992 325.9101955869967 999.0769999999902 245.44699999998556 61076.0 1030.0 4389238.0 3042.0 4400.0
30000.0 40000.0 1398.9989023438538 955.6667886284607 79.05239953859419 999.9920000000275 805.85009765625 76115.5932213497 1349.3271985706738 5825715.896422321 4040.646137154739 4400.0
40000.0 50000.0 809.5951894532191 835.4913464133438 311.7407804641304 999.4899999999907 192.56490234372905 94611.1387536379 1753.3382490964314 7880216.719871008 5443.545058639565 6150.0
50000.0 60000.0 124.95981249999022 897.7309261363645 238.8144446736784 999.9560000000056 238.07609179685824 108022.7688679595 1955.8187755614792 8621794.651432194 5950.57482881005 6500.0
60000.0 70000.0 45.70717382815201 904.935711470168 218.5126815178481 999.9120000000112 322.27590429689735 106347.36660197786 1950.3437502401832 8645388.237171734 5970.387450953629 6500.0
70000.0 80000.0 28.526962890697177 906.4975488281184 215.4833041061122 999.7579999999725 342.4770781249972 99377.18100780148 1815.8280330432735 8584727.686785175 5927.46422192266 6500.0
80000.0 90000.0 122.77399999997579 897.9296363636386 222.4947955668946 999.8869999999879 355.9790410156129 96023.76579051332 1780.7174219359956 8535403.686231054 5893.4834581071555 6500.0
90000.0 100000.0 32.581996093678754 906.1289094460292 208.41825488568546 999.9810000000289 440.0210410156287 105803.71913396523 1924.622751793551 8697112.1825637 6000.440208377203 6500.0
100000.0 110000.0 25.081003906263504 906.8108178267033 205.32596239757754 999.5910000000149 465.5360371093848 101667.27208128912 1859.9049882828817 8551241.853742015 5903.8222133209465 6500.0
110000.0 120000.0 27.651666015619412 906.5771212713073 206.5853577234769 999.8950000000186 477.55304101563524 96894.33130232898 1758.841648801225 8332841.558548687 5757.388814427471 6500.0
120000.0 130000.0 2211.3811757811927 865.4020915798675 179.9156669389661 999.9120000000112 497.89970703126164 80293.85074934007 1407.103442111266 6705947.723939642 4633.636173512151 4662.5
130000.0 140000.0 126.8631386719644 897.5578964843669 237.47444341793573 999.2949999999837 267.03588281251723 90387.85179075031 1635.254284940263 7800465.7009368 5386.574321776579 5566.666666666667
140000.0 150000.0 24.630087890662253 906.851810191758 211.14259510289634 999.9699999999721 376.4600214843522 100302.47996137982 1857.7791946057241 8627036.059300762 5953.670295240439 6500.0
150000.0 160000.0 31.026865234423894 906.2702849786888 210.68447049698068 999.9959999999846 388.467109374993 108509.51636873349 1976.8630995339624 8599862.732055409 5938.889081949999 6500.0
160000.0 170000.0 18.318068359338213 907.4256301491511 207.2549206637559 999.9930000000168 407.2559746093466 128121.00187141604 2205.0167113223065 9014654.112781964 6226.211070368337 6500.0
170000.0 180000.0 23.906859375012573 906.9175582386353 207.20215146555972 999.939000000013 415.0760429687216 117198.7651645302 2125.5984261419835 8880312.576308297 6131.934281204061 6500.0
180000.0 190000.0 27.210111328109633 906.6172626065355 206.93904217336362 999.8780000000261 424.77990234375466 115574.5986539763 2080.3807196725606 8543243.96801941 5901.808823425124 6500.0
190000.0 200000.0 23.58000781259034 906.9472720170372 206.15431260271654 999.8389999999781 437.3860136718722 108562.92560929783 2010.849321429521 8822740.40973292 6089.292957309721 6500.0
200000.0 210000.0 116.54698046861449 898.4957290483078 216.82321121880196 999.9159999999683 450.50902148435125 101883.7927924228 1878.085917410971 8464204.29133824 5855.058774050042 6500.0
210000.0 220000.0 33.63296289066784 906.0333670099393 206.70194130151862 999.8279999999795 451.93603515625 99337.31437889203 1838.9349812885391 8638262.897501824 5960.765455264972 6500.0
220000.0 230000.0 130.00091796857305 897.2726438210389 225.81155948817397 999.8199999999488 351.7451171875 106435.40844216946 1932.571081260146 8706442.318528367 6008.775057414021 6500.0
230000.0 240000.0 39.5832109375624 905.4924353693125 218.22854147256436 999.9729999999981 335.00390625 107746.77806822295 1968.5033240566192 8822555.969982518 6085.386647306776 6500.0
240000.0 250000.0 1991.8118203124031 889.7986866319552 157.31143219900096 999.9529999999795 635.7689999999711 87686.15240525219 1449.87475310007 6222538.834198962 4309.356705495806 4166.666666666667
250000.0 260000.0 38.83116601547226 905.5608030895025 232.41769189341514 999.6369999999879 243.9609140624525 114768.71037916827 2030.0293546615098 8470289.216079937 5865.740087572505 6200.0
260000.0 270000.0 35.295804687426426 905.8821995738704 229.74171711853563 999.5679999999702 257.86708007811103 115411.03628206968 2022.5920542772396 8732534.571336918 6036.724911389061 6500.0
270000.0 280000.0 31.133056640625 906.2606312144886 227.9200681092184 999.7979999999516 270.29188476561103 101222.8853100252 1811.2171863462024 8620144.572646413 5949.168438461717 6500.0
280000.0 290000.0 28.749119140557013 906.4773528054039 224.60520932909375 999.7330000000075 285.4959414062323 98981.86994664367 1819.5466991153783 8618275.084741063 5944.388151115863 6500.0
290000.0 300000.0 31.263009765651077 906.2488172940317 222.5258098063069 999.7709999999497 297.87006054690573 103892.63625007855 1859.470021206646 8801491.121597024 6075.419842229927 6500.0
