ts te idle avg_span std_span max_span min_span c_bytes_all c_pkts_all s_bytes_all s_pkts_all video_rate
0.0 10000.0 0.0 0.0 0.0 0.0 0.0 0.0 0.0 0.0 0.0 0.0
10000.0 20000.0 1541.7900019531953 939.8011108940894 119.92754817774262 999.9510000000009 680.795999999973 114695.7533153092 1766.3418029990057 7167656.687435263 4957.451511252733 3000.0
20000.0 30000.0 648.067728515598 850.1756610440366 292.91824184859513 999.4550000000163 212.8140019531129 95801.90331628574 1741.4922351924865 7194330.070931333 4979.195559975827 4750.0
30000.0 40000.0 88.23836718749953 901.069239346591 223.2706677718458 999.8730000000214 301.64990234375 108538.20341521807 2044.3165519393442 8812722.961154213 6080.97088199477 6500.0
40000.0 50000.0 39.43792968755588 905.5056427556767 223.16637088890283 999.6290000000154 289.52197265625 107216.3784972984 1963.0770645515333 8772507.711511118 6061.655792596322 6500.0
50000.0 60000.0 36.17769921879517 905.8020273437459 227.83808953551664 999.8539999999921 270.9052734375 103621.61806591002 1887.1070664335211 8630212.842470704 5970.033774163007 6500.0
60000.0 70000.0 41.410318359325174 905.3263346946068 231.53350028115398 999.9639999999781 252.303955078125 97380.69733384863 1780.3571788526122 8380389.039520325 5792.333091782629 6500.0
70000.0 80000.0 691.7989746092935 846.200093217337 309.8088281110905 999.9639999999781 27.47998046875 105536.54275467632 1870.8933277035023 7977913.676472426 5513.802907170924 5600.0
80000.0 90000.0 161.46089453133754 983.8539105468662 29.552071855868537 999.9820000000182 904.4130859375 98230.13347646312 1683.0733315077919 7405496.476317135 5121.872228868551 5300.0
90000.0 100000.0 26.326207031321246 906.6976175426072 271.62006862654965 999.8649999999907 93.39791406248696 109840.67531256842 1971.9428910342112 8585865.671074592 5929.251839583052 6500.0
100000.0 110000.0 24.62662109377561 906.8521253551113 267.50049098515893 999.7359999999753 107.52212109375978 100051.78545978114 1824.3813545260573 8682712.214680322 5986.362308419856 6500.0
110000.0 120000.0 32.51229296869133 906.1352460937553 264.0931868897144 999.8310000000056 119.38374218752142 104085.48497929145 1896.8921586193678 8674274.03491517 5992.789615032474 6500.0
120000.0 130000.0 3911.1179648436955 676.5424483507005 389.2608431885883 999.8460000000196 136.140035156277 63600.8240733495 1141.1250366405666 5249026.613517398 3629.280489159851 5240.0
130000.0 140000.0 2601.3819179688 924.8272602539 208.34454973810102 999.8319999999949 409.20899999997346 78164.77790501055 1104.9370228217856 4637817.8235968845 3246.825500735364 2096.5714285714284
140000.0 150000.0 2337.0902011718717 696.6281635298299 369.9919019440865 999.314000000013 0.4359179687453434 85673.36959903812 1513.1793092044943 6048372.442153202 4189.367261926966 4400.0
150000.0 160000.0 2313.953974609438 768.6046025390563 372.9429515834535 999.9679999999935 27.75390625 83584.58769171835 1459.5832819883308 6403326.837329718 4425.234705950842 4400.0
160000.0 170000.0 1758.9769160156138 824.1023083984386 267.6347216833663 999.9510000000009 228.2600000000093 79171.85923566027 1369.9792538613556 5868648.518519765 4073.864135027342 5000.0
170000.0 180000.0 37.27890039066551 905.7019181463031 240.72328540255666 999.8549999999814 211.71100976562593 104966.02589036062 1870.1072173823932 8595546.603362307 5937.09629233874 6500.0
180000.0 190000.0 84.12517187494086 901.4431661931872 236.26814220078217 999.9710000000196 234.39791015622905 96313.8945650414 1784.0741930636673 8447110.099158157 5830.947195994846 6500.0
190000.0 200000.0 1143.100835937541 805.1726512784054 331.5814005647417 999.4089999999851 251.0009999999893 94583.41518853778 1627.2274419827718 7080013.955856243 4908.90490346932 6500.0
200000.0 210000.0 30.44083593727555 906.3235603693386 216.4793752236672 999.954000000027 331.42724609375 118108.21813008515 2148.285481445854 8758504.405850144 6066.13304693437 6500.0
210000.0 220000.0 548.0912597655552 859.264430930404 289.85000935442184 999.0069999999832 36.385986328125 109880.4948562676 1927.6373947544569 8386495.139691768 5791.476688126059 6500.0
220000.0 230000.0 23.23599023441784 906.9785463423257 293.5423603795175 999.9050000000279 22.52099609375 108163.07139626046 1952.9320641051456 8608717.650303155 5945.249082045286 6500.0
230000.0 240000.0 37.83299609378446 996.2167003906216 7.399197967165641 999.9590000000317 975.3420039062621 114289.2855420197 2073.057339389745 9081719.524178654 6275.901187450864 6500.0
240000.0 250000.0 1066.5019570313161 893.3498042968683 282.95450008894846 999.875 99.53200000000652 89896.22436427609 1507.3957399035628 6859364.332053036 4746.863682856546 4166.666666666667
250000.0 260000.0 58.279099609237164 903.792809126433 255.09560054069408 999.7789999999804 151.58595703123137 77652.95119994874 1345.0843767782949 5796534.426766607 4007.682552181829 4400.0
260000.0 270000.0 603.7588593750261 854.2037400568158 301.42933788133354 999.8009999999776 178.45605664059985 80014.91580863477 1408.8206599156288 6011569.639746559 4171.513444510234 4400.0
270000.0 280000.0 23.67013867199421 906.939078302546 219.72077470869743 999.8959999999497 311.7939453125 99351.16117567958 1724.1322002642485 7794079.262055637 5395.786989988287 6150.0
280000.0 290000.0 27.607013671891764 906.5811805752826 221.7630803066115 999.9070000000065 300.054931640625 103557.92919649344 1844.0553402452736 8484125.552462941 5867.328902195732 6500.0
290000.0 300000.0 37.55101562500931 905.6771803977264 225.15346804588677 999.0359999999637 283.263916015625 110822.8073226792 1975.1100832399475 8467765.740940165 5857.056552162755 6500.0
