ts te idle avg_span std_span max_span min_span c_bytes_all c_pkts_all s_bytes_all s_pkts_all video_rate
0.0 10000.0 0.0 0.0 0.0 0.0 0.0 0.0 0.0 0.0 0.0 0.0
10000.0 20000.0 4439.607718749998 794.341754464286 360.8419219837577 999.7360000000008 125.07700000000114 48537.575301919365 1074.6425078124923 4985864.4903254965 4024.8801754463966 3000.0
20000.0 30000.0 1077.277216796865 811.1566166548305 271.3878103732411 999.5679999999993 265.216064453125 47635.44148493502 1249.176814367137 6199062.199177321 5027.440894081541 3254.5454545454545
30000.0 40000.0 1154.4399785156202 884.556002148438 210.97604445083965 999.9850000000006 343.4130859375 42374.02236340075 1171.421852328025 5939906.045689242 4853.2275502021685 4400.0
40000.0 50000.0 60.13607617188245 903.6239930752835 219.59000586156802 999.8459999999977 319.760009765625 40847.17501092955 1082.497252567971 5588006.923564835 4555.20796780296 4400.0
50000.0 60000.0 95.95508984375192 900.3677191051135 232.70391952906203 999.8080000000045 260.242919921875 42616.94516658022 1095.5727924154503 5784316.800556278 4711.563618975459 4400.0
60000.0 70000.0 571.3706640625169 942.8629335937483 103.30835484249997 999.9719999999943 738.1790800781309 48054.906873651395 1256.9207264270767 6577692.856062992 5338.230445792404 4400.0
70000.0 80000.0 741.5303339843813 841.6790605468744 284.5902961668613 999.5270000000019 236.7007441406313 40651.631942134736 1053.4435520479349 5409726.862312598 4430.733513614108 4400.0
80000.0 90000.0 96.50198828124849 900.318001065341 232.47765167449464 999.9419999999955 264.60693359375 39577.42409431872 1016.7981681578173 5335267.5293064425 4356.030708441837 4400.0
90000.0 100000.0 92.79483593750047 900.6550149147727 235.14836861743035 998.4560000000056 232.97509765625 38256.9418667074 990.365872195762 5154427.169070401 4211.513657730702 4400.0
100000.0 110000.0 429.7281835937465 870.0247105823867 284.4600225804682 999.4070000000065 69.8369140625 43268.68981933701 1105.5268842570179 5860008.812475298 4772.65346845168 4400.0
110000.0 120000.0 1140.5556250000081 885.9444374999991 203.08662565144516 999.9140000000043 359.8212890625 45928.62309856288 1206.3858185303754 6317990.853355454 5149.331015554779 4400.0
120000.0 130000.0 3031.770236328128 696.8229763671873 395.1520991785892 998.640000000014 48.04999999998836 37442.48518677896 960.0988894786891 5170894.100689622 4198.690153874349 4400.0
130000.0 140000.0 52.80298242191202 904.2906379616444 219.45976572035468 999.7870000000112 318.6220703125 58219.36869869207 1530.1994026547168 8066875.4378262535 6513.077178073984 6971.428571428572
140000.0 150000.0 124.36414062499534 897.7850781250004 228.62865817525858 999.8070000000007 270.6279296875 52814.07194144561 1360.259934717099 6965554.521804594 5676.655900206478 4914.285714285715
150000.0 160000.0 46.32694726562477 904.8793684303978 231.60896347660807 999.9519999999902 252.031982421875 53481.14676088593 1392.4494968930762 7428413.792178466 6030.320898097806 5450.0
160000.0 170000.0 45.22301757810055 904.9797256747181 235.93849985293323 999.9700000000012 231.43896484375 54653.886217854444 1453.4647309643547 7460344.511413245 6048.947291887039 6500.0
170000.0 180000.0 237.1100703125121 887.535448153408 248.74028942408677 999.698000000004 177.06689453125 57994.9833260272 1565.3854610758667 7757500.595292162 6293.60442720277 6500.0
180000.0 190000.0 136.62958984370925 896.6700372869356 272.1192870345209 999.7380000000121 91.4873046875 55618.94399540549 1460.7602175189934 7559527.967123376 6127.410993578261 5600.0
190000.0 200000.0 435.64337304685614 869.4869660866494 292.10603017158394 998.6760000000068 0.554931640625 44755.26208498979 1167.6610621507502 6030178.241626719 4903.591853048859 4400.0
200000.0 210000.0 363.7898222656222 963.6210177734378 54.8465765636451 999.9670000000042 862.7999999999884 51002.51673826787 1312.4741900425302 6633250.954518395 5396.454805433604 4400.0
210000.0 220000.0 66.60101367192692 903.0362714843703 271.12845105250915 999.6749999999884 92.19189062499208 40687.01411027694 1056.3431919379573 5434087.019105129 4438.0381872824455 4400.0
220000.0 230000.0 762.9260117187223 839.7339989346616 324.03418744562066 999.9640000000072 115.48190429687384 40369.048165391374 1047.4279333236345 5390219.7151792105 4401.818022380925 4400.0
230000.0 240000.0 283.75920507809496 883.2946177201732 248.60793898084034 999.8619999999937 200.40087890625 43025.51481681281 1099.594227842921 5454686.138273551 4459.5786488346785 4400.0
240000.0 250000.0 1984.5398789062747 890.6066801215251 243.3020428902961 999.7159999999858 270.90299999999115 40648.38093469446 1059.129020292351 5544383.463072919 4495.998624004766 4400.0
250000.0 260000.0 420.38203710934613 957.9617962890654 83.07633099248308 999.689000000013 767.511962890625 51942.76516930357 1332.96854430824 6789401.111394595 5516.265815021138 5100.0
260000.0 270000.0 42.969974609382916 905.1845477627834 236.47971448206377 999.9699999999721 228.9540371093899 56308.87597676949 1512.4305582005716 7756081.799927413 6272.039464464336 6500.0
270000.0 280000.0 779.130718750006 838.2608437499995 293.55259591621075 999.7390000000014 208.7340117187705 47799.98191540803 1208.4437731822745 6197521.31667161 5075.056478803625 4330.0
280000.0 290000.0 147.1062656250433 895.7176122159052 239.8911870938186 999.2289999999921 248.60400390625 43035.0608735473 1116.107711693748 5787638.849895832 4724.161031917953 4400.0
290000.0 300000.0 1624.5600253905868 837.5439974609413 274.74460107128306 998.8780000000261 207.052978515625 45934.2426981568 1178.8397147758199 6214396.068701717 5051.1135390000945 4400.0
