ts te idle avg_span std_span max_span min_span c_bytes_all c_pkts_all s_bytes_all s_pkts_all videorate
0.0 10000.0 0.0 0.0 0.0 0.0 0.0 0.0 0.0 0.0 0.0 0.0
10000.0 20000.0 3771.522013671929 778.5597482910089 408.0245791577205 999.3869999999879 94.68900000001304 80014.81481984832 1201.5714728656114 5235385.206260706 3639.718354031481 2300.0
20000.0 30000.0 548.8780000000261 859.1929090909067 294.2513376019952 999.6219999999739 76.135986328125 92618.35283546594 1656.5713125786676 6949935.273503786 4819.433825527561 4925.0
30000.0 40000.0 93.04909375001444 900.6319005681805 297.900844438955 999.7199999999721 5.014892578125 100226.25859668585 1894.690447465336 8358523.900895711 5777.834408279639 6500.0
40000.0 50000.0 24.548841796873603 997.5451158203126 1.8370832558722252 999.835000000021 994.0721074218745 99236.42250232649 1845.3289926327188 8818828.242952984 6088.481676162878 6500.0
50000.0 60000.0 1137.575158203079 805.6749856179019 350.0368230303028 999.5630000000237 4.602949218766298 99870.4681544316 1770.9090918176084 7675344.614030273 5306.917356033113 5300.0
60000.0 70000.0 35.65363281260943 905.8496697443082 207.1395279027174 999.7999999999884 477.4251074218773 106407.36738052762 1916.4837310096243 8453031.897201316 5842.736392007814 5900.0
70000.0 80000.0 30.323156250000466 906.3342585227273 205.757000140549 999.9180000000051 479.506103515625 110950.37300794809 2007.1481235604201 8519425.293731386 5888.327338324796 6500.0
80000.0 90000.0 571.6650917969528 857.1213552911861 292.1982155961578 999.920999999973 97.31201171875 110428.47232605504 1974.4534698222703 8309734.178221341 5736.864428418877 6500.0
90000.0 100000.0 75.95092187501723 902.1862798295439 275.17840761819434 999.9729999999981 77.14208984375 117534.06957745839 2142.4312363627346 8420172.123349799 5812.747720706405 6500.0
100000.0 110000.0 146.42714257800253 895.7793506747271 290.70157867984534 999.6350000000093 23.720947265625 115318.55158253356 2077.044851923205 8311511.654492168 5750.291849050372 5900.0
110000.0 120000.0 187.79866015625885 981.2201339843741 32.72357323352029 999.9519999999902 901.519287109375 116053.6474729947 2025.465023917506 8326754.465359038 5756.115239035302 5333.333333333333
120000.0 130000.0 2518.6412480469444 748.1358751953055 347.40221539347124 999.4990000000107 95.7757128906087 83870.79255932948 1400.2245480410154 6028357.078269365 4175.131300610107 4133.333333333333
130000.0 140000.0 1363.4100664063008 785.144539417609 325.5522093548618 999.9469999999856 129.77197265625 85861.84770627902 1509.2343612031925 6371116.568490032 4414.508740138724 4400.0
140000.0 150000.0 2536.081888671848 746.3918111328152 408.16784075554193 999.4340000000084 75.486083984375 68995.26432161716 1196.0269025160826 5159979.951395958 3572.8318566417834 4400.0
150000.0 160000.0 379.1590839843848 962.0840916015616 61.85050487436476 999.7910000000265 820.3260000000009 79671.29715649878 1433.4164342840068 6319900.551846139 4388.059515031151 4400.0
160000.0 170000.0 196.20707421872066 980.3792925781279 58.80690290916189 999.7949999999837 813.02392578125 77991.7307393662 1341.4251501121614 6258606.381864685 4347.428967886903 5300.0
170000.0 180000.0 160.53282421873882 894.4970159801146 252.0710666368529 998.9780000000028 184.12107421876863 85774.72809344927 1568.7089310484505 8119871.794684521 5612.194378793077 6500.0
180000.0 190000.0 142.3331699219416 896.1515300070962 245.55956792810386 999.8580000000075 230.97089843748836 94960.9485037026 1733.3908224933416 8724907.029054664 6027.324605454434 6500.0
190000.0 200000.0 121.12703125010012 898.0793607954455 219.73947673845763 999.984999999986 360.3340683593997 96257.81089755021 1749.654416731625 8744948.396997737 6037.375465635287 6500.0
200000.0 210000.0 30.281812499975786 906.3380170454567 206.90386887121787 999.9520000000484 430.7550996093778 92764.43035033387 1718.9512046436846 8891439.30119836 6128.695799723388 6500.0
210000.0 220000.0 245.44715820311103 886.7775310724445 246.26711632919952 999.8410000000149 337.0029296875 92319.69655508047 1625.1065731674262 8152219.837974533 5632.722441719028 6500.0
220000.0 230000.0 28.63783007825259 906.4874699928861 218.9171937345814 999.9860000000335 320.652099609375 95281.4856978884 1642.740534669509 8688911.872579994 5996.362580051182 6500.0
230000.0 240000.0 2028.550125000067 797.1449874999932 303.3730483453384 999.6790000000037 110.073974609375 75152.29980753885 1345.4468928468937 7108497.349858665 4905.334399428668 5300.0
240000.0 250000.0 4231.372062499984 721.078492187502 387.5989228961321 999.5709999999963 50.68400000000838 59324.95781359181 970.7799500014202 4559267.265302227 3160.635591133006 4400.0
250000.0 260000.0 902.2469121093163 827.0684625355167 349.49786952125856 999.9760000000242 69.75 104323.47026320806 1736.3113628383069 7607214.838641424 5267.845196665333 4400.0
260000.0 270000.0 22.273037109640427 907.0660875354872 283.23819253437983 999.7049999999581 55.386962890625 107021.3613666718 1953.9562603671718 8817670.717057895 6084.2140344013615 6500.0
270000.0 280000.0 28.437943359371275 906.5056415127845 288.7546835144043 999.9599999999627 37.27001953125 95335.50949990594 1740.689732270871 8750368.719259592 6032.326941638836 6500.0
280000.0 290000.0 172.01212890609168 982.7987871093908 25.81862439715304 999.4200000000419 931.587890625 91278.06109779021 1639.168953888815 7750309.433493119 5354.927295794159 6500.0
290000.0 300000.0 35.717578124953434 905.8438565340952 279.9061132641766 999.7399999999907 65.35710937494878 97265.95527167339 1773.1975369265574 8675307.650393734 5987.517653955136 6500.0
