ts te idle avg_span std_span max_span min_span c_bytes_all c_pkts_all s_bytes_all s_pkts_all videorate
0.0 10000.0 7114.042119140624 961.9859602864586 62.3824963356021 998.0519999999997 889.952880859375 21984.837072486385 338.97654187148737 1254972.0983749821 1048.9972570800742 1820.0
10000.0 20000.0 1338.8939960937423 787.3732730823871 375.64771897297663 999.9760000000024 52.9320000000007 48969.3478346689 1124.2245080102864 4236270.480389182 3445.605503720146 1409.2307692307693
20000.0 30000.0 1378.9859335937508 862.1014066406249 219.9942552970206 999.9069999999992 466.29111523437314 31513.651049412478 741.6384873173664 2809878.6781163625 2317.4015498329004 1313.3333333333333
30000.0 40000.0 1212.499994140635 878.7500005859365 217.5263277697352 999.8609999999971 466.3750488281221 28631.50833594727 717.7117841729723 3701906.4204614307 3063.2395319403313 2800.0
40000.0 50000.0 2612.134876953118 820.8739025607647 259.1522222170657 998.0529999999999 384.85400000000664 34555.85017305748 893.1816982647863 4778934.298613035 3905.8916549226174 4000.0
50000.0 60000.0 1648.215177734368 835.1784822265632 228.05285325074772 999.9890000000014 462.9469199218729 42129.53437377648 1110.8689802525514 5672130.750450637 4605.78261215246 4400.0
60000.0 70000.0 102.32786328125803 899.7883760653402 204.9942978838875 999.9809999999998 481.2900390625 55653.91760572649 1416.1210841367808 6908363.250533059 5619.532862328114 4400.0
70000.0 80000.0 2012.3391347656434 887.5178739149285 205.88908654396738 999.8450000000012 518.0459609374957 34021.87753970853 867.7693486413305 4345551.784184426 3537.9314136738894 4400.0
80000.0 90000.0 2043.7589531249978 795.6241046875002 330.61817881508193 999.9560000000056 59.125 55922.065688194736 1364.6772180743314 6278605.609672326 5109.40554826714 4400.0
90000.0 100000.0 102.1718496093672 899.8025591264212 210.8692152465196 999.0329999999958 455.60104882813175 58888.82128539494 1462.054904360296 6578964.633226966 5353.011140601822 4400.0
100000.0 110000.0 2968.2160488281224 781.3093279079864 330.29885917564087 997.8220000000001 84.56699999999546 33091.35027628712 826.4175265421072 3959627.7787562474 3221.4348012233377 3840.0
110000.0 120000.0 1993.5079765624832 800.6492023437517 327.70344554439174 999.8299999999872 73.05400000000373 41200.92277016016 1010.6807885578155 4903697.424776868 3984.173098853856 3200.0
120000.0 130000.0 1329.4867929687316 867.0513207031269 207.52826209490647 999.9670000000042 466.5069238281285 49544.92223805309 1233.632131957147 5724092.170678194 4659.52961164442 3800.0
130000.0 140000.0 1987.6801874999655 801.2319812500034 341.6408800063661 999.2360000000044 30.978000000002794 37034.16278849146 930.1642752643899 4505265.371787402 3678.6055138770525 4120.0
140000.0 150000.0 80.53001171877258 901.769998934657 205.06913296777694 999.6669999999867 486.236083984375 45387.98892975267 1130.1337832706959 5367765.530121072 4379.136168968429 3600.0
150000.0 160000.0 129.41796679687104 897.3256393821026 212.39192654374887 999.9670000000042 428.1201171875 54005.34420881208 1374.5494348835202 6827907.897752389 5549.955255762708 5000.0
160000.0 170000.0 1840.957210937544 815.9042789062456 321.4927990971963 999.6790000000037 69.10999999998603 59141.86459755287 1489.8756139674936 6876479.82786033 5572.326111384517 6500.0
170000.0 180000.0 1152.4718691406306 884.752813085937 211.51204880456208 999.8800000000047 467.0890937499935 52055.07805743201 1305.9353252395858 6294249.901749172 5121.477848383552 4100.0
180000.0 190000.0 110.699951171875 899.0272771661931 209.78331916013417 999.4210000000021 459.2880859375 52418.807749411295 1321.0604004514512 6458306.966110596 5254.501344963359 4400.0
190000.0 200000.0 487.6080859375361 951.2391914062464 144.4359323459487 999.80799999999 540.4279140624858 43543.14742567357 1117.326164763605 5546574.126385322 4518.0611704192725 4400.0
200000.0 210000.0 1550.1276992187777 938.8747000868025 170.63656666309222 999.5089999999909 484.13330078125 44902.14014694818 1100.486821289204 4959552.879723655 4054.4629925237587 4400.0
210000.0 220000.0 64.86938671878306 903.1936921164743 208.24252179446623 999.9469999999856 450.5869140625 57571.54990971756 1436.505942842538 6797758.577638219 5534.126157860181 4400.0
220000.0 230000.0 1972.463658203109 891.9484824218767 200.98670627334053 999.0460000000021 527.687255859375 41965.75569439036 1049.0739143811395 5002770.8120001415 4077.1362638027254 4400.0
230000.0 240000.0 101.06933789062896 899.9027874644883 211.32942434830608 999.9759999999951 447.1647441406385 53990.5893468443 1413.6266405936226 7209947.288512845 5849.526059332602 5300.0
240000.0 250000.0 127.29366992192809 897.5187572798247 215.65473890843282 998.8890000000247 428.229248046875 52201.4533999184 1296.8760021253493 5962021.425245524 4857.883017359289 4283.333333333333
250000.0 260000.0 952.9062617187155 904.7093738281285 194.6126233350655 999.7860000000219 502.510986328125 47838.89793542954 1187.6735515146877 5699048.990364522 4636.677513303266 4875.0
260000.0 270000.0 29.153091796906665 906.440628018463 205.22901320866993 999.8589999999967 488.56689453125 73549.87056945519 1848.5715313187122 8564984.89206468 6917.768027044328 6800.0
270000.0 280000.0 140.10489453125047 896.354100497159 224.90143123743778 999.8119999999763 379.7710000000079 76504.74299729646 1902.1855959347467 8532805.134450413 6907.419968773851 6500.0
280000.0 290000.0 1529.4799921874655 941.1688897569483 163.5338462983287 999.8059999999823 505.2080078125 58086.85204404496 1445.4953292875189 6772351.168632435 5492.563732950954 4750.0
