ts te idle avg_span std_span max_span min_span c_bytes_all c_pkts_all s_bytes_all s_pkts_all video_rate
0.0 10000.0 6269.209884765674 932.6975288085814 129.68220958403737 999.9309999999823 738.193115234375 46822.79666731234 628.5388366057922 1964484.8817426886 1374.4221109407688 2000.0
10000.0 20000.0 721.5541152344667 843.4950804332303 333.7369133300485 999.1809999999823 85.8969999999972 83187.20333268767 1411.4611633942077 4268050.118257311 2967.577889059231 1500.0
20000.0 30000.0 1815.7840976562584 909.357322482638 178.89246448282182 999.0439999999944 516.27490234375 73818.51540941246 1283.5834316848502 3970912.186304104 2746.266583380391 2800.0
30000.0 40000.0 3670.648998046876 791.1688752441405 248.6593973339706 998.2779999999912 334.1350000000093 69282.82327530839 1159.1953690085384 5518115.772479541 3815.313082507349 3466.6666666666665
40000.0 50000.0 71.18878320301883 902.6192015269983 241.40071031305257 999.3520000000135 217.69809570314828 69054.72243613785 1256.1577090366727 6037072.819889982 4193.9481508307 4400.0
50000.0 60000.0 518.3991816405905 861.9637107599464 302.7353677692158 999.8510000000242 64.70087890623836 71225.15772675046 1234.823759521498 5806955.276445083 4032.3645350011925 4400.0
60000.0 70000.0 928.4940507812425 907.1505949218757 168.666166847831 999.9309999999823 495.8080605468713 67299.38690556427 1179.6742922312558 5736738.085476855 3966.1105003027137 4400.0
70000.0 80000.0 1582.0339980468852 765.2696365411922 366.5824758974872 999.4670000000042 139.47899999999208 69493.78559159719 1215.3798576960028 6069986.383457138 4189.17726096161 4400.0
80000.0 90000.0 102.91595507820603 899.7349131747086 240.86353724965286 999.9760000000242 210.908935546875 84201.84903512229 1492.3094795798213 7317413.463114646 5055.9688252634205 5900.0
90000.0 100000.0 82.72403125005076 901.5705426136318 250.89790618885885 999.9670000000042 168.826904296875 93114.22468578712 1710.3175216302698 8741304.514199294 6033.698514484473 6500.0
100000.0 110000.0 28.703824218770023 906.4814705255664 253.9874730497322 999.9870000000228 156.007080078125 97764.22591486377 1789.8304375875366 8657766.278635297 5973.1193379030965 6500.0
110000.0 120000.0 42.27881054679165 905.2473808593826 260.89234587111116 999.7229999999981 131.30126953125 90253.82886503768 1660.9380775427976 8635487.16902401 5955.7417417425 6500.0
120000.0 130000.0 1347.4542070313473 865.2545792968652 279.5171596871997 999.3030000000144 123.31699999998091 83778.68014039089 1529.5392109548868 7449932.76694381 5145.672512126101 6500.0
130000.0 140000.0 59.35308984381845 903.695173650562 223.3951154392211 999.9330000000191 303.3469374999986 95397.75223062113 1731.3284864792547 8940931.826781124 6167.193020751883 5450.0
140000.0 150000.0 81.43770703114569 901.6874811789868 216.1633907037285 999.704000000027 338.23202734376537 84086.50718235124 1513.7152308231912 7700716.485727172 5319.865348296951 5900.0
150000.0 160000.0 55.613369140657596 904.0351482599402 215.2422518718081 999.7980000000098 365.247734375007 90221.84056911581 1663.8235171016547 8656725.602900308 5968.126448278449 6500.0
160000.0 170000.0 35.88279296876863 905.8288370028392 209.75159185241026 999.8709999999846 400.33210351562593 95238.85214533948 1751.914467386369 8708351.026679821 6007.29210709527 6500.0
170000.0 180000.0 22.488126953016035 907.0465339133622 207.19468297643502 999.8560000000289 419.4368964844034 96234.6023152492 1764.220080202564 8831448.272998381 6094.18515898457 6500.0
180000.0 190000.0 47.9559765625163 904.731274857953 206.83981183278635 999.9959999999846 431.9850234374753 94849.21694752578 1743.2640800361514 8782291.352205018 6058.395772407226 6500.0
190000.0 200000.0 32.31607617181726 906.1530839843803 205.8155731481416 999.8009999999776 450.8090000000084 92868.8736708835 1718.2787702368691 8817540.931130975 6083.305048988276 6500.0
200000.0 210000.0 114.64681640604977 898.6684712358136 210.53487985045672 999.704000000027 463.5390761719318 89215.08518262504 1648.9168969928528 8493722.034225853 5869.954569026069 6500.0
210000.0 220000.0 58.66108789050486 903.758082919045 209.90574666594264 999.8340000000317 445.27001953125 91386.25880847819 1686.5411468712002 8439683.200358817 5828.319008511582 6500.0
220000.0 230000.0 176.4631152342772 893.0488077059748 239.68420968947612 999.9050000000279 291.951904296875 88077.10592327306 1616.6503536980858 8488041.169142006 5855.152320345734 6500.0
230000.0 240000.0 155.2939726561308 894.973275213079 235.4586960813056 999.859000000055 236.179931640625 92167.94128082707 1679.8036045014794 8622330.95888021 5948.918015757722 6500.0
240000.0 250000.0 97.14462499995716 900.2595795454585 239.27251455966797 999.9089999999851 210.789306640625 90514.90306462733 1601.6419561408381 8156378.981946356 5635.527420690305 5712.5
250000.0 260000.0 72.4389921874972 902.505546164773 246.39241103053627 999.984000000055 185.247314453125 89024.41599904836 1656.772499026372 8665547.905430717 5986.789793638257 6500.0
260000.0 270000.0 36.892320312559605 905.7370617897673 251.43242614739813 999.969000000041 166.593994140625 89419.64259073613 1647.5469837308442 8500433.020508228 5872.596988365535 6500.0
270000.0 280000.0 67.59804492199328 902.9456322798188 266.2441243809522 999.8989999999758 114.27294921875 91877.73275307367 1680.8413872816736 8581814.80692774 5919.613226923661 6500.0
280000.0 290000.0 149.0408359374851 895.5417421875013 279.60328636786903 999.8869999999879 60.64111328125 89122.77148928301 1649.866238132742 8503916.998225613 5867.687248783521 6500.0
