ts te idle avg_span std_span max_span min_span c_bytes_all c_pkts_all s_bytes_all s_pkts_all video_rate
0.0 10000.0 0.0 0.0 0.0 0.0 0.0 0.0 0.0 0.0 0.0 0.0
10000.0 20000.0 4726.4540976563 878.9243170572832 198.46551342615635 999.8989999999758 528.27490234375 71658.1988775019 1040.802632919318 4488823.449857605 3106.074001279342 3000.0
20000.0 30000.0 1058.6519453124492 894.1348054687551 182.4980003213622 999.7330000000075 470.8720976562472 101676.0538188045 1822.1674122844952 7948912.559518571 5489.622560766222 4050.0
30000.0 40000.0 347.27402539062314 877.520543146307 265.80471218776535 999.8609999999753 137.95904296875233 110032.0036027505 2060.475707322865 8587577.468621379 5930.102796793521 6500.0
40000.0 50000.0 78.43781445303466 901.9601986860878 218.942431216353 999.5210000000079 339.7320683593862 96490.54173191458 1783.5334341891544 8167433.568107539 5648.8501219495465 6500.0
50000.0 60000.0 57.448214843811 903.8683441051081 213.91643112383258 999.9839999999967 385.3808828124893 99490.9989364169 1816.5546285315475 8445699.20673203 5829.871166267148 6500.0
60000.0 70000.0 1347.268902343756 865.2731097656244 280.36851786367157 999.7569999999832 253.83500000002095 94747.20303261164 1697.4661847526195 7722664.7471628785 5334.47935294422 4925.0
70000.0 80000.0 2599.118734374875 925.1101582031406 121.57101522032424 999.9560000000056 681.5520000000251 71133.15267589616 1138.5918973139928 5401885.941508536 3743.627486803781 4866.666666666667
80000.0 90000.0 33.76430859381799 906.0214264914711 240.90806692045484 999.810999999987 209.70173437497579 104679.55947531374 1921.0932305107897 8737051.461267337 6028.065292674043 6500.0
90000.0 100000.0 31.952882812533062 906.186101562497 236.38770810247462 999.7700000000186 229.48904296872206 103645.13375944065 1896.3825988444496 8659888.492580619 5977.339299098741 6500.0
100000.0 110000.0 30.179781250015367 906.347292613635 231.6728514299986 999.75900000002 247.5689257812337 103488.40051104492 1874.6309995321267 8574799.49779189 5916.4933786254105 6500.0
110000.0 120000.0 143.17022656241897 896.075433948871 237.80818876353598 999.6469999999972 256.46570703125326 103640.45063621637 1883.857076343218 8511669.912815724 5877.036736988179 6500.0
120000.0 130000.0 2796.785101562564 800.3572109374929 296.0137816564107 999.8389999999781 284.56396484375 78310.12788649078 1290.399791083432 5525080.647686462 3837.4894823417426 3227.2727272727275
130000.0 140000.0 2507.011994140572 832.5542228732697 267.77731080059806 999.8560000000289 298.594970703125 73903.61681714871 1229.1188858493028 5301697.851562454 3669.7294669413054 4100.0
140000.0 150000.0 1517.877050781215 848.2122949218785 237.74512726532402 999.7380000000121 266.2750000000233 87236.30316062762 1515.4929743116882 6325468.320106072 4378.439219427988 4400.0
150000.0 160000.0 350.73680078127654 877.2057453835204 237.93881071497273 999.8260000000009 253.10108007810777 83090.0403332522 1421.7193649852004 6133795.239821307 4252.226657002484 4400.0
160000.0 170000.0 39.05886132811429 905.540103515626 214.80975694800398 999.9670000000042 363.827880859375 107170.75657269229 1849.9967109878012 8160039.492174309 5640.958434113751 6500.0
170000.0 180000.0 77.02118164056446 902.0889834872214 217.50414557309676 999.8630000000121 383.34474218747346 107013.85895247554 1901.0378114960984 8614267.82507086 5950.613253899153 6500.0
180000.0 190000.0 26.66610351559939 906.6667178622182 205.80409714126355 999.9820000000182 441.642923828098 106257.68049703569 1943.6122416876742 8589394.666911712 5931.297444404767 6500.0
190000.0 200000.0 30.874712890712544 906.2841170099352 205.58417537925493 999.6169999999693 455.2840273437323 107684.51289933598 1836.7849536168671 8125660.22669371 5617.564409655922 6500.0
200000.0 210000.0 28.80024609377142 906.4727049005662 205.08076707015158 999.9780000000028 469.9707402343629 108920.29135453998 1989.2260185266357 8794144.18531942 6068.849469497261 6500.0
210000.0 220000.0 41.76612109376583 905.2939889914759 207.62762460793078 999.9170000000158 484.9389863280812 106413.6329423274 1929.7549040341298 8637941.894992864 5969.734279821151 6500.0
220000.0 230000.0 1249.8229414061643 875.0177058593836 261.4315001325705 999.6600000000326 270.324951171875 92468.79052734897 1653.730889970422 7400460.388774271 5116.094948399601 6500.0
230000.0 240000.0 19.266070312587544 907.3394481534011 229.55796652120057 999.8510000000242 259.827880859375 114507.11417465105 2075.512535360883 8917523.580079993 6164.534146060601 6500.0
240000.0 250000.0 2403.4699570313096 844.0588936631879 191.1443633054508 999.6130000000121 494.77899999998044 81451.88432618693 1381.64358657591 6158544.118683772 4262.234178816044 5125.0
250000.0 260000.0 27.12902539083734 906.6246340553785 216.20901096769393 999.7219999999506 336.94407617184334 103950.8368844817 1918.9441920002353 8893108.807865372 6130.1658522081725 8000.0
260000.0 270000.0 32.0139257813571 906.1805522016948 215.2679269949676 999.9969999999739 349.2411015625112 98573.26373976527 1809.763461722299 8689412.069401301 6000.410239778614 5733.333333333333
270000.0 280000.0 586.2090527343098 855.7991770241537 279.8322154669262 999.1230000000214 231.867919921875 90726.49937348887 1645.7139081026123 7466062.960745395 5165.817218684266 5900.0
280000.0 290000.0 25.230623046983965 906.7972160866378 239.75145953351804 999.8580000000075 215.279296875 107040.584555869 1993.1582954295793 8925652.797671475 6151.858567239704 6500.0
290000.0 300000.0 41.443220703164116 905.3233435724396 244.3183079442108 999.5370000000112 194.778076171875 109431.55647322672 2027.9371005302703 8658612.648013746 5974.929589849943 6500.0
