ts te idle avg_span std_span max_span min_span c_bytes_all c_pkts_all s_bytes_all s_pkts_all video_rate
0.0 10000.0 0.0 0.0 0.0 0.0 0.0 0.0 0.0 0.0 0.0 0.0
10000.0 20000.0 3202.6120488281304 849.6734938964837 310.03184595861205 999.1259999999966 134.42199999999866 52102.21689158934 1188.2662635196411 5955099.062799149 4808.25474891329 3000.0
20000.0 30000.0 854.2886953125126 831.4283004261353 324.66857123318573 999.739999999998 77.187255859375 49786.44740158072 1341.3923719577513 6833931.686693532 5548.925174672662 3622.222222222222
30000.0 40000.0 1138.1219707031196 886.187802929688 179.90101157224237 999.885000000002 473.9800000000032 39506.12612511508 1071.8677299697767 5499605.944878115 4492.841357471026 4400.0
40000.0 50000.0 58.14137890624261 903.8053291903416 226.33124460348074 999.8240000000005 283.92171484375285 43160.31361680411 1124.2144528058498 6060917.363107627 4928.798396845273 4400.0
50000.0 60000.0 650.4878066406527 849.9556539417589 326.56102977887707 999.8959999999934 79.777099609375 45243.70955422288 1171.5073047249266 6127765.588013156 4991.95799200323 4400.0
60000.0 70000.0 497.7649824218679 950.2235017578132 103.02191750334849 999.5760000000009 688.9951171875 41266.10762060148 1076.5519233310538 5653223.791016542 4590.27868086699 4400.0
70000.0 80000.0 104.39303320311592 899.6006333451713 224.18182167293878 998.6150000000052 307.77388281250023 42459.59837966335 1073.2328302085016 5315601.730113517 4334.357392306728 4400.0
80000.0 90000.0 47.70296289063117 904.7542761008517 214.05535733226841 999.7299999999959 361.9239160156285 40319.21705704818 1038.9111397910635 5475422.468829573 4461.631256522528 4400.0
90000.0 100000.0 1010.5541582031437 898.9445841796856 201.80847875632645 999.8099999999977 383.19787890625594 44790.1276115396 1155.0416471182903 6112094.08546721 4982.025749373353 4400.0
100000.0 110000.0 255.19869531251607 885.8910276988622 229.33580879202663 999.8849999999948 280.61203710937116 47569.033610760984 1226.2587374640198 6314310.736702699 5129.778779667835 4400.0
110000.0 120000.0 64.36138281250896 903.2398742897719 214.15380533902407 999.7639999999956 373.7227324218693 41308.816365586565 1068.1421871053308 5556501.500632265 4538.85981569586 4400.0
120000.0 130000.0 3045.924917968776 695.4075082031225 408.9858631043108 999.4040000000095 35.490966796875 35491.00159042839 922.0321109556537 4830034.752050085 3927.518379933139 3933.3333333333335
130000.0 140000.0 437.6799902343482 956.2320009765651 107.59171823550925 998.7770000000019 656.5009765625 40783.31077201078 1038.546135377638 5283152.693585385 4308.168422143036 4000.0
140000.0 150000.0 50.90403320308542 904.4632697088105 216.95548585173802 999.2200000000012 343.23002343749977 47992.30421616827 1246.515068310034 6355387.294351777 5165.316959237141 4400.0
150000.0 160000.0 976.7669609375298 902.323303906247 205.1770723256818 999.872000000003 370.7890566406131 44325.49926696988 1142.2217829210476 5865778.85492762 4774.547670301437 4400.0
160000.0 170000.0 91.10209570315783 900.8089003906221 226.4772821388186 999.6229999999923 271.39301757811336 41468.421364936774 1076.1451453714453 5691730.66290109 4640.2729729037355 4400.0
170000.0 180000.0 85.40000000005239 901.327272727268 225.82571155806613 999.859999999986 297.4381132812414 46483.19846618877 1157.1372938839747 5495338.563673464 4490.694548228332 4400.0
180000.0 190000.0 68.37977343754028 902.8745660511327 218.73687454938158 999.7159999999858 349.65611328126397 41668.073709284705 1075.9850851338467 5600120.344209703 4571.123605774245 4400.0
190000.0 200000.0 625.1461425781599 852.2594415838037 310.9334186325714 999.4159999999974 83.219970703125 49154.766499624595 1261.5532224827098 6529621.850757896 5326.083345722634 4400.0
200000.0 210000.0 491.1736660156166 950.8826333984383 89.81992787230489 998.8289999999979 720.9873046875 41503.79048156838 1083.745275634611 5730439.820176076 4650.966823446301 4400.0
210000.0 220000.0 71.8262363281101 902.5612512428991 227.21103084173114 998.0270000000019 278.9316953124944 42443.19994793292 1105.6160496121736 5695963.999407606 4638.737625399077 4400.0
220000.0 230000.0 75.35215820316807 902.2407128906211 221.96169221447292 999.4489999999932 315.8619316406257 41477.23541720847 1072.1463284141478 5511769.1060406305 4496.102873427523 4400.0
230000.0 240000.0 1883.0399374999688 811.6960062500032 273.42253919278 999.7270000000135 314.6680000000051 43373.06022307105 1073.9657628725788 5012041.959923482 4093.428977220745 4400.0
240000.0 250000.0 410.1250605468813 871.8068126775562 275.29475578161845 999.8770000000077 292.58402734374977 54902.60770337642 1438.5571685646446 7511559.986786293 6068.271332525923 5600.0
250000.0 260000.0 193.67683007812593 891.4839245383522 227.02465418409284 999.8439999999828 281.43408203125 55310.871281432876 1437.024362847949 7356284.482657353 5955.045572910723 6500.0
260000.0 270000.0 51.93400976556586 904.3696354758576 233.90189446741684 999.869000000006 247.174072265625 49409.0096155485 1302.9167721891527 6695945.546201563 5441.916339935418 6500.0
270000.0 280000.0 686.3139570312342 931.3686042968766 117.54461183711612 999.8580000000075 685.568115234375 41108.77991975113 1056.3068944656602 5281320.06357906 4334.371893208432 4700.0
280000.0 290000.0 167.55701171880355 893.8584534801088 220.69073527745937 999.9419999999809 313.62988476559985 37919.10924719404 962.7655305063761 4774669.452964232 3900.5676330095716 4400.0
290000.0 300000.0 583.3479843750247 856.059274147725 314.9100051203288 999.984999999986 96.797119140625 45355.20709883319 1167.2512551507673 5829699.0638645 4745.41934123956 4400.0
