ts te idle avg_span std_span max_span min_span c_bytes_all c_pkts_all s_bytes_all s_pkts_all videorate
0.0 10000.0 0.0 0.0 0.0 0.0 0.0 0.0 0.0 0.0 0.0 0.0
10000.0 20000.0 4004.583712890628 856.4880410156246 335.92646629620265 999.8960000000079 99.50099999998929 96771.41410477272 1333.4433281364577 5543249.763452257 3849.0791909324353 2300.0
20000.0 30000.0 699.7443359374302 845.4777876420518 313.5652705746377 999.7569999999832 101.28471289062873 103473.78164870698 1828.343288163284 7398609.841768053 5125.555270832434 5300.0
30000.0 40000.0 53.38698437495623 904.237546875004 257.4971671542283 999.5349999999744 144.69504882814363 105569.3784117683 2020.1768657663717 8668735.019234426 5984.472395410075 6500.0
40000.0 50000.0 33.542855468636844 906.0415585937603 250.1614909689555 999.8859999999986 172.64303320314502 103854.49898275222 1901.0790723338907 8628816.747119384 5962.755080325071 6500.0
50000.0 60000.0 24.200031250016764 906.8909062499985 244.12597769042648 999.689000000013 195.30188867187826 106780.23887934675 1880.5519671514628 8593685.37850281 5932.684671030784 6500.0
60000.0 70000.0 105.93498046870809 899.4604563210265 245.3512330201178 999.5019999999786 208.58891992189456 102453.98486585304 1896.2554972421083 8754003.405621165 6041.7317356138965 6500.0
70000.0 80000.0 37.881003906193655 905.6471814630733 223.6644813671444 999.6010000000242 293.3599003906129 103106.64084945615 1831.0371941467947 8681980.894845778 5987.783791272041 6500.0
80000.0 90000.0 35.74815624993062 905.8410767045517 220.12630697385032 999.3169999999809 314.25390429690015 98936.13027998984 1793.9991705578905 8266583.696505747 5705.577082358443 6500.0
90000.0 100000.0 26.880011718778405 906.6472716619293 216.72863395911494 999.7810000000172 333.8150605468545 108600.70385340351 1977.4951380317636 8897770.284906052 6136.965853991569 6500.0
100000.0 110000.0 44.306999999971595 905.0630000000026 214.31943521202317 999.3059999999823 348.91707226564176 103093.02730347848 1807.8316883603047 8172977.195484308 5646.5700928859615 5000.0
110000.0 120000.0 24.743978515616618 906.8414564985803 213.1193906505757 999.8040000000037 365.79407226562034 105906.98181065574 1859.9361352944577 8553241.65838325 5912.458449799517 6500.0
120000.0 130000.0 2250.2529492187314 861.0830056423632 255.73555442679964 999.8360000000102 382.7750507812598 79017.21900981627 1376.8506548152138 6632884.114176769 4587.366385547775 4100.0
130000.0 140000.0 221.9459667968331 977.8054033203167 57.05693849618075 999.7459999999846 816.384033203125 103017.49922951592 1699.1124347978139 7508926.463219141 5205.067828399362 5763.636363636364
140000.0 150000.0 155.10809179674834 894.9901734730229 248.0310161476328 999.820000000007 181.28196679690154 105102.03568971224 1939.4411201569874 8635029.765993651 5969.143005748603 6500.0
150000.0 160000.0 24.90484570316039 906.8268322088036 232.4175240205962 999.5250000000233 244.5930585937458 116418.3281450865 1943.3118517216399 8681496.271425342 5998.424496870033 6500.0
160000.0 170000.0 64.38321093760896 903.2378899147628 231.31188098412727 999.994000000006 254.09790429688292 104418.21632538718 1909.3729549549194 8674797.047802277 5997.801370229069 6500.0
170000.0 180000.0 28.123777343716938 906.5342020596621 226.02964030634945 999.9930000000168 281.04911523440387 110981.8740894576 2006.2855909940643 8610556.207305698 5945.73012398594 6500.0
180000.0 190000.0 31.051025390683208 906.268088600847 222.70277610194995 999.685999999987 296.35889257810777 111610.28349787743 1969.554089845826 8652258.415844565 5971.936271216254 6500.0
190000.0 200000.0 33.89618554682238 906.0094376775616 220.48864098920208 999.9329999999609 311.1799179687514 113645.70617451855 1937.7448812601267 8491195.92500978 5864.036435559457 6500.0
200000.0 210000.0 46.38294335932005 904.8742778764255 218.3807742741096 999.685999999987 328.9241035155719 98361.58249518431 1831.6515897594866 8777191.528881552 6057.878116394869 6500.0
210000.0 220000.0 31.9789726564195 906.1837297585073 213.33327871585598 999.1970000000438 354.53604687494226 106757.60096907109 1953.9022407307245 8745045.82446538 6033.373846050536 6500.0
220000.0 230000.0 41.409083984210156 905.3264469105263 211.97840355297433 999.8980000000447 366.4390195312444 105397.31166475062 1919.653903039585 8623957.583489737 5951.245321965154 6500.0
230000.0 240000.0 38.830992187489755 905.5608188920464 213.01349311837978 999.9490000000224 372.9591035156045 109465.18226841428 2007.4078494755797 8873979.986117413 6124.463730390218 6500.0
240000.0 250000.0 1371.6878046875354 862.8312195312465 247.4856843989091 999.6920000000391 397.5720957031008 84621.16164524162 1414.4102220641018 6282699.475783904 4350.748181991363 3855.5555555555557
250000.0 260000.0 37.528833984280936 905.6791969105199 255.35266928912728 999.3760000000475 150.96790039062034 107012.95462223007 1829.961530096923 7714856.5776502015 5335.022171387306 6500.0
260000.0 270000.0 24.800318359280936 906.8363346946109 250.8116806269462 999.9780000000028 169.35773437505122 111761.2125478889 2044.90851916869 8712272.15871216 6022.379340200195 6500.0
270000.0 280000.0 52.12399414065294 904.3523641690316 247.95144406552618 999.939000000013 181.5180527343182 118327.44387141812 2083.6242062921337 8754284.28050646 6045.932787275487 6500.0
280000.0 290000.0 21.857675781357102 907.1038476562403 239.95158003512438 999.9939999999478 211.9970468749525 116117.04735952825 2107.973916638141 8724320.152192112 6026.866205396456 6500.0
290000.0 300000.0 32.040283203008585 906.1781560724538 238.09304832126125 999.9640000000363 220.84972265630495 116554.13198434637 2127.5922293500184 9021932.221162008 6226.790908510897 6500.0
