ts te idle avg_span std_span max_span min_span c_bytes_all c_pkts_all s_bytes_all s_pkts_all videorate
0.0 10000.0 6150.033019531249 962.4917451171877 62.0490504228685 998.8600000000006 869.60498046875 22931.022955413777 351.9125090352688 1587424.6183545599 1324.0642335035013 1445.7142857142858
10000.0 20000.0 647.284917968751 850.2468256392044 295.4599873830166 999.252999999997 126.5780195312509 43782.94707419362 937.8920443972619 3571016.4853084562 2930.044767431708 1429.090909090909
20000.0 30000.0 2546.4889492187503 828.16789453125 216.48724541725534 999.0639999999985 423.26611328125 22852.685213941182 533.0896431667115 2647889.631938352 2185.819319849681 1540.0
30000.0 40000.0 3167.9730664062445 759.1141037326395 316.73139149606345 998.8190000000031 72.11499999999796 27307.867898917437 691.3463432494099 3880192.397448066 3174.309900550515 2766.6666666666665
40000.0 50000.0 1142.5469550781345 885.7453044921865 234.12450602955923 999.7299999999959 327.0479531250021 36632.08495756423 932.8175693228284 4984610.4232098805 4075.852981547626 4000.0
50000.0 60000.0 1070.984134765633 892.9015865234367 205.16106358783864 999.997000000003 409.9549082031299 46062.05948923572 1198.4146279403205 6622677.089299954 5365.678629411155 4400.0
60000.0 70000.0 2010.1389218750119 798.9861078124989 353.37951106481137 1000.0 0.0 37199.06805381729 910.0463988038023 4544306.619817608 3711.7173546505333 4400.0
70000.0 80000.0 1348.1340722656314 865.1865927734368 215.4918999297643 999.9829999999929 352.8419648437557 51727.26503310351 1240.9502702391385 6190810.196775481 5042.668491423882 3800.0
80000.0 90000.0 115.31706445313466 898.6075395951696 224.59523331075619 999.869000000006 326.2450371093728 43876.415000088055 1086.258798265667 5538746.332711905 4521.653525748545 4400.0
90000.0 100000.0 118.28459960936743 898.3377636718757 212.87262115935764 999.698000000004 390.6071015625057 47803.90006692111 1207.0575563708446 6391127.991609955 5196.193953638296 4400.0
100000.0 110000.0 1734.7093437500007 826.5290656249999 276.33296681947 999.695000000007 311.96600000000035 46085.886309635796 1156.2269747147861 5954675.288816505 4843.134744131478 4400.0
110000.0 120000.0 233.39068554685218 887.8735740411953 240.6223276348267 999.5959999999905 381.55126953125 45013.611006709376 1134.0064110259177 5807222.277648408 4737.816532115741 4400.0
120000.0 130000.0 1420.415386718727 857.9584613281273 209.82832770303654 999.5460000000021 428.37100000001374 38528.712626357046 962.2886310491543 5040350.164932505 4110.920651026034 3840.0
130000.0 140000.0 172.69899218750652 893.3910007102266 227.14757997450766 999.9510000000009 325.7431171874923 43990.97750385702 1088.8080969745006 5722377.961108273 4680.5700797226245 4400.0
140000.0 150000.0 62.31262109376257 903.4261253551125 212.012124290806 1000.0 421.97510937499464 50203.30429315802 1224.5002751026516 6052657.658102814 4931.107670915522 4400.0
150000.0 160000.0 66.14119726564968 903.07807297585 209.8044679548555 999.8589999999967 452.69173046873766 53477.04127143891 1326.0208182500235 6848367.661016938 5561.5579962704705 4400.0
160000.0 170000.0 287.7117949218955 882.9352913707368 255.46152863181536 999.9049999999988 281.00927734375 48507.9958513558 1203.7765314191047 5818995.743159293 4754.668585623117 4400.0
170000.0 180000.0 2551.758333984384 827.5824073350684 311.8353735843101 999.7280000000028 73.04999999998836 42990.59184966219 1036.4201832968697 4806343.369280005 3921.4525562077824 4400.0
180000.0 190000.0 91.25398242188385 900.7950925071015 216.87525227003573 999.9590000000026 325.5650566406257 53725.39462932916 1348.4028904705292 6736034.397419535 5481.749718698222 4400.0
190000.0 200000.0 83.45099414067226 901.5044550781207 222.17878886613138 999.752999999997 328.2540390625072 49714.623790071164 1246.3470828900636 6487361.913726514 5268.94862752393 4400.0
200000.0 210000.0 75.56797070315224 902.2210935724407 210.40277130595183 999.2790000000095 384.9280332031194 41818.26499280988 1078.35770092238 5698276.681734306 4637.518597608078 4400.0
210000.0 220000.0 47.19499609377817 904.8004549005656 210.1574613447894 999.7449999999953 407.924003906257 49477.89726644749 1224.5923941354529 5840191.011417243 4762.484696855888 4400.0
220000.0 230000.0 186.9650136718701 892.0940896661937 223.43292296767896 999.9210000000021 435.37100000001374 48694.93009254552 1213.648357174825 5762014.259106776 4703.47262229406 4400.0
230000.0 240000.0 264.27987499997835 885.0654659090928 253.70094953656513 999.9679999999935 297.714111328125 48137.16065969154 1206.4098520903167 5829101.983838301 4745.961604482926 4400.0
240000.0 250000.0 1765.3602011719486 914.9599776475612 135.9167058161239 999.7729999999865 660.98291015625 56332.569447239424 1384.8126775677808 6480164.109230293 5258.649694129387 4400.0
250000.0 260000.0 105.21688867191551 899.5257373934622 221.3148842104146 999.7079999999842 338.68308984377654 43312.77207185326 1099.2452006304557 5725446.985600548 4662.963973055983 4400.0
260000.0 270000.0 113.53209960937966 898.76980912642 215.509868569445 999.9550000000163 392.48097851563944 43379.072713540976 1103.5325871659252 5743465.555096787 4670.1113750172835 4400.0
270000.0 280000.0 37.42100585938897 905.6889994673282 204.6275704637213 999.8059999999823 454.2850781250163 43133.22644553315 1092.6782482786589 5595244.042135744 4563.6669544927045 4400.0
280000.0 290000.0 1468.0315996094141 853.1968400390585 237.72133070546602 999.0289999999804 436.47908398439176 53856.00654046149 1310.0871647071147 6043890.025642015 4919.304031109939 4400.0
290000.0 300000.0 2533.6942812500056 829.589524305555 225.33925068657456 998.6390000000247 350.8506835937733 52377.93163949636 1295.203317982533 6200832.26631098 5026.373327312509 4400.0
