ts te idle avg_span std_span max_span min_span c_bytes_all c_pkts_all s_bytes_all s_pkts_all video_rate
0.0 10000.0 0.0 0.0 0.0 0.0 0.0 0.0 0.0 0.0 0.0 0.0
10000.0 20000.0 4760.499999999942 873.2500000000097 306.7122238359786 999.8130000000237 247.1819999999716 73203.0 1130.0 4706320.0 3265.0 2300.0
20000.0 30000.0 3904.5690703124856 677.2701032986128 481.17520590271573 999.5810000000056 22.728999999992084 52496.88172655877 861.2375817581022 3557250.149673712 2481.2204887559997 2900.0
30000.0 40000.0 380.5179296875722 961.9482070312428 89.91805581393828 999.8989999999758 709.9479999999749 92583.11827344123 1728.7624182418976 7466438.8503262885 5163.779511244 4400.0
40000.0 50000.0 1064.705070312426 893.5294929687574 307.1173838473083 999.7150000000256 22.0029296875 89756.36139141572 1647.3146840992745 7130304.52475967 4938.308901349635 6500.0
50000.0 60000.0 1037.8039296874776 896.2196070312523 301.32743768856454 999.9670000000042 39.005999999993946 89859.63860858428 1524.6853159007255 6902204.47524033 4781.691098650364 3980.0
60000.0 70000.0 988.0127148437896 901.198728515621 307.3507618759863 999.9180000000051 26.46728515625 91184.39699074074 1566.6861979166667 6568534.540798611 4549.951533564815 4400.0
70000.0 80000.0 70.50030273437733 992.9499697265622 12.356743094547088 999.9859999999753 962.40771484375 91592.09587519082 1610.2562174303628 7157788.435991018 4951.808092323359 5600.0
80000.0 90000.0 27.86888671881752 906.5573739346529 297.51367473958885 999.5949999999721 9.657017578138039 111584.18171372643 1968.8288182388296 8823866.748933146 6090.882747199136 6500.0
90000.0 100000.0 1292.7268457030877 791.5702867542648 384.92617741539516 999.9000000000233 15.943904296902474 89874.79966959741 1618.8315056092795 7373826.678778192 5104.468098332089 6500.0
100000.0 110000.0 1058.9682792968815 993.4479689670131 10.891382151580032 999.8449999999721 964.8427500000107 91781.74984780593 1576.7541811963831 6952905.692376568 4818.73420708031 4244.444444444444
110000.0 120000.0 269.38786914065713 884.6011028053948 296.98653132615675 999.4560000000056 5.024029296881054 80803.7571122523 1400.5004375811816 5883231.968268085 4085.0326984900425 4400.0
120000.0 130000.0 2535.2260332031874 746.4773966796813 335.0213907069825 999.9890000000014 186.4548984374851 77430.86691098772 1305.8056068286285 5722273.746488363 3972.406928543294 5942.857142857143
130000.0 140000.0 854.4121523437789 831.4170770596564 321.10656400043825 999.9309999999823 33.763916015625 108245.20988931907 1870.836344211407 7875188.890525289 5441.33532405323 5666.666666666667
140000.0 150000.0 26.664005859347526 906.6669085582412 293.20846148292736 999.9789999999921 23.10791015625 108037.40562729347 1977.7649081873765 8773530.69376071 6060.07182306679 6500.0
150000.0 160000.0 59.61992578121135 994.0380074218789 11.452660545465509 999.5860000000102 963.1550898437272 111111.47355434747 1913.5363384198974 8334182.652604857 5765.197010518312 5030.0
160000.0 170000.0 289.7510312499362 882.7499062500058 295.62882674821145 999.539999999979 10.449015624995809 72887.80637690081 1273.1147444751277 5438184.939388089 3770.9076650834613 4400.0
170000.0 180000.0 1477.8610234375228 852.2138976562477 254.72275374653393 999.9070000000065 202.48304687498603 100705.16947995086 1740.8348338451635 7194316.550717585 4974.338909556892 5300.0
180000.0 190000.0 1286.4529746093904 792.1406386718736 361.3455575373993 999.8429999999935 39.053955078125 102393.10099648399 1843.9624440613645 7639074.427396584 5285.57292777167 6500.0
190000.0 200000.0 31.415923828142695 906.2349160156234 290.71933058189654 999.5670000000391 30.33203125 106574.87144047844 1986.9900548707478 8867089.067484051 6114.341254862758 6500.0
200000.0 210000.0 32.612914062454365 906.1260987215951 296.553395255187 999.7719999999972 12.3701171875 101649.99034615877 1902.7410320597287 8764246.405165087 6042.8151631425735 6500.0
210000.0 220000.0 30.143210937734693 996.9856789062266 4.89718900529328 999.9159999999683 984.8668828124646 102971.6970938342 1944.45585070741 8866437.87965758 6113.746124581099 6500.0
220000.0 230000.0 41.67486132797785 905.3022853338202 298.3061159135472 999.5990000000456 6.27609375002794 114164.37080904492 2070.2710428659652 8605255.746140834 5944.389830662977 6500.0
230000.0 240000.0 206.86715234373696 890.2848043323876 290.68374311735965 999.9399999999441 30.828955078148283 88333.5757646316 1391.8058645787041 5712355.896899626 3968.6034560584576 4011.1111111111113
240000.0 250000.0 2333.508839843911 696.9537418323717 433.65840647918407 999.8429999999935 0.0 84012.17015516137 1459.7736339932621 5957970.7532649385 4123.089919204664 4400.0
250000.0 260000.0 248.16898242174648 975.1831017578254 46.6990855950176 999.9780000000028 847.8720703125 84194.97044296727 1480.5355082380802 6338387.943214582 4400.766057769955 4400.0
260000.0 270000.0 1072.9207812499953 811.5526562500004 359.78506551672444 999.8149999999441 36.0712890625 82562.43103704664 1416.1655449951822 5950141.008849856 4131.304461401093 5000.0
270000.0 280000.0 1256.524304687744 874.3475695312256 304.6313429140645 999.9429999999702 33.833984375 102380.21641307815 1781.0639721236967 7263175.131055561 5031.137831305483 6500.0
280000.0 290000.0 29.917867187410593 906.3711029829627 294.9748872834463 999.9229999999516 17.4951171875 107206.67558662049 1946.1471540935643 8417443.333620848 5806.259871639703 6500.0
290000.0 300000.0 26.67716992192436 906.6657118252796 300.68389456992685 999.8730000000214 0.220947265625 108966.73658838485 1904.3708901027398 8505665.858430479 5872.911269552085 5566.666666666667
