ts te idle avg_span std_span max_span min_span c_bytes_all c_pkts_all s_bytes_all s_pkts_all video_rate
0.0 10000.0 6090.026046875049 977.4934882812377 33.59520620836176 998.75 927.876953125 45096.7008783277 678.0821202321512 3211239.005969662 2323.268893263999 3000.0
10000.0 20000.0 2123.6219531249953 875.153116319445 306.46299841851936 999.8800000000047 69.9530468750163 73806.2991216723 1308.9178797678487 6460022.994030338 5403.731106736001 3000.0
20000.0 30000.0 3965.3339824217837 754.333252197277 371.4947620726677 999.9560000000056 84.11800000001676 60310.469334977475 1017.5723001325123 4700242.127176689 3938.1243200520557 3350.0
30000.0 40000.0 136.61808007815853 896.6710836292583 242.39432847446636 999.5719999999856 225.13198242185172 67901.9082909715 1180.8480117689235 5359766.341769654 4498.260478853295 3600.0
40000.0 50000.0 1988.1398437499884 801.1860156250011 358.1627850692884 999.1990000000224 0.0 70823.85864323734 1253.7499419084504 5823154.948481181 4869.109349196484 4400.0
50000.0 60000.0 134.18099218752468 896.8926370738614 240.39552184931844 999.8549999999814 248.31890625000233 98713.0042021994 1748.2272268027416 7758362.298755741 6488.198115384218 5300.0
60000.0 70000.0 1663.3520078124711 833.6647992187529 283.802173081014 999.9239999999991 295.67800000001444 76667.92779453643 1341.1868819002552 6274048.366310541 5136.321174889866 5000.0
70000.0 80000.0 2732.4431484374218 807.5063168402864 288.25618114709886 999.9330000000191 305.40690624999115 70492.3689866375 1236.0847074044289 5905462.953125833 4176.378136004107 4400.0
80000.0 90000.0 2883.8079550781404 711.619204492186 407.5776092785834 999.5530000000144 5.505999999993946 61263.88495255835 1059.7107784998468 5094230.257709592 3612.9517919733403 4400.0
90000.0 100000.0 169.6449960937025 893.6686367187543 236.1811355456055 999.7019999999902 247.4530097656534 77629.62353907169 1328.9294190613673 6457154.789923382 4578.481340162556 5000.0
100000.0 110000.0 1959.05496484373 893.4383372395855 224.39003953627395 999.734999999986 334.93600585940294 75536.12173244561 1339.0205139057969 6402856.5161950365 4529.810683678675 4662.5
110000.0 120000.0 90.22506054688711 900.8886308593738 234.19354700069562 999.7060000000056 247.45497070311103 88263.75746006775 1588.5324514929125 7869059.185011603 5565.791760233663 5600.0
120000.0 130000.0 3048.039968750032 772.4400034722187 293.401136799784 999.9760000000242 295.3080312500242 68188.07506329694 1191.1377671227642 5458293.21554075 3863.5728495717394 5100.0
130000.0 140000.0 2150.026119140559 872.2193200954935 293.85570237379306 999.9810000000289 120.75799999997253 77481.30593935878 1349.2641383079324 6616185.171288611 4678.247303724374 4400.0
140000.0 150000.0 2021.9648632811732 797.8035136718827 367.01340028514414 999.7810000000172 0.0 73071.47970434475 1267.0641680281801 5880948.227567778 4175.14734335759 4400.0
150000.0 160000.0 1802.5960507813143 819.7403949218685 311.1710495839184 999.8439999999828 250.16598242189502 78494.0397903937 1358.1292074562175 6291498.265779375 4451.2775599125125 4400.0
160000.0 170000.0 1814.4829824219341 818.5517017578065 317.65766424550833 999.7390000000014 187.7029999999795 81382.78234893268 1432.4041002874762 6537452.695282617 4623.445181513959 4400.0
170000.0 180000.0 109.69190039060777 899.1189181463084 223.05745241798127 999.4529999999795 290.20801562501583 71303.24395465782 1258.0347853287433 5900577.03729822 4193.663452961615 4400.0
180000.0 190000.0 1810.2950839843834 909.9672128906241 227.27898726295805 999.6479999999865 305.85091601562453 58475.14826231226 1026.1036005914502 4756109.602783399 3382.219158529949 4400.0
190000.0 200000.0 1536.2149999999674 940.4205555555592 175.93887901561544 999.9220000000205 471.25600000005215 80880.0 1427.0 6915573.0 4890.0 4400.0
200000.0 210000.0 1818.8750078126322 909.0138880208186 192.470926916092 999.9910000000382 448.7280000000028 78793.29446032016 1384.2691341561858 6642658.251483934 4699.809410580838 4400.0
210000.0 220000.0 3898.6910156250233 677.9232204861086 406.11649158807705 999.216999999946 59.92799999995623 64254.38402816352 1082.2792513465888 5147412.318039798 3646.21000457672 4400.0
220000.0 230000.0 169.13795117207337 893.7147317116297 231.53587133977297 999.9989999999525 262.4670234374935 82302.37935793794 1445.3771916893954 6741023.744295605 4788.403310083445 5300.0
230000.0 240000.0 1762.5910527344095 823.7408947265591 312.31081435521986 999.8830000000307 179.15500000002794 81445.5555104588 1439.3359443339762 6934018.860918547 4906.8013298739215 5300.0
240000.0 250000.0 1492.3460136719514 850.7653986328048 244.28869061289353 999.844000000041 248.432027343777 85581.90278266929 1503.1125904747346 6873828.119798956 4865.78741991102 4400.0
250000.0 260000.0 3924.2049882810097 759.4743764648738 374.0994751259869 997.6800000000512 94.07799999997951 52189.75327635129 897.2088415545135 4201736.729888873 2978.1674154146995 4400.0
260000.0 270000.0 774.3559707030654 922.5644029296934 237.42236183043624 999.6139999999432 246.8920292968396 86650.73058409899 1541.4170464446056 7352910.975574286 5205.821109559356 4400.0
270000.0 280000.0 2215.2260078124236 864.9748880208418 315.44126480817073 999.3630000000121 52.92200000002049 71004.81888326441 1199.9463512200111 5958532.500822743 4221.67399993252 4700.0
280000.0 290000.0 3051.0236874999246 772.108479166675 373.1963157628187 999.3939999999711 24.533000000054017 57460.38898243187 955.5525993183286 4504910.297313487 3199.1422313407247 3800.0
290000.0 300000.0 1082.8273046874674 891.7172695312532 241.23545461863174 999.8610000000335 248.35069531248882 75908.79213430372 1357.5010494616604 6422299.201863769 4549.183768726755 4400.0
