ts te idle avg_span std_span max_span min_span c_bytes_all c_pkts_all s_bytes_all s_pkts_all video_rate
0.0 10000.0 6822.5049687499995 794.3737578125001 399.19733657188755 995.0550000000003 195.58203125 23240.641190455884 266.30552569498565 890901.7878935322 717.8941277688626 1900.0
10000.0 20000.0 694.1540312500074 930.5845968749993 153.1920022251479 999.7880000000005 530.0670000000027 48862.358809544116 639.6944743050144 1886770.2121064677 1522.1058722311373 565.0
20000.0 30000.0 4593.159 675.855125 357.0266696146453 999.9559999999983 62.10399999999936 35383.0 409.0 2372205.0 1898.0 1473.3333333333333
30000.0 40000.0 4233.909742187498 823.7271796875003 355.9618027947669 998.2289999999994 22.7392578125 40262.85556980725 659.1599889886508 3868531.5713892453 3075.0228555698072 3000.0
40000.0 50000.0 78.41423828125698 992.1585761718743 11.34376283591331 999.8479999999981 969.77001953125 51812.788354478296 909.7309290711379 5178538.8626460545 4114.801205336995 4400.0
50000.0 60000.0 111.00709765625652 898.9993547585221 289.31861455508425 999.9070000000065 29.985980468743946 64935.71361312701 1187.415669247878 6908149.182067259 5474.7466768100385 4400.0
60000.0 70000.0 220.60992773440375 889.0354611150542 277.93817613650674 999.9569999999949 87.6770781249943 54751.4534683872 963.9197117814671 5537418.534171197 4391.852389836829 4400.0
70000.0 80000.0 1415.483958984376 780.4105491832386 365.70306194052824 999.7339999999967 26.93603515625 55727.256147146145 956.3130665015019 5564629.159080817 4417.734334808871 4400.0
80000.0 90000.0 67.37807617186627 993.2621923828134 10.841639631620165 999.9330000000045 970.4579648437502 57338.611703109535 978.9457373392868 5678215.010040229 4502.279187060653 4400.0
90000.0 100000.0 207.94397460937034 890.1869113991481 293.6106365821561 999.9140000000043 24.06804101562011 62576.47436300124 1071.2089859757846 6303620.880596614 4996.171948502762 4400.0
100000.0 110000.0 882.8699999999808 911.7130000000019 249.97082172917675 999.8289999999979 201.13401562499348 59648.597079602034 1034.220205477783 5859505.512295345 4654.075188365615 4400.0
110000.0 120000.0 131.94701171881752 897.0957262073803 295.35512916036816 999.2259999999951 9.333015624986729 56705.97258778225 982.1858204225824 5697393.200010145 4518.938191708918 4400.0
120000.0 130000.0 2431.173685546906 699.4434568536897 317.3925957449897 998.7159999999858 70.44602734374348 61166.99238906104 988.9442810962588 5513571.112469064 4378.3388339096855 4400.0
130000.0 140000.0 702.8701093750424 929.7129890624958 186.45047287900672 999.9029999999912 400.43300195311895 59763.451039450294 1039.021881259652 5981852.1319604665 4743.335355235733 4400.0
140000.0 150000.0 148.53986328127212 895.587285156248 291.6665836235093 999.429999999993 19.616111328126863 64820.13178927673 1127.2100153802298 6568059.812031442 5201.287764445579 4400.0
150000.0 160000.0 56.13006445305655 903.988175958813 275.087751384393 998.7930000000051 79.5519746093778 73414.47691917347 1330.0328809234416 7570979.297373781 6003.514022831935 6200.0
160000.0 170000.0 80.3219707031094 901.7889117542628 269.04731653031143 999.7330000000075 103.41803906249697 61630.68766041833 1073.1958807070134 6068283.024228854 4814.323713450045 4700.0
170000.0 180000.0 921.0709550781175 907.8929044921882 262.7351620957931 999.445000000007 161.13000976562034 57935.38030170624 1008.4838569754677 5791317.917489222 4588.718410394476 4400.0
180000.0 190000.0 131.1220703125 897.1707208806819 294.0629046264411 999.8319999999949 13.960964843747206 62770.262280601884 1084.1076373012484 6241268.566063653 4944.571521766696 4400.0
190000.0 200000.0 260.70670117184636 885.3902998934685 272.73969106771267 999.0329999999958 77.98303515624139 71106.35534764495 1249.655469973053 7180623.701393969 5690.361749279315 5600.0
200000.0 210000.0 2811.0071718749823 798.7769809027798 370.3643474574164 996.1410000000033 68.67873632811825 54971.51832578353 880.8022299220256 4961151.19857832 3935.924306658163 5825.0
210000.0 220000.0 150.82217968752957 827.9177361653614 330.4435811289752 999.6849999999977 30.55690820311429 69618.98411187515 1145.2730395497883 6382356.0208997205 5063.184509733991 4400.0
220000.0 230000.0 98.28095703129657 900.1562766335185 216.36323656256954 999.3479999999981 387.8640742187563 72293.35096503443 1328.6292988382552 7559796.387755511 5993.907701598555 5900.0
230000.0 240000.0 57.161675781273516 903.8943931107933 209.3587924446089 999.8990000000049 443.3680312499928 74909.90344792393 1434.3712950669876 8259969.013757674 6540.105366572269 6500.0
240000.0 250000.0 720.920023437473 927.9079976562527 165.53238098275574 999.8389999999781 478.60570703126723 73290.8538225529 1332.442877079867 7567645.399095858 5997.70825306153 5975.0
250000.0 260000.0 140.9872128906427 830.4730546874974 326.69744370982613 999.984999999986 11.402730468777008 70803.54017408795 1209.7203683873036 6870140.989350882 5449.163212310494 5000.0
260000.0 270000.0 836.8796699218219 916.3120330078178 239.32355083805402 998.8890000000247 236.10107421875 65492.388417232585 1178.2283108457132 6805062.24651102 5393.91880819622 4400.0
270000.0 280000.0 101.04437304683961 899.9050569957418 286.8938013278511 999.6630000000005 38.385744140599854 73924.23235079291 1357.2826789762664 7634456.02347324 6052.366737558328 6200.0
280000.0 290000.0 83.41385351563804 901.5078314985784 271.77428743076837 999.8489999999874 88.7221171875135 75101.81259902108 1413.717406201491 8100491.78989638 6412.5404269417795 6500.0
