ts te idle avg_span std_span max_span min_span c_bytes_all c_pkts_all s_bytes_all s_pkts_all videorate
0.0 10000.0 7258.555054687502 685.3612363281245 395.7440499519929 997.3760000000002 170.6689453125 26469.982744679848 400.4154187855667 1398234.239700252 1173.5240080333351 1424.0
10000.0 20000.0 929.1490292968738 907.0850970703126 198.15369635136648 999.7989999999991 367.5509999999995 48510.092699331944 1095.9760574492007 3780530.0485615525 3139.967141746748 1501.6666666666667
20000.0 30000.0 994.7169218749987 818.6620980113638 323.39078853737794 999.9760000000024 97.54408398437226 42349.39998593954 1036.5522824729399 3802366.0670946673 3111.2597816397633 2416.6666666666665
30000.0 40000.0 2670.8386992187516 814.3512556423609 343.7252639737802 999.8210000000036 166.96100000000297 30764.232861494336 775.4982340838166 4061934.8435791936 3329.497875055643 3000.0
40000.0 50000.0 216.88233593749464 889.3743330965914 275.8252741790485 999.9370000000054 74.07870507812186 41958.34661051097 1062.5938023346098 5256035.98851989 4311.813227245264 3700.0
50000.0 60000.0 1974.9100195312785 891.6766644965246 269.3301796082081 999.0479999999952 181.5070410156186 50991.5978032079 1229.2159655664454 5671471.609781198 4633.952520794309 4400.0
60000.0 70000.0 2079.743988281247 880.0284457465282 285.66564036785246 999.398000000001 123.85906054687803 51329.7805573207 1202.4352501753308 5469518.541274158 4472.3465003664 3700.0
70000.0 80000.0 198.20790039061103 891.072009055399 265.5279733485819 999.2690000000002 107.50204882812977 31004.680502183797 748.3355859242123 3850627.9144054633 3167.469101725095 3000.0
80000.0 90000.0 1072.2877480469033 892.7712251953096 252.647493229456 997.2179999999935 180.53694921874558 32989.06721770281 800.4562973736728 4092969.924253225 3345.409550314486 3000.0
90000.0 100000.0 1069.7522109375132 893.0247789062487 289.7385017437038 999.6649999999936 74.27069726563059 31674.630584358318 761.3654450795021 3822716.312966794 3129.947473168869 3000.0
100000.0 110000.0 1133.170007812514 886.6829992187486 274.70093728441407 999.8589999999967 112.24090820312267 31493.70228299155 742.9054915949971 3772319.642993452 3094.9449399125433 3000.0
110000.0 120000.0 133.61508984371903 896.9440827414801 275.63237768986505 999.3099999999977 72.09191601563361 44727.3995073 1052.753924493538 4907053.291746133 4032.241028562592 3000.0
120000.0 130000.0 3367.984029296931 736.8906634114521 379.5916615205133 996.9519999999902 93.45999999999185 30735.734182044733 739.1051478317357 3766997.7501872494 3084.468399540938 3000.0
130000.0 140000.0 201.78607421874767 890.7467205255684 276.8590566665846 999.8299999999872 73.56003515626071 31865.641228114237 766.0985950889356 3810036.949301113 3131.921616030544 3000.0
140000.0 150000.0 1013.672011718736 898.6327988281264 252.5598212150675 999.9539999999979 187.5711093750142 35563.634192264304 844.4157927305773 4052940.3634951534 3347.226159040783 3000.0
150000.0 160000.0 1176.5939179687703 882.340608203123 282.522564187767 999.9919999999984 96.47412109375 35768.24555078032 831.5874891477331 4131210.712047491 3384.5837264305956 3000.0
160000.0 170000.0 1054.90404492183 894.509595507817 257.4634188252005 999.9530000000086 173.56503906249418 40446.25719681929 966.7200801669632 4754779.662109935 3898.45853528142 3000.0
170000.0 180000.0 1137.382818359416 886.2617181640584 261.4447703468056 998.935999999987 149.4420839843806 34028.252263274895 805.1532107264178 3894065.4705174495 3201.413040796291 3000.0
180000.0 190000.0 193.09620703125256 891.5367084517043 268.0590069504344 999.7010000000009 97.06690234373673 34816.68918717808 821.8358371537255 3913769.8014116297 3215.1569688503955 3000.0
190000.0 200000.0 1043.6817890624807 895.6318210937519 258.6532307741418 999.5109999999986 167.1631093749893 31952.792145333377 764.7197418842659 3950204.046661844 3248.4717279241854 3000.0
200000.0 210000.0 1142.0030195312575 885.7996980468743 274.70429487641655 998.4910000000091 109.78289843749371 40624.78958536811 950.2958097771325 4491119.787573699 3711.730927663613 3000.0
210000.0 220000.0 1244.6641093750077 875.5335890624992 278.74395270864454 998.4629999999888 103.05291796874371 34978.66691595499 814.3710595669554 3945478.8906194717 3244.0347557123328 3000.0
220000.0 230000.0 219.62308007807587 889.1251745383568 277.8912936177928 999.9310000000114 68.78202734375373 36216.2678155424 857.8746087549818 4144835.4834813704 3406.0984940755025 3000.0
230000.0 240000.0 1000.309921875014 899.9690078124986 253.18561504758895 999.9659999999858 188.01210742187686 34495.65208623309 820.9692410058478 4001190.8384135347 3286.7661179353595 3000.0
240000.0 250000.0 1022.219722656213 897.7780277343787 278.1555850576803 999.6539999999804 110.5750292968878 39941.11813736189 931.2942098062841 4296334.794554783 3539.0664804376406 3000.0
250000.0 260000.0 1123.7443261719309 887.6255673828069 283.1065574267523 999.9419999999809 96.42775195313152 37324.318353801296 888.7079149595532 4609274.946461803 3764.592077313077 3000.0
260000.0 270000.0 957.690958984429 904.2309041015571 258.49133260602775 999.2179999999935 174.4670781249879 31307.945933189923 732.7146054359094 3618927.04796389 2985.3426995965383 3000.0
270000.0 280000.0 1034.2229746093508 896.577702539065 278.86866517793226 999.4839999999967 105.72203710937174 37898.909928118315 889.007414366641 4235589.839517615 3488.411428546651 3000.0
280000.0 290000.0 1142.7856972655864 885.7214302734413 290.6076282643013 999.3410000000149 71.58201171876863 32314.286159039566 764.4975381656661 3810516.5873837904 3129.2093381055906 3000.0
