ts te idle avg_span std_span max_span min_span c_bytes_all c_pkts_all s_bytes_all s_pkts_all video_rate
0.0 10000.0 7363.817943359376 659.045514160156 371.22635631242116 998.6900000000023 132.7270000000135 41037.15433207677 558.5974987748216 2418469.7426269865 1687.9235730415592 2533.3333333333335
10000.0 20000.0 1080.2780527343275 891.9721947265673 248.78344405478742 999.9780000000028 204.0829433593899 84290.54095567494 1417.9386733617687 6878959.332208118 4765.353279919147 3350.0
20000.0 30000.0 34.65302148438059 905.9406344105108 249.2478222676059 999.8510000000242 173.29999609373044 95785.07063147823 1787.5924967369162 8328852.31811898 5758.084949344138 6500.0
30000.0 40000.0 75.28888867190108 902.2464646661908 245.94209861775664 999.3829999999725 185.7060175781371 85559.3263601606 1616.2544842017123 8057696.6829818655 5569.282968066955 6500.0
40000.0 50000.0 150.43608789064456 895.4149011008504 239.5029896732967 999.6990000000224 214.83690624998417 92257.92701075898 1708.4277760208408 8602513.642423244 5934.977119437656 6500.0
50000.0 60000.0 44.4350624998915 905.0513579545553 229.0007272574757 999.7370000000228 265.4039941406227 92368.98052693941 1722.2493007501796 8761773.39306984 6042.23355883313 6500.0
60000.0 70000.0 53.67791601555655 904.2110985440403 223.66216734238557 999.4010000000126 289.14805664063897 93265.51897893216 1719.2996521543585 8513783.864766616 5869.9324497496555 6500.0
70000.0 80000.0 135.74905664054677 896.7500857599503 224.51808491850375 999.954000000027 308.56197265622905 102228.34888063662 1855.7907593092493 8592177.6244429 5937.120672107641 6500.0
80000.0 90000.0 35.739962890627794 905.8418215553975 212.63472880873312 999.9729999999981 371.2480292968685 96885.22463767114 1782.426916216094 8713252.698460089 6011.172110317689 6500.0
90000.0 100000.0 33.611080078058876 906.0353563565401 209.1697931278382 999.7060000000056 392.46599218749907 95422.29835795892 1754.26553173923 8617313.196590446 5944.6738527041625 6500.0
100000.0 110000.0 37.58499414054677 905.6740914417685 209.66691841733729 999.4650000000256 406.6180722656427 95393.85252846571 1756.4647200419977 8550593.18998358 5902.381613635749 6500.0
110000.0 120000.0 106.9290058594197 899.3700903764164 212.52820387359088 999.6680000000051 425.42206640623044 103191.11055224654 1885.9246233271356 8901888.126808539 6142.2442848497985 6500.0
120000.0 130000.0 51.069988281233236 904.4481828835243 207.9795557097138 999.939000000013 478.01807226560777 97299.34336185077 1679.1163244954375 7745280.109088915 5348.5967681684315 4925.0
130000.0 140000.0 66.87495312502142 903.0113678977253 210.77337052137383 999.7550000000047 455.010986328125 92578.35940693264 1692.8785206777425 8162750.331959467 5635.635116920849 6200.0
140000.0 150000.0 147.89007812493946 895.6463565340964 220.51183820808077 999.7800000000279 370.680908203125 88949.15229004862 1646.952475971802 8109259.12651851 5596.416461399735 6500.0
150000.0 160000.0 113.44580468750792 898.7776541193175 230.3762187522801 999.9890000000014 290.006103515625 96101.87785948494 1767.918476171247 8501047.78412373 5870.406713527382 6500.0
160000.0 170000.0 30.645171875075903 906.3049843749931 226.5502207225733 999.9510000000009 275.679931640625 102712.09732239817 1874.7549025519916 8748240.316987567 6039.357539077831 6500.0
170000.0 180000.0 63.12494726566365 903.3522775213033 237.5830111452592 999.9789999999921 233.083984375 90752.79975070694 1678.8344937730278 8409700.145510936 5799.866196630333 6500.0
180000.0 190000.0 48.711888671910856 904.6625555752809 239.88517700437774 999.1599999999744 213.048095703125 101051.25850821126 1834.7131407919208 8756228.511176227 6042.810144978411 5712.5
190000.0 200000.0 307.96712695312453 881.093897549716 293.2663872501434 999.8240000000224 19.91796875 73972.18309885147 1299.3318959182175 6217354.636794272 4302.083986473084 4400.0
200000.0 210000.0 271.2550722656306 972.8744927734369 59.85169905812651 999.3919999999925 806.868896484375 75079.76304011949 1319.1874462827009 6237495.930732423 4325.644572418136 5000.0
210000.0 220000.0 94.67559765616897 900.4840365767119 243.9862013178733 999.283000000054 190.52110351563897 97271.29374038067 1780.7234078094382 8524419.169440726 5889.738621300714 6500.0
220000.0 230000.0 104.9242167971097 899.5523439275355 243.54598666983932 999.3689999999478 217.85870117181912 100405.772354413 1844.5580693105635 8716719.587983964 6016.6794683085145 6500.0
230000.0 240000.0 29.247091796831228 906.4320825639244 221.73248853529492 999.9980000000214 301.5549179686932 95871.90532786828 1770.853174749539 8768332.955011964 6048.061952487578 6500.0
240000.0 250000.0 48.81705273443367 904.6529952059606 218.742593476051 999.9159999999683 315.89100976567715 101088.51016926763 1826.2718985417257 8316983.200133227 5747.434710835556 6500.0
250000.0 260000.0 42.32184960937593 905.2434682173295 216.4553574004096 999.9729999999981 331.61606250004843 93122.31300020784 1721.0150706247491 8428359.966967907 5819.217608104619 6500.0
260000.0 270000.0 34.82981835922692 905.924561967343 215.7124660203585 999.9250000000466 345.79091210942715 98074.38253128796 1813.4485637051318 8636283.4954002 5962.869487190221 6500.0
270000.0 280000.0 45.19234375003725 904.9825142045421 214.02772802042318 999.9459999999963 366.5857304687379 95351.73796960073 1756.3746223031633 8410567.40187144 5804.601691876331 6500.0
280000.0 290000.0 38.99880468728952 905.5455632102464 211.95020505752896 999.984999999986 390.5440742187202 95421.16534108199 1778.2857986612541 8628753.436954252 5952.41260379168 6500.0
290000.0 300000.0 146.93485156272072 895.7331953124799 227.1113942227117 999.8819999999832 418.39487890619785 94044.49641219852 1754.6443524720198 8545892.361677198 5899.972653947253 6500.0
