ts te idle avg_span std_span max_span min_span c_bytes_all c_pkts_all s_bytes_all s_pkts_all video_rate
0.0 10000.0 0.0 0.0 0.0 0.0 0.0 0.0 0.0 0.0 0.0 0.0
10000.0 20000.0 3839.5449003906106 770.0568874511737 410.3011806014916 999.7970000000205 102.027099609375 83471.33665864794 1335.2665567932142 5588795.2101482935 3905.2461661602374 3000.0
20000.0 30000.0 815.0382128906203 918.496178710938 176.8940777733978 999.9949999999953 430.60888671875 105561.37319863033 1909.2785407518272 7910919.883336836 5472.057153857219 4400.0
30000.0 40000.0 455.73695703130215 867.660276633518 282.6328602458994 999.8859999999986 112.7529296875 92697.70073889765 1749.9861397433874 7842885.299403764 5421.096383226427 6500.0
40000.0 50000.0 30.469931640604045 906.3209153053996 270.640025663126 999.8530000000028 96.697998046875 94928.82589630378 1757.5291423885815 8762860.537950246 6050.876640122397 6500.0
50000.0 60000.0 27.01492382818833 906.6350069247102 275.0203662226833 999.8829999999725 81.97607421875 96913.67549994151 1809.682269558732 8855593.738474023 6110.05125257942 6500.0
60000.0 70000.0 174.34905273438198 982.5650947265618 30.689769449304936 999.8879999999772 917.8179257812444 97954.3530812275 1820.7931790922182 8705654.798548015 6003.079751066127 6500.0
70000.0 80000.0 27.034091796842404 906.6332643821053 279.65198972889675 999.954000000027 66.59997851564549 99191.57169599397 1817.7554526421095 8735327.748514725 6025.2985675905675 6500.0
80000.0 90000.0 44.934835937514435 905.0059240056805 275.6197050457292 999.6240000000107 79.31307031249162 94359.6233261763 1693.30627880249 7986959.967758896 5517.974975763217 6500.0
90000.0 100000.0 147.74921484384686 895.659162286923 269.6487374257349 999.7289999999921 101.82090624998091 107509.9050499063 1975.0035481391415 8706034.950025765 6006.413554648547 6500.0
100000.0 110000.0 34.42393359373091 905.9614605823881 243.6127353172875 999.7779999999912 196.01512109377654 101009.77588934157 1860.2110131861964 8604868.290572524 5937.197169815788 6500.0
110000.0 120000.0 31.75482421880588 906.2041068891995 240.5558278106642 999.5109999999986 209.43605468748137 95757.86578874798 1779.5354836102024 8596685.776690383 5930.201636839107 6500.0
120000.0 130000.0 3053.606126953091 771.8215414496566 373.27854791886506 999.6020000000135 42.93900000001304 63652.95702006634 1103.6673171910452 5212115.443502232 3613.297783553595 6500.0
130000.0 140000.0 27.87972851563245 906.5563883167607 232.66686848920816 999.9490000000224 248.70700585935265 101760.64237777836 1721.8979311910307 7948531.984654865 5510.882263386555 3929.3333333333335
140000.0 150000.0 792.4223847657559 837.0525104758403 323.9394823920317 999.9699999999721 117.827880859375 90647.90772134616 1655.098792921826 8071629.281700565 5570.617916048353 5942.857142857143
150000.0 160000.0 83.83396093751071 901.4696399147717 281.4169017532437 999.8379999999888 59.617919921875 103562.19494986619 1865.3898794334425 8129380.347385145 5627.07713575526 5975.0
160000.0 170000.0 37.545847656263504 905.677650213067 287.77644793491464 1000.0 39.674072265625 100060.39876808126 1829.3305514422852 8415940.272283515 5822.113437595921 6500.0
170000.0 180000.0 279.96610351558775 972.0033896484413 35.58576744847701 999.9980000000214 903.91796875 110915.98540450072 1987.7543105399106 8466084.233232796 5863.9329392145455 6500.0
180000.0 190000.0 24.224648437462747 906.888668323867 271.2617798430455 999.9230000000098 94.37103124998976 110566.68879750506 2004.601603894606 8665784.760668784 5989.837046583078 6500.0
190000.0 200000.0 26.350365234422497 906.6954213423252 268.5182524633631 999.5569999999716 104.59467968752142 105775.44853650262 1875.1131122750219 8496034.013342429 5870.7455174213865 6500.0
200000.0 210000.0 103.33265820308588 899.6970310724467 281.83387616898045 999.9899999999907 61.66404492186848 108674.83894263551 1992.3361299784517 8829016.247812975 6096.335375740147 6500.0
210000.0 220000.0 48.04337304679211 904.7233297230189 256.5359698703011 999.9930000000168 147.74670312495437 112154.87247740454 2050.8118155107345 8817486.820872322 6089.947925754906 6500.0
220000.0 230000.0 529.9300410156138 860.9154508167624 280.2842377067826 999.5679999999702 175.89707617182285 94818.32994392031 1726.8290299259208 7947076.960247336 5495.967156187522 6500.0
230000.0 240000.0 27.548867187462747 906.5864666193215 205.15951926043607 999.5509999999776 441.166015625 100716.42076768572 1786.738991786181 8074557.354948771 5581.613700212338 6500.0
240000.0 250000.0 1590.7549023438478 840.9245097656152 291.0602150895077 999.8360000000102 124.51611328125 79706.32976190578 1365.371659438456 6116325.59048562 4244.1576133579565 3855.5555555555557
250000.0 260000.0 246.82614257803652 975.3173857421964 42.73638454331831 999.9399999999441 875.1508867187658 85176.06896341246 1431.18845923048 5420359.197849483 3776.3506284177784 4400.0
260000.0 270000.0 649.2460644530365 850.0685395951785 322.5890086338713 999.9939999999478 34.52702929684892 84505.73931775687 1482.5051720463005 6356704.6222526 4399.328885315727 4400.0
270000.0 280000.0 2364.518945312593 848.3867838541563 301.57091902394575 998.7469999999739 124.2099609375 70636.71673030675 1260.0198753079171 5670889.813874272 3929.6177818969563 4400.0
280000.0 290000.0 44.59406640625093 905.0369030539772 270.22595707221615 999.9409999999916 97.94189453125 107622.30965666028 1903.0081099528213 8530164.827873198 5891.656861169911 6500.0
290000.0 300000.0 26.117976562469266 906.71654758523 275.43731526577244 999.9899999999907 80.94091796875 113807.5426935008 2070.6166745002893 8765897.839660633 6062.561903155878 6500.0
