ts te idle avg_span std_span max_span min_span c_bytes_all c_pkts_all s_bytes_all s_pkts_all video_rate
0.0 10000.0 0.0 0.0 0.0 0.0 0.0 0.0 0.0 0.0 0.0 0.0
10000.0 20000.0 2479.6249433593475 940.0468820800816 143.6528726985345 999.9099999999744 587.2689999999711 103158.18052162118 1566.7799913791753 6862308.026899479 4751.404333646344 3000.0
20000.0 30000.0 42.98909765627468 905.182809303975 284.4809828758357 999.9529999999795 49.66494335938478 93031.2083811427 1784.6186474799551 8246513.370447359 5697.878997859743 6500.0
30000.0 40000.0 157.4219531249255 894.7798224431886 276.9101072640197 998.3859999999986 70.18804101564456 93203.33822019563 1763.4296217599885 8486709.632675003 5855.170728066966 6500.0
40000.0 50000.0 166.87275390623836 893.9206587357966 257.7299043366707 999.9440000000177 138.68799414060777 102264.59064722064 1868.4802073490123 8635471.658646164 5952.912952442124 6500.0
50000.0 60000.0 36.95230273436755 905.7316088423303 247.36901344878504 999.86599999998 181.1307480468531 97671.92186073081 1752.492768629532 8553704.021552863 5902.841553757194 6500.0
60000.0 70000.0 37.68465039069997 905.6650317826636 244.1205292610653 999.460000000021 194.54805078124627 93051.69086313593 1715.3766378313323 8527553.191198094 5886.988514581006 6500.0
70000.0 80000.0 27.43938085937407 906.596419921875 240.51463036034303 999.9820000000182 209.34270117187407 109094.90965451457 1974.5451738957001 8805233.26748193 6079.768300679392 6500.0
80000.0 90000.0 134.6668632812216 896.8484669744344 238.45118907983726 999.7530000000261 221.87308203126304 94787.25666589201 1708.620875055324 7866408.179794374 5436.091565165631 6500.0
90000.0 100000.0 744.5869394531474 841.4011873224412 273.18568643302956 999.7069999999949 273.46994531247765 88271.55699475821 1430.8114370908638 6508923.7540392345 4502.447028012029 4011.1111111111113
100000.0 110000.0 663.8400859374669 933.6159914062533 125.77829225676288 999.7150000000256 598.0238847656292 91230.24419713161 1486.0063810643057 6287007.349530641 4349.933777919051 4400.0
110000.0 120000.0 2426.813029296871 757.318697070313 338.18202339085144 999.804999999993 58.56697070313385 71802.1019936567 1270.8382584648105 6224445.5477348585 4307.562247870521 4400.0
120000.0 130000.0 3919.7771113281487 760.0278610839814 339.79778210104286 999.5659999999916 233.43800000002375 67748.36118495883 1072.5213980650615 4795179.664328633 3323.65347143548 3466.6666666666665
130000.0 140000.0 576.7337675780873 856.6605665838102 283.05772673492015 999.9400000000023 169.72412109375 85279.14563045271 1475.4671663897766 5944457.447080375 4129.7265216399965 4400.0
140000.0 150000.0 45.54501757817343 904.9504529474387 253.88945044382783 999.9400000000023 154.881103515625 80184.72971729768 1376.552885676361 5889791.482051287 4077.071517572109 4400.0
150000.0 160000.0 2264.3801367186825 859.5133181423686 197.95343572301454 999.8670000000275 438.240966796875 85496.2110232139 1385.6972842409002 5940049.392626431 4124.900284638423 4400.0
160000.0 170000.0 836.4939414062537 916.3506058593746 204.88203611094707 999.8190000000177 343.01403320312966 101444.76015058637 1805.5655630869576 7933593.221826415 5487.821435605907 6200.0
170000.0 180000.0 36.8530410156236 905.7406326349433 263.6615062559862 999.8680000000168 121.03797460935311 105569.93495454777 1924.9418855881345 8684069.091783645 6004.059757879975 6500.0
180000.0 190000.0 29.996892578084953 906.3639188565377 257.82367787177674 999.8740000000107 142.02501562499674 106193.35634811432 1860.1386149467498 8461876.321961425 5841.56496002853 6500.0
190000.0 200000.0 24.448162109358236 906.8683488991493 254.01816422627326 999.8460000000196 156.37690820312127 109765.79833084701 1981.4861671036606 8688938.718188982 6004.292505639794 6500.0
200000.0 210000.0 37.737992187263444 905.6601825284306 252.07836305215963 999.9300000000512 166.72107031254563 105592.71748078543 1908.8545377673213 8649308.170253288 5979.997960445876 6500.0
210000.0 220000.0 37.026935546891764 905.7248240411917 244.99090886181722 1000.0 195.69406250002794 104898.35425109968 1897.7491067643732 8616741.807231024 5954.3301081590935 6500.0
220000.0 230000.0 29.03988281241618 906.4509197443258 237.41161638480347 999.908000000054 224.38299804693088 109001.40624227005 1959.5587418668676 8783445.378688138 6062.174394424218 6500.0
230000.0 240000.0 659.6078476561233 849.1265593039888 252.8014021147286 998.4000000000233 240.68888085940853 52290.66090113739 918.8569517888733 3874748.2307761493 2721.920552332355 6500.0
240000.0 250000.0 2499.0203164062696 833.4421870659701 235.3924047638546 999.6360000000568 373.7179999999935 81557.05025433074 1297.9456777026833 5643201.825915192 3921.013219393136 3197.0
250000.0 260000.0 38.50667968741618 905.5903018465985 252.94466172113187 999.5840000000317 160.23504492186476 110030.30550237438 1894.2181937042624 8838303.092637617 6102.608879227009 5600.0
260000.0 270000.0 417.46732031251304 871.1393345170443 282.8608642933388 999.4549999999581 180.4867246093927 110494.70564205287 1916.3139816980067 8693836.160495467 5996.508962802674 6066.666666666667
270000.0 280000.0 78.64567187498324 901.9413025568197 215.1742214947882 999.7229999999981 390.915283203125 97347.70833921152 1665.324903967722 7436079.969599758 5163.586276695482 6500.0
280000.0 290000.0 110.1863613280002 899.073967152 220.29540178930108 999.9810000000289 335.294921875 106579.60407500067 1939.6168349152306 8893039.16411625 6145.883613264568 6500.0
290000.0 300000.0 31.8738437499851 906.1932869318196 218.79563068755436 999.9549999999581 319.955078125 102541.96853388334 1876.6374699076748 8523271.182950808 5880.140230687128 6500.0
