ts te idle avg_span std_span max_span min_span c_bytes_all c_pkts_all s_bytes_all s_pkts_all videorate
0.0 10000.0 0.0 0.0 0.0 0.0 0.0 0.0 0.0 0.0 0.0 0.0
10000.0 20000.0 3381.4970253906213 827.3128718261723 322.8449017438588 999.8319999999949 198.948974609375 84358.67213439642 1373.8339971370083 5574662.557461407 3877.9236103885314 3000.0
20000.0 30000.0 188.31302148441318 891.9715435014169 277.80041657164907 999.5719999999856 73.376953125 105978.4935575459 1827.8356549700602 7499442.33127353 5209.464809035258 4400.0
30000.0 40000.0 29.87601171876304 906.374908025567 281.9024606876347 999.8859999999986 59.18994140625 105008.39490777827 1915.061212400361 8515645.101219798 5884.652232003112 6500.0
40000.0 50000.0 103.46486328123137 989.6535136718769 20.065641362993656 999.9789999999921 938.3730585937737 93025.66842204699 1720.4756775206279 8569559.662777755 5916.252000218284 6500.0
50000.0 60000.0 33.29117382806726 906.064438742903 299.1201466126714 999.4510000000009 4.353921875008382 97883.48425848273 1751.4413125856092 8195506.1246908 5657.281473565669 6500.0
60000.0 70000.0 257.46391601569485 885.6850985440277 294.57467133890793 999.6120000000228 7.287095703126397 91634.15940759712 1600.8917827816122 7807865.283975296 5404.96384136569 4866.666666666667
70000.0 80000.0 139.99603320320603 896.3639969815267 257.2634339716551 999.6269999999786 138.77101171872346 79767.63232322501 1409.723584925004 6289909.7090988355 4368.57153513711 4400.0
80000.0 90000.0 2603.748708984349 739.6251291015651 299.5485886063617 999.9789999999921 164.81304492190247 72465.9358688411 1277.9599691891847 5672261.261535695 3930.653483090856 4400.0
90000.0 100000.0 746.9051601562533 841.1904399857951 313.23499454665057 999.4330000000191 58.0380859375 90872.72347203313 1619.447012182218 7982427.9319483 5515.992302027282 5900.0
100000.0 110000.0 67.16218945308356 902.9852555042652 295.4381118478229 999.8150000000023 14.118896484375 103945.4263863166 1855.0224574826716 8582161.851934277 5928.03316323167 6500.0
110000.0 120000.0 1301.9508144531283 869.8049185546872 273.8816980393252 999.9870000000228 246.80908203125 97371.58676175217 1680.9490666924044 7414214.543899105 5126.814245147886 6500.0
120000.0 130000.0 1513.2700683593284 942.9699924045191 96.11589941996712 999.75900000002 753.0319179687649 79137.18706191937 1385.1881759781775 6522193.709164206 4515.50278752936 6500.0
130000.0 140000.0 37.096111328108236 905.7185353338083 243.46731671220815 999.5650000000023 199.3979863281129 103630.58530410462 1851.0147629610867 8987935.582662236 6195.679680768561 6500.0
140000.0 150000.0 36.37399414071115 905.7841823508444 238.76389762925768 999.8709999999846 217.01709765626583 101692.54590364386 1826.7299172606397 8873930.760437327 6117.592881462253 5450.0
150000.0 160000.0 539.4325898436946 860.0515827414823 305.1900326293169 999.6170000000275 230.72409179690294 92341.92453960357 1649.0207487311322 7909609.469319363 5462.173178160795 5187.5
160000.0 170000.0 118.1282382812351 898.3519783380696 240.1680349156599 999.8150000000023 224.632080078125 87701.08504313116 1612.4777178559855 8136093.218885263 5615.253413022881 6500.0
170000.0 180000.0 60.89996484370204 903.5545486505725 248.4086804367172 999.9799999999814 184.443115234375 100783.29336943295 1851.611572476311 8662284.491977261 5981.619393928819 6500.0
180000.0 190000.0 21.886156250024214 907.1012585227251 248.61233102457317 999.7930000000051 176.782958984375 112548.57613275503 2033.4931111275503 8989695.917240534 6200.190645880846 6500.0
190000.0 200000.0 39.388712890504394 905.5101170099541 256.0800366227805 999.9030000000494 150.17724609375 110039.64974740979 2000.4495619616755 8799454.79445468 6071.773274417825 6500.0
200000.0 210000.0 43.93014062510338 905.0972599431724 260.77279315040596 999.9420000000391 130.80810546875 109894.3641688552 2006.71080324437 8940698.744770883 6166.605690195546 6500.0
210000.0 220000.0 39.16920117207337 905.5300726207206 265.4005565074805 999.7739999999758 114.076904296875 103189.31780193589 1893.8921361279317 8807119.130988374 6080.915221909517 6500.0
220000.0 230000.0 209.6399023438571 890.0327361505584 286.85162741861745 999.9620000000577 36.302001953125 104034.95894842857 1906.873449535921 8547119.26110836 5917.421029224726 6500.0
230000.0 240000.0 26.32308984361589 906.6979009233077 292.1986339390354 999.8610000000335 26.284912109375 103301.2750915827 1850.9024944346108 8186046.978067243 5662.530589617085 6500.0
240000.0 250000.0 128.74895507795736 987.1251044922043 20.06253545557963 999.7780000000494 938.98095703125 120385.73536686815 2132.0203873543155 8672851.6393535 5989.994930684229 5975.0
250000.0 260000.0 1018.2849667968694 816.5195484730119 339.1695676011286 999.85699999996 60.29804296873044 104155.79308832694 1798.8793355899218 7728973.828888602 5339.817773564009 6500.0
260000.0 270000.0 67.54473632818554 902.9504785156195 240.91946272437025 999.6899999999441 215.63525390625 115940.56815354414 1994.249199090898 8231313.194899898 5691.481159961648 5333.333333333333
270000.0 280000.0 69.46621484379284 902.7757986505643 244.51312432094767 999.6940000000177 191.0400390625 111284.17182079305 2010.5318996651386 8361282.665729516 5796.906658247835 6500.0
280000.0 290000.0 78.34592773439363 901.968552024146 260.0519391544582 999.9440000000177 136.839111328125 113701.63529696748 2068.6134676545375 8612037.452766882 5948.96117288553 6500.0
290000.0 300000.0 46.26322265632916 904.8851615766973 267.09338932487293 999.4329999999609 109.160888671875 105234.735309588 1908.2574767306635 8730440.420545284 6027.3385691200365 6500.0
