ts te idle avg_span std_span max_span min_span c_bytes_all c_pkts_all s_bytes_all s_pkts_all videorate
0.0 10000.0 9056.805908203125 943.194091796875  943.194091796875 943.194091796875 16293.400272018058 164.01479384726662 532282.0455907345 374.48464491138907 3000.0
10000.0 20000.0 65.0867714844062 903.173929865054 283.6128827159964 999.9729999999981 51.67090820311569 91204.71597937013 1496.1700610736318 4535432.341745468 3153.602915806732 1625.0
20000.0 30000.0 2193.8494218749693 780.6150578125031 298.5486040496638 999.4780000000028 87.59967968752608 64838.369943492275 1120.7800661858175 4240122.257026575 2948.036363573929 2437.5
30000.0 40000.0 196.22398632817203 891.2523648792571 232.5040834915326 999.2089999999735 286.59610156249255 71626.39208128204 1251.5932389579878 5568452.528027359 3870.638406256855 4000.0
40000.0 50000.0 1792.3518300781725 820.7648169921828 308.32121789766467 999.9729999999981 159.9639999999781 72731.03846286079 1339.1394406282777 6161768.017364228 4261.623484955771 4400.0
50000.0 60000.0 2643.655082031153 817.3716575520941 337.8470147973658 998.7710000000079 111.3849179687677 67182.08326097671 1191.3023993070183 5662108.810245635 3919.6141844953236 4400.0
60000.0 70000.0 2842.9439999999013 894.6320000000123 212.89116487605767 999.4230000000098 380.6020000000135 68351.0 1201.0 5694086.0 3939.0 4400.0
70000.0 80000.0 768.5630624999176 923.1436937500082 144.23687531465552 999.820000000007 649.5859375 77789.03819446173 1369.9218765818227 6562009.605073945 4545.623291566467 4400.0
80000.0 90000.0 115.4349335936713 898.5968242187572 221.12888318585212 999.3310000000056 348.0750625000219 91927.85244277639 1655.261876277038 7709587.326915206 5340.966199153429 6200.0
90000.0 100000.0 56.15500585938571 903.9859085582376 210.1027161355671 999.9349999999977 418.5779960937216 94680.02722863016 1754.6145478142757 8559904.903740538 5914.014390636638 6500.0
100000.0 110000.0 60.64899023441831 903.5773645241438 207.86331946623187 999.2629999999772 439.8690019531059 83899.18556886286 1557.2244139658503 7589615.792762726 5242.73937284422 6500.0
110000.0 120000.0 22.203960937447846 907.0723671875047 204.60463235334933 999.9660000000149 468.51299218751956 96723.39833347197 1789.314290251048 8707781.055823574 6006.5092739935935 6500.0
120000.0 130000.0 697.4230468749884 930.2576953125011 161.70242357659143 999.3670000000275 479.1349531249725 94912.49823179691 1711.662995109965 7989531.315684011 5521.147471805652 5450.0
130000.0 140000.0 1311.1047109374776 965.4328098958358 99.32783939461285 999.9079999999958 700.5712890625 92199.66911388267 1618.3415267754808 7054938.155894415 4882.10616797136 4700.0
140000.0 150000.0 1967.9071835937793 803.2092816406221 342.4262676701333 999.9810000000289 72.50799999997253 68008.01044958654 1194.2225952311724 5345995.352678039 3705.8817855909356 4400.0
150000.0 160000.0 648.2741621093592 850.1568943536946 258.37206868002846 999.9780000000028 298.84489453124115 83046.61748042882 1464.10953552139 6491463.156047638 4494.727570847169 4400.0
160000.0 170000.0 662.1650097656529 933.7834990234347 151.44511354047734 999.6410000000033 512.8230566406273 76877.14463354774 1355.220595974945 5916660.658396236 4108.409942646197 4400.0
170000.0 180000.0 489.2499492187053 864.6136409801177 283.3817039814024 999.6500000000233 77.63006640627282 80891.1453664606 1445.494743310471 6035719.848057711 4198.348153378336 4400.0
180000.0 190000.0 53.94003710936522 904.1872693536941 214.7453546072422 999.929999999993 361.1400156249874 85723.43121949876 1528.7753317608663 7180887.333617074 4966.882455627672 5900.0
190000.0 200000.0 31.99797460931586 906.182002308244 209.16618506063418 999.6369999999879 392.0070527343778 104884.27248242668 1939.9954815965839 8659352.642331101 5975.393330722418 6500.0
200000.0 210000.0 66.12198828125838 903.0798192471583 211.2573611851187 999.8760000000475 405.2060273437528 97062.90138314584 1776.683183962083 7978774.780504314 5516.634949881509 6500.0
210000.0 220000.0 111.63292773428839 898.9424611150647 217.08598661117912 999.4290000000037 430.1880156249972 95574.55467558838 1782.0199619142754 8630714.348785622 5952.684015450205 6500.0
220000.0 230000.0 151.98317382810637 895.2742569247176 208.50839929367513 1000.0 449.0048828125 97926.16041951816 1820.5533402243802 8640647.378328925 5961.163483697606 6500.0
230000.0 240000.0 65.82561718742363 903.1067620738705 211.8318676649394 999.8839999999618 410.447265625 103037.75627456566 1912.681609072407 8829218.499480404 6090.546793603517 6500.0
240000.0 250000.0 1061.695980468532 893.8304019531467 150.87011178151866 999.9270000000251 588.7517343750224 96248.50136075943 1735.2064749448252 7682604.17760184 5301.335660555895 5187.5
250000.0 260000.0 1332.9822207030375 866.7017779296963 243.9002371812171 999.9780000000028 288.67571484379005 77529.95896303735 1367.4299010243049 6143335.862400125 4254.373320671264 4400.0
260000.0 270000.0 589.5589570311131 855.4946402698988 293.63838698855454 999.8530000000028 15.789935546927154 75911.84701863304 1348.5977253792119 6114345.240479873 4234.1399431202635 4400.0
270000.0 280000.0 213.10382812516764 889.7178338068029 225.97950727908238 999.2929999999469 288.48689257807564 71351.00168462495 1269.884445749721 5809769.468817249 4033.405196742631 4400.0
280000.0 290000.0 1104.3362187501043 889.5663781249896 214.66750897028098 999.1629999999423 361.6777207030682 86598.63620508838 1531.3402327309016 6891710.006855796 4776.483240373898 5600.0
