ts te idle avg_span std_span max_span min_span c_bytes_all c_pkts_all s_bytes_all s_pkts_all video_rate
0.0 10000.0 5777.020048828039 844.5959902343923 342.7616255641693 999.6130000000121 231.449951171875 50784.279971221345 707.3741128751311 3172467.76259827 2204.4839962798005 4742.857142857143
10000.0 20000.0 1197.1718886718736 880.2828111328126 261.7871539800363 999.4899999999907 168.6640625 94980.67847705168 1612.4486942897618 7576126.076067428 5239.9137363765285 3707.1428571428573
20000.0 30000.0 235.7300449219183 887.6609050070983 256.79262776067003 999.9490000000224 133.468017578125 92231.55990650813 1744.0473336699724 8503437.315628791 5873.4556793922175 6500.0
30000.0 40000.0 40.87602539069485 905.3749067826641 264.31573579643367 999.5370000000112 117.5419921875 95752.3711742762 1798.7109057669309 8726968.034598501 6022.946304819905 6500.0
40000.0 50000.0 34.79303906252608 905.9279055397703 271.1059135537909 999.9650000000256 95.376953125 96685.8473550544 1793.1108716344177 8835023.296543505 6103.525099474205 6500.0
50000.0 60000.0 111.26503320311895 898.9759060724438 285.65805020551977 999.2989999999991 41.742919921875 91686.60032714428 1675.1030315360056 8013051.739556774 5534.065832944612 6500.0
60000.0 70000.0 176.73192187509267 982.3268078124908 27.22812905216714 999.24099999998 919.197998046875 97334.90655913895 1797.8694602210899 8707220.259448767 6008.464367546089 6500.0
70000.0 80000.0 36.613058593764435 905.7624492187487 275.77444349331853 999.9710000000196 78.89900195313385 98535.98203398442 1803.4784719196268 8564336.899038598 5914.185880880577 6500.0
80000.0 90000.0 34.98796679684892 905.91018483665 270.595149897635 999.9990000000107 95.95406054687919 98088.62121263068 1798.683145485613 8736735.101773111 6030.902820747875 6500.0
90000.0 100000.0 47.73092773440294 904.751733842327 268.0563188308224 999.7829999999958 105.92302734375698 100384.37320514602 1846.443854446156 8775027.369430237 6055.550997568212 6500.0
100000.0 110000.0 91.79508593748324 900.7459012784107 257.7058920629693 999.8099999999977 137.52895507810172 100014.48567993412 1828.7983927821733 8721462.059839474 6020.313076341504 6500.0
110000.0 120000.0 58.47890429676045 903.7746450639308 253.78160197501265 999.99099999998 155.00804101565154 95972.8706984716 1783.0454402891792 8680203.907405155 5987.797456890602 6500.0
120000.0 130000.0 400.7350976561429 872.6604456676233 262.5412496381567 999.9650000000256 175.872945312527 97609.9816096506 1737.1888739926376 8261166.533275455 5700.903259831581 5566.666666666667
130000.0 140000.0 145.90090429689735 895.8271905184639 212.1559426455046 999.625 414.8690429687267 92188.23825433502 1723.6420690175737 8440952.39223567 5824.527129638892 6500.0
140000.0 150000.0 48.53704687493155 904.6784502840972 206.97786184710037 999.8740000000107 469.27294726565015 107836.88817768956 1948.5093095350776 8852820.151934015 6107.887963039489 6500.0
150000.0 160000.0 68.9290058594197 902.8246358309618 213.94239723397268 999.8020000000251 447.3040000000037 110977.31535776297 2023.546032538653 8598153.100626253 5945.076398227911 6500.0
160000.0 170000.0 608.1777050781529 939.1822294921847 188.84431960835545 999.8879999999772 401.727294921875 97315.96089160923 1767.6642092915833 8373964.280538888 5778.6957854951015 6500.0
170000.0 180000.0 48.535244140657596 904.6786141690311 213.187933782893 999.6730000000098 374.10205078125 106243.25065618152 1945.6217228440755 8721721.983823543 6027.538049183718 6500.0
180000.0 190000.0 40.45176953112241 905.4134754971707 213.29402024120066 999.4349999999977 360.11328125 100976.67472480054 1856.1397073322064 8690941.175676301 5997.223298684677 6500.0
190000.0 200000.0 100.56296289083548 899.9488215553786 217.55204787347347 999.9549999999581 329.101318359375 103954.19877972787 1901.5598335669206 8824957.822994411 6087.854342554647 6500.0
200000.0 210000.0 83.1674023438245 901.5302361505614 225.4193896286487 999.9729999999981 289.638916015625 97204.27027519057 1795.931415442008 8618145.468814787 5946.209000561148 6500.0
210000.0 220000.0 43.540826171753 905.1326521662043 228.19474838249252 999.9270000000251 268.39208984375 99003.38821654145 1824.011690335008 8790784.225366872 6068.03586818532 6500.0
220000.0 230000.0 52.05112109368201 904.3589889914834 230.2116741852274 999.7229999999981 253.41796875 100185.37459437943 1852.9360094525787 8785475.460657705 6069.847544179885 6500.0
230000.0 240000.0 30.174066406209022 906.3478121448901 233.91148472306497 999.9229999999516 240.52490234375 96209.42603099748 1769.4607893150685 8534310.913285706 5888.80501691185 6500.0
240000.0 250000.0 58.64891210931819 903.7591898082438 240.90260797828282 999.9590000000317 210.614990234375 102682.62202785662 1831.8983719809407 8465992.065036342 5839.97772038285 5712.5
250000.0 260000.0 121.4828828125028 898.0470106534088 252.98076493572825 999.9329999999609 180.985107421875 93336.62796705407 1726.5415351976926 8306836.649260056 5736.653063382749 6500.0
260000.0 270000.0 40.53615429694764 905.4058041548229 255.98874285399847 999.9270000000251 151.251953125 91521.76909932366 1677.3112517395764 8158044.652977228 5631.348136054229 6500.0
270000.0 280000.0 27.572980468859896 906.5842745028309 257.8388020171234 999.6629999999423 141.02197265625 103195.23728135832 1894.912530457328 8853747.38175668 6107.768503397085 6500.0
280000.0 290000.0 233.20497265621088 976.679502734379 48.278575209753264 999.8810000000522 856.9820273437072 97086.19945497926 1734.010933045013 7839192.919811482 5419.04367102674 5187.5
290000.0 300000.0 886.6459101564251 911.3354089843575 202.16616002000382 999.9769999999553 378.39208984375 71990.67347667253 1271.9232506285227 5802870.221792608 4028.182960536011 4400.0
