ts te idle avg_span std_span max_span min_span c_bytes_all c_pkts_all s_bytes_all s_pkts_all videorate
0.0 10000.0 0.0 0.0 0.0 0.0 0.0 0.0 0.0 0.0 0.0 0.0
10000.0 20000.0 2911.3300898437155 886.0837387695356 254.10768633116191 999.8780000000261 277.29200000001583 103491.91449420189 1548.4344988349826 6376774.21286219 4436.49742657485 2623.076923076923
20000.0 30000.0 2028.7567910156795 797.1243208984321 374.5216897900967 999.7010000000009 16.28200000000652 78407.78729745277 1382.1646559976502 5950472.838482547 4136.375933798532 4400.0
30000.0 40000.0 1688.1400859375135 831.1859914062486 322.30313170341884 999.9749999999767 191.77488085936056 91722.08155705032 1692.6596796601552 6861656.842834374 4744.901834291237 5450.0
40000.0 50000.0 1192.8800644531148 880.7119935546885 303.19280802971554 999.9309999999823 32.12796679686289 83210.83568235401 1466.240705592851 6519241.775058072 4522.614469988531 5300.0
50000.0 60000.0 1716.8240292969276 828.3175970703072 328.0405682301172 999.914999999979 176.87403125001583 94059.2494468762 1650.2507702874536 7309566.904846315 5051.642184702014 5428.571428571428
60000.0 70000.0 70.65064648434054 902.6681230468781 262.0906754930005 999.9000000000233 130.10306054685498 108583.47192058428 1908.6847957551868 8294069.636026543 5737.628228214578 5450.0
70000.0 80000.0 1792.3142851562588 820.7685714843741 334.2130930367095 999.8780000000261 184.42370703123743 87388.96432531101 1523.1754002027621 6951253.204504735 4809.393142864243 5450.0
80000.0 90000.0 23.54111132811522 906.9508080610805 249.00508768281406 999.630999999994 174.89999218750745 97670.31418921213 1780.736784974677 8177848.834687099 5647.6718194822515 6500.0
90000.0 100000.0 1720.389603515563 827.9610396484437 328.4349878928314 999.5970000000088 183.08110351563664 92742.31721252982 1596.6980028174762 7045133.2724621445 4867.930318601053 5800.0
100000.0 110000.0 1995.0513359375182 800.4948664062482 384.7247223314388 999.5540000000037 22.51600000000326 75093.49369002065 1306.687411955813 5817183.695182202 4039.9945244922815 4400.0
110000.0 120000.0 1497.5789687499637 850.2421031250036 293.23858285248673 999.7820000000065 125.64704296877608 86922.87421510826 1527.204520765517 6759606.161746435 4685.735158886937 4400.0
120000.0 130000.0 2817.4430273437756 718.2556972656224 403.5385927481488 999.539999999979 80.04300000000512 86633.9310803494 1427.2523503812442 6285339.313545985 4347.419742353928 4820.0
130000.0 140000.0 2951.073898437433 881.1157626953209 139.0344520494941 999.7359999999753 668.3130000000237 82642.03228729795 1437.0973781938224 6159482.695872597 4262.9193461083705 4400.0
140000.0 150000.0 195.360982421902 891.330819779827 263.4124539300772 999.7129999999888 123.66893749998417 90708.35685720015 1493.5471360571664 6606485.404550568 4583.349982547466 4925.0
150000.0 160000.0 2925.6701953125303 786.0366449652744 363.5267700592664 999.5960000000196 83.48200000001816 70187.72050833103 1189.3626683857221 5293045.901500955 3673.114690072672 3600.0
160000.0 170000.0 1058.0918847656576 894.1908115234343 255.18341729613078 999.9639999999781 175.1031152343494 79652.65523612013 1360.80324013752 5605379.305837239 3911.811197021058 3800.0
170000.0 180000.0 2385.4291171875084 951.8213603515615 91.03315058252933 999.8819999999832 758.335000000021 81443.99030103064 1414.0664818026921 6177969.403171525 4278.332779593318 4400.0
180000.0 190000.0 1307.0448476563324 869.2955152343668 267.94929124283476 999.4099999999744 133.11711718747392 83926.40927642593 1478.3320821265029 6814950.237547425 4722.650110452527 5600.0
190000.0 200000.0 1948.4381074218545 805.1561892578145 374.43618005692736 999.7839999999851 72.99499999999534 77876.15758837211 1363.087965897402 6793367.220917487 4709.350687221769 5300.0
200000.0 210000.0 2406.4749511718983 843.7250054253446 293.5409866644684 999.9860000000335 134.96507226559334 73472.7093577473 1318.5397076176118 6104656.261691676 4223.626847454514 4400.0
210000.0 220000.0 1206.1480957033345 879.3851904296665 271.43820581320733 999.8989999999758 131.24102343746927 82684.17512152957 1415.2337997678849 6416149.278617296 4447.967343582673 4400.0
220000.0 230000.0 2007.1649843750056 799.2835015624994 374.446127600483 999.0439999999944 0.0 75203.70017304373 1280.8134509520748 5708180.214405968 3959.6441747467593 5000.0
230000.0 240000.0 1959.7017910156865 804.0298208984314 376.7806323753966 999.3730000000214 25.75199999997858 94637.96154699179 1648.1849368941437 6977674.559695437 4826.376695689946 5000.0
240000.0 250000.0 1907.0292070312425 735.7246175426143 391.31128236424695 999.8639999999432 127.48100000002887 76657.97084104178 1269.1333732221651 5650478.884856341 3916.5906594011617 3525.0
250000.0 260000.0 1906.9218183594057 899.2309090711772 191.15021826378384 999.8299999999581 425.09699999995064 88659.99339615236 1514.900725311973 6661341.780025386 4606.030959544871 5060.0
260000.0 270000.0 31.85213671857491 906.1952602983114 258.85251997976104 999.6770000000251 138.4239199218573 105966.0341081237 1908.7435411639601 8361814.731311246 5786.382463915563 5450.0
270000.0 280000.0 1961.039628906292 803.8960371093708 380.23132242652537 999.8760000000475 22.287999999942258 85929.36328159823 1558.0263825475224 6590544.5662477445 4562.450725243142 6500.0
280000.0 290000.0 65.31543554691598 903.1531422230076 262.9637714953153 999.8639999999432 125.93168554687873 111201.71545196009 1963.2184833015972 8058043.38416645 5573.012368101837 4662.5
290000.0 300000.0 3021.150898437598 775.427677951378 395.5542722584744 999.1419999999925 82.19499999994878 70583.47852370206 1138.9407035884262 4776929.726412284 3322.827384203299 3777.777777777778
