ts te idle avg_span std_span max_span min_span c_bytes_all c_pkts_all s_bytes_all s_pkts_all video_rate
0.0 10000.0 0.0 0.0 0.0 0.0 0.0 0.0 0.0 0.0 0.0 0.0
10000.0 20000.0 3354.614019531251 830.6732475585936 325.66498096545325 999.887999999999 135.60498046875 68083.48541945784 1065.2369871608307 4895986.250763781 3905.1488322965306 2179.076923076923
20000.0 30000.0 50.172033203125466 904.5298151633523 267.13802511795 999.9470000000001 108.220947265625 83496.21586403274 1684.573052429983 8557495.7642406 6766.766571319334 6457.142857142857
30000.0 40000.0 43.77695898437378 905.1111855468752 273.90696988475355 999.5789999999979 84.93798828125 73646.08022947199 1406.9929932441382 7743625.759306072 6135.010652386449 4850.0
40000.0 50000.0 159.95996289062168 894.5490942826708 293.7897235948979 999.8329999999987 13.176025390625 61357.98248233405 1143.9485582929306 5940919.071366109 4713.935264607345 4400.0
50000.0 60000.0 121.1100820312131 987.8889917968787 20.172652378244578 999.0850000000064 936.741943359375 81071.98537985589 1544.374569227446 7746378.408826188 6144.901922654065 6200.0
60000.0 70000.0 35.86294726561755 905.8306411576712 281.0628488436667 999.2569999999978 61.686056640624884 89954.25382766606 1755.4866615703368 9049757.519185474 7156.481919632252 6500.0
70000.0 80000.0 46.85570507812372 904.8312995383524 274.45291261041643 999.7299999999959 82.51600390624662 88751.38702256029 1713.0139441399324 8847248.339270381 6993.096139692826 6500.0
80000.0 90000.0 77.94619335937023 902.0048915127845 269.1584550547988 999.726999999999 103.48370898437861 84481.5404563212 1651.4026551975119 8370243.785465682 6631.1002492582165 6500.0
90000.0 100000.0 39.87316406250466 905.4660759943177 253.0254383089288 999.4349999999977 159.39090234374453 88212.9801789859 1735.5328770630013 8254612.478028509 6544.282523186232 6500.0
100000.0 110000.0 40.80004492189619 905.3818140980094 249.11806695291034 999.9189999999944 175.12906640625442 83071.69340834934 1600.5704500942902 7695592.29374035 6106.538636127732 6500.0
110000.0 120000.0 499.89664257812547 863.6457597656249 261.62749861708 999.5909999999858 193.45411132813024 88807.47249112028 1741.827595878878 8521278.502335459 6747.905671465656 6500.0
120000.0 130000.0 3236.7712226562726 676.3228777343727 378.6860523322938 999.8539999999921 62.888999999995576 57752.15618525853 1033.9140066408988 5192178.486155444 4119.414518000147 4400.0
130000.0 140000.0 1127.1089472656022 887.2891052734398 279.5218745140301 999.8340000000026 101.778076171875 72647.11403219526 1344.8679681066765 6570732.484212024 5228.848426093988 5000.0
140000.0 150000.0 116.68099414065364 898.4835459872133 276.90873014175037 999.8630000000121 69.18408203125 81960.51803345399 1600.7868174608266 7795520.099232734 6188.62254149696 6500.0
150000.0 160000.0 119.32608203130076 988.06739179687 23.546737618841377 999.9549999999872 924.7499179687584 88518.13498893665 1724.4708634923195 8494045.757871192 6733.946131782266 6500.0
160000.0 170000.0 36.28810937498929 996.3711890625011 7.120943350999122 999.9899999999907 976.337890625 93399.92742990951 1830.1890226495216 9043029.630583525 7156.623026581496 6500.0
170000.0 180000.0 48.209955078113126 904.7081859019897 294.8759335226457 999.6440000000002 16.514109375013504 82635.0884439184 1609.4769196606483 8020553.767891389 6349.0739577433405 6500.0
180000.0 190000.0 80.17804101560614 901.8019962713086 285.76185098029134 998.8830000000016 44.88506445311941 84835.99958330797 1662.6134487112279 8521336.211260132 6746.610494778875 6500.0
190000.0 200000.0 43.61690625004121 905.1257357954509 269.2113972401055 999.0989999999874 101.22710546874441 82335.6661403968 1599.4942275094095 8029556.464862602 6367.037791149768 6500.0
200000.0 210000.0 38.04506835938082 905.6322665127835 262.5140349159823 999.6579999999958 124.67901171874837 89703.6094252861 1732.4563965568616 8772306.136893997 6943.420342369774 6500.0
210000.0 220000.0 38.14880859371624 905.6228355823895 257.4998027851069 999.7460000000137 142.97808007811545 90485.64665660221 1782.003020012207 9049420.311720416 7163.586579352141 6500.0
220000.0 230000.0 187.51420312497066 892.0441633522754 251.73171385694715 999.8830000000016 160.95088867188315 83841.19232857232 1632.4176679037955 8259031.326263243 6544.737830413592 6500.0
230000.0 240000.0 563.8290195312293 857.833725497161 245.23547719507496 999.7429999999877 213.9560917968629 81942.7286109812 1592.0260298697435 8079334.545103197 6398.860248456802 6500.0
240000.0 250000.0 1940.114785156271 895.5428016493032 228.11995215081723 999.579000000027 296.7951113281306 69036.21002100203 1233.0116714706894 6227756.11943581 4939.5253193548 4244.444444444444
250000.0 260000.0 844.8691347656422 832.2846241122144 312.3455742181707 998.7469999999739 61.02489648439223 62531.505762849265 1150.3267115197318 5759123.0124883475 4579.13650249048 5916.666666666667
260000.0 270000.0 1053.4180507812998 813.3256317471546 332.7378820848547 999.9120000000112 141.94091796875 70483.77913954538 1325.093802436725 6665513.299451386 5285.476661145293 4200.0
270000.0 280000.0 165.76603124995017 894.0212698863681 285.97816284228105 999.9870000000228 43.23388671875 87383.1869472606 1715.4749179190746 8210749.216475018 6519.474449476018 6500.0
280000.0 290000.0 135.96193164068973 986.403806835931 19.411383460338786 999.8009999999776 948.553955078125 83532.26990884225 1628.5800884529058 8100262.720104299 6426.917214446184 6500.0
290000.0 300000.0 77.62192187504843 902.034370738632 284.10942818224953 998.8449999999721 50.38804492185591 87586.55550363527 1682.317937806819 8626828.96218235 6831.033219029924 5900.0
