ts te idle avg_span std_span max_span min_span c_bytes_all c_pkts_all s_bytes_all s_pkts_all video_rate
0.0 10000.0 7169.769904296903 943.4100319010322 95.46864536053754 998.8829999999725 833.173095703125 35121.45570960324 457.8518486545922 1540303.746304335 1077.8770131243693 2100.0
10000.0 20000.0 1197.6330644530826 800.2151759588106 350.1688077223924 999.4280000000144 125.21199999999953 94588.60361747636 1549.6898896542543 4824966.957692496 3363.5621604423936 1750.0
20000.0 30000.0 110.53714843752095 899.0420774147708 211.58131317165115 998.4589999999735 451.26496875000885 75889.48352852417 1362.9273956580123 3981508.27648624 2755.9888056892414 3000.0
30000.0 40000.0 1844.288882812485 815.5711117187515 313.5665153160451 999.9810000000289 71.34999999997672 71059.45714439623 1264.5308660331411 5901950.01951693 4090.572020743996 3800.0
40000.0 50000.0 2982.1480957030435 877.2314880371196 225.04032145451836 999.8400000000256 494.576904296875 64405.051946853324 1158.5018228629942 5581502.823918925 3864.734274250167 4400.0
50000.0 60000.0 1509.2588085937314 849.0741191406269 301.6753253722162 999.2170000000042 133.73909570311662 74557.88498006704 1309.3697335035076 6261403.734198514 4345.136839862084 4400.0
60000.0 70000.0 1968.2051464844844 803.1794853515515 339.8879405490577 999.7669999999925 25.762999999977183 66883.13880048058 1190.663654944612 5832662.007134816 4035.114138729327 4400.0
70000.0 80000.0 2058.829974609427 794.1170025390572 260.9706960118436 999.9189999999944 348.6730000000098 65700.87131945953 1150.7444236002384 5550496.741468222 3839.7818154586885 4400.0
80000.0 90000.0 1210.2027246094076 878.9797275390592 218.03108677745763 999.9469999999856 448.77002539060777 82371.5991627236 1422.1598075667744 6688677.4764817115 4630.91566427662 5300.0
90000.0 100000.0 55.05712890625 904.0857155539773 208.65418682147623 999.9770000000135 455.84912109375 91776.70801304578 1699.0702816863638 8115769.268785402 5615.586190727986 6500.0
100000.0 110000.0 1388.8540546874865 861.1145945312513 219.126982968538 999.9490000000224 541.3818789062789 91129.87329173957 1581.7229701148117 7257737.8744533425 5018.632973526778 5333.333333333333
110000.0 120000.0 26.60812500002794 906.6719886363611 205.47258100923545 999.9820000000182 455.3309335937374 97287.47103739857 1794.9515465141449 8637640.904088032 5961.8471696598235 6500.0
120000.0 130000.0 1328.1658515624586 867.1834148437541 211.52555402431295 999.6630000000005 470.06605859374395 83867.56436254067 1490.7684018923742 7026723.385230809 4855.399711094804 5450.0
130000.0 140000.0 67.35098046867643 902.9680926846657 210.28599256572153 999.9920000000275 448.6179101562593 98048.9372205453 1779.1199171325532 8330731.580093059 5750.786209856173 6500.0
140000.0 150000.0 33.98411328118527 906.001444247165 204.6837095560853 999.7930000000051 490.28889062500093 101577.8325242115 1849.9334273092388 8601640.734607274 5940.304887005852 6500.0
150000.0 160000.0 88.2407128905179 901.0690261008621 209.62406990734877 999.2910000000265 450.415283203125 95777.97791171102 1737.1463039935581 8199334.476938233 5675.550075550554 5900.0
160000.0 170000.0 52.67402539058821 904.3023613281283 210.58212159013914 999.8630000000121 417.4892578125 94754.43667153314 1683.1350731422183 7895959.924445802 5460.073716739429 5450.0
170000.0 180000.0 191.04701171885245 891.7229989346498 246.46170575413885 999.5559999999823 250.92724609375 105458.74063906926 1924.3987788983422 8708427.371934699 6025.508443302238 6500.0
180000.0 190000.0 41.48134179681074 905.3198780184717 238.79606712493194 999.8989999999758 221.701904296875 94537.62577210476 1752.0000677777223 8404137.749954222 5800.538395285276 6500.0
190000.0 200000.0 116.44790820329217 898.5047356178825 256.89194774214883 999.8159999999916 149.39599609375 88095.82544780601 1627.2000203374128 7892195.983334724 5454.9800160707455 6500.0
200000.0 210000.0 32.94909570319578 906.0955367542549 258.6966466717774 999.9279999999562 137.847900390625 97785.07846474963 1729.7280243222167 8057011.30839839 5576.080102202748 5333.333333333333
210000.0 220000.0 57.13691015634686 903.8966445312412 270.29936326828073 999.9860000000335 99.239990234375 87153.9267714527 1620.9551727591825 7892048.650925325 5455.986689658142 6500.0
220000.0 230000.0 28.225941406097263 906.5249144176275 276.1299597156526 999.969000000041 78.800048828125 96903.39103918674 1791.9630036822725 8727796.481642323 6024.266845168061 6500.0
230000.0 240000.0 23.109089843695983 906.9900827414822 278.7771400639955 999.7399999999907 69.407958984375 98158.49243267157 1788.9335334263228 8170800.952274196 5649.852584210878 6500.0
240000.0 250000.0 51.70684765628539 904.3902865767013 287.5080722064977 999.8580000000075 39.714111328125 98895.14398188383 1820.9235712001257 8736991.577312646 6022.475588870066 6500.0
250000.0 260000.0 26.549164062482305 906.6773487215925 292.49599025280827 999.9910000000382 25.470947265625 96162.37051815761 1749.6897126104845 8295398.867525358 5727.685874516991 5600.0
260000.0 270000.0 1455.2359921874013 854.4764007812598 228.31087975072504 999.9420000000391 464.09600000001956 80948.664119489 1420.1717785008054 6664159.436619489 4611.885898494705 5187.5
270000.0 280000.0 89.88584179675672 900.9194689275676 213.09735502681994 999.8619999999646 434.89111328125 95248.83710539775 1748.5015924676286 8268533.16706776 5707.705897906928 6500.0
280000.0 290000.0 54.87400585936848 904.1023631036937 205.5773148656142 999.9350000000559 422.610107421875 99647.67855987554 1757.2230929371253 8419530.60466651 5817.5505540081 5240.0
290000.0 300000.0 1567.2301035155542 843.2769896484446 247.89617585148483 999.609999999986 358.66299999994226 77626.84362918763 1380.7635179623724 6463515.6735894475 4473.699256995516 6150.0
