ts te idle avg_span std_span max_span min_span c_bytes_all c_pkts_all s_bytes_all s_pkts_all video_rate
0.0 10000.0 0.0 0.0 0.0 0.0 0.0 0.0 0.0 0.0 0.0 0.0
10000.0 20000.0 2407.460029296868 949.0674963378915 99.61573692515717 999.88400000002 728.9720000000088 94800.79934256541 1397.5149799820806 5519299.71096153 3844.965863429524 2286.769230769231
20000.0 30000.0 659.1249218750745 849.1704616477205 285.3762144685971 999.2930000000051 127.73302929685451 103025.66866940288 1907.492416781069 8574787.215957023 5913.943248390106 6000.0
30000.0 40000.0 29.639166015724186 906.3964394531159 222.24341890234567 999.7669999999925 303.5869511718629 100705.11323852281 1906.996552150895 8972135.581219066 6181.702706382865 6457.142857142857
40000.0 50000.0 247.38157421874348 886.6016750710234 227.48693218202655 999.6020000000135 323.76311718748184 88709.95907795859 1570.9863901999026 7035251.898555365 4868.422547305082 4400.0
50000.0 60000.0 694.4443281250424 845.959606534087 281.0688534260761 999.86599999998 199.60498046875 72640.16842087255 1286.5680074368095 5866272.378094968 4076.010955110683 4400.0
60000.0 70000.0 129.77404687501257 897.293268465908 258.14981554895945 999.3209999999963 139.23193359375 96006.19476466719 1697.9090868859414 7818954.445024982 5404.451394128939 6200.0
70000.0 80000.0 60.25191796879517 903.6134620028369 267.4118697744074 999.8479999999981 106.916015625 93074.29639335847 1709.8638798219047 8104434.641938069 5592.586350943562 6500.0
80000.0 90000.0 25.974066406255588 906.7296303267041 272.7530067965208 999.7069999999949 90.02294921875 88710.32478990307 1653.4330284985294 8039437.093473099 5552.848728540713 6500.0
90000.0 100000.0 77.12468750006519 902.0795738636305 284.3919937741954 999.0179999999818 48.34326171875 93157.19184701199 1744.9201491455008 8529751.840673784 5883.488182282219 6500.0
100000.0 110000.0 33.81832617189502 906.016515802555 289.5988041940352 999.9780000000028 34.033935546875 91610.49516695825 1692.7042349813162 8183184.080595238 5648.256942558704 6500.0
110000.0 120000.0 33.18005273438757 906.0745406605103 294.8278302768693 999.4729999999981 17.6298828125 99987.4807193197 1846.1414469440879 8820682.274179103 6080.572720064396 6500.0
120000.0 130000.0 1274.6819316406036 872.5318068359396 222.90744250166574 999.9120000000112 441.449951171875 76507.77703997465 1201.252997408418 5655765.423883134 3934.404372546151 2678.5454545454545
130000.0 140000.0 561.2610488282517 858.0671773792499 313.0968054045826 999.994000000006 170.02490234375 80476.39079628082 1374.0864809602958 5619874.156283433 3898.6672652323227 4400.0
140000.0 150000.0 719.7968593750848 928.0203140624915 107.41312104036683 999.3960000000079 720.2679999999818 77913.19502178594 1372.3129131071535 5937008.8435194 4120.34319252446 4400.0
150000.0 160000.0 1579.641103515518 765.4871724076802 348.81181200024776 999.8879999999772 192.887939453125 79957.16408289196 1408.2686947767374 6073033.784133333 4202.997871322135 4400.0
160000.0 170000.0 664.6998671875917 933.5300132812408 107.93605383233356 999.6329999999725 698.924072265625 77905.51871706909 1370.414265110847 6017889.026095441 4160.129438384682 4400.0
170000.0 180000.0 779.4051796874264 838.2358927556885 291.79726627445694 999.9000000000233 271.10800000000745 78913.69743554066 1379.932524352743 6225177.3707932215 4305.6023664861505 4400.0
180000.0 190000.0 1058.8688925780589 894.1131107421941 246.46015158095688 999.9760000000242 207.79510742187267 78242.56447591598 1368.2019514557683 5962035.234619816 4137.605854367304 4400.0
190000.0 200000.0 477.39297265629284 952.2607027343707 93.53702836204171 999.8889999999665 707.72802734375 92157.30298326767 1637.37211586713 7655487.89809511 5291.729957365778 6500.0
200000.0 210000.0 31.793769531301223 906.2005664062453 224.15742473528258 999.9679999999935 287.8999726562761 96524.9626985077 1781.854716537121 8708422.90714728 6005.187952580773 6500.0
210000.0 220000.0 25.434169921907596 906.7787118252811 221.02361448441894 999.4640000000363 303.19974218751304 94075.78027587091 1727.9234961246455 8393587.853208698 5795.9055156120585 6500.0
220000.0 230000.0 87.85982812498696 901.1036519886376 224.4147185089747 999.8939999999711 303.1149121093331 102974.8598746316 1898.844286181131 8738339.140306428 6033.933280816687 6500.0
230000.0 240000.0 32.74335351551417 906.1142405894988 214.74528132656093 999.6909999999916 352.22474023432005 112602.84947349352 2043.1822778128487 8673273.727901598 5989.570424601764 6500.0
240000.0 250000.0 28.38885742193088 906.5101038707336 212.14881394832472 999.8810000000522 371.42209374997765 117016.22604033735 2113.1967056802177 8649728.213947227 5976.437841892321 6500.0
250000.0 260000.0 33.36803710937966 906.0574511718746 210.9496219712337 999.9610000000102 385.9509511719225 102717.37783487458 1911.8094078812187 8534037.718126485 5889.663717717965 6500.0
260000.0 270000.0 30.772892578155734 906.2933734019858 208.9180944051127 999.6450000000186 403.6659882812528 112400.05180346643 2073.291467399691 8865718.48521646 6120.06862837283 6500.0
270000.0 280000.0 20.8852207029704 907.1922526633663 206.63427662461658 999.8100000000559 419.5328808593331 102825.97468316134 1904.1165165008717 8535875.786106497 5895.852866966306 6500.0
280000.0 290000.0 30.818898437544703 906.2891910511323 207.06257994833598 999.9679999999935 427.42610156245064 107726.30692839285 1937.867177971311 8613365.420929195 5944.251676897744 6500.0
290000.0 300000.0 32.58291601575911 906.1288258167492 205.50994392706818 999.9620000000577 444.3619999999646 97327.29279845572 1795.9497544248156 8616509.0311947 5947.004055586414 6500.0
