ts te idle avg_span std_span max_span min_span c_bytes_all c_pkts_all s_bytes_all s_pkts_all video_rate
0.0 10000.0 0.0 0.0 0.0 0.0 0.0 0.0 0.0 0.0 0.0 0.0
10000.0 20000.0 4041.0250273437523 851.2821389508925 289.65693952003943 999.8139999999985 225.85199999999895 47847.53489162847 1066.9148508815051 5028107.2494374355 4066.6452120062713 3000.0
20000.0 30000.0 1315.3728574218658 868.4627142578134 237.48730879536794 999.8559999999998 241.75402734375166 50408.757367814214 1354.0583594540901 6839770.818401968 5541.304176356654 3560.0
30000.0 40000.0 56.90999609375285 903.9172730823861 243.8213711691446 999.1419999999998 196.70988476562343 52249.414866565334 1429.8990025598355 7350057.788306007 5956.975283809634 5333.333333333333
40000.0 50000.0 69.6580175781346 902.7583620383514 240.28175345273308 999.2869999999966 217.03588085937372 54800.94694668251 1464.0382125541835 7922176.065285993 6396.552327848643 5975.0
50000.0 60000.0 120.06500976561802 898.1759082031257 228.10717186446718 999.8640000000014 260.44389843750105 49211.19402430013 1280.4568654556415 6647465.272668163 5394.406122083807 5187.5
60000.0 70000.0 80.45779296875116 901.776564275568 229.4455382948288 999.3429999999935 279.0209082031215 57870.576031638666 1521.7959576833987 8019024.329050249 6490.815696414844 6500.0
70000.0 80000.0 50.344234375006636 904.514160511363 218.02574010364688 999.6180000000022 330.7407011718751 58477.53841528776 1548.9519140717352 8250299.098423256 6645.192488252536 6500.0
80000.0 90000.0 41.862130859386525 905.2852608309648 215.62712628077503 999.9060000000027 352.8479355468735 59308.86583934878 1583.3500069419795 8637957.40561626 6964.747772465991 6500.0
90000.0 100000.0 90.26463085939758 900.8850335582366 215.15607239985988 999.4569999999949 379.06506640625594 61962.579137674395 1632.800454518297 8475372.63436162 6824.938948950454 6500.0
100000.0 110000.0 1030.398310546865 896.9601689453135 188.50071687655878 999.8790000000008 424.8856972656213 39738.65134120739 973.2397925245863 4999208.962390154 4115.904568488373 3335.0
110000.0 120000.0 100.14501367187768 899.9868169389202 226.62013684254876 999.3709999999992 286.2480078124936 43348.03642353271 1123.3786530997809 5706034.428143447 4657.779602211019 4400.0
120000.0 130000.0 1968.778048828157 803.1221951171843 300.7225535653039 999.94200000001 291.7529296875 39534.704014083996 1007.5111943684722 5110405.266295583 4184.391747838783 4775.0
130000.0 140000.0 160.62691992186592 894.488461825285 252.6566692333126 999.9469999999856 179.760009765625 63351.806297391166 1650.118355037165 8425466.676505344 6782.075057755891 5862.5
140000.0 150000.0 1501.435894531256 849.8564105468744 289.3428556315698 999.9049999999988 103.13099999999395 38377.05869475029 973.5808190256353 5141233.613799745 4195.009656287535 3612.5
150000.0 160000.0 693.6550312499749 846.0313607954569 274.5640482524388 999.6160000000091 292.111083984375 43627.70835796347 1135.5272941986002 5647207.163129048 4606.45567984756 4400.0
160000.0 170000.0 614.7987753906345 938.5201224609366 105.84855448850529 999.6419999999925 706.2559160156234 43064.05533577113 1130.3153088705944 5649976.287814408 4604.02367278317 4400.0
170000.0 180000.0 1012.1963671874837 817.0730575284106 307.7976432432634 999.8729999999923 203.96769140625838 44681.323464213216 1149.950161932034 5795634.486888587 4708.8652216158935 4400.0
180000.0 190000.0 1667.963689453114 833.2036310546886 261.27406997152997 999.9150000000081 291.583251953125 43291.974945481015 1122.7476719708861 5763438.348661824 4690.200533770012 4400.0
190000.0 200000.0 1145.8123339843878 885.4187666015612 182.51581699398022 999.6630000000005 564.4249999999884 43276.42093157655 1118.151349389833 5679872.706460104 4632.388417759565 4400.0
200000.0 210000.0 526.6018242187274 861.2180159801156 288.5420965476772 999.9340000000084 260.99609375 43562.297876649696 1131.5610733083083 5943002.438204725 4846.978454810511 4400.0
210000.0 220000.0 552.7351757812139 944.7264824218786 97.97595722322875 999.7140000000072 737.2679062499956 41775.51129510432 1074.7084059537417 5483189.416255429 4480.472593568979 4400.0
220000.0 230000.0 1531.2229824218666 769.8888197798303 365.28451097370095 999.7239999999874 98.408935546875 41531.17383006731 1075.9865297974134 5559413.347197736 4529.56035042744 4400.0
230000.0 240000.0 596.0539335937647 940.3946066406236 97.19584302577586 999.8479999999981 746.1289999999863 43482.566093912086 1135.8411432887888 6019968.957543429 4902.702569489842 4400.0
240000.0 250000.0 1918.282025390683 808.1717974609317 312.77889999956915 999.6630000000005 210.7879980468715 42019.97296752854 1085.9323062431781 5625437.762499234 4582.066706736939 4400.0
250000.0 260000.0 449.86207226570696 868.1943570667539 287.5090755429165 999.3389999999781 266.951904296875 41767.12636191762 1079.5556751145837 5743838.743547285 4695.8377201628355 4400.0
260000.0 270000.0 591.0179394531297 940.8982060546871 102.30827197232962 999.4519999999902 727.7160957031301 41470.43510098158 1064.8170161908758 5540355.800660796 4524.24301938548 4400.0
270000.0 280000.0 1303.7560058593517 790.567635830968 315.61527784468467 999.9810000000289 218.01803515624488 42944.87165436501 1112.2353414673858 5904899.520562066 4798.787244296137 4400.0
280000.0 290000.0 737.5377128905384 926.2462287109462 156.83312698556296 999.2729999999865 523.9560410156264 39978.682151818364 1030.488186225183 5442728.758769247 4418.854192348667 4400.0
290000.0 300000.0 116.77699218754424 898.4748188920414 241.80564121420284 999.7829999999958 219.41775390622206 44035.35014893985 1139.7688328808613 5685648.384848822 4630.874324476706 4400.0
