ts te idle avg_span std_span max_span min_span c_bytes_all c_pkts_all s_bytes_all s_pkts_all video_rate
0.0 10000.0 6391.626085937489 902.0934785156278 192.42464258989537 999.8180000000284 613.4619140625 46034.649673334265 691.3867864584814 3040755.662409167 2111.8237869511213 2300.0
10000.0 20000.0 1771.4229960937519 822.8577003906248 280.8406684498763 999.8580000000075 385.88208593748277 89189.48151382283 1536.359912070285 7160257.566880118 4958.088234526129 3560.0
20000.0 30000.0 38.74060546880355 905.5690358664724 208.4253433887357 999.6149999999907 405.4453125 92194.63555091254 1759.1839097688212 8577893.886818985 5932.974398535306 6500.0
30000.0 40000.0 99.39032226568088 900.0554252485745 218.16481810518735 999.920999999973 355.364990234375 90712.70558361188 1679.6972204047402 8035338.57370752 5551.481783289282 6500.0
40000.0 50000.0 66.87600195320556 903.0112725497086 219.37592110168498 999.8859999999986 325.31298828125 98384.61222330714 1815.8389854173633 8664890.351930546 5986.980310297567 6500.0
50000.0 60000.0 81.47773046873044 901.6838426846608 223.17310063673997 999.7029999999795 294.7392578125 85405.64308238142 1568.7113898279147 7842699.722471386 5414.014062470489 5900.0
60000.0 70000.0 51.28132031246787 904.4289708806847 231.01588125700195 999.9980000000214 262.5859375 89891.3785481156 1597.2523122168825 7677394.750054616 5312.388967653944 5187.5
70000.0 80000.0 44.87501171871554 905.0113625710259 233.06087309642444 999.6610000000219 244.39892578125 93642.723505551 1732.9553033603074 8376189.3421479575 5788.400840162762 6500.0
80000.0 90000.0 207.7208828125149 890.2071924715896 265.77054008082143 999.9670000000042 123.89404296875 95425.73407037412 1730.470314650364 8190625.078877361 5665.136046592037 6500.0
90000.0 100000.0 36.30305078125093 905.790631747159 268.50352658781406 999.945000000007 103.9169921875 99180.39874218598 1837.7043916350292 8763235.518256927 6051.055847092832 6500.0
100000.0 110000.0 40.62172070314409 905.3980253906233 274.2715275243212 999.6170000000275 83.603271484375 96093.90295486801 1700.779715515475 8388916.604450159 5799.03722154549 5566.666666666667
110000.0 120000.0 97.53238867188338 900.224328302556 279.6157512936854 999.420999999973 61.5048828125 91710.06384353804 1692.2508968642653 8131579.585310657 5616.885648018027 6500.0
120000.0 130000.0 1286.1337617187528 871.3866238281247 240.11119976888057 999.7370000000228 339.4670000000042 91442.14774759985 1543.6858705478123 6861839.8489727 4746.727688235963 5927.272727272727
130000.0 140000.0 855.5370410157484 831.3148144531137 290.0017833414429 999.9010000000126 297.60800000000745 95652.6769420728 1708.685238860724 7938240.907010496 5492.608609383113 6500.0
140000.0 150000.0 68.50512500008335 902.8631704545379 215.02455904578866 999.7729999999865 344.303955078125 98756.5683637261 1833.2528275500783 8796469.169473195 6071.445011080543 6500.0
150000.0 160000.0 43.97303710941924 905.09336026278 219.15202833330537 999.7779999999912 323.06591796875 102219.18389967314 1872.5543152085456 8727827.381714493 6022.593650149259 6500.0
160000.0 170000.0 41.52461718744598 905.3159438920503 222.31447345047573 999.8510000000242 301.38330078125 99715.87579457865 1842.7112987451746 9066288.797380263 6249.233064723125 6500.0
170000.0 180000.0 32.78000585938571 906.1109085582376 222.9063189813232 999.4089999999851 291.477294921875 93400.12064604434 1718.1940352651336 8401994.1560972 5801.759749378237 6500.0
180000.0 190000.0 30.06728710932657 906.3575193536976 227.24833040186402 999.939000000013 273.4580078125 99992.56147237473 1850.531479835835 8789900.055282298 6081.9356072302735 6500.0
190000.0 200000.0 211.28696093760664 889.8830035511266 266.7678108223469 999.9699999999721 145.498046875 96952.3172084926 1735.0970490048137 8354373.777617479 5769.563623143825 5712.5
200000.0 210000.0 175.05178710946348 893.1771102627761 279.2563815071578 999.954000000027 63.041259765625 84228.67898764955 1505.9426586259574 6768033.7771216035 4688.696624629626 4400.0
210000.0 220000.0 1833.7062597654294 907.3659711371745 183.7250499402573 999.9320000000298 439.23400000005495 73933.93964578543 1270.7540881659963 5806450.486014873 4019.16922491105 4400.0
220000.0 230000.0 1935.271687499946 896.0809236111171 216.98170984390717 999.6010000000242 376.1953125 75863.26882180783 1331.845344648348 5916360.69409697 4106.810701419926 4400.0
230000.0 240000.0 1757.6184140623081 824.2381585937692 286.93739043509487 999.9549999999581 245.31000000005588 78019.34112361731 1345.3149673206553 6070042.36834575 4198.883238348053 4400.0
240000.0 250000.0 1424.803939452977 857.5196060547023 218.60120593439603 999.7560000000522 385.657958984375 75821.85504215975 1315.7387160106498 6006383.8277167175 4169.411396502618 4400.0
250000.0 260000.0 141.97005664079916 896.1845403053819 228.3718819556671 999.6570000000065 321.52490234375 76907.98289847074 1372.1985601916488 6527163.811082935 4523.170628772359 5300.0
260000.0 270000.0 41.990005859406665 905.273635830963 220.2832435862501 999.8619999999646 307.368896484375 101675.8731599157 1832.319451650885 8330327.871394144 5754.342023033259 6500.0
270000.0 280000.0 87.92695898434613 901.0975491832413 229.37330522350703 999.7580000000307 267.5859375 95663.00458521969 1774.7474641631766 8463322.971985877 5847.294232738106 6500.0
280000.0 290000.0 37.97686132811941 905.6384671519892 232.45074188113196 999.8610000000335 247.778076171875 93359.27049811788 1694.5530529611729 8050756.8082299 5557.056153464043 5187.5
