ts te idle avg_span std_span max_span min_span c_bytes_all c_pkts_all s_bytes_all s_pkts_all videorate
0.0 10000.0 0.0 0.0 0.0 0.0 0.0 0.0 0.0 0.0 0.0 0.0
10000.0 20000.0 4440.006113281255 926.6656477864575 166.63502933503017 999.8509999999987 586.60888671875 28630.78973542509 425.77263948652984 1197577.553080848 1026.2683476438567 288.0
20000.0 30000.0 179.43562109374034 892.7785799005691 229.82327553177643 999.1080000000002 411.9351132812517 28193.898040524808 596.9367036846639 1201561.0176153467 1037.042620426675 373.3333333333333
30000.0 40000.0 400.1551855468715 872.7131649502844 261.5864219902631 999.9420000000027 198.007080078125 20248.38719180509 467.65966827908045 622972.8295643511 552.4336481384689 342.85714285714283
40000.0 50000.0 2267.273964843749 859.1917816840279 193.30841124689763 998.9300000000003 522.2280000000028 20652.439836694695 453.16524926528075 760104.8291345949 675.485784534433 336.0
50000.0 60000.0 3470.1740546874935 739.2111972656252 321.684901175292 999.8640000000014 50.02399999999761 36677.877195272085 648.7805968184753 1809242.9173386747 1590.7547919841843 634.2857142857143
60000.0 70000.0 200.9099726562563 890.8263661221586 232.70628783944613 999.2920000000013 360.8841093749943 26086.105634647418 633.1798089983045 1049727.2713976023 898.9989460241404 603.4285714285714
70000.0 80000.0 2292.60991796873 856.3766757812523 280.60701573206586 999.0280000000057 243.45100000000093 19824.50236563082 477.50533346766525 612006.5818685824 547.0158612482417 342.85714285714283
80000.0 90000.0 6453.455000000002 709.3089999999996 250.95013356940004 991.1239999999962 320.36699999999837 17179.0 370.0 1444589.0 1277.0 753.8181818181819
90000.0 100000.0 491.70988671875966 950.829011328124 141.03838029567797 999.5800000000017 549.64111328125 28658.724687731567 723.4105242217111 3434218.5172658823 2855.076686419339 2700.0
100000.0 110000.0 2909.6411816406326 787.8176464843741 328.40746115071215 999.8070000000007 91.66599999999744 34000.803048281196 915.2940227366187 4418037.354920155 3632.6720798170104 3600.0
110000.0 120000.0 2030.939640624987 796.9060359375013 352.91103798832063 998.6739999999991 0.0 32966.823714287464 859.353129836853 4353385.597119916 3566.4135347372176 3000.0
120000.0 130000.0 914.8161953125382 825.9258004261329 320.20764283028 999.0309999999881 79.923095703125 44932.55264093254 1196.9845575311083 5879269.067123503 4784.607345641531 4200.0
130000.0 140000.0 2530.462197265646 829.9486447482616 312.67235738694797 999.3379999999888 60.49499999999534 36461.16665712044 932.2608465165661 4784978.041679465 3912.722730752882 3800.0
140000.0 150000.0 1666.3258984374988 833.3674101562501 354.6711598128304 999.5629999999946 0.0 33483.9292516468 864.6969191571429 4383933.421891077 3584.50762263202 3933.3333333333335
150000.0 160000.0 434.7770625000121 956.5222937499988 120.64910531729112 999.2200000000012 613.4609375 42452.795071239125 1082.8814338530638 5501685.452503033 4494.141761482311 3700.0
160000.0 170000.0 2029.7498417968454 797.0250158203155 351.1450336910018 999.5210000000079 0.0 39399.65212907699 1021.4416642739232 5200942.768380944 4235.102309014988 4400.0
170000.0 180000.0 1069.730191406241 893.026980859376 215.56682494723557 999.9789999999921 371.0169042968773 40936.28215575513 1059.9532000491538 5428062.779116023 4416.7559295027 3800.0
180000.0 190000.0 3785.9569042968797 887.720442243303 237.66038864518174 999.6559999999881 359.4000957031385 30722.27064392875 771.7237018238593 3851161.0 3136.0 3000.0
190000.0 200000.0 532.9439785155992 946.7056021484401 124.48926604351713 998.8509999999951 608.322021484375 46687.91889314243 1200.8726295338984 5902342.814840483 4818.542535622647 4500.0
200000.0 210000.0 125.58306249999441 897.674267045455 215.18531657903344 998.6289999999863 388.2679785156215 52625.89896341929 1393.1421237434304 6913742.09321168 5620.965006290805 5300.0
210000.0 220000.0 1223.9810468750075 877.6018953124992 210.45158292665843 999.6870000000054 447.35904101561755 46847.730238943055 1200.3463760624516 6215649.905583605 5053.981542086843 4400.0
220000.0 230000.0 79.3808457030973 901.8744685724457 208.40006886538205 998.3239999999932 468.3850878906378 53387.93119509352 1398.4629911947413 7263279.61374816 5914.577628587068 5600.0
230000.0 240000.0 1699.04209765626 830.095790234374 293.16605905656667 999.9100000000035 176.87200000000303 50225.44599506607 1317.5269976721258 6869638.40135142 5564.5790486416545 6500.0
240000.0 250000.0 1110.3240683593322 888.9675931640668 223.30206628140027 999.8649999999907 375.04103125000256 61124.00246803188 1536.9689239527943 7412915.03601279 5998.60322762708 5600.0
250000.0 260000.0 1989.8729609375587 801.0127039062442 279.43436299201466 999.9079999999958 260.8059999999823 25271.601673837537 571.6361215993804 2766196.3064800533 2342.99005208361 1700.0
260000.0 270000.0 3346.067037109344 831.741620361332 222.89731060379845 999.6130000000121 380.0910605468671 33318.132972362284 829.6194010402329 3931100.374428683 3254.978835352634 3500.0
270000.0 280000.0 41.33195507811615 905.3334586292622 214.38331658792367 999.9280000000144 360.5330976562691 58095.251664442636 1558.8966663568574 7737727.200606377 6272.459634037705 6500.0
280000.0 290000.0 206.63697460934054 890.305729580969 218.10741127279886 999.8730000000214 385.7820527344011 49764.16080426993 1313.4788018944057 6893251.635467956 5620.826462940412 5000.0
290000.0 300000.0 131.93488085945137 897.0968290127771 208.18574369284832 998.6049999999814 455.06102734373417 42261.44553346257 1101.3732125048914 5730078.929550815 4677.419443464214 4400.0
