ts te idle avg_span std_span max_span min_span c_bytes_all c_pkts_all s_bytes_all s_pkts_all videorate
0.0 10000.0 0.0 0.0 0.0 0.0 0.0 0.0 0.0 0.0 0.0 0.0
10000.0 20000.0 4586.425910156242 773.3677271205369 370.7554490102619 999.862000000001 135.5639999999985 40466.22869468828 874.589258635193 4175989.162599689 3426.8483982101006 2300.0
20000.0 30000.0 1247.7290410156274 875.2270958984373 176.20177507889656 999.737000000001 567.0769999999975 48185.187183029346 1276.9484026922194 6363267.453587637 5213.74157890738 3466.6666666666665
30000.0 40000.0 664.0780839843865 848.7201741832376 271.98756800982187 998.9539999999979 294.68896484375 46903.753026032326 1289.14318769498 6742927.58900698 5479.918606736655 5187.5
40000.0 50000.0 114.64701367186353 898.6684533025579 226.78380901792985 998.6370000000024 267.949951171875 50391.5143091795 1359.0144764308877 7302504.377178528 5915.696549322303 6500.0
50000.0 60000.0 43.19295312500617 905.1642769886358 234.0289108184007 999.6720000000059 243.572998046875 56102.05433997722 1490.1161462532632 7898775.482012203 6392.3508632626545 5975.0
60000.0 70000.0 73.28104492186685 902.4289959161939 247.76921670511305 999.8089999999938 189.251953125 59555.07835097984 1564.4541152814172 8160276.332243407 6598.335620852121 6500.0
70000.0 80000.0 1028.8338730468822 897.1166126953118 204.4721578523013 999.9379999999946 356.632080078125 56969.55322036116 1401.31422018153 6710010.054490874 5464.073993671471 4944.444444444444
80000.0 90000.0 196.32911914063152 891.2428073508516 238.5710748712579 999.1359999999986 247.7099609375 56068.7807518053 1491.9411584603265 7704423.890598773 6231.9923700706795 5900.0
90000.0 100000.0 41.819935546882334 905.2890967684652 237.11601295101747 999.4569999999949 226.426025390625 51029.35422653894 1317.6527670812889 6820274.3245790675 5551.052918289332 4400.0
100000.0 110000.0 699.6131113281153 930.0386888671885 114.81857175453834 999.226999999999 676.5869140625 42726.8589619646 1120.529537300495 5737078.311073616 4672.907568453966 4400.0
110000.0 120000.0 494.3719511718664 864.1480044389212 277.601755984866 999.5959999999905 291.136962890625 42791.41907578089 1107.8656957484795 5573004.768933588 4542.414213285422 4400.0
120000.0 130000.0 577.2898535156273 942.2710146484372 119.63924450191548 999.8949999999895 652.9310371093743 40470.06553030733 1049.1837776515117 5333842.668732619 4350.254834606046 4400.0
130000.0 140000.0 653.8232265624974 849.6524339488639 319.80439531433586 999.9890000000014 189.46689062498626 44303.71023781686 1149.2648507161832 5867254.423272978 4786.427891190837 4400.0
140000.0 150000.0 2494.812882812461 833.9096796875043 226.5669439269983 998.9409999999916 430.25 38552.4420915384 999.9824058722247 5329231.161690041 4331.984593141031 4400.0
150000.0 160000.0 1991.8740000000398 889.7917777777734 323.6458862857567 999.625 26.75800000000163 40189.0 1036.0 5453584.0 4434.0 4400.0
160000.0 170000.0 797.5369882812956 920.2463011718704 244.2669868549373 999.8729999999923 225.06201171875 45446.88327042409 1164.607152579594 6160486.09807355 5010.281217920383 4400.0
170000.0 180000.0 1342.327011718764 961.9636653645817 75.60705935237654 999.6620000000112 773.0649882812577 42064.11672957591 1098.3928474204063 5740395.90192645 4681.718782079617 4400.0
180000.0 190000.0 941.2901210937707 905.8709878906229 266.1373705137323 998.0760000000009 150.27587890625 41420.38560413898 1049.02787342022 5473230.864337934 4446.6718068463615 4400.0
190000.0 200000.0 1672.6607968750177 832.7339203124982 314.6003038705646 999.9860000000044 150.7509999999893 40501.763852848984 1060.0483214111575 5561925.101773968 4548.061934989995 4400.0
200000.0 210000.0 269.5381406249944 884.5874417613642 243.99895772518403 999.5229999999865 218.56494140625 46164.142386152314 1185.3325371200344 6185302.887509507 5068.282546448427 4400.0
210000.0 220000.0 288.9059414062649 971.1094058593735 70.95286326582686 999.875 770.4580585937365 42248.70815685972 1105.591268048588 5723007.146378591 4667.9837117152165 4400.0
220000.0 230000.0 383.7060449218843 961.6293955078115 116.33708257447243 999.859999999986 630.553955078125 42812.9478575567 1101.9789272980267 5731944.740449429 4690.699149561601 4400.0
230000.0 240000.0 623.5188378906169 852.4073783735803 322.7159281223861 999.6140000000014 61.9951171875 41090.63701645387 1060.4738510331308 5604895.288036019 4563.596223206747 4400.0
240000.0 250000.0 1928.6891523437225 896.8123164062531 209.33386118395717 997.4629999999888 369.14300000001094 40350.45791111335 1033.202391212141 5314609.581870641 4308.77021755042 4400.0
250000.0 260000.0 118.29069921874907 898.3372091619319 244.30573227104588 999.2870000000112 209.31603515625466 49547.940551745465 1273.3682842183289 6538707.1907394575 5328.2755140127065 4400.0
260000.0 270000.0 692.7049472656217 846.1177320667616 284.635235170203 999.7820000000065 287.101318359375 41000.84035812543 1056.6643190091538 5474749.484873862 4460.634107049471 4400.0
270000.0 280000.0 203.10139062500093 890.6271463068181 230.33629014457304 999.8680000000168 245.575927734375 40426.33943372174 1038.3870698896014 5282988.460076144 4326.115488520493 4400.0
280000.0 290000.0 202.58286718750605 890.6742848011359 258.5628354881616 999.5160000000033 146.112060546875 45257.812531282376 1170.0487775467698 6145301.21872713 5009.082400391938 4400.0
290000.0 300000.0 1032.6617812499753 896.7338218750025 197.9306432910315 999.6869999999763 359.311279296875 44591.05055380121 1146.5047598545498 5843642.783288739 4759.19529466629 4400.0
