ts te idle avg_span std_span max_span min_span c_bytes_all c_pkts_all s_bytes_all s_pkts_all videorate
0.0 10000.0 7750.81298632815 749.7290045572832 429.21881185359007 999.3040000000037 254.114013671875 24651.06931677733 234.7471586448807 593126.0392035159 424.47092158882583 1920.0
10000.0 20000.0 2525.9000136718387 934.2624982910202 116.1581741200655 999.9220000000205 739.1049863281078 51375.93068322267 715.2528413551192 1889378.9607964843 1339.5290784111742 510.0
20000.0 30000.0 3167.607000000018 854.0491249999977 316.7040583674454 998.9579999999842 91.79899999999907 50282.0 812.0 2263274.0 1593.0 1500.0
30000.0 40000.0 2985.439999999944 876.820000000007 327.7039432052828 999.460000000021 66.23499999998603 43362.0 690.0 3255354.0 2274.0 2500.0
40000.0 50000.0 156.10104101564502 984.3898958984355 42.91383646749327 999.9239999999991 862.407958984375 79539.87041133978 1387.7597826324577 6179004.4556860365 4292.328137524819 4000.0
50000.0 60000.0 3034.89306445315 696.510693554685 425.7096322124921 998.9810000000289 0.0 66043.88984677591 1107.4924925125592 5094539.563393826 3538.489899935881 3622.222222222222
60000.0 70000.0 1413.2138066405896 780.6169266690373 306.7009449045228 999.9199999999837 238.840087890625 71266.49485530806 1297.183962696797 6094287.607540613 4227.490676064742 4400.0
70000.0 80000.0 3365.464039062441 829.3169951171949 246.25415907100017 999.6020000000135 321.0129121093778 66216.5835935529 1135.92481209652 5327301.219731476 3690.17915852182 5300.0
80000.0 90000.0 72.45194921869552 902.5043682528459 281.47699914705123 999.869000000006 60.85495117190294 97766.21390631562 1748.5962860975967 8125018.549959136 5621.544657270891 5187.5
90000.0 100000.0 2035.8861367187346 884.901540364585 287.81730429661394 999.8510000000242 119.79790039063664 71149.69484493826 1117.8316844998146 5226899.814216344 3636.042986384209 4400.0
100000.0 110000.0 2002.538058593811 799.7461941406189 390.7612558316152 999.4230000000098 58.385037109372206 82181.93411035341 1445.2949862595224 6782102.509280029 4688.7969360834795 4400.0
110000.0 120000.0 1163.597621093737 883.6402378906263 279.25053667106755 999.9380000000237 106.26809570309706 89698.4458639619 1596.2236014612508 7480046.625914804 5174.813534225606 6200.0
120000.0 130000.0 815.7399648437276 834.9327304687521 307.48295363527313 999.9670000000042 77.29971679690061 88797.08540231358 1564.0728960577728 7541788.251155929 5208.9473451718795 5000.0
130000.0 140000.0 175.39943554677302 893.1455058593842 211.17702222034114 999.88400000002 469.7548828125 94629.3565796412 1685.5536295980326 7744399.801485169 5364.714973073491 5900.0
140000.0 150000.0 1902.861847656197 899.6820169270892 181.14259371191608 999.9670000000042 527.7751171875279 82614.54101283695 1455.2150198581132 6904156.348931414 4770.099868811206 5300.0
150000.0 160000.0 1063.948035156296 893.6051964843704 289.15072780701485 999.6570000000065 73.1209648437216 88641.88957266248 1609.8508462295629 7693247.252705226 5318.551826931973 5600.0
160000.0 170000.0 98.87009179696906 990.1129908203031 27.712442008115797 999.7660000000033 911.305908203125 98496.04864186657 1783.4426711540618 8709326.99204417 6013.196992136953 6500.0
170000.0 180000.0 105.41680859378539 899.5075628551105 272.86123248509654 999.0970000000088 86.13109179685125 93940.556182952 1704.9851794350138 8166253.598222685 5639.740369371028 5600.0
180000.0 190000.0 231.79405273438897 888.0187224786919 263.70573897627776 999.7229999999981 140.19590039062314 79447.20652145814 1403.6671505355584 6343741.812872998 4402.007641223274 4400.0
190000.0 200000.0 1891.104046875087 900.9884392361014 233.14021801313953 999.8689999999478 300.63095312501537 53482.18865372329 960.904998875366 4602261.596860147 3199.054997268746 4400.0
200000.0 210000.0 2411.922999999835 843.119666666685 328.5199517358096 999.8760000000475 74.80000000004657 73598.0 1233.0 5867807.0 4063.0 3700.0
210000.0 220000.0 1596.1501054688124 933.7610993923541 156.9141424656042 999.8889999999665 520.4579999999842 78218.53775794333 1374.1653822213643 6645570.935977236 4600.970528969865 4400.0
220000.0 230000.0 2090.2068261717213 878.8659082031421 309.1194273044484 999.8469999999506 61.41910546878353 59571.940605789845 1024.4461689102304 4868150.831244685 3380.0407355225543 4400.0
230000.0 240000.0 1786.7231757810805 821.327682421892 354.2645952503979 999.5200000000186 123.44093164068181 73545.73531041176 1312.0849528867711 6452385.974040208 4462.702261878489 5450.0
240000.0 250000.0 126.47700976545457 897.5929991122314 278.84023141706706 999.7839999999851 63.31410742190201 92309.6020234485 1615.1566610307052 7508375.310714273 5198.504140279505 5100.0
250000.0 260000.0 70.24381640634965 902.7051075994227 265.673383900164 999.4429999999702 112.48011718748603 90007.73563943889 1668.892356787188 8309596.535058673 5735.333368069836 6500.0
260000.0 270000.0 105.67197265615687 899.4843661221676 255.84320786558322 999.814000000013 144.6849335937295 89444.70600934449 1646.3086243116538 7856063.684867155 5430.456293006243 6500.0
270000.0 280000.0 246.41719140601344 886.689346235817 253.14718959158304 999.8580000000075 178.332906250027 98207.68883117763 1772.1135361080449 8426161.701783746 5830.107496192658 5450.0
280000.0 290000.0 1946.3839746095473 894.8462250433836 230.7603624316794 999.9179999999469 296.896097656223 62347.305417095056 1109.867259630496 5263138.376652821 3650.1803834077646 4400.0
290000.0 300000.0 1257.8846445312956 874.2115355468704 286.61007338737653 999.6260000000475 69.66007226565853 88927.42494410957 1531.6018089405177 7198025.878934977 4982.935557907912 4400.0
