ts te idle avg_span std_span max_span min_span c_bytes_all c_pkts_all s_bytes_all s_pkts_all video_rate
0.0 10000.0 0.0 0.0 0.0 0.0 0.0 0.0 0.0 0.0 0.0 0.0
10000.0 20000.0 3634.777892578102 795.6527634277372 371.58954558007764 999.7989999999991 109.82099999999627 72285.1284846644 1182.0636611481934 5510672.887272319 3816.510536209184 3000.0
20000.0 30000.0 37.087042968778405 905.719359730111 228.39228144307523 999.8950000000186 267.716064453125 94714.2408974563 1727.9358265688616 8076618.583019838 5584.252873082935 4400.0
30000.0 40000.0 40.90097460930701 905.3726386718812 232.56681072902694 999.8979999999865 246.64208984375 88716.95740840465 1686.346481233587 7909183.73254173 5460.186454918547 6500.0
40000.0 50000.0 35.600011718750466 905.8545443892045 238.7685823631177 999.9579999999842 221.330078125 102288.56673034038 1810.5799651688424 8489594.115932334 5862.835479292242 6500.0
50000.0 60000.0 32.82505859376397 906.1068128551124 240.7100706374591 999.7609999999986 208.02001953125 106955.78961728244 1953.392160106728 8880623.689015003 6121.453415945996 6500.0
60000.0 70000.0 159.2900292968843 894.6099973366469 267.4225611199932 999.8020000000251 127.114990234375 101027.79147902707 1854.5495546679554 8703515.523651728 6004.009536796409 6500.0
70000.0 80000.0 21.97373242181493 907.0932970525623 264.34647726264245 999.9810000000289 118.2392578125 97013.70301835387 1796.5958667230952 8536975.161211675 5892.314865306386 6500.0
80000.0 90000.0 964.5221425782074 903.5477857421793 208.36207166987245 999.6469999999972 324.818115234375 90038.36312687403 1556.4182900617939 7349593.188970202 5091.816044787691 6500.0
90000.0 100000.0 74.49316406244179 902.3188032670507 220.76620551367816 999.5109999999986 304.324951171875 104431.11111813178 1913.5442655436561 8530593.202813521 5887.297849052038 6500.0
100000.0 110000.0 32.13769140630029 906.1693007812454 223.42744734822634 999.4139999999898 291.041259765625 108580.9629909029 1968.2675322990194 8871792.86433221 6124.097209821491 6500.0
110000.0 120000.0 24.460011718736496 906.867271661933 226.51432361343717 999.960000000021 276.479248046875 110274.88771169921 2004.7060431712932 8783147.597102867 6075.318397227459 6500.0
120000.0 130000.0 1174.1499492187868 882.5850050781213 233.8802942967808 999.9579999999842 274.581298828125 96965.53385282142 1696.8832321277243 7768957.033907001 5358.6045804375135 4866.666666666667
130000.0 140000.0 1551.25125390623 844.874874609377 306.9174822172908 999.7490000000107 17.28200000000652 89793.99415923047 1598.7873668286595 7093519.725544654 4909.240036908397 5500.0
140000.0 150000.0 153.9730332029867 895.0933606179103 244.36598123830726 999.7420000000275 205.12395507813198 109769.56190840006 1991.1046448858185 8615650.480718505 5948.455823542629 6500.0
150000.0 160000.0 25.60571093740873 906.7631171875083 223.93598928681004 999.7970000000205 290.4029882812756 109544.6675486004 1984.360833841723 8793084.480794845 6068.770992282952 6500.0
160000.0 170000.0 23.1783925780328 906.9837824929061 221.46919088290076 999.744000000006 303.9036992187612 102770.51709175357 1878.7098860033057 8537615.657699503 5889.895081060265 6500.0
170000.0 180000.0 31.71392578125233 906.2078249289771 219.33908550914958 999.7509999999893 316.4760917968815 107450.45742659234 1969.0151064598833 8787038.494513432 6067.445708652615 6500.0
180000.0 190000.0 34.69668164063478 905.9366653053968 217.22550594101992 999.3040000000037 331.6030175781343 113253.33509861231 2042.1853509949574 8825366.622100813 6091.631611964426 6500.0
190000.0 200000.0 40.2012421877007 905.436250710209 215.91772053064977 999.6729999999516 349.7436992187286 116342.21225642851 2113.5185698724936 8812215.036061607 6084.102536597732 6500.0
200000.0 210000.0 28.1480878907023 906.5319920099362 211.03105567523417 999.8079999999609 376.30994140624534 102484.94296703972 1824.9405780406723 8027337.273989203 5552.230757154334 6500.0
210000.0 220000.0 52.08772265620064 904.355661576709 212.99816127813853 999.8889999999665 390.34102929686196 109437.63617198826 2003.147604936163 8880040.295907428 6128.611548814836 6500.0
220000.0 230000.0 30.838310546940193 906.2874263139146 208.07840994368803 999.8989999999758 426.67275195312686 112049.98331519966 1997.1056835182665 8706719.132340932 6018.193990337693 6500.0
230000.0 240000.0 24.383640624932013 906.8742144886426 205.58337933015184 999.9910000000382 447.8800625000149 102856.9563448817 1892.6282255069507 8589436.164737612 5927.471761113122 6500.0
240000.0 250000.0 35.32801367202774 905.8792714843611 205.3024524510391 999.9239999999991 461.1977031249553 90897.51953929855 1555.0025351004626 7412449.125048258 5124.306773788002 5300.0
250000.0 260000.0 42.73130468756426 905.2062450284033 207.7959423038509 999.8889999999665 472.8447167968843 102033.69715378725 1847.2110295245127 8567287.739162993 5920.947050612805 6500.0
260000.0 270000.0 98.07998437492643 900.1745468750067 214.8604770063974 999.9350000000559 436.093994140625 100321.15192206843 1823.6989975661204 8492672.256774608 5872.981911540803 6500.0
270000.0 280000.0 37.58997460943647 905.6736386718694 208.4074589733254 999.8449999999721 417.77001953125 96786.69154410358 1800.7787436957656 8617482.546798345 5947.222828373515 6500.0
280000.0 290000.0 35.6730312500149 905.8479062499987 210.90678108596327 999.908000000054 394.43798828125 97301.86107102092 1801.0262581414995 8693866.555441454 5997.235231020286 6500.0
290000.0 300000.0 24.04270898445975 906.90520827414 208.779330007895 999.2979999999516 388.561279296875 100353.6769946734 1848.9223405336907 8784797.176218297 6062.850234256533 6500.0
