ts te idle avg_span std_span max_span min_span c_bytes_all c_pkts_all s_bytes_all s_pkts_all videorate
0.0 10000.0 7257.768037109345 914.0773209635518 141.65883250663742 997.2760000000126 750.511962890625 29709.906278731116 384.73478976557544 1241240.424088729 869.0372575358749 2250.0
10000.0 20000.0 55.72188476566225 904.0252832031216 233.64555359727265 998.8009999999776 243.76203710935079 82113.50928621166 1376.328518534021 4084006.284911592 2843.1044153293597 1500.0
20000.0 30000.0 574.2660937499604 856.8849005681855 256.1909998766713 999.8859999999986 274.0209218750242 66295.11090068484 1123.3675822927403 3744465.1613229103 2607.661007689818 3380.0
30000.0 40000.0 1300.1170859374688 869.9882914062531 209.3142635583105 999.9510000000009 509.2958984375 89994.52829574123 1699.4913749583236 7535135.754027905 5202.717045774647 6800.0
40000.0 50000.0 499.83389843750047 863.651463778409 309.5698158265283 999.7540000000154 50.65600000001723 89233.94523863115 1659.07773444934 7326389.375648864 5061.4802736703 5000.0
50000.0 60000.0 1516.0038886718685 942.6662345920146 166.15750836316974 999.5300000000279 499.589111328125 93580.13737711267 1623.6732953468595 7048410.469815301 4878.522373533596 4700.0
60000.0 70000.0 1961.7290019532084 803.8270998046792 331.60508852284437 999.8989999999758 62.65799999999581 85575.66775017515 1529.5380818622211 6784072.564886355 4698.740358693172 4925.0
70000.0 80000.0 2041.9151816407102 795.808481835929 343.3922434553583 999.7299999999814 39.56400000001304 80212.32458746806 1416.2941362541026 6397714.042595779 4429.967318561967 5800.0
80000.0 90000.0 1738.0799628905952 826.1920037109405 289.6137633346002 999.7609999999986 222.40399999998044 89800.1812116454 1550.6463048711078 7045126.139540851 4871.990484223858 4400.0
90000.0 100000.0 3174.599710937415 758.3778098958428 309.1044343194452 999.7150000000256 183.10899999999674 71404.47265967434 1260.7004370065804 5585342.839841904 3867.049294845239 5800.0
100000.0 110000.0 78.15229492186336 901.9861550071033 213.2810906038736 999.8410000000149 459.032958984375 101264.11399433466 1803.613301022738 8116253.394152578 5610.476483451185 4662.5
110000.0 120000.0 2609.2760624999064 739.0723937500094 352.92232619834493 999.579000000027 47.84600000001956 61486.61362414057 1087.03001256131 4800271.452519269 3338.0016856446537 4400.0
120000.0 130000.0 489.4028964843601 864.5997366832399 317.6038045671214 999.9959999999846 0.0 84658.48879544914 1466.504431075081 6622944.096647964 4594.252001046329 4400.0
130000.0 140000.0 1528.8617050781613 941.2375883246488 166.04270662551315 999.5559999999823 498.727294921875 84549.88897672508 1508.736099981518 6700126.341713853 4639.433010393419 4400.0
140000.0 150000.0 2382.6363027343177 846.3737441406314 303.0090222450586 999.9859999999753 192.11570507811848 86162.50664306548 1338.8848962382474 5751679.8053373955 3993.0538863258134 4400.0
150000.0 160000.0 2118.3229863281013 788.1677013671899 333.18532775209485 999.8709999999846 32.053000000014435 65451.48612200669 1153.229473673654 5088291.504699156 3536.189603325145 4400.0
160000.0 170000.0 75.92503906256752 902.1886328124939 211.38976595195265 999.6070000000182 417.990966796875 87106.69331793537 1525.867077998133 6458304.443026846 4480.636703313767 4400.0
170000.0 180000.0 2057.4379667968606 794.256203320314 341.66256395919436 999.9459999999963 86.8300000000163 89057.4249402674 1572.2824521084476 6686129.905222749 4629.686796641856 5000.0
180000.0 190000.0 1612.8579218749655 931.9046753472261 180.78446132064548 998.7889999999898 450.330078125 85246.73422253193 1504.9214992496525 6857198.470594516 4742.348797598888 4700.0
190000.0 200000.0 1825.7871972655994 817.4212802734401 292.2224438643176 999.9990000000107 344.829000000027 71921.64565761294 1290.648755141322 5955529.026898235 4127.198448657816 4400.0
200000.0 210000.0 1860.8559335937025 813.9144066406297 331.493385570243 999.7989999999991 31.11211914056912 88705.71707063644 1554.7931375975345 6709481.662114987 4651.035901915068 5300.0
210000.0 220000.0 1490.7046757813077 850.9295324218692 238.59810852208554 1000.0 491.58005273435265 86488.43540668565 1586.210625172086 7199163.301343144 4977.59067035279 5900.0
220000.0 230000.0 1702.3012714842334 829.7698728515767 308.4900826923993 999.8869999999879 99.44999999995343 78082.46764253304 1394.4259828394047 6515431.539049118 4508.826181475438 4400.0
230000.0 240000.0 3198.143999999971 850.2320000000036 318.56233919057183 999.030999999959 101.43900000001304 67583.0 1206.0 5593574.0 3873.0 4400.0
240000.0 250000.0 1517.4206874999218 942.5088125000087 168.49576233192766 999.780999999959 493.1953125 96891.57297592187 1716.7911468448922 7424028.734558417 5125.2560155361 6500.0
250000.0 260000.0 196.5233124998631 891.2251534091033 236.52707578565762 999.0899999999674 332.5890000000363 98626.42702407813 1803.2088531551078 8505661.265441582 5872.7439844639 4925.0
260000.0 270000.0 1557.0750136718852 938.1027762586795 178.56032103174877 999.9379999999655 462.010986328125 83912.29751446188 1462.5441753686127 6505336.271471892 4510.214829605459 5300.0
270000.0 280000.0 2809.3170429687016 798.9647730034776 304.2351364566496 999.7820000000065 290.5440136719262 77326.0639762811 1360.732747674502 5726137.457830941 3971.681665513071 5300.0
280000.0 290000.0 123.89994921872858 897.8272773437519 209.78794027656136 999.4150000000373 465.593994140625 94750.80847865263 1687.6075641640145 7516752.987759181 5198.952399429674 4662.5
