ts te idle avg_span std_span max_span min_span c_bytes_all c_pkts_all s_bytes_all s_pkts_all video_rate
0.0 10000.0 9742.753000000026 257.2469999999739  257.2469999999739 257.2469999999739 3745.0 13.0 10999.0 15.0 0.0
10000.0 20000.0 1603.526892578113 932.9414563802097 182.17779908123072 999.9220000000205 448.610107421875 100724.30313509006 1652.0987940729378 6689668.112567436 4634.147472625699 2407.6923076923076
20000.0 30000.0 988.2200488281087 901.1779951171891 211.8704816540336 999.994000000006 400.6868925781455 98020.03116612458 1810.354795683607 7685047.777619992 5320.735808814325 6000.0
30000.0 40000.0 112.57198632817017 898.8570921519845 221.28514476950005 999.7619999999879 376.53494140622206 102466.21532467549 1941.5601596679203 8622565.400410576 5955.639322958702 6500.0
40000.0 50000.0 46.71107226569438 904.8444479758459 208.32992721202476 999.9639999999781 458.71992773434613 102162.5600824607 1888.1038114016742 8739140.19080217 6035.952245050431 6500.0
50000.0 60000.0 557.7439160156064 944.2256083984394 160.04093725764648 999.9039999999804 489.16600000002654 99525.4451110052 1783.578030700088 8088634.732409484 5587.4553148448995 5800.0
60000.0 70000.0 173.77497656241758 893.2931839488712 295.17777307568366 999.7989999999991 11.179916015651543 100575.72940792481 1848.2034263676885 8761287.396900244 6046.689809509376 6500.0
70000.0 80000.0 60.42002929688897 903.5981791548282 260.0433602630359 999.2939999999944 132.06789257813944 103554.6702644566 1906.1413960748594 8690176.256563116 6000.638199249611 6500.0
80000.0 90000.0 31.492181640584022 906.2279834872196 254.30703012712584 999.8520000000135 154.90092187502887 97706.187084406 1802.3878153706114 8636667.069959627 5959.570297771601 6500.0
90000.0 100000.0 33.07881640625419 906.0837439630678 250.3404667772115 999.9859999999753 170.21910351561382 101824.99109267618 1861.7417466931765 8834643.201847475 6094.02110481285 6500.0
100000.0 110000.0 39.26413867191877 905.5214419389165 248.69203980180987 999.9739999999874 177.44291992188664 99007.58152910191 1820.6714635817575 8560103.65252717 5911.374798747691 6500.0
110000.0 120000.0 38.85489648440853 905.5586457741447 244.69602208977852 999.3030000000144 194.01105859375093 100946.90861550713 1861.1008570752854 8535332.179681785 5901.083968191005 6500.0
120000.0 130000.0 2339.2070742187207 766.0792925781279 340.12066163399965 1000.0 213.83595507813152 83361.24729073832 1324.7054258203664 5773492.220753563 4008.5464491082876 2847.0
130000.0 140000.0 1497.836669921875 850.2163330078125 310.84667148336865 999.5439999999944 162.69402929686476 101614.77379749173 1727.9289265527086 7132461.325697925 4933.779173701583 5187.5
140000.0 150000.0 38.57032421877375 905.5845159801115 295.28041701465395 999.9089999999851 15.97469921875745 116161.77032228043 2111.6625672323216 8807328.931889528 6078.8801183812175 6500.0
150000.0 160000.0 66.41886132821674 903.052830788344 287.0133136808074 999.7949999999837 39.804023437493015 110512.28064613012 2026.8835430331235 8749739.585384043 6042.262642415584 6500.0
160000.0 170000.0 27.67510937503539 906.574990056815 279.4010381891496 999.945000000007 67.0338847656385 104911.35693211443 1933.7347683294083 8584333.976741655 5931.337099966853 6500.0
170000.0 180000.0 41.28508984373184 905.3377191051153 276.44178107980133 999.6350000000093 76.71699414064642 108814.42816209231 2006.7384095128434 8697509.096572205 6012.468122666789 6500.0
180000.0 190000.0 28.320947265659925 906.5162775213037 269.6045374294279 999.8439999999828 100.39108398440294 104633.1661656498 1923.945130435044 8922162.738794692 6158.266430744571 6500.0
190000.0 200000.0 44.73407421866432 905.0241750710305 266.25492588768213 999.9030000000494 113.23803125001723 113412.48888203659 2024.6440783903865 8697075.840288289 6005.194104881742 6500.0
200000.0 210000.0 25.959857421927154 906.730922052552 257.5251116290821 999.719000000041 144.25410546874627 105447.77833726184 1922.4765104456696 8702260.017115254 6012.650784131709 6500.0
210000.0 220000.0 19.89915820315946 907.2818947088036 252.2268037380211 999.9000000000233 162.4989628905896 110162.62952475257 2012.5250422128574 8957073.701545235 6184.2346970394265 6500.0
220000.0 230000.0 24.570886718807742 906.857192116472 249.99262732851471 999.9459999999963 170.93412109371275 97340.03253870869 1811.5217945820918 8690843.594936894 5992.02795794552 6500.0
230000.0 240000.0 150.2677441406995 895.4302050781182 248.36829521159896 999.5949999999721 181.4020078125177 100737.55705966458 1801.2817647907623 8585538.326807585 5925.193062539658 6500.0
240000.0 250000.0 498.7553671875503 863.749512073859 238.24110307544666 999.8880000000354 250.39375195314642 96676.29104254149 1693.5331879753385 7611102.301789818 5263.428839760799 5800.0
250000.0 260000.0 27.82981835945975 906.5609256036855 210.9708181176096 999.4969999999739 375.27011914062314 111800.06546298428 2013.2543267513997 8758299.7240518 6051.253342234601 6500.0
260000.0 270000.0 1179.9591406252002 882.00408593748 242.85571279119665 999.7539999999572 387.7349374999758 97527.04777090423 1716.1185937567266 7885403.963613025 5447.627533483835 6500.0
270000.0 280000.0 20.73691015620716 907.2057354403448 297.6280432743746 999.984999999986 10.009078125003725 110955.81475782677 2015.2306013039338 8787952.78050088 6073.759980622028 6500.0
280000.0 290000.0 33.98070898442529 906.0017537286886 293.93795667010886 999.8619999999646 20.26398828125093 112275.3595956525 2022.071604107322 8751428.067672547 6042.56903642438 6500.0
290000.0 300000.0 27.72932421870064 906.5700614346636 289.41722040313994 999.908000000054 35.058697265572846 105931.26588440845 1948.9112055153144 8776875.811461067 6058.01483007746 6500.0
