ts te idle avg_span std_span max_span min_span c_bytes_all c_pkts_all s_bytes_all s_pkts_all videorate
0.0 10000.0 7033.8337226562435 988.7220924479188 15.263370066002668 999.5169999999925 971.25927734375 34273.45885946462 340.79072187678275 1073821.3739238393 774.407317610925 735.1111111111111
10000.0 20000.0 2234.381957031146 776.5618042968854 333.5620379409514 998.8800000000047 26.02072265627794 65471.85879213763 990.1715291021145 2887337.8739950126 2054.778803545309 1272.3636363636363
20000.0 30000.0 3276.4323046873324 672.3567695312668 400.36066654901737 999.579000000027 2.4710000000195578 49724.89230851173 797.0793903562653 2929571.939023084 2046.2213724059586 1927.5
30000.0 40000.0 1964.0606972655514 892.882144748272 166.77216440389722 999.3510000000242 527.851318359375 58491.58475619156 991.5184758947213 4416659.9505900415 3081.5778434737235 3400.0
40000.0 50000.0 271.56536328123184 884.4031487926153 222.4237245954962 999.6620000000112 406.928955078125 72259.49587030913 1330.965076741208 6201565.254194108 4292.939683998816 4400.0
50000.0 60000.0 1546.4579941406846 845.3542005859315 223.48261356725405 999.8040000000037 452.5569999999716 74182.45203735938 1360.9689836920802 5953724.04941096 4128.4563474874185 4400.0
60000.0 70000.0 1998.5276796874823 800.1472320312517 268.9032132588056 999.7490000000107 375.7170000000042 73808.3394025 1303.5143007672452 5778426.100997362 4001.769587262121 4400.0
70000.0 80000.0 2091.636265624955 790.8363734375046 285.8775816249951 999.5989999999874 226.79899999999907 70805.06331640943 1236.5875617796617 5665257.919035519 3917.89146883608 5000.0
80000.0 90000.0 88.34095703123603 901.0599129971604 210.97723075821725 998.9139999999898 423.81005859375 105860.76595950461 1910.3759834649268 8569034.341776934 5920.298348759028 6500.0
90000.0 100000.0 38.497121093736496 905.5911708096603 209.47952614745884 999.9729999999981 403.0859375 110752.99269046668 2019.7634269326238 8965009.225437328 6183.303185562898 6500.0
100000.0 110000.0 35.250972656242084 905.8862752130689 210.45957570707492 999.9639999999781 386.43896484375 109591.31478448813 1957.4033720335794 8768069.329109134 6052.807584725349 6500.0
110000.0 120000.0 26.62800195312593 906.670181640625 211.71836426578076 999.8919999999925 373.136962890625 101551.46057293606 1861.539671873521 8315640.115047853 5744.636936043926 6500.0
120000.0 130000.0 1146.324080078106 804.8796290838086 356.53577645543476 999.4029999999912 16.2548828125 94008.27468366383 1653.7549354948073 7313069.921374809 5046.195538136921 5333.333333333333
130000.0 140000.0 29.962974609457888 906.3670023082311 300.214645725001 1000.0 1.305908203125 106765.45196602523 1892.7471526275774 8310693.374342289 5749.325775694249 6500.0
140000.0 150000.0 37.27481640619226 996.2725183593808 5.612767960210294 999.8219999999856 983.069091796875 102338.70673397227 1885.3608277220192 8642779.54304448 5965.982707354489 6500.0
150000.0 160000.0 63.35219726554351 903.3316184304051 294.64221418393674 999.9760000000242 15.847908203140832 106566.90505775703 1943.296705263159 8596928.701335717 5941.260112289815 6500.0
160000.0 170000.0 25.277970703260507 906.7929117542491 291.98218199651797 999.9859999999753 27.29410546872532 108880.80185559661 1990.005581341151 8705078.05824164 6012.333555394088 6500.0
170000.0 180000.0 55.883816406305414 904.0105621448813 286.4031195662437 999.9780000000028 43.36107617185917 112584.65700057782 1974.0831751780572 8518336.216113321 5890.493374898175 6500.0
180000.0 190000.0 33.33010742184706 906.0608993252866 275.52896929553924 999.9990000000107 79.56389257812407 102137.30467853995 1875.3121574563872 8543541.414431041 5903.641225208906 6500.0
190000.0 200000.0 55.03202539059566 904.087997691764 272.0101264262392 999.6689999999944 91.2839999999851 96831.77676931804 1798.9365717979008 8403604.102864474 5800.227923865772 6500.0
200000.0 210000.0 34.711056640488096 905.9353584872283 263.75465305409614 999.685999999987 120.58202539058402 105970.17298020983 1920.8213193688587 8686531.093054682 5991.20376000933 5450.0
210000.0 220000.0 1219.1049980468815 798.263181995738 351.7670855873637 999.7099999999627 138.41908203123603 87436.33854460508 1580.5986162065085 7216747.513726531 4988.861425417247 5900.0
220000.0 230000.0 106.38596484367736 899.4194577414838 217.19364637574202 999.6380000000354 391.303955078125 107511.19898148353 1951.973148003777 8557886.88277167 5919.657838054793 6500.0
230000.0 240000.0 89.93106249999255 900.9153579545462 222.15912037786597 999.9699999999721 330.639892578125 100632.99268344745 1794.4512682723841 7770505.684895314 5374.371932995163 5333.333333333333
240000.0 250000.0 39.892896484350786 905.4642821377863 221.3456465291219 999.6469999999972 308.14599609375 104690.60769334392 1895.39101916385 8489614.19846616 5864.680164470396 6500.0
250000.0 260000.0 1241.1699296873994 875.88300703126 205.4471583476429 999.8669999999693 442.51806640625 89997.77434118724 1617.0007726645413 7087472.091053307 4910.01226066021 6500.0
260000.0 270000.0 595.2041718750261 854.9814389204522 307.600410958746 999.9719999999506 23.06689453125 105743.06495500408 1861.8387011624086 8224093.164839089 5683.223773348541 5712.5
270000.0 280000.0 720.1999492187751 927.9800050781225 170.89032484726613 999.9899999999907 459.1689453125 92719.02916975062 1711.674037185503 7825788.108955149 5412.489569245942 6500.0
280000.0 290000.0 85.01367187523283 901.362393465888 213.9460363293744 999.966999999946 405.6552734375 102490.75972993749 1812.2584407711352 8141249.375232585 5627.377756323147 5566.666666666667
290000.0 300000.0 84.59929882804863 901.4000637429046 217.7883676968798 999.8549999999814 354.948974609375 101349.14362091794 1853.5040340240785 8330238.41300111 5754.099019449829 6500.0
