ts te idle avg_span std_span max_span min_span c_bytes_all c_pkts_all s_bytes_all s_pkts_all videorate
0.0 10000.0 5663.747910156253 867.2504179687494 286.6372832350246 998.9860000000008 354.51708984375 27502.11582185512 409.8371444698395 1248070.23671733 1080.9828964977419 690.4
10000.0 20000.0 2149.997089843753 785.0002910156247 303.5505522118758 999.7050000000017 120.99199999999837 24115.88417814488 489.1628555301605 1555850.76328267 1321.0171035022581 594.6666666666666
20000.0 30000.0 5071.2390468749945 704.1087075892865 385.35801196398273 998.9550000000017 140.251953125 19178.56453102661 447.31238310165844 2462677.7943804753 2061.421598026903 2080.0
30000.0 40000.0 260.9159531250043 973.9084046874996 45.725629161678675 999.9839999999967 859.2810468750031 36959.43546897339 937.6876168983415 4507979.205619525 3702.5784019730963 3700.0
40000.0 50000.0 644.446089843761 935.5553910156239 128.99348520735225 999.3469999999943 591.60791015625 56631.43127090812 1439.1223546120266 6737734.766285391 5485.360180727806 4400.0
50000.0 60000.0 501.5989550781087 863.4910040838083 298.1443405711171 999.5280000000057 140.678955078125 47273.65353466616 1210.2791207910325 5957468.889629246 4860.7599020728285 4400.0
60000.0 70000.0 103.07197851563978 899.720729225851 278.6849031143899 999.929999999993 69.1259765625 41514.950339019255 1049.7602260622548 5624142.112493446 4585.158246857736 4400.0
70000.0 80000.0 88.81867578125093 901.0164840198863 289.3535092352415 999.6180000000022 30.63330078125 46648.71420942724 1159.3488858350358 5626556.844386928 4592.040177949171 4400.0
80000.0 90000.0 161.5100078124815 983.8489992187518 26.784665309513713 999.3359999999957 912.67529296875 60115.35892707969 1501.8477630791904 6766915.21406572 5492.314669562117 5450.0
90000.0 100000.0 516.7331757812353 862.1151658380695 285.78528189313084 999.5939999999973 87.07370703124616 44369.93972367706 1057.612395396272 4804787.023885053 3960.0619576882505 3700.0
100000.0 110000.0 646.0671230468579 850.3575342684675 299.4661327292965 999.8940000000002 130.468994140625 48776.58076314665 1247.2815680503636 5976086.192949298 4866.77805915853 4400.0
110000.0 120000.0 171.96394335932564 893.4578233309704 274.72429661198623 999.3330000000133 73.85205078125 47989.175874653156 1203.3825729142861 5646811.789260079 4611.349848993649 4400.0
120000.0 130000.0 1572.4799414062 842.75200585938 297.7504415218717 999.2600000000093 162.287109375 45549.899253810145 1158.9499199674526 5703674.634299107 4649.94006000185 4400.0
130000.0 140000.0 169.83520703125396 893.6513448153405 292.69827369894165 999.9869999999937 23.14990234375 52710.28564947359 1335.3180809870694 6544483.224312057 5322.29109333056 4400.0
140000.0 150000.0 686.9549960937293 931.304500390627 183.84940120837317 999.8539999999921 409.50390625 48259.52812913101 1217.1465869326507 5853599.33214971 4780.020417922278 4400.0
150000.0 160000.0 349.45695507814526 877.3220949928959 276.76725184722284 999.9100000000035 128.324951171875 45719.07310500333 1163.2753668284136 5701524.0075733615 4638.209555379395 4400.0
160000.0 170000.0 162.8939511718636 894.2823680752851 286.76889327224126 999.7840000000142 37.875 57547.70678579001 1407.470068313411 6257049.206318034 5113.372603296468 5100.0
170000.0 180000.0 68.75688281250768 902.8402833806812 295.912218783975 999.2719999999972 11.2451171875 54634.68999840298 1357.9770679272374 6364908.969260629 5195.860024167639 4750.0
180000.0 190000.0 85.94517187503516 991.4054828124965 15.86576202498534 999.9690000000119 948.1689453125 60869.38451808957 1504.0376724838686 6879781.144304736 5596.074135278081 4400.0
190000.0 200000.0 460.5739746093459 867.2205477627867 310.9630372537277 999.8330000000133 14.148054687510012 45473.71029245136 1143.6353645920826 5659861.167535426 4610.423539834476 4400.0
200000.0 210000.0 826.1806757812446 833.9835749289778 305.83287949715947 997.1939999999886 63.727294921875 45595.10733525252 1172.8081652855549 5721966.400952039 4641.062330387339 4400.0
210000.0 220000.0 1942.0083613281313 895.3324042968743 276.2794232447494 999.5709999999963 160.85693359375 44176.05955503304 1065.6455344171761 4749614.756913363 3886.204831104805 4400.0
220000.0 230000.0 172.27191406252678 893.4298259943157 276.0809615214671 999.734999999986 74.02001953125 52901.4333142244 1352.255350333432 6675135.710441526 5421.225198716012 4700.0
230000.0 240000.0 45.15708593753516 904.9857194602241 283.46681442466735 999.5719999999856 52.85693359375 70426.36951548116 1783.1976146561037 8469499.45417598 6850.107004468807 6500.0
240000.0 250000.0 525.5148789063096 947.4485121093691 129.2073317173682 999.6479999999865 582.7060546875 57761.30353237298 1358.9666199858991 6101639.095884211 5017.255848885994 3837.5
250000.0 260000.0 1055.3247460938292 813.152295809652 311.7023429533453 999.61599999998 140.84130859375 52728.77000109318 1287.2487902897938 5880874.861509177 4781.0654763207685 4400.0
260000.0 270000.0 145.46618945308728 895.8667100497194 277.79711417400284 999.9980000000214 68.297119140625 46781.58358800916 1184.6467916813635 5685306.088777415 4639.05711823481 4400.0
270000.0 280000.0 2103.763156250003 789.6236843749997 402.982741488053 999.8929999999818 26.011962890625 42399.191676736365 1069.86614973108 5249426.907841217 4278.124457266691 4400.0
280000.0 290000.0 1633.920976562542 836.6079023437458 346.4873183438288 999.6660000000265 7.135986328125 42081.3287372466 971.9059003312449 4431068.00172364 3619.291376349088 3400.0
