ts te idle avg_span std_span max_span min_span c_bytes_all c_pkts_all s_bytes_all s_pkts_all videorate
0.0 10000.0 7356.608015625003 881.1306614583324 198.3914528733213 999.1729999999989 652.083984375 20218.519274347425 305.7550289536871 1189559.6757732758 987.4744105645652 2300.0
10000.0 20000.0 48.2151015624986 904.7077180397729 217.93118502417678 999.9950000000026 342.86701562500093 51606.28816880453 1194.0522964491352 4140093.582498237 3426.071108218406 1566.6666666666667
20000.0 30000.0 1906.7019511718827 809.3298048828117 246.89475093067756 999.4499999999971 372.3551171875006 39820.892918011676 932.2674745039102 3099329.7527781767 2570.4071068389994 1337.7777777777778
30000.0 40000.0 2128.6890039062564 787.1310996093744 327.25731752559255 999.775999999998 98.22899999999936 23796.380561988393 595.1322557062597 3198099.248798676 2638.1935855091174 2585.714285714286
40000.0 50000.0 69.2329921874989 902.7970007102274 219.1927382671414 999.788999999997 330.283935546875 37430.13085342391 960.8759452781218 5030736.65479207 4111.316391746594 4000.0
50000.0 60000.0 89.42789257812547 900.9611006747159 222.960849148282 999.7899999999936 298.14404296875 43346.07418961625 1099.5250746732652 5631759.926360072 4603.072988217113 4400.0
60000.0 70000.0 1944.3951464843703 895.067205946181 209.86349681550323 999.9170000000013 398.993896484375 42787.157435834546 1076.4958347280058 5731440.939553078 4655.355261333993 4400.0
70000.0 80000.0 111.27480078127701 898.975018110793 217.01166398541307 999.9909999999945 352.548095703125 50900.50433129101 1281.8540358236544 6841519.82683354 5556.924276127308 4400.0
80000.0 90000.0 79.15716992186208 901.8948027343762 219.89975296212742 999.7229999999981 319.64892578125 37566.48648681029 945.5664887341309 5313153.330138062 4323.760012840769 4400.0
90000.0 100000.0 299.4240058593714 881.8705449218753 245.6962589735742 999.9759999999951 198.117919921875 41951.92506057402 1055.0196454370518 5536469.244286907 4523.37014112243 4400.0
100000.0 110000.0 871.606841796849 912.839315820315 190.35908540192742 999.6100000000006 399.205078125 40375.3511234485 1027.969494656723 5480189.002667248 4464.8991566796185 4400.0
110000.0 120000.0 80.26414843750536 901.7941683238631 218.9566357561352 998.7829999999958 347.6279296875 50561.60546656519 1234.8094388539387 5949139.299856281 4865.329247167016 4400.0
120000.0 130000.0 150.82081835941062 895.3799256036899 238.96777536575524 999.9819999999891 246.964111328125 54265.05256610319 1334.7978155288831 6457677.414149839 5282.1477378447 4400.0
130000.0 140000.0 239.81302734371275 887.2897247869352 251.70319674804247 999.9049999999988 162.986083984375 40377.51948033576 1024.3522523412903 5560039.529802155 4524.430200101298 4400.0
140000.0 150000.0 106.53717968749697 899.4057109375003 272.7686130404703 999.5890000000072 90.076904296875 40115.92688784596 1026.0446315714246 5677111.613097625 4625.682808796268 4400.0
150000.0 160000.0 58.43091601564083 903.7790076349418 281.13516286015437 999.9459999999963 59.93798828125 39839.35663070812 1012.0344733438714 5608700.565741777 4566.700598129839 4400.0
160000.0 170000.0 172.10286718749558 982.7897132812504 22.973034692584076 998.8319999999949 937.75401171876 50915.13155474476 1284.599614442455 6866494.884612762 5559.3050138528915 4400.0
170000.0 180000.0 698.146203124983 845.6230724431833 328.033796915759 999.9890000000014 44.86087890624185 44813.56898387306 1128.0225966711566 5699944.435469402 4638.3350557844715 4400.0
180000.0 190000.0 89.1339921875333 900.9878188920425 218.7185051138692 999.8379999999888 323.02392578125 56494.23805465786 1405.463845621993 6763483.420522767 5500.49806988453 5600.0
190000.0 200000.0 38.39004687502165 905.6009048295435 222.01981503615957 999.9819999999891 303.40087890625 65020.5648463156 1639.1396202756562 8067781.617253195 6531.688657906178 6500.0
200000.0 210000.0 1528.1619589843613 847.1838041015639 217.89215160532459 999.2760000000126 418.742919921875 42227.74333544001 1056.634253239858 5374045.159401121 4372.999786257624 4100.0
210000.0 220000.0 93.9886542968452 900.5464859730141 221.52862267995928 999.6469999999972 352.197265625 39664.40653855087 1003.2747986294612 5600434.307853409 4567.129504663968 4050.0
220000.0 230000.0 165.44525390624767 894.0504314630684 244.05451791004234 997.9690000000119 229.56201171875 48031.2088691679 1197.6704429414976 6190009.442337247 5036.618958471198 4700.0
230000.0 240000.0 182.65308398436173 892.4860832741489 247.55836623939405 999.3839999999909 174.325927734375 56775.810101683266 1410.962499573603 6865935.806004801 5583.946456136962 5100.0
240000.0 250000.0 623.0450292968308 852.4504518821063 297.7499856848667 999.9689999999828 93.4208984375 59095.350269572664 1400.3965761759891 6476794.810101485 5285.749110028574 4400.0
250000.0 260000.0 47.20895117189502 904.7991862571005 279.26643148313383 999.8740000000107 66.845947265625 45722.940963973786 1153.2810480245273 6168671.468885162 5013.168630947561 4400.0
260000.0 270000.0 698.4089765623794 930.159102343762 190.17183101595154 999.9490000000224 392.219970703125 49007.22102622052 1213.4886414182602 5845536.113672601 4741.189438417464 4400.0
270000.0 280000.0 2014.4010839842958 887.2887684461894 217.57205097505766 999.994000000006 420.98388671875 36839.37817011092 917.2063957133021 4635444.625661301 3787.7430633239424 4400.0
280000.0 290000.0 92.61160156258848 900.6716725852192 219.6797973067692 999.9070000000065 356.96728515625 55848.02062111579 1375.2833004173194 6798658.882006462 5526.535904818673 4400.0
