ts te idle avg_span std_span max_span min_span c_bytes_all c_pkts_all s_bytes_all s_pkts_all videorate
0.0 10000.0 0.0 0.0 0.0 0.0 0.0 0.0 0.0 0.0 0.0 0.0
10000.0 20000.0 4515.127042968757 783.5532795758918 366.39830626659284 999.3919999999925 97.90700000000652 73221.25544559742 1180.5467319904465 4981516.706491451 3461.902935157724 3000.0
20000.0 30000.0 1058.7618710937095 812.8398299005719 332.8302989671655 999.9810000000289 103.5380859375 93365.26414723136 1667.0139393849329 7313309.242169312 5080.008212979115 3954.5454545454545
30000.0 40000.0 257.67607812496135 885.6658110795489 290.7222918410992 999.7370000000228 19.4580078125 99396.96432278967 1913.5977479763685 8584297.314398246 5925.533247909309 6500.0
40000.0 50000.0 120.5820957031683 987.9417904296831 17.488400078935715 999.0819999999949 952.659912109375 88147.14545653162 1656.4052933375417 8600221.644930894 5931.487364969318 6500.0
50000.0 60000.0 43.51382031250978 905.1351072443173 285.50784614777075 999.9189999999944 46.74108789063757 96693.27178532309 1776.5132384478934 8515946.454017416 5883.38605090034 6500.0
60000.0 70000.0 128.1891718749539 897.4373480113678 277.67104196362635 999.7889999999898 70.00190820312127 105877.27445235981 1933.9613606400055 8663532.419864452 5985.288787169434 6500.0
70000.0 80000.0 33.98398828122299 906.001455610798 258.5658998239007 999.7870000000112 140.20308007812127 106691.99116898407 1878.4715802438964 8724796.353727806 6022.345284936506 6500.0
80000.0 90000.0 39.72105078113964 905.4799044744418 253.09592073084028 999.7910000000265 158.866068359348 98690.96735188729 1804.3532867377776 8498985.589707222 5878.134014949877 6500.0
90000.0 100000.0 32.063587890646886 906.1760374644866 249.14975515151616 999.3190000000177 174.69211914064363 107946.10219587089 1955.5486218829292 8533800.235854274 5904.765841794133 6500.0
100000.0 110000.0 95.8602324219537 900.3763425070952 260.18351306888 999.880999999994 143.55870703124674 108560.23261555529 1972.5021628571767 8735127.217297154 6027.661444517271 6500.0
110000.0 120000.0 29.937136718654074 906.3693512073951 236.27381306748134 999.7160000000149 228.3319394531427 103672.90771027737 1846.592550124082 8635219.24186318 5958.0813619889595 5600.0
120000.0 130000.0 4922.324015625054 725.3822834821351 396.5504699237009 999.4039999999804 78.555908203125 56185.770595854585 892.9045679612476 3987375.674715035 2764.8749447199957 2329.3333333333335
130000.0 140000.0 90.18663281248882 900.8921242897737 288.7730236911247 999.5910000000149 33.207275390625 120677.32629775952 2093.0402391062985 8847988.918309188 6119.853588938528 5143.111111111111
140000.0 150000.0 43.48827539070044 905.1374295099363 295.05179899634027 999.3790000000154 16.0 103597.96756600362 1871.284840742928 8437881.583624596 5826.637447740683 6687.5
150000.0 160000.0 40.842699218774214 995.9157300781226 5.0254443901832495 999.6599999999744 983.9409999999916 100566.77469807131 1845.7678289305577 8635916.21258125 5962.169128847431 6500.0
160000.0 170000.0 65.24926367180888 903.1591578480173 297.0704649826005 999.7370000000228 8.310699218767695 103848.91937355172 1861.6820523939928 8337617.799674836 5759.751737821725 5900.0
170000.0 180000.0 39.175039062451106 905.5295419034136 288.9749657326043 999.6479999999865 35.63496289064642 103942.18498707107 1863.9554929229241 8549661.08191793 5903.670654234236 5800.0
180000.0 190000.0 26.143986328155734 906.7141830610767 283.17755979432127 999.9349999999977 55.01100195309846 110055.92062528193 2000.673132272008 8765745.995721297 6052.7271982767215 6500.0
190000.0 200000.0 33.87503906263737 906.0113600852147 279.99140031999946 999.9869999999646 65.45198828127468 103683.2893245657 1901.3049042834446 8595243.84743508 5934.972758090937 6500.0
200000.0 210000.0 33.81066601560451 906.0172121803996 273.0922317913704 999.7639999999665 87.72602734377142 104594.50487795581 1954.123612538868 8680666.038855841 5994.304173917577 6500.0
210000.0 220000.0 26.546207031351514 906.6776175426044 269.13196637245534 999.8649999999907 102.27069335943088 108105.5872321141 1983.7354607111145 8783746.039473256 6058.589109280111 6500.0
220000.0 230000.0 30.83116992167197 906.2880754616662 264.0216439298937 999.969000000041 118.29990039067343 103950.27881269384 1920.7694975219824 8447157.926885197 5832.593664733327 6500.0
230000.0 240000.0 33.0768300780328 906.0839245383606 262.04497867949647 999.6489999999758 126.31407031253912 107918.76017628069 1995.991039762367 8748459.84981316 6042.893322074513 6500.0
240000.0 250000.0 36.19008984370157 905.8009009232999 258.25595217187833 999.7889999999898 141.9509003906278 104242.73411736028 1893.8431525483206 8559760.175815498 5916.229683517497 7142.857142857143
250000.0 260000.0 646.9719960937509 850.2752730823863 277.7084182102143 999.8850000000093 167.864990234375 104037.4584094256 1865.368277132765 8289239.321873771 5720.304962139932 5900.0
260000.0 270000.0 118.2989296875894 898.3364609374919 221.92277580036466 999.8540000000503 350.852986328071 104942.8078965609 1873.4357949376013 8571980.746893216 5921.128169191299 6500.0
270000.0 280000.0 23.682199219008908 906.9379818891811 206.44339414394523 999.85699999996 428.7409160155803 94211.74891549618 1735.8699568468132 8237456.057748796 5684.992507136166 6500.0
280000.0 290000.0 301.03000390622765 881.7245450994338 217.41735195216094 999.9320000000298 441.51911523437593 89740.4213236619 1596.2923765356222 7697328.540853944 5316.052646132544 6500.0
290000.0 300000.0 118.78986914060079 898.2918300781272 218.6416792347354 999.8530000000028 400.06201171875 104094.514032036 1902.9122883697346 8507227.625539053 5873.751649637747 6500.0
