ts te idle avg_span std_span max_span min_span c_bytes_all c_pkts_all s_bytes_all s_pkts_all videorate
0.0 10000.0 6215.957033203158 946.0107416992105 104.43040141794252 998.695000000007 789.365966796875 49352.84153446361 689.4500074269512 2656662.998984051 1855.0964513827785 1928.5714285714287
10000.0 20000.0 2479.5449863281683 752.0455013671832 324.9337670972209 999.9969999999739 208.47803320310777 75163.27116288064 1259.9607400455368 5643532.756352132 3915.8294588351105 3081.818181818182
20000.0 30000.0 1952.484923828044 804.7515076171956 338.0910805831138 999.7289999999921 32.070999999996275 79528.75606592993 1443.3341550072878 7005388.830456681 4841.534000296719 4925.0
30000.0 40000.0 1393.9181328125997 860.6081867187401 224.04682783480354 999.6259999999893 495.35194335936103 84099.32674161081 1568.9993136141964 7303136.060742045 5053.783185514644 6200.0
40000.0 50000.0 39.21497851557797 905.5259110440384 204.62889516264238 999.3410000000149 484.9189453125 99560.18220151795 1842.7946667204528 8794039.666340848 6068.259113102503 6500.0
50000.0 60000.0 130.0689863281441 897.2664557883505 212.95963280099076 999.505999999994 424.532958984375 100821.59311813688 1854.9506899716246 8813067.09585541 6079.310055834613 6500.0
60000.0 70000.0 31.879980468773283 906.1927290482934 210.43387613327286 999.7569999999832 400.802978515625 100933.15915251 1845.6280502398265 8607885.029659873 5943.217651280904 6500.0
70000.0 80000.0 46.532050781243015 904.8607226562507 209.68576648414472 999.8030000000144 386.200927734375 97067.07692792428 1790.150297699417 8532225.782177098 5893.985387174311 6500.0
80000.0 90000.0 46.18298437498743 904.8924559659102 216.19340758924017 999.984999999986 354.116943359375 94982.77758942159 1608.9299933563807 7908942.949440477 5471.774361029255 5187.5
90000.0 100000.0 425.73494335939176 957.4265056640609 118.05400442970193 998.7430000000168 622.0710566406487 74334.01550560431 1345.8020859183264 6292010.829991387 4364.210335549164 4400.0
100000.0 110000.0 599.5740468750009 940.0425953124999 168.71252749212283 999.9679999999935 461.251953125 87216.51077528408 1544.3076173313923 6975047.547622551 4845.673930869526 5800.0
110000.0 120000.0 45.30006835935637 904.9727210582404 209.87251379694763 999.7980000000098 430.056884765625 95546.08177240535 1764.2745282459866 8485237.703938378 5862.202669842951 6500.0
120000.0 130000.0 1033.579968749953 896.6420031250047 180.4473292840809 999.8570000000182 552.678115234361 82445.60757613023 1420.5426415280065 6467070.644996448 4477.502779736215 4244.444444444444
130000.0 140000.0 2136.060029296903 786.3939970703098 326.40599666507285 999.9519999999902 127.13708398438757 75240.91419574284 1321.8133701828262 5763352.061867778 3998.72167829286 4400.0
140000.0 150000.0 1910.050886718731 898.8832348090299 192.91031390375537 999.954000000027 483.71311328123556 62967.885680437495 1133.0618427117884 5020041.041574844 3488.898941258448 4400.0
150000.0 160000.0 2021.8250000000116 886.4638888888876 332.42692005252945 999.2189999999828 0.0 67552.0 1200.0 5588037.0 3871.0 4400.0
160000.0 170000.0 1922.3370781250414 897.5181024305509 200.84133489376657 999.9789999999921 513.169921875 80185.76387073293 1409.2340077498125 6536636.485582873 4525.148745496058 4400.0
170000.0 180000.0 3130.431818359415 763.2853535156205 338.8275995626811 999.060999999987 57.19099999999162 72761.81871558254 1221.6702631363746 5641437.519130505 3909.8450723548312 4400.0
180000.0 190000.0 1375.9501542969374 862.4049845703063 214.89706643292817 999.3279999999795 482.1628964843694 81869.07297464921 1430.2221448286225 6088401.335974022 4225.801871327761 4400.0
190000.0 200000.0 735.689949218824 926.4310050781176 167.52269553956 999.5619999999763 482.99505078123184 91880.34443903531 1634.8735842851902 7147034.6593126 4944.20431082135 5187.5
200000.0 210000.0 582.3980214841431 941.7601978515856 175.59237466784003 999.3860000000568 442.052978515625 92061.94568279361 1624.3654044090124 7254337.997223733 5036.586187645808 5300.0
210000.0 220000.0 2833.8699785155477 796.236669053828 339.3405688443198 998.8179999999702 31.457000000053085 77650.05431720638 1366.6345955909876 5890012.002776267 4080.413812354191 5100.0
220000.0 230000.0 3026.476060546818 774.8359932725757 347.89489493856547 999.5270000000019 145.07700000004843 79634.04775224363 1371.2707351238425 5934117.943693683 4111.102648236206 4400.0
230000.0 240000.0 2464.590939453221 753.5409060546779 330.8631476478916 999.3769999999786 47.413999999989755 83673.89962611513 1389.7332209148187 6114913.947252638 4235.050937256522 4820.0
240000.0 250000.0 3905.2390000000596 761.8451249999925 325.1251289802266 998.8299999999581 113.86800000001676 63207.05262164124 1137.9960439613385 5018658.10905368 3472.846414507273 4400.0
250000.0 260000.0 547.8351191405673 945.2164880859433 167.87850686619345 999.9109999999637 467.452880859375 99288.52219526039 1756.9546858233962 7683940.271016622 5318.33173951525 4400.0
260000.0 270000.0 136.48161523439921 896.6834895241456 204.35433937620311 999.7700000000186 442.697265625 97726.43950604033 1735.3079420640222 7383283.713984796 5121.229544920989 5600.0
270000.0 280000.0 3338.7162656250875 740.1426371527681 397.5724576009484 999.7639999999665 68.77899999998044 61926.03829869928 1071.7373721125816 4685755.014998582 3253.438715563762 4166.666666666667
280000.0 290000.0 2947.5709999999963 881.5536250000005 309.8840666834402 999.9760000000242 115.7280000000028 81459.0 1384.0 5724663.0 3986.0 4000.0
290000.0 300000.0 1825.5869999999413 908.2681111111176 269.1657785921391 999.3370000000577 190.5 80722.0 1421.0 6262642.0 4348.0 4750.0
