ts te idle avg_span std_span max_span min_span c_bytes_all c_pkts_all s_bytes_all s_pkts_all videorate
0.0 10000.0 6599.3240195311955 850.1689951172011 289.8502320072988 999.9560000000056 415.47998046875 53833.222106645786 723.2818525233205 2952244.5799597455 2060.1713277470726 1700.0
10000.0 20000.0 1168.0959667969146 802.9003666548259 352.8576922867634 999.74099999998 115.364013671875 90023.37180386546 1543.5729523100024 7378812.433587094 5101.471932271412 4981.818181818182
20000.0 30000.0 67.19305664068088 902.9824493963017 270.48031728055696 999.7789999999804 93.85595703125 89488.56052575109 1689.9714248263244 8255130.408490284 5701.167529035611 5750.0
30000.0 40000.0 63.01598632812966 903.3621830610791 282.27147283217005 999.4280000000144 56.469970703125 84073.56612490104 1530.757600743426 7415774.074950898 5127.804296913687 5900.0
40000.0 50000.0 31.227888671914116 906.2520101207351 288.5085974706177 999.9920000000275 37.80908203125 92510.82885395444 1704.4348497436374 8511527.176615003 5871.174059879803 6500.0
50000.0 60000.0 65.07803515624255 993.4921964843758 13.713088425279272 999.2920000000158 954.7399179687491 89711.04214075125 1667.5153991308553 8601761.833333978 5932.552801078725 6500.0
60000.0 70000.0 54.235111328191124 904.1604444247099 299.1430552796163 999.0179999999818 2.5979531250195578 95079.04261484323 1721.7033544870126 8490970.431611469 5856.6622631311075 6500.0
70000.0 80000.0 37.19389648438664 905.7096457741467 290.28185877603426 999.9349999999977 31.48206445312826 94008.3201389555 1746.9027190333134 8837375.55269039 6097.862833683006 6500.0
80000.0 90000.0 104.98413867189083 899.5468964843735 284.05871367883987 999.49099999998 47.34996093751397 97917.33707417718 1799.9764563078177 8579319.183940826 5926.434778511809 6500.0
90000.0 100000.0 36.41495703125838 905.7804584517038 271.50952008648477 999.984999999986 93.22709960938664 99862.06109090254 1839.3533934288173 8836369.911119789 6098.740592554571 6500.0
100000.0 110000.0 34.10197656246601 905.9907294034122 266.81158158011914 999.9490000000224 109.51205664064037 88604.74489655277 1598.692106582491 7947082.093718813 5484.457174235504 5450.0
110000.0 120000.0 878.4456777343294 829.232211115061 349.3404867718342 999.9259999999776 122.3212890625 89822.34267382754 1596.1739881145156 7686195.643353673 5316.460688762076 5900.0
120000.0 130000.0 506.4653769531287 949.3534623046871 83.34489695759363 999.960000000021 755.2800000000279 99970.50079298363 1747.4533875223474 7940555.090867252 5484.189722919127 5800.0
130000.0 140000.0 1530.0829824219109 769.9924561434626 391.10431038506505 999.5079999999725 110.96108789060963 87221.96927584716 1574.7314182003295 7296130.15306043 5041.968069431516 6500.0
140000.0 150000.0 75.62294531252701 902.2160958806794 266.29183882978236 999.5329999999958 113.208984375 95196.4853979297 1772.7143295020314 8606971.378093377 5938.919545200657 6500.0
150000.0 160000.0 688.1818749998929 931.1818125000107 124.49489697117167 999.1660000000265 623.787109375 89072.85779596052 1581.034077622022 7553157.005268908 5221.648977135333 4662.5
160000.0 170000.0 2359.064109375002 764.0935890624999 322.7276246861394 999.8379999999888 233.82500000001164 70308.74669215111 1233.7306899217363 5803853.049338072 4015.313407508986 4400.0
170000.0 180000.0 865.5260546874488 913.4473945312551 269.20087614403394 999.8869999999879 147.2939453125 90204.52119624898 1603.4705145712933 7682174.185010624 5311.863763781422 5900.0
180000.0 190000.0 32.06869921874022 906.1755727982963 259.7099940280735 999.5200000000186 134.67724609375 93163.40942748425 1720.714685564726 8407472.587313315 5806.419137268123 6500.0
190000.0 200000.0 1652.2332695311052 834.7766730468895 307.9314258278518 999.594000000041 162.5009765625 81616.42775275216 1497.5561013518816 7216705.7544070855 4987.313880445651 6500.0
200000.0 210000.0 1974.0210351563292 802.5978964843671 372.1479120465566 999.9089999999851 47.88899999996647 82716.18867372922 1440.2110103788975 6655144.126551792 4599.991822694072 4662.5
210000.0 220000.0 31.75882421876304 906.2037432528397 256.7298692391855 999.8379999999888 146.2451171875 101039.20642916352 1818.6002412583466 8479671.55459859 5866.983796150876 5900.0
220000.0 230000.0 154.45280273421668 895.0497452059803 274.0669928545284 1000.0 81.747314453125 85713.72540462 1564.2331885208512 7655465.678743734 5303.343926331618 6500.0
230000.0 240000.0 41.44541992188897 905.3231436434646 279.44328659557203 999.6030000000028 66.19189453125 97800.56573783458 1739.3702739773585 8308534.940880854 5740.403201782555 5333.333333333333
240000.0 250000.0 1395.8199160156073 860.4180083984393 272.86574522827925 999.9590000000317 126.427978515625 77397.3205736474 1377.5573222846788 6455166.990964172 4466.21531688466 5000.0
250000.0 260000.0 75.19885742198676 902.2546493252739 269.64610410207774 999.9179999999469 102.97412109375 84441.81690502573 1534.77990168231 7824575.3097741185 5408.783424801714 6200.0
260000.0 270000.0 190.41717578133103 980.9582824218669 36.081317895312814 1000.0 895.4288789062994 91841.05817345474 1683.54555667406 8316403.546163874 5744.7829073070325 5900.0
270000.0 280000.0 1283.7039707029471 792.3905481179139 375.3676346748771 999.7939999999944 11.533054687548429 86182.56887368993 1556.5123456289152 7547403.798612463 5213.174842986111 5900.0
280000.0 290000.0 105.86501953110565 899.4668164062631 277.700616620157 999.9660000000149 74.803955078125 102008.48435486801 1868.1643065587764 8584785.207195356 5934.371901295112 6500.0
290000.0 300000.0 30.06904492189642 906.3573595525548 280.74957577223773 999.7630000000354 62.73291015625 104626.27477262524 1921.8520377580815 8811884.717921263 6077.029234051172 6500.0
