ts te idle avg_span std_span max_span min_span c_bytes_all c_pkts_all s_bytes_all s_pkts_all video_rate
0.0 10000.0 6149.555101562499 962.6112246093753 67.43310678402389 999.5819999999985 861.5458984375 28263.479632189683 471.8984143165516 1462841.6213361823 1230.4005368472747 1326.6666666666667
10000.0 20000.0 88.13594335936432 901.0785506036941 259.61487368405733 999.5880000000034 132.9001015624999 37441.90718733224 839.7333380054031 2258970.4812202808 1870.8537742071098 741.8181818181819
20000.0 30000.0 6011.788955078133 569.7444349888382 358.09040653369493 991.5619999999981 95.09500000000116 17514.61318047807 401.3682476780453 1815933.897443537 1541.7456889456153 1331.4285714285713
30000.0 40000.0 3070.198880859374 769.9779021267362 341.1478248063515 999.2350000000006 169.44799999999668 34401.244164370204 855.4020520531648 4285453.282356961 3526.217427376181 2900.0
40000.0 50000.0 195.27916992187966 891.3382572798291 231.51004110840276 999.9850000000006 376.5948808593748 46279.766769181784 1162.6978486371272 5508464.5209363885 4512.716259479852 4000.0
50000.0 60000.0 145.7897031249886 895.8372997159101 206.8002256546977 999.474000000002 440.17724609375 41991.49191431349 1095.675106556751 5785441.668984357 4709.1687551750365 4400.0
60000.0 70000.0 1012.0062460937479 898.7993753906252 177.93826544992385 998.4630000000034 550.4207539062481 42875.49715213452 1097.224992752957 5727398.5277222935 4662.89755796893 4400.0
70000.0 80000.0 517.6140957031312 948.2385904296868 141.83037308256328 999.7690000000002 546.076904296875 36571.98386308815 912.8293008754241 4816522.192137125 3938.829300875424 3840.0
80000.0 90000.0 188.92901171873382 891.915544389206 220.9484388851705 999.4959999999992 439.764892578125 39339.574990273715 954.2140389684241 5025164.080390315 4116.81689599028 4000.0
90000.0 100000.0 138.4129082031286 896.5079174360792 233.22973604130226 999.8880000000063 317.833984375 56247.28477628428 1484.8001156431556 8028268.031273416 6491.049246174981 6500.0
100000.0 110000.0 507.7739843750023 949.2226015624998 108.6620165627205 999.8549999999959 675.3310156249936 47715.156370353856 1188.1565445129959 5974136.696199144 4860.304556959316 4516.666666666667
110000.0 120000.0 495.3969726562791 950.4603027343721 140.6885614760245 999.7259999999951 550.72802734375 29754.09535673724 734.974403520094 3863325.911185904 3167.6774180637462 3000.0
120000.0 130000.0 2571.935027343745 825.3405525173616 246.1883287647221 999.9830000000075 393.6730000000098 36618.90464326276 883.025596479906 4272130.0888140965 3507.3225819362533 3233.3333333333335
130000.0 140000.0 784.0239472656394 921.5976052734361 153.6822256730515 997.8539999999921 592.154052734375 42888.54050695343 1098.0526444362774 5574356.742716773 4555.4256801609245 4400.0
140000.0 150000.0 300.5351328124816 881.7695333806835 246.04208023508517 998.7740000000049 366.367919921875 47377.11165318216 1179.562768600547 5694304.602377649 4653.896767019965 4400.0
150000.0 160000.0 2265.6729374999704 859.3696736111144 191.26902847841455 999.4040000000095 500.84308007813524 39167.28751769227 987.1329222316084 5023654.816377373 4093.6922413363177 3466.6666666666665
160000.0 170000.0 1723.5039824218838 827.6496017578116 339.3084281168158 999.94200000001 33.461999999999534 39993.06032217214 973.251664731567 4588312.838528203 3743.9853114827924 3840.0
170000.0 180000.0 467.73892382814665 953.2261076171853 126.8139642490611 999.984999999986 593.278076171875 47687.3965436899 1184.0607682376706 5949488.013561566 4851.884546241588 3933.3333333333335
180000.0 190000.0 85.55576757813105 901.3131120383517 216.14456154533437 999.4700000000012 400.4249238281336 53883.79417312941 1419.652792037562 7520223.274157508 6089.05328393367 6500.0
190000.0 200000.0 314.8623281249602 880.4670610795491 257.32867761806324 999.8910000000033 272.22998046875 52603.81212869009 1300.044394367071 6018863.251868258 4884.474897252427 5240.0
200000.0 210000.0 1554.8301015624893 844.516989843751 278.47304095078687 999.9230000000098 168.15299999999115 40066.604045305045 981.844728148118 4613606.863359614 3783.3056313028605 3000.0
210000.0 220000.0 760.0108789062942 923.9989121093706 183.58721808820314 999.5270000000019 405.0431210937386 30951.393109185556 778.3973172095789 3920000.5970530533 3203.281641269454 3000.0
220000.0 230000.0 520.2489531249739 947.9751046875026 133.7816519211135 999.9780000000028 569.498046875 39238.5051358036 968.639491865941 4520400.3578814175 3700.277586618255 3000.0
230000.0 240000.0 151.11611718748463 895.3530802556833 223.4710876180234 999.1620000000112 405.24595312500605 40868.73721435637 1049.7084709759522 5139341.069634326 4197.0414245944585 4120.0
240000.0 250000.0 178.21299804694718 892.8897274502775 232.10110357310475 999.9720000000088 348.554931640625 53893.15395385861 1346.6021115882522 6025789.1668193 4923.940188345163 4400.0
250000.0 260000.0 991.1389414062724 900.8861058593727 187.4598820126891 999.9650000000256 503.7070683593629 42402.04382001177 1084.2914605205924 5241310.314280735 4274.478068389074 4400.0
260000.0 270000.0 158.47767187503632 894.6838480113603 216.6267376261158 999.5310000000172 397.65300976560684 49591.72628332636 1228.7269865023582 5597068.1254942855 4571.176133335193 4120.0
270000.0 280000.0 1786.0040214842884 821.3995978515711 287.2769887882694 999.6419999999925 212.68400000000838 40660.97432456095 980.5316121862554 4409586.603645974 3607.0108281127154 3000.0
280000.0 290000.0 1216.2250253905659 878.3774974609435 217.1679509509758 997.9079999999958 398.0287031250191 45120.96516506551 1122.411293540315 5055002.785480882 4135.569420057191 3700.0
