ts te idle avg_span std_span max_span min_span c_bytes_all c_pkts_all s_bytes_all s_pkts_all videorate
0.0 10000.0 0.0 0.0 0.0 0.0 0.0 0.0 0.0 0.0 0.0 0.0
10000.0 20000.0 4136.417111328163 837.654698381691 313.5174032529688 999.929999999993 159.59499999997206 90378.22909289248 1386.1550267856219 5473484.709233666 3806.699895129605 3000.0
20000.0 30000.0 25.453787109290715 906.7769284446099 230.25392176517784 999.9079999999958 258.3591113281436 114161.20207480027 2044.2341547840745 8114269.623142948 5616.718376839469 4400.0
30000.0 40000.0 17.380095703178085 907.5109003906201 226.75873151186295 999.945000000007 274.83489843748976 112138.52055351662 2101.9404250244243 8643843.967649475 5967.359249661803 6500.0
40000.0 50000.0 31.5278964843601 906.2247366832399 225.29178729169794 999.6930000000284 282.08699414064176 94257.65012119287 1738.9567416587333 8365084.349298669 5776.631013465188 6500.0
50000.0 60000.0 43.349839843809605 905.1500145596536 222.3686069036604 999.9739999999874 296.3158906250028 104871.07601551415 1912.0039589656838 8718538.84738153 6019.467722984231 6500.0
60000.0 70000.0 105.94537890620995 899.4595110085264 224.88868004134378 999.8699999999953 308.9277304687421 101189.57747631165 1855.957535062871 8649891.913911745 5965.884355293006 6500.0
70000.0 80000.0 31.09000000002561 906.2645454545432 212.06649701679515 999.5270000000019 371.0501093749772 99411.75268413618 1827.8451957877592 8573328.452819975 5916.044388994473 6500.0
80000.0 90000.0 30.60377539054025 906.3087476917691 210.83195108162906 999.9290000000037 385.53110937500605 94256.88515793033 1753.437615833404 8451430.48321769 5830.654602767005 6500.0
90000.0 100000.0 29.654839843686204 906.3950145596649 208.4527214522913 999.8769999999786 403.42588476563105 99410.57341180102 1829.448937392497 8501525.85947406 5869.024308763856 6500.0
100000.0 110000.0 179.21523828123463 892.7986147017059 210.90746303142083 999.6460000000079 418.1237246093806 92706.54643422623 1672.9543375189173 8556393.15477398 5910.2190153228485 5450.0
110000.0 120000.0 289.268072265666 882.7938116122122 235.79086378984877 999.914999999979 383.68896484375 102199.25449654591 1828.5199478613256 7946498.21276749 5497.461699108183 6500.0
120000.0 130000.0 3041.4649296874413 773.1705633680621 246.27259641129916 999.2330000000075 331.98100000002887 82686.59960733302 1346.4056674728827 5880550.624127537 4080.4068065679558 3820.0
130000.0 140000.0 2009.7379804687225 799.0262019531277 274.0978877154511 999.7719999999972 318.8209999999963 86082.94190114345 1470.8435247954244 6373718.97419573 4417.907545229971 4400.0
140000.0 150000.0 1080.459054687526 891.9540945312474 230.81685975924248 999.9639999999781 254.13794531248277 76961.19097265585 1340.2969310563808 5874915.828005506 4077.521019872406 4400.0
150000.0 160000.0 594.2190234374721 940.5780976562528 143.59518315472152 999.9899999999907 537.5009765625 75623.70200618391 1316.1435010710943 5832596.6110237995 4049.3866184240105 4400.0
160000.0 170000.0 2698.814064453065 811.2428817274372 347.00844839621186 999.6170000000275 118.534912109375 72225.67883652911 1274.2378473447811 5953569.837993709 4112.41444898077 4400.0
170000.0 180000.0 1860.2898144531064 813.9710185546894 347.89976554839427 999.2689999999711 104.35009765625 83396.87127507952 1444.2811486823962 6580797.8125552265 4557.047597590215 5300.0
180000.0 190000.0 33.53718554688385 906.0420740411923 271.83418554825954 998.7999999999884 91.659912109375 105988.88872878866 1933.1728583370418 8590125.482041072 5932.4028037211765 6500.0
190000.0 200000.0 26.623009765695315 906.6706354758459 276.51432301121355 999.7129999999888 77.14990234375 104453.87428214877 1915.9478979385026 8618911.281036431 5950.7951974747375 6500.0
200000.0 210000.0 37.68882226559799 905.6646525213092 283.26484153143366 999.8310000000056 54.632080078125 100062.15895507694 1817.3281709130206 8265851.8934110245 5714.933396206795 6500.0
210000.0 220000.0 148.4340136719402 895.5969078480055 296.8656264714471 999.6899999999441 5.01806640625 106776.78812148857 1905.832046731749 8734672.896963408 6033.438836703136 6500.0
220000.0 230000.0 26.405101562617347 997.3594898437383 3.6911046212695373 999.9760000000242 987.81396484375 104550.52564817942 1890.9589645396088 8534038.5550671 5893.137140907265 6500.0
230000.0 240000.0 77.68096484360285 902.0290031960361 296.7989064602006 999.9089999999851 10.06303515622858 114028.51214652511 1954.0975644418054 8815992.629908228 6087.443959991893 6500.0
240000.0 250000.0 3833.0080000000307 880.9988571428528 296.29775373343494 999.9610000000102 209.72999999998137 59680.0 1096.0 5130604.0 3544.0 6500.0
250000.0 260000.0 3544.6890234375605 806.9138720703049 332.109336741102 999.7630000000354 88.3759765625 69536.8863129428 945.2344841559059 3734754.766998748 2646.791929485034 2030.0
260000.0 270000.0 505.48406054696534 949.4515939453034 77.80165234820525 999.8429999999935 782.638916015625 106814.9726663234 1947.033569016637 8134297.79386183 5630.178842457512 6500.0
270000.0 280000.0 25.235941406106576 906.7967325994449 238.98955632746922 999.6530000000494 217.11708398442715 107699.6938557749 1944.0295480887212 8512438.871035326 5880.300875368682 6500.0
280000.0 290000.0 66.05697460949887 903.0857295809546 236.52714721179794 999.9749999999767 230.0280253905803 116124.56437814978 2086.682824165857 8708016.79262906 6017.449581700454 6500.0
290000.0 300000.0 25.886085937265307 906.7376285511577 228.96611372410268 999.7410000000382 262.44900000002235 110400.99689385007 2039.3981971803978 8848996.312285092 6101.635171584858 6500.0
