ts te idle avg_span std_span max_span min_span c_bytes_all c_pkts_all s_bytes_all s_pkts_all video_rate
0.0 10000.0 0.0 0.0 0.0 0.0 0.0 0.0 0.0 0.0 0.0 0.0
10000.0 20000.0 2760.118007812496 904.985249023438 179.00587036233438 999.4219999999987 528.0419921875 70822.96569322026 1140.1574742364537 5331457.440611212 4243.891422484089 2453.3333333333335
20000.0 30000.0 40.75907617187477 905.3855385298295 206.32009973142206 999.7139999999999 470.195007812501 83853.54182546806 1642.7729065214126 8697707.40431279 6886.5996582431 5100.0
30000.0 40000.0 132.36998242187838 897.0572743252837 221.8773801345026 999.989999999998 417.98193359375 68958.04874123356 1346.2448110207956 6983726.293168252 5545.125513144017 5450.0
40000.0 50000.0 938.3768515625052 906.1623148437495 182.8377081149128 999.5210000000006 547.68408203125 58360.0577643832 1065.1708114130395 5768745.233421405 4579.269944434078 4400.0
50000.0 60000.0 1375.0641367187636 862.4935863281237 221.8935912978641 999.6809999999969 446.495917968743 67566.76262160667 1254.4421657319322 6436324.399161236 5111.575933936321 4400.0
60000.0 70000.0 79.63402929688164 901.8514518821016 209.51497982728156 999.1929999999993 446.2630546875007 73400.28474383382 1398.083964788526 7011200.003416915 5565.634024403559 5660.0
70000.0 80000.0 127.46002929688257 897.5036337002834 218.54572118939032 999.775999999998 435.10888671875 60696.69849465583 1127.2717273450344 5659362.3040837655 4491.316542775492 4400.0
80000.0 90000.0 1904.7118808593514 809.5288119140648 335.89009882281476 999.4959999999992 0.0 58265.53199600614 1072.5226911602113 5444074.943272768 4321.417061692142 4400.0
90000.0 100000.0 90.89472656250291 900.8277521306816 211.82845037667602 999.7850000000035 426.3979941406287 68927.75654798704 1279.770162335224 6497424.371829015 5159.462592466141 4400.0
100000.0 110000.0 100.01198046877107 899.9989108664754 211.7961445668276 999.9679999999935 466.86272070312407 76898.56146209443 1440.0790865612466 7079433.057040317 5622.984822475569 6150.0
110000.0 120000.0 926.0052988281532 907.3994701171847 173.15446280237126 998.0840000000026 507.8337011718686 74541.790109511 1442.4841988861242 7213419.549682325 5718.722483945492 5600.0
120000.0 130000.0 4258.61500000002 717.6731249999975 363.9654489400423 999.810999999987 66.62899999998626 44582.0 752.0 3769652.0 2993.0 3000.0
130000.0 140000.0 5660.492999999988 723.2511666666687 362.9833797304877 999.1330000000016 22.30999999999767 38344.0 629.0 3031716.0 2414.0 2300.0
140000.0 150000.0 670.5600058594136 932.9439994140587 152.91758990310532 999.6689999999944 530.343994140625 78868.60270186336 1486.8757208941427 7059290.533933342 5604.565023129499 4750.0
150000.0 160000.0 3210.291013671871 848.7136232910161 213.53815323837705 999.1410000000033 467.9280058593722 54919.038956517004 1008.2612596320652 4978160.8153037615 3951.0034671336043 4400.0
160000.0 170000.0 3100.561980468716 862.4297524414105 206.25856055424495 998.8759999999893 426.66301953126094 52137.358341619634 913.8630194737922 4404961.650762896 3505.4315097368963 3000.0
170000.0 180000.0 4583.597019531211 902.7338300781315 162.20353209465077 997.9159999999974 574.10498046875 46944.83441187264 814.9311491123248 3816383.1841154397 3043.1793228490947 3000.0
180000.0 190000.0 4900.496980468743 849.9171699218763 208.74698793511214 951.8580000000075 425.5990195312479 47124.16558812736 838.0688508876752 3970020.8158845603 3157.8206771509053 3000.0
190000.0 200000.0 4142.651999999973 836.7640000000039 360.56989172143017 997.5560000000114 24.005999999993946 54032.0 950.0 4520179.0 3597.0 4166.666666666667
200000.0 210000.0 562.9950664062344 943.7004933593765 142.49531975038587 999.9230000000098 546.73193359375 76971.66000353055 1431.8763794789395 6996243.057246095 5553.730078644884 4700.0
210000.0 220000.0 95.1046445312968 900.4450323153367 208.54205882158746 999.7749999999942 452.5980664062372 61764.72804527237 1143.2872234226377 5885801.5540762525 4670.187384457092 4400.0
220000.0 230000.0 1816.3571894530905 818.364281054691 290.64648542385197 998.7939999999944 213.3530000000028 57094.09976053933 1023.7835755124377 5091563.160368148 4043.4143041183565 4750.0
230000.0 240000.0 129.6878085937642 897.3011083096578 214.7920121637316 998.9210000000021 431.3729003906192 87822.98892105633 1732.1571198890251 8333858.080131325 6607.875549934484 6500.0
240000.0 250000.0 1192.1652519530617 800.7122498224489 354.17251776316755 999.9820000000182 22.111000000004424 79469.59958231913 1535.9080158321606 7545471.732270367 5982.349597784447 6500.0
250000.0 260000.0 1530.7547832030104 846.924521679699 266.7825913396993 999.8620000000228 235.52500000002328 78652.78415457327 1521.3418418230615 7618305.5605614865 6028.100183860443 6500.0
260000.0 270000.0 251.19827343756333 886.2547024147669 239.67049588808524 999.7999999999884 369.281982421875 79872.12771609606 1495.6970475367236 8105962.655896221 6410.116059452014 5600.0
270000.0 280000.0 50.6697148437961 904.4845713778367 216.29404372002108 998.9099999999744 343.499267578125 60116.57892873264 1111.487772032256 5651884.592728199 4491.382743857244 4400.0
280000.0 290000.0 905.0902988280868 909.4909701171913 172.3523495130464 998.6060000000289 522.79296875 67475.53654136765 1249.9200374559505 6138080.877580443 4871.021290207956 4400.0
290000.0 300000.0 176.1189882811741 893.0800919744387 226.97888340310104 998.9180000000051 401.85498046875 66108.42282467257 1229.8323347429957 6388025.497050945 5063.571385395593 5300.0
