ts te idle avg_span std_span max_span min_span c_bytes_all c_pkts_all s_bytes_all s_pkts_all video_rate
0.0 10000.0 0.0 0.0 0.0 0.0 0.0 0.0 0.0 0.0 0.0 0.0
10000.0 20000.0 4773.116013671854 746.6977123325923 431.33346991371667 999.8069999999716 106.90100000001257 83726.36836872442 1247.1601069454898 4841417.055739982 3388.197999831543 2300.0
20000.0 30000.0 1564.2240957031026 843.5775904296897 304.740352850078 999.6730000000098 137.712890625 96170.31287945544 1652.8975166141424 6837963.150310398 4745.391555038036 4590.909090909091
30000.0 40000.0 22.7859628907172 907.0194579190257 263.05724148894893 999.8719999999739 123.700927734375 104973.3446940592 1974.2004784582302 8443647.934995363 5829.010059046373 6500.0
40000.0 50000.0 33.863935546949506 906.0123694957318 267.2230733615447 999.5619999999763 108.0419921875 101270.44075251571 1873.9054176279833 8467607.594990209 5843.300223276404 6500.0
50000.0 60000.0 36.10308984381845 905.8088100141983 273.27198755718854 999.9749999999767 87.89990234375 103090.65755523782 1886.203378635304 8736282.37034769 6026.837150675168 6500.0
60000.0 70000.0 30.939625000057276 906.2782159090857 278.24712935435315 999.1579999999958 71.00927734375 105672.49750437941 1917.9822713426606 8419194.633862944 5815.8936872334325 6500.0
70000.0 80000.0 50.98722656245809 904.4557066761402 282.8825221238317 999.8620000000228 53.85205078125 103410.969676716 1864.0925109806576 8094361.597083704 5601.342009010815 6500.0
80000.0 90000.0 31.14696093747625 906.2593671875021 286.56000568504584 999.9629999999888 43.64208984375 112540.07244026284 2052.975993657842 9023171.868308784 6219.28033867516 6500.0
90000.0 100000.0 35.91697656252654 905.8257294034066 290.07243526192866 999.8229999999749 32.26611328125 98474.7997285217 1799.176252577726 8531014.321161313 5883.913581066865 6500.0
100000.0 110000.0 40.94480859377654 905.3686537642021 294.3192821781225 999.7660000000033 18.4873046875 97268.31200837792 1770.8649117306254 8478679.655444171 5850.727562083591 6500.0
110000.0 120000.0 179.7693046874483 982.0230695312551 41.09047989298535 999.1089999999967 866.3180000000284 104680.22439174957 1902.5411614293382 8358861.81775544 5768.105834062612 6500.0
120000.0 130000.0 1312.298931640631 868.7701068359369 289.8208541987893 999.8229999999749 149.56500000000233 86450.70134312211 1455.1805904053724 6815933.329163992 4719.310701105561 4146.666666666667
130000.0 140000.0 30.511130859318655 906.3171699218801 204.3686602759244 999.515000000014 450.09593164065154 109887.97990324568 1936.7606121107385 8888295.689016677 6127.5274656855345 6971.428571428572
140000.0 150000.0 27.33498046878958 906.6059108664737 205.32309151254933 999.9770000000135 458.13406249997206 95959.8622799261 1717.3653933314595 8245947.413166332 5696.8419861964285 5712.5
150000.0 160000.0 69.2139824219048 902.7987288707359 209.24057785602062 999.9859999999753 472.5750429687323 100257.00351193889 1843.1388369165154 8721866.481465084 6020.5397908528485 6500.0
160000.0 170000.0 30.5448808594374 906.3141017400511 204.94890297543327 999.8489999999874 473.62109375 97812.87280134771 1809.8124341636567 8389129.399756573 5789.208646082946 6500.0
170000.0 180000.0 34.353160156169906 905.9678945312572 204.852316516902 999.5009999999893 459.73193359375 98444.23871461874 1820.5274475253827 8739627.270224798 6028.098507244649 6500.0
180000.0 190000.0 39.23982031253399 905.5236526988606 206.86298226867538 999.960000000021 439.01611328125 104195.90410531487 1903.8801670261084 8684848.927862229 5996.510702369439 6500.0
190000.0 200000.0 31.33881835936336 906.2419256036942 207.34535027598125 999.929999999993 422.477294921875 102463.0785286518 1883.6891613227897 8685628.634801408 5998.257329010896 6500.0
200000.0 210000.0 27.80136132799089 906.5635126065463 206.478417608879 999.7560000000522 414.73193359375 94536.98882344864 1751.751890205835 8553231.57550316 5904.737048421566 6500.0
210000.0 220000.0 92.02882617188152 900.7246521661926 214.4234025083991 999.7079999999842 372.735107421875 100114.80979320884 1793.4054774448014 8611114.657570317 5945.031444607656 6500.0
220000.0 230000.0 76.676994140842 902.1202732599235 220.2120106321613 999.9259999999776 328.76611328125 97277.66169059272 1762.4730594778061 8122100.771215198 5619.4377286284025 6500.0
230000.0 240000.0 774.0710742186056 838.7208114346722 283.8745447109769 999.719000000041 110.0400390625 97664.00360640413 1691.6772904812365 7595858.482098991 5244.696829085108 4633.333333333333
240000.0 250000.0 1935.0851582031464 896.1016490885393 215.83636350527655 999.5820000000531 339.5910000000149 80746.92609305783 1414.539625627559 5925913.769242565 4100.180208746576 4400.0
250000.0 260000.0 1217.1087695312453 798.4446573153414 337.29855816083864 999.9520000000484 145.0681191405747 91272.84674367227 1598.5585956582795 6516802.616754338 4515.376800495172 4400.0
260000.0 270000.0 828.8291113281157 917.1170888671884 189.46152179019074 999.5579999999609 394.6030000000028 80746.12206144967 1397.2394183024594 5781714.982158339 4009.244811467214 4400.0
270000.0 280000.0 1803.8520000000717 910.6831111111031 213.0176433945502 999.908000000054 358.655999999959 83272.0 1452.0 6171122.0 4267.0 4400.0
280000.0 290000.0 1155.0889550781576 884.4911044921843 279.40072907045675 999.7249999999767 122.446044921875 89012.59529986665 1559.2042783356262 6733657.102372343 4653.988354177465 5450.0
290000.0 300000.0 24.714103515492752 906.8441724076824 266.95816425946197 999.7399999999907 109.68994140625 111949.17040440068 2051.7043088300097 8675257.931888552 5985.141839523948 6500.0
