ts te idle avg_span std_span max_span min_span c_bytes_all c_pkts_all s_bytes_all s_pkts_all videorate
0.0 10000.0 6603.500046874979 849.1249882812554 293.18423424664974 999.6940000000177 409.376953125 41573.19995998578 533.2396166548267 1545457.062864762 1092.089323031134 1820.0
10000.0 20000.0 73.43385742191458 902.415103870735 218.47936964263477 999.8429999999935 364.423095703125 86047.22778620827 1459.2227132230764 4192956.147139697 2913.310915223242 1500.0
20000.0 30000.0 172.39999218750745 893.4181825284085 220.12075131199123 999.7810000000172 317.881103515625 78281.90503830009 1352.8969711202565 3601394.3574902113 2498.603596108345 2355.5555555555557
30000.0 40000.0 2645.986994140665 735.4013005859335 377.7704307602234 998.945000000007 49.037109375 55663.273197052535 941.9777886612882 4283718.003202805 2987.2592431313724 2900.0
40000.0 50000.0 1441.2580683593405 855.8741931640659 312.30514389737243 999.314000000013 49.592041015625 70054.98722270323 1231.9029042790446 5557450.858443028 3854.7852892347128 4200.0
50000.0 60000.0 2837.1220410155947 895.3597448730507 139.77028771765652 998.8790000000154 626.7970000000205 66832.40679575011 1222.7600060615075 5937310.5708594965 4109.951633271195 4400.0
60000.0 70000.0 1011.0900644531357 998.7677706163182 2.0549315750734545 999.8960000000079 993.533935546875 74243.29845597182 1306.1188486400565 6351295.536330565 4397.022514685681 4400.0
70000.0 80000.0 1987.8070078125456 728.3811811079504 448.72230701845825 999.5989999999874 5.7550644531147555 62477.8086837247 1080.2164439232456 4895725.726319368 3405.8688507757056 4400.0
80000.0 90000.0 1617.1218515624641 931.4309053819484 131.66680562958223 999.7139999999781 602.7750000000233 81528.70076215354 1440.315902407599 6870165.568649184 4746.100457659701 5187.5
90000.0 100000.0 42.14218164066551 905.2598016690304 258.46190503634097 999.3420000000042 139.30792382813524 99202.88924329338 1839.3038600078148 8722101.36936534 6024.3020252464175 6500.0
100000.0 110000.0 64.65394921868574 903.2132773437559 252.18765503215596 999.9440000000177 159.25410546874627 102586.0361726269 1816.9374389189773 8364346.395250884 5797.215055173058 6500.0
110000.0 120000.0 956.3978632811923 822.1456487926189 358.16599906489813 999.9380000000237 39.55908203125 93593.85215568688 1709.4639653486045 7658917.707029461 5311.075327137675 6500.0
120000.0 130000.0 96.28316210937919 990.3716837890621 13.984094635914749 999.8099999999977 959.3049179687514 107036.9717396266 1904.1116985568497 8478381.126633499 5864.741324211671 5566.666666666667
130000.0 140000.0 1744.9908808594337 750.4553744673242 426.6571166102911 999.9319999999716 3.4210800781147555 88084.83609840754 1559.4920042828385 6984159.368511131 4828.314083210255 5300.0
140000.0 150000.0 1285.393974609382 871.4606025390618 313.0958324415699 999.9249999999884 3.216064453125 91815.7835019436 1631.6267527706593 7329244.7526573045 5077.0856335938215 5600.0
150000.0 160000.0 83.42994335939875 991.6570056640601 16.423368904385534 999.9180000000051 945.6900000000023 97024.7358788975 1788.0334002757197 8397477.204272734 5819.836084988996 6500.0
160000.0 170000.0 39.59980078128865 905.4909272017011 297.8195572108406 999.7889999999898 7.868878906243481 103274.25877376954 1903.9975107855826 8456933.115050113 5858.865366718566 6500.0
170000.0 180000.0 732.7553203124553 842.476789062504 349.6569736370181 999.4880000000121 25.389679687505122 91472.82853389799 1673.3821740820526 8184480.129930416 5643.573276598454 5600.0
180000.0 190000.0 1969.9370000000345 892.2292222222184 314.9975043535249 999.1269999999786 52.26299999997718 69743.0 1236.0 5756736.0 3991.0 4400.0
190000.0 200000.0 1467.1597500000498 948.0933611111055 116.6790776965364 999.8100000000559 650.8519999999553 84456.91081484259 1477.4935318260727 7160827.081501773 4948.738618535314 5000.0
200000.0 210000.0 897.021371093695 827.543511718755 378.6631796540244 999.7900000000373 19.90087890625 84755.18342760128 1571.9891393958771 7601338.671027088 5252.983057748848 6500.0
210000.0 220000.0 133.23898828111123 986.6761011718888 15.989747744449943 999.265000000014 958.6419999999925 101787.31068686707 1872.6575013760628 8437396.11057293 5838.743660564107 6500.0
220000.0 230000.0 1461.0349453125382 776.2695504261329 393.0308374949583 999.8939999999711 39.03510937502142 87410.2030232895 1519.5277623791344 6833441.688104403 4739.291533584168 6500.0
230000.0 240000.0 68.10863867180888 993.1891361328192 15.107024704128122 999.8190000000177 950.770054687513 101116.71381430869 1828.9534225045256 8366570.311966527 5778.477177205819 5187.5
240000.0 250000.0 1914.7790507812751 735.0200862926114 452.1114565481316 999.7439999999478 7.411693359375931 81959.33901637417 1413.8843454401924 6217354.265652324 4312.509277320962 5187.5
250000.0 260000.0 1520.9112949218834 942.1209672309019 147.56405813253434 999.765999999945 549.939000000013 79839.92418903137 1404.423348632281 6365344.714819622 4400.47142622354 5000.0
260000.0 270000.0 70.25487890618388 902.7041019176196 297.54856607656524 999.6330000000307 6.154039062443189 95791.72093899561 1760.012915664657 8322806.8423126675 5762.339388180702 5500.0
270000.0 280000.0 1906.7420878905104 735.7507192826808 448.8820814718217 999.9769999999553 24.527000000001863 65394.843675603006 1106.3247246915946 4788483.895512083 3344.6977917894055 3800.0
280000.0 290000.0 1156.4280664061662 982.6191037326482 29.83447192635723 999.9189999999944 916.689000000013 89116.23697598299 1590.5154619657583 7022020.797416494 4864.264386954387 4400.0
290000.0 300000.0 3210.341896484373 678.9658103515627 393.94237110255153 999.5139999999665 12.385072265635245 69000.40317132999 1209.8030580334175 5380519.783987008 3728.6874757841156 4400.0
