ts te idle avg_span std_span max_span min_span c_bytes_all c_pkts_all s_bytes_all s_pkts_all video_rate
0.0 10000.0 4111.141083984403 981.4764860025995 34.01966560693457 996.6140000000014 912.138916015625 54854.89138437131 765.3763725335234 2367742.07617989 1656.1116969218187 1164.4444444444443
10000.0 20000.0 4811.567943359376 648.554007080078 422.5213989379516 999.9689999999828 73.64697265625 31850.196978435186 471.8126592093781 1069082.2353132358 775.7927875775792 1236.0
20000.0 30000.0 2540.0590937499655 828.8823229166705 254.0193264792746 999.954000000027 371.21100000001024 49522.339421341894 777.0093901663176 2825113.1524332524 1979.148825851563 2075.0
30000.0 40000.0 1225.877966796863 877.4122033203137 239.55281848726364 999.6830000000191 277.48012109374395 59244.36427103764 1017.2192555966203 4289284.149180012 2996.975068881293 3466.6666666666665
40000.0 50000.0 1365.556816406257 784.9493803267039 346.46227555089683 999.8969999999972 118.298095703125 75287.13098705339 1403.5264680790285 6152620.571160355 4251.518579629142 4400.0
50000.0 60000.0 899.5467871093424 910.0453212890658 159.79427641665703 999.0910000000149 587.59130859375 72183.98551528374 1310.121760580301 6050274.952642853 4182.360160222351 4400.0
60000.0 70000.0 1107.4302011718974 808.4154362571003 322.26434238470506 999.8240000000224 82.610107421875 78843.20023623457 1421.7419636753382 6233107.115677496 4312.284265154683 4400.0
70000.0 80000.0 77.95300781237893 902.0042720170565 281.8843297422738 999.6849999999977 58.902099609375 84115.57444173648 1510.4548578093027 6859475.791886815 4748.840764347435 5600.0
80000.0 90000.0 34.05208398430841 905.9952650923356 287.20456972199213 999.3090000000084 41.666015625 102069.05453778668 1845.839732587349 8634224.67446994 5960.065100165933 6500.0
90000.0 100000.0 1023.9349101562984 897.6065089843702 272.43990300060216 999.8589999999967 126.93310546875 89072.96258973682 1606.84722116151 7072266.743864273 4884.422555909793 5187.5
100000.0 110000.0 570.2967949219164 942.9703205078083 121.2310336133408 999.7330000000075 617.643310546875 98684.23783069002 1634.893760126358 7278272.549242474 5035.221074458392 5600.0
110000.0 120000.0 267.06200000003446 884.8125454545424 230.00606130215206 999.4519999999902 380.5256894531194 106273.18943182613 1938.6878122950907 8462529.177106505 5844.219994955156 6500.0
120000.0 130000.0 1308.6320253906306 869.1367974609369 190.72890793074424 999.9839999999967 530.8856894531054 98189.68907636098 1679.299959756672 6836482.32309271 4735.312468864603 4400.0
130000.0 140000.0 1234.7473613281618 876.5252638671839 231.39433092585435 999.9089999999851 279.66471484373324 82125.03428585321 1448.234467581286 6289219.057675304 4354.692628917106 4400.0
140000.0 150000.0 1936.4569999999367 806.3543000000063 329.80178857026635 999.9660000000149 121.346923828125 75432.33298716469 1338.7792047706275 5979632.329028772 4127.597535674637 4400.0
150000.0 160000.0 998.1738378906157 900.1826162109385 179.44270513014138 999.9560000000056 524.5380859375 70016.68669963311 1235.1545251933535 5599082.2084509535 3870.1176959153763 4400.0
160000.0 170000.0 1157.093164062535 884.2906835937465 198.30645109374245 998.6869999999763 475.05891406250885 75429.20556123843 1342.3697908571066 6034508.219801982 4170.880316668032 4400.0
170000.0 180000.0 533.7160136718303 860.571271484379 294.4915143035505 999.9290000000037 128.055908203125 79715.26317799938 1421.2059538373173 6173726.468449891 4272.3273536902325 4400.0
180000.0 190000.0 1170.4229765625205 882.957702343748 214.18714329226495 999.9890000000014 361.75809179688804 79141.7492784315 1380.9580114933865 5802324.978229088 4029.4834922267164 4400.0
190000.0 200000.0 799.8629277342698 836.3760974787027 271.6475109841803 999.7810000000172 310.8330683593522 87031.35889275598 1557.9225395412425 7040634.6523482865 4866.92367384009 5900.0
200000.0 210000.0 1422.9160078124842 779.7349083806832 299.78930043366597 999.7369999999646 125.27099609375 78245.21980034922 1409.1099958364885 6377041.273237283 4413.6025733500155 4400.0
210000.0 220000.0 955.9308984375093 904.4069101562491 170.8848165885854 999.4590000000317 493.52800000004936 80889.73489050566 1429.66056705384 6027737.6005852185 4184.011392607915 4400.0
220000.0 230000.0 837.9950976561522 916.2004902343848 224.75211548412284 999.9769999999553 279.4429023436969 75337.59772417399 1353.7737302585626 6007367.69994341 4164.089994170139 4400.0
230000.0 240000.0 1571.764886718709 842.8235113281291 312.51685849237725 999.5860000000102 125.51611328125 79250.59813519352 1388.2662607130023 6258289.763832457 4324.600605595848 5300.0
240000.0 250000.0 30.41218554682564 906.3261649502886 265.97812839993026 999.9880000000121 112.575927734375 96160.58566032503 1766.3593031984653 8207887.052153207 5669.709873733123 6500.0
250000.0 260000.0 40.42183789075352 905.416196555386 272.48916132659934 999.9649999999674 90.01708984375 99000.15315072799 1851.563672414121 8542041.563430691 5892.849561591384 6500.0
260000.0 270000.0 32.935166015522555 906.0968030894979 277.63658844051974 999.954000000027 72.846923828125 98762.65150673727 1844.8844202927671 8590270.661125956 5925.217397469666 6500.0
270000.0 280000.0 28.43165625014808 906.5062130681683 281.5914912062792 999.8510000000242 59.999267578125 99127.06507557277 1828.1053679993709 8528227.614446912 5882.268329508893 6500.0
280000.0 290000.0 68.9562851563096 902.8221558948809 290.9195059490508 999.4599999999627 27.531982421875 102352.91437818264 1887.6300402810887 8590514.740464875 5929.436033641315 6500.0
290000.0 300000.0 105.17692968749907 989.4823070312501 21.551220293074774 999.935999999987 934.2710175780812 104535.98044716081 1885.0152291671527 8613300.991255023 5943.528463002002 5800.0
