ts te idle avg_span std_span max_span min_span c_bytes_all c_pkts_all s_bytes_all s_pkts_all video_rate
0.0 10000.0 0.0 0.0 0.0 0.0 0.0 0.0 0.0 0.0 0.0 0.0
10000.0 20000.0 3643.4046914062455 794.5744135742193 376.8543495128013 999.3170000000027 146.84130859375 51241.187262968044 1152.0241313897914 5473537.965864579 4425.278958020173 3000.0
20000.0 30000.0 779.7052558593714 922.0294744140629 139.50428772621956 999.3859999999986 579.9780000000028 52469.01637184084 1422.071977654475 7181430.433374368 5821.613487243914 3560.0
30000.0 40000.0 1804.5930605468675 745.0369944957393 356.807210966776 999.5619999999981 104.64594726562791 41473.49417466342 1137.378763039354 5786446.455936369 4714.393016048462 4400.0
40000.0 50000.0 188.99904101561697 891.9091780894894 287.497930990858 999.5890000000072 34.574951171875 40766.18500025328 1079.955408903664 5515775.07273512 4508.7162907344755 4400.0
50000.0 60000.0 291.1369648437394 970.8863035156261 55.033274219054285 999.3500000000058 822.260986328125 50279.79973120072 1273.0343843268342 6625970.099890184 5388.111153507757 4400.0
60000.0 70000.0 91.73010156251257 900.7518089488625 247.82275477008716 999.7519999999931 177.15701367188012 43849.300497846416 1126.8625641300882 5714270.753913126 4658.714606192137 4400.0
70000.0 80000.0 952.8069335937762 822.4720969460203 339.39532981187364 999.2599999999948 11.229115234367782 43223.58645383515 1128.7860699611267 5828919.190408106 4753.831650933393 4400.0
80000.0 90000.0 533.2960507812386 946.6703949218761 108.74730545961454 999.4220000000059 681.8300488281238 44858.631982832856 1154.3513751686764 5990156.463985133 4906.021330368243 4400.0
90000.0 100000.0 1309.8148300781177 790.016833629262 314.2324150538073 998.6999999999971 181.55409960937686 45386.47202969699 1164.5593192181163 5833099.606390258 4749.604566181796 4400.0
100000.0 110000.0 2108.3469628906314 789.1653037109369 327.0980218665342 999.7770000000019 167.985107421875 38092.90880713632 977.2523131805597 5225858.142738088 4258.108971017886 4400.0
110000.0 120000.0 156.12282226563548 894.8979252485786 277.16218035376033 999.8820000000123 72.96728515625 46201.26870164874 1205.1496125442768 6092249.512911024 4973.551823259835 4400.0
120000.0 130000.0 3561.283306640602 804.8395866699248 323.8238749526765 999.5620000000054 62.029000000009546 39624.32798727604 970.6704934703582 4802574.4994910825 3902.034694755394 3175.0
130000.0 140000.0 2247.261994140572 775.2738005859428 332.05878889027764 999.5959999999905 184.3780214843864 38408.679505112545 988.1069714890781 4724283.927779442 3870.6409025483517 4100.0
140000.0 150000.0 204.95206250005867 890.4589034090856 259.1135769311354 999.8219999999856 129.70501562498976 43491.33618753822 1133.2555727762622 5525118.525660219 4509.755420946167 4400.0
150000.0 160000.0 225.85201562504517 888.5589076704505 253.900239869787 999.5350000000035 195.08307812499697 46940.74141309387 1224.949603259576 6299817.272024851 5154.413311494502 4400.0
160000.0 170000.0 1275.9048203125421 793.0995617897689 345.39534713543287 998.8129999999946 184.4130859375 41760.069830243345 1093.6288214487374 5561005.737514323 4532.871094661884 4400.0
170000.0 180000.0 1254.7007675781206 874.5299232421879 251.3041108861464 998.3319999999949 186.851318359375 51093.885373617304 1340.5371050138622 6943769.518300233 5630.571873938379 5900.0
180000.0 190000.0 47.5433144531562 904.7687895951676 253.1035692784748 999.9020000000019 160.35400390625 58114.15254580418 1553.3178648990843 7704508.648954394 6235.268994253715 6500.0
190000.0 200000.0 65.2211132812372 903.161716974433 259.93278035657056 999.9340000000084 133.587890625 57470.650014331186 1506.148736948381 7410738.151813374 6015.864453749498 5187.5
200000.0 210000.0 176.69391406248906 893.0278259943192 297.9970251059916 999.8569999999891 5.6259765625 57346.61367496667 1496.9076510407415 7547293.338556295 6121.6542500397945 5900.0
210000.0 220000.0 38.09203320310917 996.1907966796891 4.3145835681804385 999.8539999999921 986.616943359375 54485.58901791538 1446.0131383227883 7621179.316957508 6183.392740138749 5900.0
220000.0 230000.0 614.8439433594176 853.1960051491438 300.6393929617454 999.7479999999923 13.146056640631286 57105.179576756185 1476.9050088881218 7456430.32357963 6029.651981800327 5187.5
230000.0 240000.0 196.1801152343687 891.2563531605119 238.33093620726393 999.7380000000121 254.8619999999937 53976.971229345676 1439.5163891878349 7518116.762131368 6105.403218620439 6500.0
240000.0 250000.0 2353.264570312458 764.6735429687542 318.4263140312573 998.0960000000196 183.247314453125 45168.44769765522 1144.576449903051 5524445.06104029 4476.406864105807 3612.5
250000.0 260000.0 1107.3222382812528 889.2677761718747 283.178487199038 999.8919999999925 101.778076171875 50260.92486659062 1299.1072270531154 6429713.178231517 5250.430847182908 4781.818181818182
260000.0 270000.0 1507.4240507812356 849.2575949218765 302.7618808919808 999.734999999986 116.676025390625 49341.43490852506 1272.336469419622 6050577.470609511 4937.874425912584 4477.777777777777
270000.0 280000.0 131.17473437509034 897.1659332386281 277.04639623169885 999.6969999999856 68.373291015625 42207.76681969718 1071.1791873233685 5180382.790630641 4235.6286426852585 4200.0
280000.0 290000.0 1655.9549726563273 834.4045027343673 322.7293454787497 999.1410000000033 184.101318359375 42307.08543226235 1107.9344714068634 5644241.4401240805 4591.302500924672 4400.0
290000.0 300000.0 102.34603124990826 899.7867244318265 269.76149120488867 999.9930000000168 103.769287109375 49001.431872336696 1263.706105240378 6475784.317328177 5271.624158405113 4400.0
