ts te idle avg_span std_span max_span min_span c_bytes_all c_pkts_all s_bytes_all s_pkts_all videorate
0.0 10000.0 0.0 0.0 0.0 0.0 0.0 0.0 0.0 0.0 0.0 0.0
10000.0 20000.0 1743.9900878906483 917.3344346788168 204.73878364479899 999.8640000000014 377.409912109375 92816.6648827618 1462.8085504780925 6487875.949999809 4501.720744806267 2475.0
20000.0 30000.0 1553.6299121094053 844.6370087890595 325.3853075305424 1000.0 107.80800000001909 83297.3351172382 1583.1914495219075 7111921.050000191 4917.279255193733 5916.666666666667
30000.0 40000.0 321.8690585937002 967.81309414063 96.54184927903849 999.7430000000168 693.06494140625 96154.58578268733 1795.649039803058 8414738.048877396 5811.398914418825 6500.0
40000.0 50000.0 50.94694531249115 904.4593686079553 222.09454684686426 999.6639999999898 306.5810585937579 98299.54719906513 1822.6352070591995 8657979.862799933 5976.750418130715 6500.0
50000.0 60000.0 95.3299355469062 900.4245513139176 223.2327543493428 999.9569999999949 332.57500390626956 98391.03669796712 1777.3256752264613 8562386.498254718 5912.188415337545 6500.0
60000.0 70000.0 39.90715820307378 905.4629856179024 209.9557275658208 999.8630000000121 401.9079394531436 95169.24576751162 1756.906919625488 8268065.324420895 5707.973222225302 6500.0
70000.0 80000.0 35.72258984373184 905.843400923297 207.96860686063445 999.7270000000135 425.44609765626956 102255.42754069719 1869.8746477161328 8579372.530949883 5924.475025275233 6500.0
80000.0 90000.0 47.40620312502142 904.7812542613617 205.32312433315906 999.619000000006 446.75568750000093 93779.87818982714 1712.3963644546957 8176506.097789011 5655.430958637168 6500.0
90000.0 100000.0 38.56912890623789 905.5846246448874 207.64078263878542 999.9259999999776 458.17289062502095 103606.96382953275 1879.2849881278867 8778912.141743343 6056.897350339288 5975.0
100000.0 110000.0 35.14867187500931 905.8955752840901 206.40603753400848 999.880999999994 484.53901953122113 87051.39807846108 1544.5130321015592 7749418.358117814 5362.867981589259 5600.0
110000.0 120000.0 205.57641992188292 890.4021436434651 232.529263927017 999.8769999999786 376.535888671875 93052.88295810897 1706.5298740543224 8351001.405598596 5769.512238201442 6500.0
120000.0 130000.0 3200.3146191406413 849.9606726074198 204.5118402063986 998.9510000000009 490.5480000000098 73528.85941386977 1249.2330116964358 5775214.238300681 3989.6023419617486 3933.3333333333335
130000.0 140000.0 1366.8082167968969 784.8356166548275 350.4061672573875 999.8740000000107 81.18373046873603 90863.201466222 1573.266668260741 7145112.463543242 4939.724756862315 5410.0
140000.0 150000.0 27.83614648436196 906.5603503196035 253.22560613555294 999.7170000000042 159.4719472656143 101625.74824445552 1876.142921714871 8696626.822677426 6001.320948927328 6500.0
150000.0 160000.0 48.37664648442296 904.6930321377797 248.39820114878356 999.7480000000214 175.042093749973 95173.4444264216 1766.5377235862038 8605555.710812459 5938.555218229551 6500.0
160000.0 170000.0 108.58130664069904 899.2198812144819 244.44837562991486 999.9419999999809 187.21474023436895 98551.18150544644 1835.5981422570326 8769363.98023734 6046.785325651289 6500.0
170000.0 180000.0 46.0010546874837 904.9089950284106 243.82333385317267 999.9749999999767 198.26204687502468 91182.3656622613 1602.5775003715955 7539628.770152531 5213.855868230467 6500.0
180000.0 190000.0 438.5745878906455 869.2204920099413 249.57885287985764 999.6269999999786 224.70910156250466 88968.19298667969 1477.9036832140562 6402574.9786286615 4450.581286577516 6500.0
190000.0 200000.0 21.365027343854308 907.1486338778315 215.8070617253993 999.5449999999837 336.356689453125 111391.75286135134 2025.8526512189092 8734775.00005739 6025.179752105641 6500.0
200000.0 210000.0 30.805351562565193 906.2904225852213 214.91068338438026 999.7709999999497 346.505716796848 98729.30955659335 1807.7592659163568 8277613.739676224 5719.042520438171 6500.0
210000.0 220000.0 105.51802343758754 899.4983615056739 216.58790306028806 999.4869999999646 360.8850683593191 106918.97500921995 1947.21307567055 8652556.059882592 5981.152560648519 6500.0
220000.0 230000.0 41.59188281244133 905.3098288352326 208.21491395013456 999.6899999999441 411.7510917969048 103088.70566123705 1877.9372865951245 8508488.02501257 5878.688512345901 6500.0
230000.0 240000.0 32.929103515460156 906.0973542258672 207.59813312825602 999.5829999999842 426.55797460942995 101587.30299051834 1849.6404167886872 8582164.329886055 5921.276702064666 6500.0
240000.0 250000.0 1205.646914062323 799.4866441761525 356.488283451513 999.9579999999842 0.0 82289.45565089186 1423.155214871866 6762940.229311816 4684.655536068252 3880.0
250000.0 260000.0 3801.870007812511 688.6811102430543 325.8952606407776 999.935999999987 244.72400000004563 74404.53852097347 1276.0666896687671 5506890.383269424 3809.0841457338574 4400.0
260000.0 270000.0 3342.7290000001667 832.1588749999792 260.67277277757216 999.530999999959 326.94900000002235 76127.0 1324.0 5785190.0 3999.0 4400.0
270000.0 280000.0 316.71689453104045 968.328310546896 98.43402219364657 999.9810000000289 688.18310546875 88512.13053892787 1530.655364170937 6897984.843796914 4782.019176168674 5000.0
280000.0 290000.0 25.73402343748603 906.751452414774 220.18270560323063 999.9200000000419 311.2028945313068 106618.35336566728 1946.068991191865 8498254.121525174 5864.491819232214 6500.0
290000.0 300000.0 35.08999218745157 905.9009098011408 219.72070023945363 999.9479999999749 321.8809179686941 110208.11883540945 2004.8388627682493 8447159.731603056 5839.8207517927385 6500.0
