ts te idle avg_span std_span max_span min_span c_bytes_all c_pkts_all s_bytes_all s_pkts_all video_rate
0.0 10000.0 7302.236109375022 899.2546302083259 164.84836285352122 998.4959999999846 708.962890625 33925.500392235845 337.24554190434054 959518.017739817 707.5111026628938 868.8
10000.0 20000.0 3754.053808593715 693.994021267365 365.0555586408586 999.9430000000284 188.93499999999767 53990.03153784376 799.3264526729755 2109645.796741833 1491.2422527992867 1221.8181818181818
20000.0 30000.0 2368.7370820312644 847.9181019965262 259.2425679034993 999.6630000000005 263.1900000000023 61895.4680699204 978.4280054226839 3591045.1855183505 2511.2466445378195 2100.0
30000.0 40000.0 2350.944062500028 849.8951041666636 259.77454452744547 999.8439999999828 267.5109999999986 56263.722618880165 978.3866051006225 4674305.2717482 3245.274069207529 3700.0
40000.0 50000.0 1542.9366757812095 845.7063324218791 327.5411999959713 999.9810000000289 102.31006250000792 77103.26919669211 1392.2985927370396 6156671.154340551 4267.051988160384 4400.0
50000.0 60000.0 1939.5602050782181 806.0439794921782 341.40053874003246 999.8759999999893 20.06500000000233 64599.11489903195 1156.532215217336 5297392.736048769 3683.1718132108454 4400.0
60000.0 70000.0 2268.832970703079 773.1167029296921 252.02393101821767 999.4319999999716 430.2880859375 74365.14081904388 1344.878946167984 6359854.480590319 4407.495510253226 4400.0
70000.0 80000.0 2667.617058593838 733.2382941406162 313.1295394885715 999.5939999999828 257.179999999993 73641.37853598392 1261.3312726872289 6106485.246791317 4224.589477461777 5300.0
80000.0 90000.0 96.02708789060125 900.3611738281271 213.9958713925664 999.1770000000251 379.012939453125 99562.4340146394 1816.4888398351052 8489083.094324993 5867.466028651246 6500.0
90000.0 100000.0 50.521951171860565 904.4980044389217 214.11451126798627 999.9949999999953 359.31298828125 103783.61554584884 1920.0583214138396 8849295.218148671 6112.156486328286 6500.0
100000.0 110000.0 63.63509570318274 903.3059003906197 217.7494341502249 999.9629999999888 333.014892578125 94193.11239287612 1687.975765120832 7799809.300300667 5392.642831972283 5566.666666666667
110000.0 120000.0 185.21279296872672 892.2533824573885 241.10814173366992 999.640000000014 229.527099609375 102140.15301181507 1849.3851822761894 8450661.167806452 5844.958918394511 6500.0
120000.0 130000.0 169.51118554687127 893.6808013139208 240.72496160555147 999.3790000000154 198.5869140625 102099.03550806631 1872.9054494199938 8387998.121632691 5799.668883895503 6500.0
130000.0 140000.0 43.42566796875326 905.1431210937498 246.29069089883563 999.3460000000196 184.67724609375 100044.50348869286 1827.1460494626074 8343284.44044545 5756.131590383201 6500.0
140000.0 150000.0 38.33796289062593 905.6056397372158 249.80789113885928 998.8329999999842 170.665283203125 105334.81444713558 1935.1587435653462 8944574.453149883 6166.666290048128 6500.0
150000.0 160000.0 44.144332031253725 905.0777879971588 257.09606420911615 999.8740000000107 145.199951171875 102429.32616126786 1902.7955569177648 8911500.282363255 6145.493793576289 6500.0
160000.0 170000.0 190.73897851567017 891.7510019531209 298.320155486482 998.8969999999972 1.52197265625 104162.03418079633 1910.9730765915172 8730358.209900307 6024.272385668589 6500.0
170000.0 180000.0 52.559871093719266 994.744012890628 6.242962412948223 999.7160000000149 978.5791015625 98053.54220651572 1821.6621180917716 8639106.829971835 5964.413512602448 6500.0
180000.0 190000.0 26.911162109463476 906.6444398082306 293.7824315037403 999.8339999999735 21.399898437492084 100632.01767725949 1854.6355071093535 8625454.010267254 5948.680826355557 6500.0
190000.0 200000.0 1363.0258515625028 785.1794680397725 374.7050404452551 999.9319999999716 33.3730605468736 86473.00200442183 1527.057100888147 7070154.119264886 4891.437313592941 5333.333333333333
200000.0 210000.0 127.76482617179863 897.4759248934729 220.69976120735126 999.875 352.09326171875 78798.93078315746 1377.813569582975 6415148.239485103 4450.743254724265 5450.0
210000.0 220000.0 1752.9702753906604 824.702972460934 298.7364169329297 999.9620000000577 189.65099999995437 75420.32065536574 1340.1121411001895 6379738.680495687 4413.354486309336 6500.0
220000.0 230000.0 87.84696093737148 901.1048217329662 219.47709474637318 999.9520000000484 362.176025390625 92929.46925826358 1722.8907221654647 8049950.763127736 5553.901847425927 6500.0
230000.0 240000.0 41.16774804680608 905.3483865411995 217.36031408691147 999.9329999999609 337.00927734375 92384.81313425596 1671.1483376457622 7795230.812618093 5399.401488079728 4925.0
240000.0 250000.0 388.633003906114 873.7606360085351 251.29586295356825 999.9479999999749 178.6552734375 75517.23233296302 1314.391140500856 5777630.72641369 4015.2864042736282 4400.0
250000.0 260000.0 2704.9481542968424 810.5613161892397 322.17673058928 998.8919999999925 113.27700000000186 69940.50731480919 1240.1301151930447 5778574.15920786 4003.555574489413 4400.0
260000.0 270000.0 1381.1611660156632 861.8838833984337 208.02622609022634 999.9510000000009 426.126953125 82211.56854439976 1477.7528143880716 6645821.738185505 4603.210140274968 4400.0
270000.0 280000.0 2806.6276953123743 799.2635894097361 301.9386235143674 999.9050000000279 296.1370468749665 77849.51877188399 1364.3142091086916 6196455.998063205 4293.730781601494 5600.0
280000.0 290000.0 34.35626171878539 905.9676125710195 208.06929999149648 999.9100000000326 410.27099609375 104922.83271107853 1926.0865663653249 8780323.218225872 6066.004959338286 6500.0
290000.0 300000.0 69.13601562520489 902.805816761345 210.88779691366122 999.8639999999432 385.22998046875 97052.21082077007 1774.9306864977357 8237867.012530868 5685.600222160786 5900.0
