ts te idle avg_span std_span max_span min_span c_bytes_all c_pkts_all s_bytes_all s_pkts_all videorate
0.0 10000.0 7028.798999999999 990.4003333333336 5.1913524570541245 996.3640000000014 986.8929999999818 34692.0 411.0 1411153.0 994.0 1326.6666666666667
10000.0 20000.0 1267.8809687499888 970.2354479166679 78.145862552532 999.2390000000014 762.08203125 70509.48813464293 1162.2292855132887 3484181.2977819527 2425.9862533414484 1625.4545454545455
20000.0 30000.0 638.6440488281078 851.0323591974447 262.592668779757 999.0420000000158 235.61496874998556 71698.32248417629 1292.0935148331953 4552831.407088208 3161.351347736502 3000.0
30000.0 40000.0 2276.2760390624753 858.1915512152805 230.33268956795376 998.420999999973 413.97301757812966 73775.88806214114 1246.105741326207 5298363.879273345 3677.9684406050683 3800.0
40000.0 50000.0 1901.2028886718908 809.8797111328109 327.3406361698584 998.9440000000177 36.18400000000838 70963.65631070302 1318.8030986186586 5909523.363676541 4094.704512434958 4400.0
50000.0 60000.0 1388.4079335937859 861.1592066406214 306.62721444696484 998.4749999999767 76.5549453124986 79997.97657300018 1439.0690780635107 6148594.187071124 4265.567442606466 4400.0
60000.0 70000.0 46.24216992181027 904.8870754616536 208.7792436333459 999.804999999993 429.3408789062523 77076.98378172528 1354.383003123847 5945077.039426467 4121.265787240872 4400.0
70000.0 80000.0 1987.048832031258 801.2951167968743 260.2966271023798 999.9490000000224 389.2150000000256 77263.97070827009 1370.6504957961351 5806846.189090796 4028.166856392366 4400.0
80000.0 90000.0 1601.035056640685 839.8964943359315 236.88192834733115 999.7050000000163 378.06188085937174 81306.42053116081 1418.979243105489 6354907.3910749955 4402.748814330321 4400.0
90000.0 100000.0 600.6690625000629 854.4846306818125 316.1009397306091 999.8580000000075 212.90200000000186 71558.29341418027 1274.6865396196686 5759498.245516574 3995.2405453119995 4400.0
100000.0 110000.0 2010.2790000000386 887.7467777777734 324.31864319977853 999.9060000000172 23.01699999999255 76466.0 1349.0 5849040.0 4049.0 4400.0
110000.0 120000.0 1411.4608808594057 954.2821243489549 130.36582820563396 999.9099999999744 606.672119140625 94174.58360263031 1619.0340759104702 7141567.213290095 4946.45858740724 4925.0
120000.0 130000.0 1161.4352207031334 883.8564779296867 258.054167897324 999.9930000000168 236.25588085938944 97364.6198567708 1694.2314011646286 7322582.941700959 5062.406494638513 5187.5
130000.0 140000.0 101.43199804687174 899.8698183593752 215.70725476849168 999.8429999999935 384.8951015624916 91442.45077733241 1648.8182599812358 7482428.616943208 5178.381060716639 6200.0
140000.0 150000.0 53.365933593711816 904.2394605823898 204.8205810072136 999.9060000000172 442.1530996093643 104046.72477246523 1906.9131099979886 8427684.650867838 5831.615029966328 6500.0
150000.0 160000.0 250.48604101559613 886.319450816764 232.70883638277954 999.5680000000284 381.14892578125 84922.71052667458 1446.9639741945 6195172.318701891 4309.509172659705 4011.1111111111113
160000.0 170000.0 1986.22691992193 890.4192311197855 175.19108838311746 999.5659999999916 572.406005859375 72212.84306805875 1284.1238422600925 5694817.59094483 3947.4579874367137 4400.0
170000.0 180000.0 1364.6790917969192 863.5320908203081 221.12194368914444 999.7619999999879 424.00899414060405 82819.97974093375 1469.4306279185505 6604864.732778367 4577.78030176934 4400.0
180000.0 190000.0 1965.738792968681 803.4261207031319 331.1922775211646 999.8819999999832 81.88900000002468 72632.81012354983 1276.0434662476587 5698822.530694967 3956.5785833146842 4400.0
190000.0 200000.0 154.4161679688259 895.0530756391977 214.4307740581857 999.8209999999963 386.1038789062295 77184.00732116755 1376.8698156433177 6164014.6895757085 4278.966766232164 4400.0
200000.0 210000.0 1991.283863281249 800.8716136718751 333.94651542897304 999.9889999999432 34.49699999997392 73219.84540199427 1291.0558114866296 5870617.7779957 4072.469244274864 4400.0
210000.0 220000.0 1110.1600019531325 888.9839998046867 200.0550433613565 999.8939999999711 392.11591015628073 76525.36942282476 1382.4438917555128 6194378.094383406 4292.044577079078 4400.0
220000.0 230000.0 2037.705037109321 796.2294962890679 306.727460780506 999.8390000000363 214.15191210934427 79361.13975396569 1367.1493573574128 5811786.121488268 4048.5533824809177 4400.0
230000.0 240000.0 2322.777111328207 853.024765407977 242.55563675383323 999.6480000000447 321.4629492186941 70299.96658838066 1222.0550904468655 5422186.762286139 3760.4887320923513 4400.0
240000.0 250000.0 1217.4379003907088 878.2562099609291 218.03436041272235 999.8789999999572 376.9970605468843 88932.36270539308 1578.7775765001675 7080514.860150115 4902.07260584746 4400.0
250000.0 260000.0 170.08996093762107 893.6281853693072 219.7352255877843 999.7739999999758 384.3949609375559 73146.12230104688 1280.7942671467372 5676239.4783433955 3946.1963860295155 4400.0
260000.0 270000.0 2347.300179687445 850.2999800347284 198.11739317154644 999.8399999999674 470.86892187502235 72311.0730180461 1300.639046106843 5782954.621855754 4004.294116292683 4400.0
270000.0 280000.0 479.5205957030412 865.4981276633599 270.42136744698894 999.5169999999925 267.185302734375 94795.87116614007 1687.368561108738 7442096.625260645 5151.282500178665 5900.0
280000.0 290000.0 776.7424179686932 922.3257582031307 138.1152196410816 1000.0 619.056884765625 94392.88386801447 1745.9654901098584 8107042.922002791 5601.838789258121 6500.0
290000.0 300000.0 95.39796484366525 900.4183668323941 220.44399300551783 999.4740000000456 377.5101152344141 94388.71524667587 1692.6489005603164 7708915.485486422 5330.889640763492 5300.0
