ts te idle avg_span std_span max_span min_span c_bytes_all c_pkts_all s_bytes_all s_pkts_all videorate
0.0 10000.0 0.0 0.0 0.0 0.0 0.0 0.0 0.0 0.0 0.0 0.0
10000.0 20000.0 4449.5880507812435 792.9159927455366 352.06036690547194 999.9590000000026 181.10499999999956 43350.97796450166 963.3012395224322 4774191.031845508 3851.948416211382 3000.0
20000.0 30000.0 1176.039066406258 882.3960933593742 232.46296709097464 999.9119999999966 319.375 48013.64441915668 1257.9214544283318 6360095.09632112 5156.747693375984 3254.5454545454545
30000.0 40000.0 787.669931640623 837.4845516690343 302.18346052551976 999.8919999999998 97.32911718750256 45342.80472074253 1245.3782904311943 6302952.990790017 5129.92430791288 4400.0
40000.0 50000.0 545.3629511718536 859.512458984377 235.16881977526617 999.6900000000023 337.625 49472.44568292238 1312.6588590143378 6730440.282683609 5477.916414057996 6150.0
50000.0 60000.0 1307.5226992187672 869.2477300781233 193.22479881753551 999.3999999999942 487.38330078125 47357.348126774006 1211.138295916949 6449390.268192837 5255.662120253063 4445.454545454545
60000.0 70000.0 220.90621093750815 889.0085262784083 246.6673536455377 999.903999999995 288.51708984375 67103.5229751897 1747.3451494520618 8509336.529288027 6864.55320748559 6500.0
70000.0 80000.0 261.11199609375035 885.3534549005682 282.48267079009213 999.5130000000063 75.62109375 60605.881502727585 1587.3260383407435 8235799.959109789 6664.240197265638 6500.0
80000.0 90000.0 45.196212890630704 904.9821624644882 280.6342973211585 999.721000000005 61.577880859375 59238.9178520903 1567.8454292347362 8413462.937374938 6788.666668800613 6500.0
90000.0 100000.0 139.43179492186755 986.0568205078132 25.462252376440258 999.9649999999965 935.8141191406321 59071.81410701102 1549.4066724203924 8296798.748652147 6690.086761922304 6500.0
100000.0 110000.0 41.96417968752212 905.2759836647707 281.4684968243615 999.9229999999952 59.98591406250489 60426.10322253902 1595.154398533121 8532287.473173976 6868.693643920865 6500.0
110000.0 120000.0 248.89191601557832 886.464371271311 271.9597028862326 999.6110000000044 84.10809374999371 56407.98427472003 1501.9947458883084 7797715.710496144 6305.098318528524 6500.0
120000.0 130000.0 138.03003906246158 896.5427237215944 273.2109285898367 999.8889999999956 96.77000976563431 56256.95318173229 1380.9617773991517 6995051.59607554 5695.373483087378 4477.777777777777
130000.0 140000.0 107.34489453129936 899.3322823153364 248.46217260063725 999.2919999999867 194.51004882811685 58706.59797645484 1566.9567926150287 8067818.993177503 6526.079182241632 6371.428571428572
140000.0 150000.0 499.4429687499942 863.6870028409096 270.25135527431735 999.7639999999956 280.49694335937966 46263.47559378036 1193.6837800510352 5989516.676204639 4895.777767832426 3875.0
150000.0 160000.0 579.7640996093978 942.0235900390602 122.53703713698123 999.8889999999956 627.403912109381 42816.15901420742 1116.0420564278274 5565915.828349545 4554.365597118825 4400.0
160000.0 170000.0 886.6049042968662 828.4904632457394 289.8244230940482 999.9560000000056 170.8560117187444 44348.72730616589 1148.8352580884175 5775367.854962243 4732.667171041177 4400.0
170000.0 180000.0 53.03706249996321 904.2693579545488 209.9579214942111 999.9899999999907 434.322021484375 45332.51875827102 1164.1633702039805 6100297.615748672 4961.7756259178295 4400.0
180000.0 190000.0 453.39706640623626 867.8729939630695 228.13228713416925 999.6700000000128 389.303955078125 55216.63803366723 1425.645266807897 7286538.143286713 5899.5845560422495 6150.0
190000.0 200000.0 62.802990234369645 903.38154634233 214.89528018510774 999.9230000000098 359.81396484375 58290.60139533886 1535.0345429304411 7951512.794801539 6439.404706037956 6500.0
200000.0 210000.0 42.76192578129121 905.2034612926099 215.06280793360875 999.9690000000119 345.0400390625 61882.0862648177 1628.345850415886 8789772.958369967 7066.855352069265 6500.0
210000.0 220000.0 46.94208984376746 904.8234463778393 218.41733558506553 999.7609999999986 326.14794921875 58221.18025100343 1548.8682488836723 8525198.202343214 6847.9981181346375 6500.0
220000.0 230000.0 60.569828125066124 903.5845610795394 225.9425544015926 999.3319999999949 289.59912109375 58160.556503147935 1526.4100811648166 8128027.547708405 6558.2238834955815 5712.5
230000.0 240000.0 133.47805859375512 896.9565401278404 236.5046084188578 999.4109999999928 232.9140625 58457.24608140624 1511.8992077589342 7714091.012261906 6242.244463268481 5900.0
240000.0 250000.0 1685.0387890624988 831.4961210937502 226.05520438462003 999.1300000000047 482.9052734375 46332.156498242475 1158.3903546091965 5876990.339487212 4781.234611691519 4633.333333333333
250000.0 260000.0 43.56530273449607 905.1304270241367 207.10220119050322 999.380999999994 458.219970703125 62741.743655510494 1675.1094979878733 8592749.242755927 6918.904921677498 6500.0
260000.0 270000.0 106.55605859379284 899.4039946732915 219.6701503197809 999.8090000000084 383.784912109375 57010.165799154245 1507.8615934457189 8271859.745773165 6721.42631912154 6500.0
270000.0 280000.0 103.8138085937826 899.653290127838 218.99643745866624 999.8169999999809 336.006103515625 58188.3497004925 1549.5202226054134 8431274.22842474 6798.878333111545 6500.0
280000.0 290000.0 96.17783203127328 900.3474698153387 226.50650760225375 999.7390000000014 301.103271484375 56748.743927937896 1512.8780221044908 8109456.776497427 6543.150766499921 6500.0
290000.0 300000.0 241.616353515652 887.1257860440317 262.26201155899395 999.6909999999916 146.56591796875 60404.32785077856 1587.184360875247 8095470.678503623 6552.555996525078 6500.0
