ts te idle avg_span std_span max_span min_span c_bytes_all c_pkts_all s_bytes_all s_pkts_all video_rate
0.0 10000.0 6779.0571113281185 805.2357221679704 383.72612933795943 999.3859999999986 229.660888671875 29721.478768863242 381.3763849676266 1213625.0912336397 852.3720251639975 1900.0
10000.0 20000.0 45.22894726571394 904.9791866122079 243.61560535184867 999.4689999999828 200.56494140625 89602.1321955693 1480.6257854858218 4685843.315776314 3262.5312847775112 1500.0
20000.0 30000.0 1835.8469414061983 816.4153058593802 351.7454201941436 999.8759999999893 71.43800000002375 70838.38903556747 1256.9978295465517 3678161.592990047 2563.0966900584913 2750.0
30000.0 40000.0 1046.6340449218987 994.8184394531223 9.532280810588503 999.6699999999837 969.803955078125 66373.8912197937 1136.2825379528986 5105986.79221796 3557.310463304022 3600.0
40000.0 50000.0 161.53590429690666 894.4058268820994 289.6115290609646 999.8319999999949 26.402044921880588 77946.91957467137 1417.3142671678468 6449238.972942657 4472.794377148863 4400.0
50000.0 60000.0 848.6291113281623 831.9428080610761 356.12946486796005 999.914999999979 101.02094921877142 67416.09024863112 1215.2447929715959 5920991.650009672 4099.086158126665 4400.0
60000.0 70000.0 2401.430945312488 759.8569054687512 407.6385038942581 999.9920000000275 12.093994140625 65373.367875754564 1136.746709355065 5117612.867644491 3550.962777463687 4400.0
70000.0 80000.0 222.0720722655533 977.7927927734447 33.62794650110308 999.585000000021 892.669921875 80366.49042236639 1430.3535938046857 6322847.249206433 4395.02945576718 4400.0
80000.0 90000.0 172.31693554698722 893.4257331320921 267.7837775934994 999.7729999999865 100.9890781249851 72540.01921978124 1259.4074677060835 5917450.260975324 4111.485838841881 5000.0
90000.0 100000.0 330.24004687491106 879.0690866477354 264.8146564001286 999.8790000000154 175.79901367187267 92212.9572972854 1698.918144715741 8277042.184628397 5720.813007601789 6500.0
100000.0 110000.0 34.443884765554685 905.959646839495 207.52495887931767 999.9729999999981 419.20806054689456 96368.0628213554 1768.107179852252 8603855.489860436 5948.824028829502 6500.0
110000.0 120000.0 971.5730546874693 902.8426945312531 204.06422645454148 999.9089999999851 436.29794531251537 77087.20132036082 1322.6253064738316 6273596.53251463 4350.693892916412 4866.666666666667
120000.0 130000.0 1018.2037343749544 898.1796265625046 314.5695579401855 999.9180000000051 2.947265625 83327.11610891583 1469.2183614368657 6616709.857390134 4584.7081992547 4400.0
130000.0 140000.0 1986.745324218762 801.3254675781238 414.8895715584572 999.9670000000042 3.93994140625 67091.5791448987 1133.4328333214758 5304688.520320679 3677.4308768605792 5000.0
140000.0 150000.0 1168.35296289064 883.164703710936 300.84481843061576 999.1039999999921 43.677978515625 89586.02493356423 1565.0037006022847 7310791.869647015 5061.92376641766 5187.5
150000.0 160000.0 83.80403906246647 991.6195960937533 13.238634933246562 999.7789999999804 955.5530214844039 96733.18469776906 1774.6256140603666 8587111.02711855 5935.315565357344 6500.0
160000.0 170000.0 37.0138515625149 905.7260134943168 299.077190157126 999.1240000000107 4.134060546872206 97320.862215484 1799.0797229377924 8963214.025659956 6178.892459972208 6500.0
170000.0 180000.0 307.69608789059566 881.1185374644913 300.32961562356303 999.8730000000214 20.09791210939875 89660.23289936819 1691.6397676412155 8292041.699863665 5724.7291321375105 6500.0
180000.0 190000.0 1036.2220058593666 995.9753326822926 6.832079379227515 999.8520000000135 978.468994140625 92400.60000251015 1586.6501926094634 7170933.1122185 4971.885916669443 4700.0
190000.0 200000.0 3061.745742187486 693.8254257812514 445.3963511743728 999.4160000000265 21.058005859376863 67808.50983620484 1168.3488110289766 5693915.341807814 3944.5062692990928 5000.0
200000.0 210000.0 39.52813085948583 905.4974426491376 292.52370271710475 999.780999999959 24.59912109375 98472.2227151287 1771.779558364499 8506833.963272424 5886.949010518198 5450.0
210000.0 220000.0 1903.1470390626928 809.6852960937307 388.55562813631843 999.8360000000102 39.30908203125 89037.53865495496 1536.9658771155323 6989829.586476326 4840.175100611951 4925.0
220000.0 230000.0 205.60108203114942 979.439891796885 32.72728474448797 999.9930000000168 915.685999999987 92525.12879120136 1621.255560881529 7568074.996224937 5239.483702901315 6266.666666666667
230000.0 240000.0 1039.3980058593443 995.6224437934062 7.423263114542903 999.8540000000503 976.343994140625 80955.17606130625 1472.7265566144822 7404517.049659866 5121.521692024808 6500.0
240000.0 250000.0 35.00606640637852 905.9085394176019 293.64172854549867 999.9899999999907 21.20400585932657 98692.18521346766 1785.8426338040535 8588907.650446521 5924.222705884084 5450.0
250000.0 260000.0 265.1519726563711 884.9861843039663 287.57599036374353 999.8919999999925 37.31907226564363 82119.41714108059 1472.60008431614 7155568.100994045 4956.681798237039 5300.0
260000.0 270000.0 1935.2368613281287 806.4763138671872 363.74990903632283 999.7079999999842 52.12109375 76935.59011944795 1385.173466200623 6445836.290891543 4465.631718449093 6500.0
270000.0 280000.0 95.05108203133568 990.4948917968665 16.176851683384577 999.8689999999478 945.6779062499991 92569.86221046407 1636.710296540129 7670741.555859661 5304.189329307093 4662.5
280000.0 290000.0 2247.2390117188916 775.2760988281109 407.0563155923774 999.658000000054 12.317988281254657 88706.76925423348 1360.9469625245724 6177136.352148365 4280.752756097883 4400.0
290000.0 300000.0 1744.2620000001043 917.3042222222107 226.52136669516037 999.9919999999693 314.76699999999255 83393.0 1431.0 6709621.0 4636.0 5300.0
