ts te idle avg_span std_span max_span min_span c_bytes_all c_pkts_all s_bytes_all s_pkts_all video_rate
0.0 10000.0 6473.733025390655 881.5667436523363 225.657471665561 998.7519999999786 543.198974609375 40223.494611306916 514.673643381849 1685386.616164397 1189.3214507286766 1820.0
10000.0 20000.0 61.59789453120902 903.4911004971628 206.3019366052129 999.9280000000144 453.3810253906413 78167.20915319916 1309.4137732169281 3894635.709920196 2709.2049275936233 1500.0
20000.0 30000.0 3523.0581621093443 719.6602042100728 316.85345326573423 999.0270000000019 288.56591796875 49493.336921425594 818.102208006473 3121343.9115355313 2175.2729391417915 1875.0
30000.0 40000.0 2626.8839179687784 819.2351202256913 324.66096530933333 999.8530000000028 35.70899999997346 63504.95931406833 1090.8103753947496 4647280.762379875 3238.2006825359085 3700.0
40000.0 50000.0 1901.2807148437132 899.8576983506986 236.67917186187063 999.8520000000135 288.21728515625 76804.49591213986 1366.0972901356158 6385170.492000722 4421.551943245658 4400.0
50000.0 60000.0 2073.833345703024 880.6851838107751 239.97866077471136 998.3589999999967 291.012939453125 60566.580557941874 1066.9284377018232 5113120.438851709 3555.94318819541 4400.0
60000.0 70000.0 1672.2429394531064 925.3063400607659 127.24618842996318 999.88400000002 697.0760000000009 74907.92352991828 1300.9742721625607 5826068.069147569 4045.504868558932 4400.0
70000.0 80000.0 2678.6590117187006 813.4823320312555 368.5914229613274 999.7179999999935 52.69900000002235 69377.03315433832 1183.6708837244612 5663635.170722608 3930.3789054563417 5100.0
80000.0 90000.0 93.69388281257125 900.5732833806753 226.19389672371335 999.869000000006 270.93310546875 95077.71765809225 1677.5130456688967 8341511.900226979 5760.070235252246 5240.0
90000.0 100000.0 93.34902148437686 900.6046344105112 236.48736323641947 999.804999999993 229.986083984375 86788.47228286689 1583.6654200536689 7579090.690685786 5236.5086841091625 6500.0
100000.0 110000.0 659.455083984416 934.0544916015584 140.43471487092248 999.3159999999916 590.1089999999967 95476.77690470254 1710.1506505529735 8108412.238364627 5604.0421751822505 6500.0
110000.0 120000.0 1829.1500000000233 907.8722222222196 272.17401758332727 999.9139999999898 182.08399999997346 80733.0 1428.0 6981218.0 4825.0 5100.0
120000.0 130000.0 2872.593953125004 890.9257558593745 245.46154210540263 999.3310000000056 288.748046875 63933.13668087547 1053.2750401481303 4776676.561627628 3316.1694462461146 3400.0
130000.0 140000.0 1883.302064453077 811.6697935546923 328.047088397198 999.8240000000224 190.6240000000107 89059.0889056576 1516.1748449930228 6873699.620787024 4759.252166987117 4711.111111111111
140000.0 150000.0 87.92186328116804 901.0980124289847 249.62379284744185 999.1259999999893 178.922119140625 92601.55827421237 1724.4839214167396 8533237.4181711 5898.421086894697 6500.0
150000.0 160000.0 1258.9361015625182 874.1063898437482 243.4022332650321 999.0690000000177 244.468017578125 83412.43485663409 1537.3046793940969 7458673.0383437 5153.114444039601 6500.0
160000.0 170000.0 1628.7330996094388 837.1266900390561 281.54973926938436 999.6790000000037 248.19091796875 82645.63878746169 1423.2094102101962 6522781.915964344 4518.841001026896 5000.0
170000.0 180000.0 598.6609179686639 940.1339082031336 120.61348362974717 999.9699999999721 677.0650000000023 86274.14249515878 1548.5521038378142 7064632.445106206 4899.201854805575 4400.0
180000.0 190000.0 780.6229042969644 921.9377095703036 242.4936613753583 999.7299999999814 231.798095703125 84867.10169094239 1489.4594190987207 7143154.869228905 4940.479248780238 5600.0
190000.0 200000.0 1407.1701132813469 859.2829886718653 255.93077166177267 999.8399999999674 246.781982421875 82153.74172096023 1513.258612841598 7275004.327990348 5032.197682301719 6500.0
200000.0 210000.0 45.837009765789844 904.92390820311 238.25647172654178 999.6110000000335 221.89697265625 103383.25612605001 1799.9880625196515 8529145.330182545 5908.400685421791 5450.0
210000.0 220000.0 157.12195312499534 894.807095170455 244.68819388044372 999.7820000000065 188.02001953125 90733.91241290394 1591.829044176649 7770040.971711861 5378.4065684923935 5450.0
220000.0 230000.0 1337.4381035157712 866.2561896484228 243.1699801997288 999.3639999999432 242.263916015625 75644.35775945519 1292.9006905702365 5724390.6994188335 3988.768017849926 5187.5
230000.0 240000.0 62.04394335928373 903.4505506037015 240.15936982413038 999.9259999999776 212.77197265625 92588.03798548641 1704.8080852051676 8115782.8891300075 5614.395240447664 6500.0
240000.0 250000.0 109.65802734368481 899.1219975142104 246.01271001069736 999.3669999999693 181.9189453125 92636.21265882056 1597.242957746895 6770837.403412096 4696.800225732447 4244.444444444444
250000.0 260000.0 1971.373857421684 892.0695713975906 252.43453813155148 999.984000000055 240.090087890625 78024.4112432478 1386.253614334197 6404792.175731376 4435.0432488596225 4400.0
260000.0 270000.0 1277.7110878905514 872.2288912109449 315.35572339856674 999.9050000000279 0.0 61930.96840213346 1097.2595135068848 4899748.333194029 3409.509082114199 4400.0
270000.0 280000.0 778.286074218573 922.1713925781427 240.53354588895468 999.9790000000503 237.64892578125 89114.28374770572 1563.407272526742 7245077.542438375 5025.08073482922 5300.0
280000.0 290000.0 28.605644531198777 906.4903959517092 237.3855853318491 999.8199999999488 224.11328125 96718.96903868485 1773.5314970863658 8454525.537153382 5835.665187754635 6500.0
290000.0 300000.0 87.86432421882637 901.103243252834 252.99869486521376 999.8399999999674 165.10595703125 97329.0249125436 1751.661087886837 8077709.91804618 5585.042670053792 5187.5
