ts te idle avg_span std_span max_span min_span c_bytes_all c_pkts_all s_bytes_all s_pkts_all videorate
0.0 10000.0 6065.641044921882 983.5897387695295 29.94715268436254 999.0580000000191 938.678955078125 37461.28430853688 469.98795267230184 1459560.9545822097 1025.2547988816166 1546.6666666666667
10000.0 20000.0 45.98368750006193 904.9105738636307 281.41975004519196 999.8819999999832 59.22404492186615 75900.12845299559 1223.9274612582074 4391433.204064177 3046.162784463574 1740.0
20000.0 30000.0 2150.2163242187817 784.9783675781218 349.2433887146643 998.9650000000256 77.45373242185451 61988.71586416497 1085.2229351636552 4321386.955907783 2997.336911211384 3000.0
30000.0 40000.0 671.8058398438734 848.0176509232842 336.65548214779096 999.8099999999977 4.881103515625 62891.21954663071 1121.1113858374438 5763083.4596454585 3986.8820846808576 4000.0
40000.0 50000.0 325.7231035156292 967.4276896484371 82.22299833935712 999.9479999999749 735.7330000000075 60214.65182767185 1124.7502650683919 5571264.425800372 3860.3634207625673 4400.0
50000.0 60000.0 1532.9439999999595 940.7840000000045 79.87679154015277 999.1670000000158 777.25 65269.0 1178.0 5901476.0 4081.0 4400.0
60000.0 70000.0 1940.993021484348 895.4452198350724 236.63968548193697 999.6840000000084 283.88099999999395 68511.59908195377 1202.0712324728356 5641860.795990058 3899.5316428057304 4400.0
70000.0 80000.0 661.0967226561625 848.991207031258 317.0794878476175 999.2980000000098 36.59202148439363 70436.89211299161 1249.4858348943847 6136580.0141936885 4243.9117066761455 5000.0
80000.0 90000.0 35.24220507807331 905.8870722656297 207.99973301364946 999.9380000000237 420.35205078125 94627.05723625024 1761.0559080804155 8728243.27717255 6023.996104620257 6500.0
90000.0 100000.0 138.2651640624972 896.5213487215912 223.80869276058834 998.8470000000088 336.23388671875 89023.2038624909 1674.5649678805319 8379296.165479366 5786.794125156545 6500.0
100000.0 110000.0 164.65682226553326 894.1221070667697 237.53185733653743 999.0030000000261 243.716064453125 92077.64091785844 1713.677080323482 8425953.090878157 5819.411675671198 6500.0
110000.0 120000.0 31.77111328119645 906.2026260653457 236.44034333173036 999.9349999999977 229.949951171875 91659.52451762043 1727.326278808928 8608140.093433078 5937.702440986127 6500.0
120000.0 130000.0 614.2300371094025 938.5769962890597 115.31181565309998 999.9980000000214 681.7119140625 92682.87553854927 1664.9255060292926 7895350.749339532 5453.039484859775 5975.0
130000.0 140000.0 66.82381054689176 903.0160172230098 222.41547618362188 999.8319999999949 317.2430859375163 92946.20057738156 1667.739909894113 8395046.785788542 5802.010540978457 6500.0
140000.0 150000.0 39.31918554700678 905.5164376775448 212.6494780124304 999.5339999999851 362.98889648437034 92245.90960275887 1742.1910487882008 8622910.446768845 5952.293338193296 6500.0
150000.0 160000.0 131.90690625010757 897.0993721590811 211.65398869784872 999.7339999999967 379.3670820312691 91762.5241912735 1724.7337463703948 8602410.818359394 5934.049461680022 6500.0
160000.0 170000.0 42.61789843754377 905.216554687496 209.35007877107455 999.4139999999898 414.4959882812691 100261.3499193031 1857.9115513301176 8850551.741153626 6107.483981510762 6500.0
170000.0 180000.0 28.481804687529802 906.5016541193155 205.75982324627242 999.9089999999851 440.12388671876397 101078.70234881401 1823.2284573130116 8706858.390692428 6011.707884579811 6500.0
180000.0 190000.0 76.89300976571394 902.1006354758442 211.95898722074352 999.0619999999763 432.0356914062286 91728.02093600997 1740.8319097651201 8688234.721889855 5992.960342266454 6500.0
190000.0 200000.0 48.00630273431307 904.726699751426 206.647278916447 999.579000000027 479.0307011718978 96985.55482264429 1799.2653477389588 8837316.777542867 6095.294507399704 6500.0
200000.0 210000.0 41.795931640663184 905.2912789417579 206.46031188300188 999.8129999999655 470.966064453125 91774.93358994278 1732.677279066368 8581070.368639661 5923.899702919877 6500.0
210000.0 220000.0 140.1799550781725 896.3472768110752 220.9221989657647 999.4679999999935 381.287109375 92400.06681368111 1732.8241071797659 8660837.688192591 5973.794950165109 6500.0
220000.0 230000.0 59.21186132810544 903.7080126065358 213.5516836723013 999.920999999973 359.479248046875 93491.75015961517 1759.884995196243 8540337.336591806 5903.035701396573 6500.0
230000.0 240000.0 43.02498242165893 905.1795470525765 219.43096900397273 999.8980000000447 329.447265625 98368.24664777787 1803.5752757719772 8695266.862150386 5999.864174150978 6500.0
240000.0 250000.0 81.27725976565853 901.702067294031 222.8340326660204 999.7399999999907 297.656005859375 97116.77297363358 1812.4826378237176 8699507.458362203 5999.639434133748 6500.0
250000.0 260000.0 41.06297265633475 905.3579115766969 226.0793595331114 999.8850000000093 278.884033203125 91047.98664606821 1723.4410131596314 8671250.87512877 5977.457214276013 6500.0
260000.0 270000.0 173.61309570330195 893.3079003906089 256.0969248060825 998.9939999999478 162.5859375 93610.51513236397 1721.2116472870575 8722044.921034096 6015.658320298418 6500.0
270000.0 280000.0 36.13362890621647 905.8060337357985 256.5355230626435 999.9960000000428 146.09130859375 92736.71231196471 1740.4655601604431 8769696.064536314 6049.640145740481 6500.0
280000.0 290000.0 71.45121679687873 902.5953439275564 265.92298847727824 999.4769999999553 112.194091796875 90160.87922510662 1702.1977792407117 8471767.443245845 5846.897421575601 6500.0
290000.0 300000.0 30.732992187258787 906.2970007102492 269.80548703945294 999.9139999999898 99.027099609375 91070.06208928267 1717.6781033327532 8582284.218420036 5920.091563333554 6500.0
