ts te idle avg_span std_span max_span min_span c_bytes_all c_pkts_all s_bytes_all s_pkts_all videorate
0.0 10000.0 7071.92703320313 976.0243222656233 10.778842265155102 985.3869999999879 964.240966796875 23960.680950400965 101.21756575843277 228076.17604225443 184.62925483604465 1372.8
10000.0 20000.0 688.4356699218624 846.5058481889216 295.6535912934391 999.8890000000247 32.24003320315387 65494.60555286839 940.9765296965998 2377647.4933258444 1734.6360791225784 728.7272727272727
20000.0 30000.0 3049.780316406279 772.2466315104134 238.01280123240826 998.9689999999828 339.47670312499395 50717.96875299168 833.7469779639888 3013905.300328249 2106.2279481611167 2175.0
30000.0 40000.0 175.5290800781222 893.133719992898 218.8680484704679 998.6830000000191 328.91301953123184 63204.93907189858 1070.5539276619759 4520806.86374973 3143.3289172232894 3600.0
40000.0 50000.0 794.8558359375456 836.8312876420413 281.16068588041793 999.8640000000014 301.466064453125 77159.59899640364 1413.3676155945254 6234937.732566139 4307.44530713825 4400.0
50000.0 60000.0 1059.9541093750158 894.0045890624984 211.31078766624464 999.13400000002 357.053955078125 74455.48639817434 1383.8598918965954 6036330.309564033 4175.466351950944 4400.0
60000.0 70000.0 1313.2659843749716 868.6734015625028 205.46831552082412 999.9710000000196 394.5590000000084 83563.07804805861 1482.3620942365274 6140685.460429471 4254.167823371093 4400.0
70000.0 80000.0 958.1866503906786 821.9830317826655 276.02789503481426 999.2999999999884 154.52102929685498 76558.61271491503 1370.9722523727935 5930387.081523257 4117.666212073272 4400.0
80000.0 90000.0 88.71142382803373 901.0262341974515 212.01360138872508 999.2310000000289 395.9976796875126 80840.43888306804 1411.5999433089055 5968856.415810488 4134.205407321391 4400.0
90000.0 100000.0 297.78878906246973 882.019200994321 254.62968401150937 999.74099999998 303.735107421875 94462.12080334847 1686.2505307950305 7531026.891412841 5204.495022015457 5600.0
100000.0 110000.0 90.85714062489569 900.8311690341004 229.68689239731077 999.9550000000163 288.490966796875 99523.7375350354 1849.1309836680948 8509099.913299942 5872.502263229644 6500.0
110000.0 120000.0 39.29887109372066 905.5182844460254 228.00448994575655 999.8570000000182 270.673095703125 100252.91475812293 1856.170326848288 8657600.433378851 5972.31374549523 6500.0
120000.0 130000.0 39.44484960945556 905.5050136718677 231.47331055071282 999.7679999999818 251.42724609375 99741.9258172874 1761.5486188347618 7655621.58751833 5298.469988738518 5712.5
130000.0 140000.0 655.299351562513 934.4700648437487 93.43906140796473 999.9079999999958 748.0857539062272 99840.7612590771 1781.401604317259 7874028.958214181 5442.615514210813 5975.0
140000.0 150000.0 193.372802734375 891.5115633877841 259.75922506002377 999.5279999999912 149.06210546876537 97815.35547406993 1824.5442884720253 8450942.648197083 5828.2511467657305 6500.0
150000.0 160000.0 29.6487871092977 906.3955648082457 225.41558789838504 999.9419999999809 280.0659082031343 105319.80307948988 1935.5678636915934 8743287.797318583 6037.251462368922 6500.0
160000.0 170000.0 55.77624804683728 904.0203410866511 227.00859634965147 999.6680000000051 282.6956953125191 102012.57045919617 1883.7797609487304 8626006.77516316 5951.166101017226 6500.0
170000.0 180000.0 109.23795312503353 899.1601860795424 228.76550826330072 999.8989999999758 299.0919433593517 105102.03729291397 1945.9114408301887 8845927.23546273 6102.430812089913 6500.0
180000.0 190000.0 27.841011718730442 906.5599080255699 210.80511716270536 999.8229999999749 376.1268964843475 106163.97547395994 1977.5701891078456 8738448.327417387 6046.609018023844 6500.0
190000.0 200000.0 41.77502539072884 905.2931795099338 210.04889068398785 999.664999999979 386.4099082031171 99674.63571545926 1855.7447173313435 8612023.906298831 5943.057786707184 6500.0
200000.0 210000.0 68.45196679676883 902.8680030184755 208.80047888028128 999.9429999999702 403.2179335937835 106200.6757736874 1954.9937432018953 8802883.246605871 6070.002151807198 6500.0
210000.0 220000.0 43.93605078116525 905.0967226562577 209.02282120931017 999.8429999999935 423.69690039067063 110655.06377056618 2038.9529664890938 8781182.886295918 6060.63400167639 6500.0
220000.0 230000.0 26.45901171886362 906.6855443891942 206.82297396269254 999.9780000000028 450.107951171929 99886.13146531368 1845.6095302557346 8550704.711739007 5901.8637395197175 6500.0
230000.0 240000.0 33.086947265663184 906.0830047940307 205.57503487225657 999.6600000000326 467.511962890625 103042.12438990662 1911.6928186587995 8624375.884053921 5949.98201381124 6500.0
240000.0 250000.0 807.3661249999423 835.6939886363689 281.53666048464834 999.6570000000065 348.93896484375 94197.52538518296 1664.8000027408339 7473314.326035618 5160.053089309048 5712.5
250000.0 260000.0 65.9107050782768 903.0990268110658 219.48149667836807 999.9939999999478 321.041259765625 95095.63034127046 1777.0435175552932 8562395.037608705 5910.767027974407 6500.0
260000.0 270000.0 32.949292968958616 906.0955188210038 220.77102841475892 999.8519999999553 306.365966796875 94936.31591814346 1771.695269686672 8610367.84151481 5941.066806717319 6500.0
270000.0 280000.0 104.84399804682471 899.5596365411977 225.2515852190148 999.9740000000456 278.16796875 99728.97999400609 1853.9722380049486 8538138.605186285 5893.762394418936 6500.0
280000.0 290000.0 319.76872265629936 880.0210252130637 266.54977124455075 999.685999999987 123.92724609375 98335.13654905191 1830.1430609761337 8431185.092984734 5819.5744442043615 6500.0
290000.0 300000.0 25.668359375093132 906.7574218749916 266.14643700098225 999.920999999973 112.10888671875 99016.93832606779 1850.6372385283694 8560383.410590172 5910.629625856903 6500.0
