ts te idle avg_span std_span max_span min_span c_bytes_all c_pkts_all s_bytes_all s_pkts_all video_rate
0.0 10000.0 7177.100695312489 940.9664348958371 93.51671679658001 995.8260000000009 832.9873046875 30688.158240374178 349.5938856799194 1259350.4575372704 887.2912259680422 1424.0
10000.0 20000.0 1030.5183535156539 815.4074224076678 337.98233292563555 998.9479999999749 149.74800000002142 77297.23059729907 1217.7892543428738 4033717.2807700774 2796.0916001512805 1606.1538461538462
20000.0 30000.0 1609.6308437500265 839.0369156249974 238.53775871588758 999.6720000000205 307.8710488281213 67314.34061579859 1170.4382953717409 4161819.9038018673 2884.1676169708117 2825.0
30000.0 40000.0 1710.8891074219719 828.9110892578028 264.75812672211543 998.9430000000284 378.55689257814083 59414.27054652816 1024.178564605466 4953248.357890785 3440.4495569098654 3600.0
40000.0 50000.0 1446.5910351562197 950.3787738715312 138.74209783811176 999.7320000000182 580.56396484375 69766.72632707164 1245.0186661026078 5807780.094668948 4024.0273530373606 4400.0
50000.0 60000.0 141.48570507811382 896.228572265626 212.41134613916154 999.9949999999953 418.7780351562542 72602.6465829271 1301.544800820539 6132883.972296568 4256.184203373128 4400.0
60000.0 70000.0 77.7873359376099 902.0193330965809 211.03068794015488 999.8989999999758 473.096923828125 75154.71128127271 1316.7132501243775 6192994.21640934 4290.578239446868 4400.0
70000.0 80000.0 2526.6986406249925 830.3668177083341 245.0694966151762 999.8499999999767 413.5129999999772 68989.17152698786 1220.5536423514013 5764157.9250837285 3988.6189980777503 4400.0
80000.0 90000.0 2482.264261718723 835.3039709201419 228.89596501772382 999.7189999999828 381.37471679685405 77023.12336893368 1273.5419694288685 6110377.476972383 4232.098872237135 5300.0
90000.0 100000.0 41.056083984381985 905.3585378196017 211.16339329068273 999.8530000000028 381.79597851564176 96518.74115021361 1771.821427876912 8604914.18895685 5938.402026932313 6500.0
100000.0 110000.0 29.568876953155268 906.4028293678949 208.6435896541641 999.6599999999744 401.9620625000098 98970.74655015723 1773.8211819525297 8749945.770428803 6037.021695876335 6500.0
110000.0 120000.0 58.439998046902474 903.7781819957362 209.17744102248116 999.9670000000042 416.9999394531478 89845.57486455394 1666.3044790066012 8568065.06421854 5914.487404515459 6500.0
120000.0 130000.0 103.52997851569671 899.6790928622094 212.7798524395962 999.6730000000098 441.8219374999753 85866.44642385613 1516.5948351189363 7027312.438711109 4858.803760047911 5187.5
130000.0 140000.0 1708.4327949218568 829.1567205078143 303.796894106737 999.9349999999977 102.95199999999022 74193.96716430991 1316.9335467064077 6441922.656411494 4465.576565980396 4400.0
140000.0 150000.0 372.9031738280901 875.1906205610827 249.50784274955708 999.829000000027 255.64971093751956 73230.79791626905 1303.6745693881874 6189246.0309590995 4289.440231129762 4400.0
150000.0 160000.0 242.9180195312947 887.0074527698823 240.38822484534592 999.420999999973 339.798095703125 71738.58547753951 1257.5836779778697 6035740.884783946 4190.385112087184 4400.0
160000.0 170000.0 857.8749882812845 914.2125011718715 164.69704896387182 999.9189999999944 557.735107421875 68335.20085416046 1175.359400040341 5698389.937477968 3955.56977893969 4400.0
170000.0 180000.0 688.1190722656902 846.5346297940282 277.7182757218606 999.6749999999884 203.68603515625 94793.90105450753 1651.8838305603542 7958221.835136491 5508.190344599287 5900.0
180000.0 190000.0 2804.890945312509 799.4565616319435 317.87921967099686 999.6720000000205 24.972000000008848 57491.38779177893 954.1961318141823 4664365.996870619 3234.7322159874857 5900.0
190000.0 200000.0 5163.807089843613 604.5241137695484 354.3157805682855 997.3460000000196 48.05900000000838 19609.271665460714 129.45459072988473 329141.5106141188 265.88319773193706 7062.5
200000.0 210000.0 8122.255000000005 375.54899999999907 140.10338613857851 505.06299999996554 204.3070000000298 18177.0 170.0 552746.0 408.0 8000.0
210000.0 220000.0 1284.8787421875168 968.3468064236092 89.48422228909844 999.6199999999953 729.7392578125 91926.37527020353 1623.4770725513586 7409188.446948473 5114.546954962419 6750.0
220000.0 230000.0 34.54634179698769 905.9503325639103 227.99304269537572 999.8819999999832 270.1447421874618 96929.95846775896 1779.0310584934964 8744000.624158097 6030.625242593377 6500.0
230000.0 240000.0 47.94091015635058 904.7326445312409 224.1839709644787 999.4179999999469 289.21708398440387 95527.81162006839 1774.283258746128 8721264.6730818 6016.947460976141 6500.0
240000.0 250000.0 47.495060546905734 904.7731763139177 220.1378530977832 999.9629999999888 311.52099414065015 94118.72950759633 1738.2012447497864 8392266.343384605 5801.258500953585 6500.0
250000.0 260000.0 41.22663671860937 905.343033025581 218.12634716712896 999.4279999999562 326.24705468746834 96454.83540895091 1785.244942134344 8691078.158061579 5995.18605927106 6500.0
260000.0 270000.0 125.78733398451004 897.655696910499 216.53233818739275 999.8969999999972 346.3366914062062 93956.5049652828 1725.0871552276244 8575435.761557238 5915.573232706166 6500.0
270000.0 280000.0 22.123033203184605 907.0797242542559 210.23332777581118 999.9980000000214 388.7870253906585 101503.90710184207 1813.4218926390517 8866525.600302763 6118.830754672078 6500.0
280000.0 290000.0 73.67283007816877 902.3933790838029 210.5027101189842 999.9429999999702 403.6500585937174 87073.5995858697 1609.066009427252 8176904.417575124 5642.410599009584 6500.0
