ts te idle avg_span std_span max_span min_span c_bytes_all c_pkts_all s_bytes_all s_pkts_all video_rate
0.0 10000.0 5952.588076171873 809.4823847656255 396.21488103555663 999.2330000000075 101.721923828125 37729.891396768886 516.3381703953874 1713183.2114719038 1206.0419856322321 1500.0
10000.0 20000.0 981.0199238281348 901.8980076171865 163.27153653388066 999.5069999999832 526.9459999999963 93102.10860323111 1551.6618296046126 4577215.788528096 3187.9580143677676 1772.7272727272727
20000.0 30000.0 1494.5949999999139 945.0450000000096 158.04601945873256 999.7820000000065 523.6350000000093 67982.0 1255.0 3931559.0 2726.0 3000.0
30000.0 40000.0 1911.0159843750298 898.7760017361078 237.31503111619 999.5879999999888 284.166015625 68356.04982683914 1256.9564185133383 4021339.4468564843 2780.2962112117284 3000.0
40000.0 50000.0 99.11090820317622 900.080826526984 241.81552055277925 999.9629999999888 217.235107421875 72281.68919418735 1346.3821597821263 4286320.318424572 2980.8630096342526 3000.0
50000.0 60000.0 46.94282421882963 904.82337961647 243.26681507259616 999.6479999999865 197.915283203125 71392.11758287517 1344.9947508571877 4257722.754971269 2947.243632778056 3000.0
60000.0 70000.0 1422.6392031250289 857.7360796874971 261.2389939167295 999.9660000000149 223.882080078125 66071.37692159976 1168.4133902610972 3786329.591783746 2624.919067169639 3000.0
70000.0 80000.0 1655.7671757813077 834.4232824218692 292.31451257053857 999.8319999999949 282.326904296875 73157.20368374474 1296.2411519776 4062359.165550172 2812.3474346436747 3000.0
80000.0 90000.0 177.98558789055096 892.910401100859 257.82802189035925 998.5680000000284 157.79931640625 75021.82669984142 1339.4518287779842 4226296.927893344 2928.9485546725577 3000.0
90000.0 100000.0 1994.9803554688697 889.4466271701256 230.86244717607306 999.9639999999781 289.5849609375 57435.15770087114 974.2481675254046 3073960.6250164355 2139.9618629589777 3000.0
100000.0 110000.0 143.89205664058682 896.009813032674 257.65264182883254 999.9899999999907 165.201904296875 86180.4291069792 1583.9386657450616 4825791.498918919 3333.8459373529163 3000.0
110000.0 120000.0 1320.7069042969379 964.3658995225625 57.79839888697964 999.9810000000289 833.1700957030989 77198.14928306208 1395.3734665601999 4139815.670585058 2868.5742895781977 3000.0
120000.0 130000.0 1159.114015625033 884.0885984374967 247.4455637564996 998.9280000000144 281.958984375 76928.35669156759 1360.4217547226015 3986288.4541812288 2763.5687018890408 3000.0
130000.0 140000.0 110.44388085935498 899.0505562855132 248.6134692692191 999.9500000000116 196.381103515625 81322.20704215788 1456.9369143206784 4464612.547926843 3093.7019269800903 3000.0
140000.0 150000.0 40.36616406252142 905.4212578124981 249.82038760137257 999.8649999999907 174.262939453125 73207.98150152569 1308.3568432421816 4001324.5236246884 2768.5915931195973 3000.0
150000.0 160000.0 498.7129746093415 950.1287025390659 80.20229102363288 999.9479999999749 797.18896484375 76337.8701623008 1349.5741716254513 4043364.027307291 2802.985617888394 3000.0
160000.0 170000.0 577.2656796875526 856.6122109374952 302.17087936368915 999.8159999999916 201.67203515622532 82860.98333322632 1460.9639872864323 4268273.9351990465 2962.125636871568 3000.0
170000.0 180000.0 138.49736328126164 896.5002397017034 238.20389685049537 999.9500000000116 228.294921875 80822.58811173505 1421.6682686893955 4094435.0568302562 2839.0037776755125 3000.0
180000.0 190000.0 418.9119257812272 958.1088074218773 85.48193285170609 999.9619999999995 769.1160781250219 85753.61198575233 1530.2170610402698 4527608.572482047 3144.4505124844754 3000.0
190000.0 200000.0 1515.4189804686466 771.325547230123 332.5501092539745 999.7510000000475 145.65400390623836 71351.23466913884 1255.259434251374 3845398.229849458 2667.2408405394744 3000.0
200000.0 210000.0 909.3060156251304 909.0693984374869 154.43091059248684 998.73199999996 572.8969999999972 77884.81147570851 1382.2391572921663 4111576.292010783 2851.2904829927256 3000.0
210000.0 220000.0 1397.3430917968508 782.0597189275591 370.6520038766356 999.5629999999655 171.375 74810.24486435013 1324.2248705269617 4048984.1580641973 2806.4403713854695 3000.0
220000.0 230000.0 179.41759179683868 892.7802189275601 237.51877924688867 999.0400000000373 218.29931640625 76398.51957951911 1366.7446925524675 4182576.4552918198 2907.7328377513923 3000.0
230000.0 240000.0 978.6672363282414 902.1332763671759 225.88251215307662 999.8730000000214 291.007080078125 78583.50373440475 1382.2082830209117 4106278.812103213 2852.2447429720924 3000.0
240000.0 250000.0 169.9491640625056 893.6409850852268 242.75602443227743 998.4320000000298 209.888916015625 74604.05401255442 1346.0654964391683 4013524.106684743 2790.1253264605607 3000.0
250000.0 260000.0 1594.1699160157004 933.9811204427 111.1028758239702 999.8510000000242 703.2630000000354 74093.03283605856 1319.11906498994 3932302.828444384 2728.497630989608 3000.0
260000.0 270000.0 2341.8110000001034 850.9098888888774 292.76821938543014 999.7850000000326 331.9309999999823 73571.0 1310.0 3933662.0 2726.0 3000.0
270000.0 280000.0 799.7031113280682 920.0296888671932 239.72723683435393 999.265999999945 237.910888671875 87212.30961089744 1534.6868509909066 4616511.89464132 3195.8327270474065 3000.0
280000.0 290000.0 80.9395683594048 901.7327665127814 243.11738133335345 999.9749999999767 200.6533203125 82605.47435359521 1470.4143791334616 4281418.474903585 2976.1258668141036 3000.0
290000.0 300000.0 457.09521875018254 954.2904781249817 76.18203557785066 999.6189999999478 794.2206796874525 77699.70811329172 1366.4541080863437 4065550.83741142 2817.4091930015807 3000.0
