ts te idle avg_span std_span max_span min_span c_bytes_all c_pkts_all s_bytes_all s_pkts_all video_rate
0.0 10000.0 5741.865695312445 851.6268609375111 326.26943139121516 999.1010000000242 267.9873046875 36120.27122116166 360.76099514196113 1088172.8879596393 787.5944585773262 591.0
10000.0 20000.0 68.83232812496135 902.8334247159127 239.86183872392544 999.6599999999744 220.8759765625 70241.3904076271 1151.0228995537136 2854662.7849759767 1987.531120288583 1965.3333333333333
20000.0 30000.0 172.9880468749907 893.3647230113645 258.61956821421876 999.4290000000037 139.1279296875 65997.71058959405 1051.4039886892401 2513651.667607022 1760.0192837667616 1020.0
30000.0 40000.0 94.73164257814642 900.4789415838048 269.1528097455881 999.9949999999953 99.519287109375 58319.82440100705 1018.4269454218778 2363111.353191459 1638.1772261107806 1500.0
40000.0 50000.0 2875.0882871093927 890.6139641113259 165.71211810414792 999.5530000000144 580.0219999999972 47904.80338061014 750.3851711932073 2087159.3062659027 1463.6779112565482 1335.0
50000.0 60000.0 176.53368164069252 982.3466318359308 48.68924452728944 999.8339999999735 843.851318359375 60878.32892794535 1049.5899312970785 3177875.3211050793 2220.6938760382354 2300.0
60000.0 70000.0 88.551296874939 901.0407911931874 252.95455490695966 999.2430000000168 155.23168164060917 73259.00885290337 1320.8194674736797 3878155.712627097 2692.226758467093 2900.0
70000.0 80000.0 439.8747246094281 869.1022977627792 262.43462723893435 999.5119999999879 177.08397851564223 71545.54879186465 1320.7167806640264 4107462.9829451893 2843.458853564482 3000.0
80000.0 90000.0 506.57699804689037 863.03845472301 294.3624227280513 999.6680000000051 151.081298828125 68921.38511793071 1239.6802463053014 3900272.269764808 2698.779781141505 3000.0
90000.0 100000.0 220.92737695312826 889.0066020951701 285.2950973756027 999.9969999999739 43.294921875 75231.3183530768 1356.0122343072444 4205640.902795266 2913.7789709051904 3000.0
100000.0 110000.0 112.90298437495949 988.709701562504 16.220357278078566 999.9319999999716 955.1120781250065 75675.76134811877 1328.132614063731 4095995.890246069 2853.964308105617 3000.0
110000.0 120000.0 32.95583593758056 906.0949240056744 288.55356274315955 999.9739999999874 37.37306249997346 69711.68303704294 1231.7432682487845 3925882.9769643014 2726.9809861949066 3000.0
120000.0 130000.0 218.53880664065946 889.2237448508491 280.17332422576 999.8470000000088 53.91789843747392 75842.82238105769 1366.7119691025214 4273900.309160442 2958.899572175663 3000.0
130000.0 140000.0 1542.826345703099 768.8339685724455 376.56847068762494 999.9810000000289 32.27294921875 70076.71858449272 1251.9294282308813 3892692.8979238044 2698.9242210787597 3000.0
140000.0 150000.0 105.7168378905626 989.4283162109438 12.869494432097879 999.265000000014 965.1060507812654 73668.47073341288 1334.3047606207206 4282665.177055948 2966.110721275654 3000.0
150000.0 160000.0 479.8259921874851 865.4703643465923 299.9525564265845 999.8520000000135 19.264888671867084 73253.64985816804 1309.1532496811797 4111627.980503678 2857.340438303225 3000.0
160000.0 170000.0 1588.2801816405845 841.1719818359416 223.51809250983507 999.6379999999772 343.3148808593978 68986.55815230058 1235.2189002469445 3935398.84241981 2723.3299862424333 3000.0
170000.0 180000.0 141.0168222655775 896.2711979758566 221.3799273534016 999.8879999999772 343.38406249997206 74431.06977281645 1319.5711294555044 4118707.202913055 2849.760227269789 3000.0
180000.0 190000.0 40.16706835938385 905.4393574218742 207.4603413093883 999.295999999973 414.78788476565387 77297.95038974147 1369.2124798796349 4158069.390881707 2892.857493094714 3000.0
190000.0 200000.0 832.6229687498999 833.3979119318273 358.2220145435888 999.9590000000317 45.080078125 75769.49372735484 1355.5835395150195 4148210.4471687675 2880.825718911833 3000.0
200000.0 210000.0 110.51998046867084 988.9480019531329 16.287073082452846 999.8360000000102 951.2039218749851 73251.78082108106 1277.6482032522115 3922862.9068302666 2728.6532641735744 3000.0
210000.0 220000.0 427.85809765639715 870.194718394873 302.3657852884876 999.3199999999488 14.073902343749069 79161.22232207413 1382.5978798887231 4225707.661367265 2935.0662505177625 3000.0
220000.0 230000.0 154.71094140631612 895.0262780539713 219.37713206563035 999.10699999996 346.9459999999963 82690.52894927045 1342.7928024336316 4078100.8125634138 2835.6519862885793 3000.0
230000.0 240000.0 1722.2627539063105 827.773724609369 335.5908962370716 999.939000000013 20.7373046875 77342.05909810915 1360.8139509042142 4179002.2604761515 2898.9340162593157 3000.0
240000.0 250000.0 1193.9192324217875 880.6080767578212 291.08059473729577 999.564000000013 78.79200000001583 71952.49739221495 1259.6898791012197 3963431.956322738 2747.8961113379883 3000.0
250000.0 260000.0 247.36501953133848 886.6031800426056 246.14226999498544 999.9409999999916 235.04492773441598 79024.4361635357 1405.3218482596983 4403095.061083985 3044.727147917641 3000.0
260000.0 270000.0 1563.5769511717372 843.6423048828262 218.8526298477113 999.4139999999898 393.2439472656697 79932.22688681551 1399.7188484322646 4300675.72636611 2981.149427461212 3000.0
270000.0 280000.0 95.03319726570044 900.4515275212999 220.40483122242412 999.5929999999935 352.02889843750745 77680.06066739601 1371.4746163241102 4224427.722236657 2936.1412468251756 3000.0
280000.0 290000.0 1081.0329921874218 810.8151825284162 367.5059474704949 999.3320000000531 45.159912109375 75382.42352665163 1340.5444003142982 4182219.361742161 2904.2176312556367 3000.0
290000.0 300000.0 253.59685156238265 974.6403148437618 45.01211215378789 999.6990000000224 859.612060546875 77444.15721231222 1348.2761692927727 3942456.040439148 2752.4136456744855 3000.0
