ts te idle avg_span std_span max_span min_span c_bytes_all c_pkts_all s_bytes_all s_pkts_all video_rate
0.0 10000.0 8797.171744140622 601.4141279296891 560.3494162585075 997.6410000000033 205.187255859375 11125.181563757045 94.02668289556985 301201.0862061153 270.2497293319275 1500.0
10000.0 20000.0 1887.6392675781244 901.3734147135417 139.5813142282252 999.7220000000016 617.4179999999978 29174.45897420657 553.22361082775 1368668.1991616609 1171.04259331682 442.4
20000.0 30000.0 256.26606054687727 885.7939944957384 247.5242327096876 998.3119999999981 228.63401171875012 25193.165210108473 612.7724960882002 1234108.913733743 1041.7304671627724 840.0
30000.0 40000.0 2387.323011718756 845.8529986979161 223.7369547401211 998.1370000000024 395.3490722656279 19491.316918419307 430.9215651182769 743830.629350228 654.1603555410535 429.0
40000.0 50000.0 2194.596830078095 780.5403169921905 328.643161274047 997.9630000000034 211.7880859375 14614.424588629525 310.11993414567985 757241.9539696465 683.8182937505871 480.0
50000.0 60000.0 4527.238017578129 781.8231403459815 315.7149275828621 998.1239999999962 89.84291406249395 18399.886583796255 442.573070737339 1537544.214569406 1300.7898738371453 1110.0
60000.0 70000.0 3044.5331367187464 772.8296514756948 375.031751688652 999.0679999999993 32.1420000000071 20561.573156085953 516.8579148316056 1837788.1702508358 1533.6945109929584 2033.3333333333333
70000.0 80000.0 1939.239847656252 806.0760152343748 351.88774302533903 999.9290000000037 85.05800000000454 36406.98729127274 961.0444713207372 3532086.3752466887 2898.190754006673 2300.0
80000.0 90000.0 2213.7341757812683 778.6265824218732 354.6332605024381 999.351999999999 33.37600000000384 35484.42938028516 914.4529427743739 3329992.8988909377 2717.833374390423 2175.0
90000.0 100000.0 222.8358066406072 888.8331084872175 237.93311504822597 999.846000000005 247.66209179686848 37834.33141765193 1025.1966141240084 3669318.024835246 3016.877361536033 3000.0
100000.0 110000.0 2023.3551855468686 886.2938682725702 225.61890108463584 999.3949999999895 362.8608984375023 32982.54339021884 852.8840389784648 3130257.1223224634 2575.1309443051537 2580.0
110000.0 120000.0 1298.4108261718939 870.1589173828106 230.84707411427823 999.5480000000098 339.7690839843708 33348.498990441425 844.4130807213094 3060663.1044904515 2517.7290539987466 2250.0
120000.0 130000.0 1922.1861874999595 897.5348680555601 188.19027690641624 997.8569999999891 434.30791015626164 34203.42143392605 867.9984858530461 3055197.9783552387 2508.778610200479 2150.0
130000.0 140000.0 1227.4190058593522 877.2580994140648 263.52843641505996 1000.0 180.9740976562607 27879.328180369248 675.4917038853978 2398699.2442225316 1993.5184586408052 1714.2857142857142
140000.0 150000.0 378.73896093750955 874.6600944602264 243.9672797006704 999.9899999999907 311.3611035156355 40087.41561873593 1040.9388034972917 3779901.713079987 3100.4983647257086 3000.0
150000.0 160000.0 2036.8590312500019 884.793440972222 181.16244239544827 997.2239999999874 523.5380644531106 36075.84096065022 926.8660759379643 3384132.358886073 2771.5444443197157 3000.0
160000.0 170000.0 256.88091601562337 885.7380985440342 233.93744599601038 997.5270000000019 344.65409570312477 39683.76175284876 997.0298797566018 3576431.808378635 2940.7725203674727 2400.0
170000.0 180000.0 859.1128769531206 914.088712304688 178.9692996528212 999.9180000000051 475.05501171873766 40500.66258974136 1031.59401858646 3709450.537201452 3040.5642765681832 2500.0
180000.0 190000.0 2069.4561093750235 793.0543890624976 349.1737617028183 999.252999999997 33.23999999999069 32348.190305804856 814.3065876447957 2926918.3063354255 2405.033361704518 2560.0
190000.0 200000.0 333.1310722656199 878.806266157671 243.85914748360298 999.505999999994 259.55799804686103 34419.808841389 851.3223984831732 3018818.912658152 2491.4506035678983 2042.857142857143
200000.0 210000.0 238.26382617186755 887.4305612571029 223.242726541631 998.7110000000102 438.8380703124858 40456.44412835055 1050.3848031259313 3801328.0651697596 3120.0160798225415 3000.0
210000.0 220000.0 70.22613281247322 902.706715198866 210.8948810847633 999.75 408.344970703125 47573.66861855592 1236.285946302261 4528916.816733677 3693.15162970556 3000.0
220000.0 230000.0 40.9530605468899 905.3679035866463 212.81932006188026 999.6380000000063 384.60791015625 41452.48470630544 1084.9606948017026 3956896.7221569694 3242.287481495503 3000.0
230000.0 240000.0 2018.746023437474 886.8059973958362 170.32854397845747 999.9560000000056 610.3210898437537 32127.72168624035 843.2548702393505 3072501.9581538057 2511.8074045074272 3000.0
240000.0 250000.0 106.83680468756938 899.37847230113 221.7486073894189 999.2839999999851 308.5981132812449 49409.38029826053 1287.9923344405004 4649291.820725568 3778.365736887385 3000.0
250000.0 260000.0 75.54113867186243 902.2235328480125 217.49031435368175 999.8910000000033 351.3029179687728 41117.322514407075 1065.7699108740658 3861676.3148300634 3157.690573119722 3000.0
260000.0 270000.0 176.25504492182517 893.067723188925 212.4734227340189 999.5690000000177 394.29805664060405 45072.6894573701 1153.1117346825451 4219178.46024159 3442.7407683017145 2571.4285714285716
270000.0 280000.0 1124.723017578246 887.5276982421753 249.4945495957337 998.99099999998 226.6131015624851 37122.41838814137 960.6046506418422 3483401.0516819647 2857.9284950256324 2750.0
280000.0 290000.0 2041.9388593750773 884.2290156249915 232.61333053598557 999.74099999998 295.49511914059985 32992.69335915719 862.1047571889338 3127976.433542452 2566.976277525183 3000.0
