ts te idle avg_span std_span max_span min_span c_bytes_all c_pkts_all s_bytes_all s_pkts_all video_rate
0.0 10000.0 8937.02205859375 531.4889707031252 622.3233053407564 971.5380000000005 91.43994140625 9480.814082852345 36.30577641152383 86678.21248723537 76.96253206969811 1500.0
10000.0 20000.0 1757.9009882812534 824.2099011718747 265.1109410694153 999.0409999999974 262.45300000000134 46041.773385267006 571.6085986274315 1693342.0869650287 1375.7590565417634 591.0
20000.0 30000.0 90.79401953124761 900.8369073153411 210.07388259121603 999.6500000000015 457.0990468750024 55359.82962159279 968.1948592798144 2428633.4678675784 1948.0975928305184 1500.0
30000.0 40000.0 99.26965820312034 900.0663947088073 206.4134328599922 997.9060000000027 462.457275390625 54594.01930154425 964.1337258685107 2568902.191104166 2061.914085761372 1500.0
40000.0 50000.0 113.24798437499703 898.7956377840911 211.75127637269773 999.2820000000065 422.623291015625 45974.22587772658 761.1770811904522 1869615.4591776761 1509.005101460465 1170.0
50000.0 60000.0 4423.339326171859 697.0825842285176 330.702327593936 999.726999999999 44.947000000000116 33778.461227798274 525.143112026894 1833315.826514565 1476.4998911413309 1311.4285714285713
60000.0 70000.0 1374.108714843751 862.5891285156249 222.5235267475237 999.1349999999948 445.0460351562506 49812.54117488408 829.3582835366869 3029208.6127995257 2426.9620684644633 2071.4285714285716
70000.0 80000.0 155.53617968749313 894.951256392046 210.42052482219515 999.8840000000055 436.8720703125 59659.77959163128 1057.214842109082 3790753.4284678805 3030.3538220692067 2800.0
80000.0 90000.0 86.54914648437989 901.2228048650563 213.69265288166199 999.823000000004 393.096923828125 56687.393124193986 1057.2978026573207 3889736.6222760393 3108.223079791966 3000.0
90000.0 100000.0 563.6090546874912 867.731633877842 194.85056354593357 999.9260000000068 492.493896484375 64051.740307199216 1108.376095857166 3930981.37963167 3135.537257668235 3000.0
100000.0 110000.0 209.30958984376048 890.0627645596581 208.6216878579929 999.7280000000028 436.539306640625 59949.951542027324 1073.0976404892403 3912015.9796165205 3127.353663305041 3000.0
110000.0 120000.0 92.22022460936569 900.7072523082395 209.9111052448956 999.9729999999981 404.18408203125 56183.6976591957 998.9033012912531 3688869.602397506 2947.5134802386733 2700.0
120000.0 130000.0 1170.8171562500065 882.9182843749993 229.56795804398266 999.5979999999981 337.67499999998836 70810.54430559289 1195.7950468515162 4146763.4140672283 3304.8748939762563 2737.5
130000.0 140000.0 458.0890136718226 867.4464533025616 294.3519617768434 999.9919999999984 79.26607421875815 60062.42582539583 1090.5292473862467 3882133.9124121275 3094.164366463924 3000.0
140000.0 150000.0 195.4766269531683 891.3203066406211 227.11375912719947 997.7209999999905 410.96728515625 58980.89819858652 1050.0279233470053 3854738.6848306693 3078.603270215885 3000.0
150000.0 160000.0 71.22916796879144 902.6155301846553 215.69376739809323 999.9510000000009 370.9951171875 59188.666960884715 1074.700718407273 3903100.2281883387 3121.935523340684 3000.0
160000.0 170000.0 46.391140624997206 904.8735326704548 216.70830435253453 999.8520000000135 344.2509765625 68645.27158403909 1242.9367594199691 4537075.108831119 3612.066684311151 3000.0
170000.0 180000.0 57.86109179689083 903.8308098366463 218.5101713886411 999.5299999999988 321.556884765625 60984.48584805818 1109.18973013782 4083294.3218547483 3262.713020993696 3000.0
180000.0 190000.0 136.94988085931982 896.64091992188 237.5955543115945 999.8209999999963 239.85400390625 59270.11388068185 1073.187213498563 3919614.1615814716 3131.1750135241314 3000.0
190000.0 200000.0 56.851888671924826 903.9225555752796 241.01463574795238 999.8869999999879 210.943115234375 58391.65982974089 1057.5833155872585 3850651.757352018 3081.6795322413604 3000.0
200000.0 210000.0 52.00013476560707 904.3636241122175 245.64961789551356 999.9919999999984 188.10498046875 58864.39558882052 1067.7133683500392 3881222.479739798 3103.198896991037 3000.0
210000.0 220000.0 55.61394335940713 904.0350960582357 250.7808415255125 999.7250000000058 167.238037109375 64758.85443717012 1179.7926317279378 4372916.030051447 3488.036665622103 3000.0
220000.0 230000.0 156.05311523436103 894.9042622514218 257.63748348714006 999.8869999999879 134.669921875 63590.50898838956 1140.6814295766587 4110201.9852345968 3286.4637784565693 3000.0
230000.0 240000.0 44.505023437552154 905.0449978693134 268.94536919937195 999.8930000000109 103.2958984375 59096.34440592566 1069.3115919481722 3888412.1807159907 3104.0641482277356 3000.0
240000.0 250000.0 299.40799023443833 970.0592009765562 40.132954361246945 999.5949999999721 891.750101562473 58517.722314161896 1048.493966483486 3805908.243382488 3040.404643541564 3000.0
250000.0 260000.0 589.5329707031487 855.4970026633501 300.4819550600228 999.4519999999902 87.97309179685544 59830.392627425936 1102.596670476802 4037222.03973349 3224.3419480250964 3000.0
260000.0 270000.0 129.67800195305608 897.3019998224495 220.8269267150812 999.625 376.783935546875 63780.25912333729 1101.0029622671052 4035818.120997195 3216.9702836116417 2562.5
270000.0 280000.0 76.4398769531399 902.1418293678963 213.76563997248638 999.4400000000023 352.56005859375 59115.40045163761 1041.625296098353 3794145.592743717 3035.709073265559 2900.0
280000.0 290000.0 48.09608203120297 904.7185379971634 218.47735500483117 999.8250000000116 328.6259765625 58230.765780069465 1053.0441408144702 3839189.9976118426 3065.6257358440944 3000.0
290000.0 300000.0 51.11590625002282 904.4440085227252 222.2338566118245 999.7179999999935 303.3720703125 58620.96998223078 1062.7249015618675 3871283.4098332236 3096.2443661503053 3000.0
