ts te idle avg_span std_span max_span min_span c_bytes_all c_pkts_all s_bytes_all s_pkts_all videorate
0.0 10000.0 0.0 0.0 0.0 0.0 0.0 0.0 0.0 0.0 0.0 0.0
10000.0 20000.0 7005.034898437443 748.7412753906392 426.1312854494214 998.1030000000028 114.16600000002654 45402.0498599657 601.0420846665412 1812039.907526298 1268.5536553211418 1500.0
20000.0 30000.0 1515.8771015625098 771.2838998579537 390.660460289196 999.6439999999711 111.90289843751816 88808.9501400343 1531.957915333459 4430181.0924737025 3082.446344678858 1909.090909090909
30000.0 40000.0 892.5299374999595 910.747006250004 225.43113941940803 999.6460000000079 285.4140625 82729.55140697796 1490.5891420810558 4253073.649745437 2958.3434427844804 3000.0
40000.0 50000.0 575.9247597656213 856.7341127485798 304.1272376094349 999.295999999973 2.685302734375 82122.65894761533 1492.8392755315044 4211155.518059241 2931.419086676869 3000.0
50000.0 60000.0 49.056261718738824 995.0943738281261 9.357077158432615 999.9679999999935 969.092041015625 81389.49777521711 1491.6972074191667 4272425.179603738 2970.2294453378345 3000.0
60000.0 70000.0 713.4689199218992 844.2300981889183 347.57266368361184 999.9060000000172 25.794958984362893 85382.96438113163 1510.3937147303182 4098616.3570991307 2852.701628361365 3000.0
70000.0 80000.0 1035.3261210937053 896.4673878906294 193.0376971042709 999.7069999999949 416.0769999999902 82955.32748905796 1444.480660237955 4216081.2954924535 2921.3063968394513 3000.0
80000.0 90000.0 881.1529999999912 911.8847000000009 230.24158707277357 999.5860000000102 267.25 87222.20730614071 1438.942606614586 4261030.854917716 2959.280891816609 3000.0
90000.0 100000.0 427.3840097656357 870.2378172940331 297.5148831498848 999.9459999999963 10.114990234375 90356.12492958101 1571.978196352234 4381651.724497764 3052.2875088411615 3000.0
100000.0 110000.0 65.68487304687733 993.4315126953122 8.879527680184852 999.9930000000168 974.7451171875 85997.3451504175 1503.9883405603996 4285577.399791788 2978.525674473485 3000.0
110000.0 120000.0 556.9581171874306 858.4583529829608 313.77415815897916 999.4710000000196 22.92888281249907 83005.32261386077 1428.0908564727806 4070954.0207927306 2823.9059248687445 3000.0
120000.0 130000.0 3541.259109375009 807.3426113281239 345.07418013022016 998.4039999999804 164.087890625 68658.6140595164 1005.5607627790872 3043314.4563141568 2116.874261857942 2613.3333333333335
130000.0 140000.0 431.0027695313329 869.9088391335152 308.1828921371339 999.9089999999851 27.09912109375 92063.83705417012 1628.7566192868046 4852852.973085668 3360.597582195883 3916.6666666666665
140000.0 150000.0 187.55584960925626 981.2444150390744 30.1063709295305 999.5860000000102 904.603271484375 87837.01153671849 1553.9687893322962 4804346.359932148 3331.1707339047675 3175.0
150000.0 160000.0 780.1763535155915 838.1657860440372 326.1716498315697 999.7949999999837 93.07472851563944 78448.66264089032 1387.0845730328917 4117969.0653809584 2856.583715110059 3000.0
160000.0 170000.0 58.241617187450174 903.7962166193228 230.65296279214985 999.5910000000149 255.38330078125 82936.27202760639 1460.401249792389 4261189.501710871 2950.7304677705497 3000.0
170000.0 180000.0 1307.5223203124478 869.2477679687552 231.09819680060687 999.1390000000247 265.10498046875 85896.86799071773 1379.725927584188 3849460.492451841 2680.0354130723013 3000.0
180000.0 190000.0 239.2550761718885 887.3404476207375 288.67961034903556 999.8410000000149 50.076904296875 79131.7276986424 1381.9743235121434 3975541.7002567966 2770.1073778326013 3000.0
190000.0 200000.0 340.9970253906213 965.9002974609378 60.56690685148794 999.8580000000075 803.15087890625 85846.37359696053 1506.553912213988 4437096.1832070695 3091.818094957665 3000.0
200000.0 210000.0 965.2459140624269 821.3412805397794 314.0598989619938 999.1030000000028 190.48912109376397 84732.88350340605 1492.2004965160363 4349204.6358338045 3021.1785521236648 3000.0
210000.0 220000.0 75.36771875002887 902.2392982954519 235.90087066715944 999.9969999999739 236.17724609375 82303.27018124697 1433.635155149867 4163213.416550659 2884.903173407153 3000.0
220000.0 230000.0 495.12035546882544 950.4879644531175 100.44575502070431 999.7970000000205 757.212890625 82821.17847666172 1437.4075951043346 4173207.2741869288 2895.2969795549157 3000.0
230000.0 240000.0 1322.3638183595613 788.8760165127671 329.11598801451777 999.4549999999581 242.35110937501304 86599.20636778753 1444.8034485554508 4143761.2148428676 2884.3822114037985 3000.0
240000.0 250000.0 1745.7890820312314 825.4210917968769 304.75310987206126 999.3919999999925 71.79799999995157 80445.68303317302 1348.7919417652247 3786682.1292514857 2635.153217093566 2700.0
250000.0 260000.0 1410.79771875008 780.83657102272 270.3621147100111 999.6269999999786 271.353271484375 85393.29588335342 1484.7697529467553 4310217.460041729 2989.061645458922 2800.0
260000.0 270000.0 57.41030078113545 903.8717908380786 231.37156478710367 999.1189999999478 250.469970703125 80734.70285893088 1433.1897506732992 4092125.800324524 2847.032444784937 3000.0
270000.0 280000.0 41.785992187447846 905.2921825284138 237.45918043440247 999.859999999986 226.177978515625 84413.50147076645 1479.0283715884584 4179554.8308016607 2899.1804746800217 3000.0
280000.0 290000.0 679.5209257813403 932.047907421866 104.57275391164148 999.7580000000307 771.3710214843741 88216.65554731079 1513.21919760045 4234556.459481025 2951.3572493568736 3000.0
290000.0 300000.0 62.975132812629454 903.3658970170337 240.93769838094846 999.6999999999534 207.43394726561382 82998.28437792296 1447.4168067106523 4119027.9346454637 2863.7889771238647 3000.0
