ts te idle avg_span std_span max_span min_span c_bytes_all c_pkts_all s_bytes_all s_pkts_all videorate
0.0 10000.0 9286.590087890625 713.409912109375  713.409912109375 713.409912109375 9228.138834031284 84.36011639415025 286368.9940948306 203.75112857909173 1500.0
10000.0 20000.0 407.57591210934334 872.0385534446051 258.59546729544803 999.8439999999828 284.48308789060684 61756.861165968716 803.6398836058497 1875067.0059051695 1347.2488714209082 504.8
20000.0 30000.0 1520.8090000000084 847.9190999999992 300.42308299443124 999.2079999999842 134.29999999998836 38952.0 601.0 1403060.0 993.0 840.0
30000.0 40000.0 2858.012000000046 892.7484999999942 201.14158711784046 999.6419999999925 457.42800000001444 35577.0 459.0 1099846.0 791.0 453.0
40000.0 50000.0 5017.213999999978 830.464333333337 187.32024009878023 996.3400000000256 571.5160000000033 36782.0 537.0 1657723.0 1174.0 1170.0
50000.0 60000.0 4084.625693359354 739.4217883300807 344.89219756951957 999.4029999999912 246.62800000002608 54377.33536696079 885.0048029388038 2599617.2365286993 1818.5386972041424 2166.6666666666665
60000.0 70000.0 1474.9382832031697 852.506171679683 239.62237933543148 999.9039999999804 350.6240234375 64627.48141512454 1106.6954606953664 3488500.066961361 2431.7833969171083 2700.0
70000.0 80000.0 100.56592968758196 899.9485518465834 230.49457501191517 999.6539999999804 281.37109375 86067.20737287778 1560.1013755666304 4865522.625864004 3370.6547480923373 3000.0
80000.0 90000.0 565.6450937500922 943.4354906249907 90.40928702686519 999.6969999999856 709.2069062499795 69743.9758450369 1268.1983607991992 3914317.0706459363 2725.023157786412 3000.0
90000.0 100000.0 3261.2680175781716 962.6759974888326 65.25412450369103 998.8339999999735 820.781982421875 47540.971667234735 774.2632081974244 2414239.7288762415 1686.930105132617 2440.0
100000.0 110000.0 1198.9840546874912 800.0923586647735 326.2987588574085 999.7839999999851 176.9690175781143 78414.26706654046 1288.2872417657245 3930806.7952049766 2737.338755049146 2260.0
110000.0 120000.0 151.84302929684054 895.2869973366509 250.42504248431646 999.7050000000163 187.5458984375 78883.07965107245 1369.1683431154213 4269738.507660715 2972.9116024504224 3000.0
120000.0 130000.0 246.05497460928746 975.3945025390713 58.75568214479513 998.9130000000005 809.5421015624888 72284.31926690746 1253.896038817894 3803356.903958395 2648.083420090321 3000.0
130000.0 140000.0 40.10665039054584 905.4448499644958 292.0950302372733 999.6689999999944 26.084076171857305 76921.30991396662 1385.6236419075879 4623022.6909177685 3198.5638364251836 3000.0
140000.0 150000.0 1951.961394531303 804.8038605468697 343.2500519042561 999.3240000000224 51.35872656252468 67249.17069027343 1167.3911520435083 3785329.2044892274 2630.3171728388297 3000.0
150000.0 160000.0 180.16487109370064 892.7122844460272 230.36663783240544 999.1479999999865 268.7080078125 77741.48113369339 1365.0868602723615 4396439.49398663 3055.0426597310793 3000.0
160000.0 170000.0 142.80001757811988 896.10908931108 240.6106367741686 999.8520000000135 210.364990234375 72382.94001407687 1268.6400368646243 4107569.7473443733 2850.750514699982 3000.0
170000.0 180000.0 1638.0080761718564 836.1991923828143 239.71106687718742 999.8919999999925 334.0869140625 67247.24429549527 1181.328980197638 3962672.09617179 2751.551719126577 3000.0
180000.0 190000.0 1376.4908046875498 862.350919531245 233.17196617336532 999.88400000002 348.412109375 64535.093690108435 1140.925386476955 3720035.5468544923 2580.1497361195825 3000.0
190000.0 200000.0 88.30805468768813 901.062904119301 228.55452025511596 999.8839999999618 290.2060546875 80065.86779508457 1414.1463720107515 4597486.846290537 3197.0725771369853 3000.0
200000.0 210000.0 197.27111523447093 891.1571713423208 250.29983236007138 999.4810000000289 189.137939453125 73714.80032386533 1299.0956012909967 4271149.894354187 2967.1464432360376 3000.0
210000.0 220000.0 667.0240566408029 933.2975943359197 129.35054420787299 999.6729999999516 605.2548828125 65570.14577751415 1153.2832176283614 3859299.174982693 2675.731424280059 3000.0
220000.0 230000.0 572.867884765612 857.0120104758535 306.77944685533873 999.9499999999534 108.197998046875 72906.20112038309 1298.0002244865743 4258321.776454432 2951.6858585192035 3000.0
230000.0 240000.0 779.1609999999637 922.0839000000036 154.85807581227195 999.7480000000214 498.072998046875 66639.00447358283 1174.2664303421802 3964443.920547424 2746.5688008322873 3000.0
240000.0 250000.0 208.13197851576842 890.1698201349301 230.02887143496946 999.6600000000326 365.27001953125 72814.30215272438 1277.054918024877 4138370.117529425 2875.8021416731112 3000.0
250000.0 260000.0 504.5949902343564 863.2186372514221 242.54772522666306 999.9350000000559 257.280029296875 63163.0966347905 1128.3237052889858 3780704.5312615107 2625.7673760605735 3000.0
260000.0 270000.0 436.3899277342716 869.4190974787026 268.2732428757763 999.0489999999991 121.7041015625 75875.59276344358 1343.2675970406804 4470270.568272907 3096.1415407759764 3000.0
270000.0 280000.0 745.4491015626118 925.4550898437388 202.99992718008875 999.6350000000093 351.7828984374646 68461.11156924246 1212.9510442274536 4143726.454842275 2869.444315822026 3000.0
280000.0 290000.0 872.8080468749395 912.719195312506 235.7597784476472 999.7700000000186 247.251953125 66576.15998395252 1178.8861431256316 3902089.433556586 2711.682827278545 3000.0
290000.0 300000.0 153.08204296894837 895.1743597300956 234.91911574212526 999.9279999999562 221.23291015625 78346.8850735246 1347.4516809821926 4158596.6677612765 2895.7319614305884 3000.0
