ts te idle avg_span std_span max_span min_span c_bytes_all c_pkts_all s_bytes_all s_pkts_all videorate
0.0 10000.0 0.0 0.0 0.0 0.0 0.0 0.0 0.0 0.0 0.0 0.0
10000.0 20000.0 7263.216892578126 684.1957768554685 380.7319609178634 999.7069999999985 198.02000000000044 20244.645052272193 341.1278049916057 1129532.378308174 951.4828741587784 1500.0
20000.0 30000.0 645.3451406250097 850.42316903409 296.89297605114507 999.7850000000035 122.615966796875 46962.70619012469 1219.2446626171904 4417950.574287722 3597.5115489267396 1909.090909090909
30000.0 40000.0 208.3488906249986 979.1651109375001 41.64260575141106 999.9800000000032 874.4260332031263 41271.16274186257 1134.766511755128 4062844.329712324 3323.0993659808983 3000.0
40000.0 50000.0 356.98611328125844 876.6376260653401 294.96534834226173 999.9179999999978 61.371923828126455 41965.00364896423 1169.8784683514546 4119871.9997313 3372.2725069517855 3000.0
50000.0 60000.0 67.94106445312354 902.9144486860797 213.70142368104288 998.8920000000071 394.139037109373 40983.83078637277 1128.0695650533544 3888398.895187047 3189.1019640810496 3000.0
60000.0 70000.0 122.71391796878015 897.9350983664746 214.8850799125289 999.8099999999977 437.54910156250116 42916.898657222126 1159.9256002898676 4024890.729990252 3280.04606986366 3000.0
70000.0 80000.0 57.32994531249278 903.8790958806825 207.33115380837586 998.8279999999941 462.93603515625 41765.29944781597 1095.0658392237021 3790642.664607416 3108.53741209442 3000.0
80000.0 90000.0 145.80691601561557 895.8357349076713 213.44415319556308 999.9750000000058 404.922119140625 40665.037371653874 1064.06412155528 3695202.8503938545 3016.783343313523 3000.0
90000.0 100000.0 53.53315429689246 904.2242587002825 211.85877349146662 999.9909999999945 382.93896484375 48107.8676589138 1270.706730121806 4457900.896730319 3614.192281260032 3000.0
100000.0 110000.0 1001.8386621093669 899.8161337890633 151.62249259218564 999.9590000000026 615.4380351562431 42318.76057055106 1104.9275953139584 3782687.655400955 3087.090429650365 3000.0
110000.0 120000.0 323.7263652343827 879.661239524147 219.29879000874647 999.5040000000008 357.16069726563 44958.64005519391 1191.3085702737578 4102905.3899849732 3340.271814234088 3000.0
120000.0 130000.0 3506.020958984387 721.5532267795126 316.85553155891944 999.8889999999956 114.55499999999302 35028.57030790062 918.0969141040594 3212305.0440712553 2602.1926768741228 3000.0
130000.0 140000.0 787.7279023437586 837.4792816051129 281.5748921867819 999.9780000000028 258.50902148438036 37116.1121502284 945.6512614649723 3204067.8806147315 2644.8338471674365 2333.3333333333335
140000.0 150000.0 150.57111523440108 895.4026258877817 211.78728508119755 999.3699999999953 456.2309238281159 47792.05895370434 1254.510005419445 4301925.095206261 3488.570615289025 3000.0
150000.0 160000.0 433.30698437502724 869.6993650568157 282.4005590985722 999.7740000000049 136.0009765625 43714.515996494425 1145.8757483762017 3968340.7897603326 3247.8149893436084 3000.0
160000.0 170000.0 547.2508554687665 945.2749144531233 126.49136848690912 999.4919999999984 605.84912109375 42385.58362037301 1125.2747484100614 3917591.2206841907 3183.37289777975 3000.0
170000.0 180000.0 162.6058691405924 894.3085573508553 216.01457172872648 999.9960000000137 393.33887890624464 41057.09846707455 1078.9971285588806 3706607.6325942967 3035.0140302995133 3000.0
180000.0 190000.0 160.9643457031052 894.4577867542631 207.48374102278422 999.5160000000033 463.21774804688175 43251.061576537286 1129.2119728947034 3767152.537749715 3083.499191922644 3000.0
190000.0 200000.0 225.26664843750768 888.6121228693174 211.81677411436445 999.9139999999898 435.4892578125 46670.21936478318 1228.8023800307833 4154163.5868466 3384.3694920386492 3000.0
200000.0 210000.0 795.9919785156089 836.7280019531264 283.91433507130245 998.9910000000091 126.311279296875 44732.976600353504 1169.3000509320996 3913856.5883373213 3198.94566116137 3000.0
210000.0 220000.0 1924.448349609389 897.2835167100679 166.34303655593777 999.5 603.3779296875 35527.37583035084 943.7841752159887 3189238.5873204973 2599.899873215738 3000.0
220000.0 230000.0 99.2546152343566 900.0677622514221 219.43527254517215 999.9670000000042 393.72807031249977 49222.311805295365 1282.9985449130395 4313038.315832156 3522.357695263478 2650.0
230000.0 240000.0 196.1323710937868 891.2606935369284 217.536278967255 998.8940000000002 434.866943359375 41520.32565919346 1074.8771051026679 3631155.7439765343 2979.519043956128 2900.0
240000.0 250000.0 1737.662908203114 826.2337091796886 222.6490555053301 999.6229999999923 496.7930000000051 35268.489364283705 872.7989448716812 2948507.7557959533 2441.0940321351277 1765.7142857142858
250000.0 260000.0 193.04011718760012 891.5418075284 221.03375177194818 999.0349999999744 387.5719648437225 38647.62965448394 1003.2339391466353 3431245.7091614497 2818.638695773471 2650.0
260000.0 270000.0 306.4468183593708 881.2321074218754 257.1368596536444 999.6759999999776 262.527099609375 42893.56684708503 1132.1031583194163 3855224.742573384 3154.0791614401664 3000.0
270000.0 280000.0 1927.8541542968014 896.905093967022 155.51592518912068 999.7459999999846 618.7939453125 39032.69529727137 1020.2535242274215 3475117.5412574713 2828.948554241046 3000.0
280000.0 290000.0 271.5228242187295 884.4070159801155 229.6439508195306 999.1379999999772 376.761054687493 46923.97728053879 1208.2304957671765 4097202.8508214834 3361.3653290362013 2611.1111111111113
290000.0 300000.0 40.74419335939456 905.3868915127823 204.5533934100044 999.8630000000121 456.450927734375 44819.96407695784 1181.2462051008645 3984146.9302958385 3234.918313341345 3000.0
