ts te idle avg_span std_span max_span min_span c_bytes_all c_pkts_all s_bytes_all s_pkts_all video_rate
0.0 10000.0 8125.900910156255 937.0495449218724 20.55199506605851 951.5819999999949 922.51708984375 15382.822179618131 146.89034819736509 497490.0648942648 352.69000862266955 1500.0
10000.0 20000.0 135.75403710937826 896.7496329900565 277.7560707604299 998.8479999999981 66.22891015623463 55927.29767218228 765.3837046994497 2015934.9471939227 1407.1406043182849 558.4615384615385
20000.0 30000.0 2016.6020234375028 887.0442196180552 287.9080231745786 999.380999999994 121.08694726560498 36800.46658985107 484.5910449846902 1031991.3867656661 743.9670338813029 519.0
30000.0 40000.0 5712.21902929683 612.5401386718814 413.69626474445005 999.7210000000196 31.31497070309706 23135.413558348515 263.13490211849506 625403.6011461463 455.20235317774257 288.0
40000.0 50000.0 5612.374000000011 731.2709999999983 255.29634359778558 990.9199999999837 294.1579999999958 29893.0 370.0 1078084.0 767.0 685.7142857142857
50000.0 60000.0 1341.8380800781306 962.01799110243 42.803406878003365 998.7679999999818 889.7179999999935 47475.642634285075 693.1024658937793 2337051.9071577745 1650.2390198900007 1717.5
60000.0 70000.0 2947.725970703177 705.2274029296823 435.8727067798085 999.8879999999772 29.39794921875 50751.60892228987 835.0748333311656 2708864.4133580443 1904.2042281723614 2533.3333333333335
70000.0 80000.0 290.75592578126816 970.9244074218732 41.7143889533168 999.295999999973 886.664999999979 79744.58487079888 1466.956462009945 4891048.724079506 3393.37463068054 3000.0
80000.0 90000.0 1150.6020429687342 804.4907233664787 377.39519160488305 999.9820000000182 10.22998046875 72106.20440356598 1313.53617705092 4345538.546909071 3015.0957189575847 3000.0
90000.0 100000.0 1874.587021484389 812.5412978515611 330.11200810426925 999.4770000000135 29.157958984375 65099.34294133475 1160.0580055058908 3894834.1483708597 2701.7019679112227 3000.0
100000.0 110000.0 44.798847656173166 905.0182865767115 299.3001264517336 999.8360000000102 2.964111328125 76939.83865851353 1346.7264364408848 4548545.56765446 3153.2626995358387 3000.0
110000.0 120000.0 2010.998123046942 798.9001876953058 406.3121913782952 999.3460000000196 23.10899999999674 59126.952369413215 1017.7326874252425 3323039.280926551 2320.2281505470587 3000.0
120000.0 130000.0 1130.0380292969057 886.9961970703094 300.4664238886294 999.5289999999804 34.407958984375 69228.4045485984 1149.4703489590975 3693950.7875218145 2570.9333866566244 2266.6666666666665
130000.0 140000.0 109.94991601561196 989.0050083984388 13.527518104639107 999.0389999999898 962.9420410156017 74288.21810459912 1277.6905861208927 4131103.609593875 2871.782191517572 2900.0
140000.0 150000.0 1744.8900976562873 825.5109902343713 312.49034725537445 999.4099999999744 28.15295703127049 73113.65821910126 1269.908294356651 4168341.7761359653 2888.2767482072495 3000.0
150000.0 160000.0 2830.838041015668 716.9161958984332 429.3496542301375 999.8560000000289 35.076904296875 61411.00284419921 1059.8834934920408 3566288.81360098 2478.1281210731727 3000.0
160000.0 170000.0 107.78197656263364 989.2218023437366 17.471207613897878 999.8819999999832 949.200927734375 79831.8067953285 1387.8522535972818 4576974.023280591 3175.2306134945693 3000.0
170000.0 180000.0 1954.5878339844057 804.5412166015594 406.0014724749155 999.9699999999721 19.49609375 68305.69334817471 1198.8027052320347 4101982.557051181 2851.0505761916625 3000.0
180000.0 190000.0 249.26717968744924 975.0732820312551 52.55836285373513 998.8910000000033 827.3369140625 75937.69699229673 1309.873454572835 4242057.820245261 2941.9191826944602 3000.0
190000.0 200000.0 1830.864873046754 816.9135126953246 299.33098946596056 999.7850000000326 128.44108593749115 72079.27050716705 1264.7164397373506 4245432.479594957 2941.9382128536117 3000.0
200000.0 210000.0 2026.2271152344765 797.3772884765524 398.8420549330961 999.439000000013 0.0 70114.50649205493 1218.773263222945 4060703.550567076 2817.722303480358 3000.0
210000.0 220000.0 379.58782812498976 874.58292471591 279.7327020479181 999.6959999999963 67.02107421879191 76133.97006401357 1332.813524010827 4304303.887784341 2995.4817342465176 3000.0
220000.0 230000.0 749.5971757812658 840.9457112926121 344.8331808809102 999.8279999999795 32.044921875 77719.65215473631 1356.0071165156073 4210874.036994345 2930.927691734079 3000.0
230000.0 240000.0 1502.4869218751555 944.1681197916494 116.42563126741233 999.9520000000484 644.0879999999888 70156.9451295289 1230.021452524608 4012668.0691733477 2789.5028221555162 3000.0
240000.0 250000.0 172.55196874996182 982.7448031250038 46.054758030886795 999.7789999999804 851.83203125 79129.916719548 1359.6961062674957 4280320.0580339935 2964.757879045732 3000.0
250000.0 260000.0 1824.6500312499702 817.534996875003 295.7770087597589 999.7469999999739 144.89796874998137 62225.08328045201 1116.3038937325043 3763431.9419660065 2610.242120954268 3000.0
260000.0 270000.0 2864.5250000000233 792.830555555553 401.42904476978305 998.1469999999972 34.25 58639.16402419428 1008.6583285690401 3476735.7570250393 2414.06559505942 3000.0
270000.0 280000.0 99.94694921874907 990.005305078125 11.91046317241291 998.8190000000177 964.4989999999525 80777.46972302956 1390.7850246907913 4674556.506216008 3241.527785372909 3000.0
280000.0 290000.0 1191.6409824220464 800.7599106889048 387.99703706857287 999.8669999999693 23.08794921869412 78492.61134006508 1371.0259310208762 4417623.4206153555 3058.078563749166 3000.0
