ts te idle avg_span std_span max_span min_span c_bytes_all c_pkts_all s_bytes_all s_pkts_all videorate
0.0 10000.0 8875.28491015625 562.3575449218752 612.6591720011169 995.5730000000003 129.14208984375 9569.21293727753 90.13598420409308 220895.53370106843 204.7988012303612 1500.0
10000.0 20000.0 1488.9458046875006 851.1054195312499 310.5211609598672 998.4080000000031 17.59100000000035 24765.297262608434 454.0437305947681 1467672.9990980253 1250.9322667166994 442.4
20000.0 30000.0 318.4972402343701 880.1366145241482 230.78042942324996 999.9490000000005 308.17871484375064 23212.50695082131 520.9908628757616 1435250.887543163 1204.6955005199839 840.0
30000.0 40000.0 3384.0000878906285 735.1111013454857 289.55767161386893 998.2739999999976 188.25 22624.44953285916 544.046587203011 1664756.3395076368 1394.8921160061016 934.2857142857143
40000.0 50000.0 5141.377050781266 694.0889927455335 381.3093026954612 995.801999999996 109.11999999999534 17848.50543049698 439.49471932622293 1547336.5634705916 1290.7009717570536 1766.6666666666667
50000.0 60000.0 162.09680664064945 894.354835759941 227.43539699739569 999.5540000000037 293.9040937499958 32076.154673402827 812.5174195232539 2929678.611392906 2417.065548369046 1957.142857142857
60000.0 70000.0 251.73210937502154 886.2061718749981 228.7591440090425 999.8310000000056 371.72190039062116 40978.35009406536 1090.7713722633578 3946959.0799177485 3228.503172636966 2800.0
70000.0 80000.0 91.79702734375314 900.7457247869315 212.6103174199136 999.9930000000022 448.636962890625 43248.409708169966 1197.106552120848 4324493.519457751 3528.9320500349004 3000.0
80000.0 90000.0 2476.718693359362 835.9201451822931 197.57141188207802 997.7540000000008 532.9140000000043 31531.223746074575 864.2005414666714 3114189.7019852707 2544.856878087689 3000.0
90000.0 100000.0 65.59830859376234 903.1274264914762 224.23825536618696 999.9809999999998 291.87273046874907 48923.022268413355 1280.9337037202315 4606123.759438046 3743.520487743001 3000.0
100000.0 110000.0 1972.2090664062416 802.7790933593758 349.0908503168494 997.6009999999951 36.403000000005704 36820.88039277858 945.5314266850473 3419696.389289548 2795.139921811132 2766.6666666666665
110000.0 120000.0 349.9599843749893 877.2763650568191 236.1214267497351 999.6820000000007 300.9761054687551 35196.538628918584 909.5079915594539 3272478.7018148312 2670.701556730199 2300.0
120000.0 130000.0 226.22789062498487 888.5247372159105 212.46179210817718 998.7729999999865 449.52001953125 31366.949212589803 744.911383970144 1955991.8478138286 1612.7684738511873 1820.0
130000.0 140000.0 1544.9760546875477 845.5023945312453 255.2109865300293 999.4320000000007 283.22299999999814 34568.6989818546 830.9619115118178 2791773.2928428035 2316.908809795459 1473.3333333333333
140000.0 150000.0 128.38393554690992 897.4196422230082 225.46875520224256 999.0909999999858 316.80303515624837 41830.71366859547 1094.1506447974302 3916483.8480674652 3209.7245102724596 3000.0
150000.0 160000.0 279.69008203127305 883.664537997157 223.39998126038824 999.7419999999984 396.1939707031124 40628.4327146665 1059.3359493405526 3805640.820444846 3115.393943489777 3000.0
160000.0 170000.0 242.07466796872905 887.084121093752 217.5925532856732 999.8179999999993 396.811279296875 43466.963595889356 1136.3451724013096 4094934.711176473 3337.035320364338 2700.0
170000.0 180000.0 1667.5182792968408 833.248172070316 297.4334659572951 999.4979999999923 101.79800000000978 35384.690200517616 921.014046436025 3282916.3930379967 2685.429670583646 2560.0
180000.0 190000.0 2451.1717207031033 943.6035349121121 105.22486378906159 999.4800000000105 710.561279296875 31572.2192136833 788.720349263938 2856890.025101035 2348.977776851843 2133.3333333333335
190000.0 200000.0 2094.9540097656427 790.5045990234357 350.4494802353687 999.5160000000033 63.22599999999511 34141.82192273202 878.153292604415 3119561.5169609487 2559.6533767904875 2533.3333333333335
200000.0 210000.0 2260.3173691406846 859.9647367621461 203.17456172224374 999.9789999999921 398.7327304687642 31131.42286438224 788.7601579176403 2824528.7967796773 2306.9760236667207 2300.0
210000.0 220000.0 3001.311007812532 699.8688992187468 390.6428907206401 999.2149999999965 40.40299999999115 27947.07880789083 698.6983504793357 2458549.1386538884 2031.5605086077292 1614.2857142857142
220000.0 230000.0 2325.6017871093354 852.7109125434072 276.27211664197057 998.4409999999916 172.2471074218629 23640.619985929057 571.6429993259269 1995276.0744012739 1643.6084178078465 1500.0
230000.0 240000.0 2235.6821074218897 862.7019880642345 258.606780552715 999.8669999999984 237.18589453125605 35239.42519981854 888.2615160941893 3169662.7697059293 2603.596514431103 2142.8571428571427
240000.0 250000.0 2464.055041015672 753.5944958984328 343.18569458197703 999.9479999999749 0.0 33628.68694723811 862.8892145055609 2976572.5868622316 2440.456877787211 2700.0
250000.0 260000.0 2078.0209472656134 792.1979052734387 354.9820804828106 999.9660000000149 28.528999999980442 29868.913384069827 724.7349357240157 2558893.398948932 2112.7278623816833 1500.0
260000.0 270000.0 1274.9189550780575 872.5081044921942 222.13833284352995 999.1680000000051 335.23499023437034 35486.881348619005 889.8974779831553 3198420.1558481026 2626.0177808688904 2142.8571428571427
270000.0 280000.0 2661.392054687487 733.8607945312513 427.84162796356287 999.390000000014 0.0 32685.930325637062 847.2417061018227 3045633.5367379813 2488.4248608064854 2580.0
280000.0 290000.0 1384.1360136718722 957.3182207031253 107.04478193153768 999.9239999999991 673.135986328125 36602.962430221836 923.7910388490598 3314420.116250265 2728.1032558370457 2900.0
290000.0 300000.0 1351.0919218749623 864.8908078125038 233.08657052569558 999.6030000000028 323.01901367190294 39373.06169424912 1045.04669290377 3776444.2748169596 3076.9210237053553 3560.0
