ts te idle avg_span std_span max_span min_span c_bytes_all c_pkts_all s_bytes_all s_pkts_all video_rate
0.0 10000.0 0.0 0.0 0.0 0.0 0.0 0.0 0.0 0.0 0.0 0.0
10000.0 20000.0 8134.048917968757 621.9836940104142 373.9390714431651 999.7010000000009 251.94099999999162 24936.952254007552 307.2599959590563 1047743.8641901674 736.8378468961785 1500.0
20000.0 30000.0 1008.8750820312998 899.11249179687 200.28280718934846 999.8479999999981 385.1479179687449 95761.04774599244 1542.7400040409436 4534148.135809833 3185.1621531038218 1500.0
30000.0 40000.0 1336.1986953126034 866.3801304687397 298.9094107096737 998.7779999999912 75.03499999997439 75790.94640070232 1302.7486735645484 3993211.115244918 2776.889892754621 3000.0
40000.0 50000.0 585.1903281249106 855.8917883522809 299.2176791971875 999.689000000013 163.0009765625 78731.17180668494 1410.234462933383 4279836.613458579 2975.6207309829765 3000.0
50000.0 60000.0 951.3238984375494 904.8676101562451 136.39815872828856 999.0119999999879 599.0750000000116 79568.38928701235 1440.1703038140095 4321806.278416954 3001.1260332191537 3000.0
60000.0 70000.0 784.1340898437193 837.8059918323892 293.7065923098784 999.9519999999902 246.090921874973 88690.41430550905 1486.2342865356302 4277072.204863329 2979.6096882485595 3000.0
70000.0 80000.0 463.45069531246554 866.9590276988667 238.87398167401187 999.6689999999944 295.29501171875745 86223.1925638575 1330.553584726919 3851301.762244312 2702.739936432819 3000.0
80000.0 90000.0 77.540283203125 902.0417924360795 211.91338343018768 999.6020000000135 380.0317070312449 87148.46246071867 1429.0827184194297 4119178.022301753 2865.7214522532786 3000.0
90000.0 100000.0 1048.732001953118 813.7516361860802 299.1593628762366 999.6170000000275 247.9580078125 78649.61509619083 1384.9802943865939 4184329.3495822963 2904.0418157726017 3000.0
100000.0 110000.0 700.690910156176 929.9309089843824 112.95310488372397 999.445000000007 728.97509765625 82074.03822457342 1451.6419474326065 4220711.371865022 2927.110448942853 3000.0
110000.0 120000.0 75.73597656248603 902.2058203125013 228.77071252832513 999.994000000006 270.00790234375745 87041.20631185998 1461.664384906003 4283964.983155198 2982.630275001914 3000.0
120000.0 130000.0 2893.7358417967916 710.6264158203209 379.3422539336767 998.7910000000265 122.82000000000698 75275.73226646616 1022.1946234886948 3010428.9077386833 2118.4798372544337 2142.8571428571427
130000.0 140000.0 1249.4243046874763 875.0575695312524 242.66117278740603 999.9770000000135 249.18672070314642 85370.7479471337 1456.6905665417567 4041186.2365660355 2818.032181815772 2625.0
140000.0 150000.0 1585.2460624998785 764.9776306818293 328.4691133616834 999.8470000000088 259.784912109375 93400.78709838452 1522.4982669566168 4186638.5985989743 2916.8037982549417 3000.0
150000.0 160000.0 673.1529140624916 932.6847085937509 113.25407939220953 999.545999999973 713.447998046875 88020.08286069306 1466.184870179136 3993149.522603915 2780.982282072941 3000.0
160000.0 170000.0 376.5349160155747 874.8604621804024 293.9395194450521 999.8099999999977 70.56600195314968 79832.1222270379 1425.2902128789115 4002074.7063833135 2787.9686757534423 3000.0
170000.0 180000.0 2561.360082031286 826.5155464409683 220.4599129263184 999.8709999999846 402.9839179687551 67292.45019618886 1125.1681575514403 3157419.8649699516 2208.470537439694 3000.0
180000.0 190000.0 659.702916015638 849.117916725851 304.990904838329 999.9830000000075 233.111083984375 81107.30632367793 1382.720332807919 3992735.7150522373 2775.586104382872 3000.0
190000.0 200000.0 103.29479882813757 899.7004728338056 240.26954938032694 998.9189999999944 205.46728515625 79798.71860154561 1441.81309024523 4295310.0817153035 2978.220975230335 3000.0
200000.0 210000.0 914.4899902342586 908.5510009765742 148.08049646580577 999.1310000000522 619.1600000000326 87085.92285302652 1435.2229466744557 4191665.7585985847 2914.506720797923 3000.0
210000.0 220000.0 468.21228125004563 866.5261562499959 232.86539064280913 999.9729999999981 303.430705078179 84049.25946549697 1465.3477277953484 4155567.8680173457 2903.737472419876 3000.0
220000.0 230000.0 186.83693164063152 892.1057334872153 224.00824374011 998.8850000000093 343.91198632807937 87722.82999712428 1453.8657959960465 4187038.9018367985 2915.0459348693053 3000.0
230000.0 240000.0 1392.3749882814009 782.5113647016908 289.61249846623264 999.2889999999898 245.12109375 89715.19047206416 1362.8749582144515 3995618.1147094998 2782.400221501778 3000.0
240000.0 250000.0 3432.9810136719607 729.6687762586711 357.68829482150704 999.7750000000233 119.96799999999348 69935.58080270365 1158.572010873653 3420196.4167337045 2369.486000201705 2650.0
250000.0 260000.0 157.27019726566505 894.7936184303941 210.92950977427344 999.7469999999739 377.7548828125 90962.76299746448 1512.8075762464623 4479886.70586294 3110.6840081160726 2737.5
260000.0 270000.0 435.2969023436308 869.5184634233063 276.43638331879833 999.60699999996 212.47998046875 81377.95273412508 1427.986515765315 4112546.511273523 2873.6688299186576 3000.0
270000.0 280000.0 276.29298046883196 972.3707019531168 66.85379205579008 999.8540000000503 783.4440195312491 81040.11669975806 1424.4516910654388 4153065.388206827 2898.4361463614755 3000.0
280000.0 290000.0 1373.379089843831 862.6620910156169 284.5443661711587 999.9039999999804 259.73291015625 83953.72808951851 1466.6003970398974 4234035.548061245 2936.271253902347 3000.0
290000.0 300000.0 2060.5848281248473 793.9415171875153 250.20259976152184 998.6759999999776 355.49300000001676 79355.51400783074 1378.848398512115 4083990.8721135277 2837.2130363424076 3000.0
