ts te idle avg_span std_span max_span min_span c_bytes_all c_pkts_all s_bytes_all s_pkts_all video_rate
0.0 10000.0 0.0 0.0 0.0 0.0 0.0 0.0 0.0 0.0 0.0 0.0
10000.0 20000.0 5561.00312109373 887.799375781254 175.57951362345287 999.7689999999711 595.9430000000284 56451.66797311722 686.6258093893389 2251169.022355019 1602.7503388521877 1518.0
20000.0 30000.0 36.82756640634034 905.7429485085145 255.6445438563356 999.7019999999902 149.86812109372113 100571.64536415806 1902.0542757696003 5622742.651678558 3873.9560262536424 4400.0
30000.0 40000.0 39.99901757808402 905.4546347656287 250.7232742861839 999.5920000000042 168.69968750001863 92966.8208897193 1663.3450748780026 5430216.090215575 3756.677081346754 3175.0
40000.0 50000.0 315.29219726572046 880.4279820667526 249.10168661381476 999.49099999998 186.0787050781073 82038.68233009134 1451.5668549090706 4163746.6282238755 2891.816126238248 3000.0
50000.0 60000.0 53.706777343701106 904.2084747869362 230.8821038368474 999.9110000000219 257.969902343757 81229.33263558226 1448.9993736436527 4243620.397838487 2944.951772841549 3000.0
60000.0 70000.0 554.1572402343736 858.7129781605115 293.30507815576107 999.8960000000079 247.382080078125 80694.90119504713 1427.7651656869593 4249578.45683014 2952.1605819467386 3000.0
70000.0 80000.0 449.8477949218359 955.0152205078164 82.48468641710622 999.9330000000191 749.4429199218866 88505.68000010005 1547.107287736056 4227677.225743158 2950.5512391027796 3000.0
80000.0 90000.0 78.07522460934706 901.9931613991503 277.44346027515326 999.0760000000009 71.0107148437528 90132.1050454001 1574.2515937827275 4336635.991044817 3013.3940399812054 3000.0
90000.0 100000.0 1038.0799492187798 814.7200046164745 336.04173735943976 999.7930000000051 108.56093945313478 86148.38320246253 1514.7573566090387 4212898.034159821 2922.608221832616 3000.0
100000.0 110000.0 1338.9540332030738 866.1045966796926 179.41215859902715 999.5989999999874 544.0910000000149 87096.29029689332 1479.760304250097 4185437.5667740433 2897.776921578301 3000.0
110000.0 120000.0 535.223050781351 860.4342681107863 302.6806482145659 999.0650000000023 242.22802734375 87056.1007020777 1497.7634041239505 4286912.461369706 2977.4399683684023 3000.0
120000.0 130000.0 4861.462958984368 734.0767201450902 296.0903044262749 999.9220000000205 320.320068359375 53803.26439559357 790.9758189971278 2345601.9922738364 1643.7044821446514 3197.0
130000.0 140000.0 2171.9120742186788 782.8087925781322 352.0251380756438 999.6280000000261 165.72293164063012 80595.61309070177 1148.7302297639744 3273873.908647095 2288.0012070021844 1332.0
140000.0 150000.0 42.16693164058961 905.2575516690373 240.68591903422637 999.7550000000047 211.9140625 92995.62126136011 1498.568224439094 4206474.86749791 2922.5084453198597 3000.0
150000.0 160000.0 1321.7831542969216 867.8216845703079 252.35270485857157 999.8360000000102 208.6030000000028 80950.52702239504 1393.8906750632864 4112836.099643773 2853.9326653719627 3000.0
160000.0 170000.0 979.1809648437193 902.081903515628 225.12709352287268 998.9780000000028 271.33409179688897 82618.5897675715 1423.2342620786696 4021065.110828668 2796.5554215267553 3000.0
170000.0 180000.0 52.9929609374376 904.2733671875056 270.92147728618056 999.1109999999753 93.80505664064549 88882.77728864984 1558.4484977882048 4704149.178144551 3263.3605589622944 3000.0
180000.0 190000.0 116.85898242192343 898.4673652343706 266.51522326394985 999.9340000000084 115.55801757815061 82219.99753907912 1430.1557910911483 4076388.3167309663 2836.8549013298666 3000.0
190000.0 200000.0 806.4930039061583 919.3506996093842 245.23990939143778 998.1840000000084 221.39599609375 81425.11181898098 1407.222462852286 4144169.5792671135 2875.7740752461677 3000.0
200000.0 210000.0 683.8247128903749 931.6175287109625 109.99336165558864 999.7669999999925 730.165283203125 79901.21766926693 1410.9160903452648 4172401.857245807 2898.1238671954166 3000.0
210000.0 220000.0 565.3593671874842 857.694602982956 301.934645734603 999.6149999999907 227.388916015625 82231.31218532001 1429.0855830057128 4246370.032375381 2956.1198429646843 3000.0
220000.0 230000.0 892.9229707032209 910.7077029296779 171.44082437868073 999.9239999999991 470.94900000002235 83262.74162152049 1462.9438360802787 4273622.210565474 2973.4833144906106 3000.0
230000.0 240000.0 710.6389609373873 844.4873671875102 334.4153525276946 999.7290000000503 95.70305468747392 78413.79405999063 1369.796886294657 3985114.3187948475 2764.200580648145 3000.0
240000.0 250000.0 2627.376984374947 819.1803350694504 299.9468547402171 999.9479999999749 197.53899999998976 62890.822644920976 1042.0351414218005 3133036.0017513763 2178.2983194549756 2142.8571428571427
250000.0 260000.0 920.835902343737 907.9164097656263 238.54416652136163 998.9009999999544 240.35009765625 85971.50473174799 1486.158423016433 4340023.159561705 3018.2631145394894 3000.0
260000.0 270000.0 562.7230292967288 943.7276970703272 125.96226330996595 999.9810000000289 595.2629023437621 83425.60007309123 1444.6186041137316 4172439.839811174 2914.227233186601 3000.0
270000.0 280000.0 38.261978515656665 905.6125474076675 270.7222602385541 999.3519999999553 96.52193164057098 86410.75180687492 1495.4515748472882 4265264.966160094 2969.6682972397452 3000.0
280000.0 290000.0 780.024109375081 838.1796264204472 328.7847449961253 999.51800000004 119.52391015621834 80521.94491579002 1419.6587533208924 4170868.442425612 2892.983351061369 3000.0
290000.0 300000.0 640.3979804686969 935.9602019531303 132.93564203144038 999.4719999999506 623.1060000000289 76396.1984724958 1357.1126447016547 3956032.5920414156 2746.858003972795 3000.0
