ts te idle avg_span std_span max_span min_span c_bytes_all c_pkts_all s_bytes_all s_pkts_all videorate
0.0 10000.0 0.0 0.0 0.0 0.0 0.0 0.0 0.0 0.0 0.0 0.0
10000.0 20000.0 7062.309117187513 734.4227207031217 423.23989970897856 999.7449999999953 111.1298828125 30342.426080201334 354.2275547854712 1335311.3004065177 944.7903953782213 1500.0
20000.0 30000.0 963.4958007812966 903.6504199218704 155.57753861944056 999.6699999999837 523.6959999999963 95579.2821374565 1520.2057743427308 4871356.168955991 3400.370147235639 1875.0
30000.0 40000.0 549.869113281311 859.1028078835171 260.77859845007305 999.8960000000079 234.02491796872346 86161.42648056436 1516.0381736422319 4189117.9729990386 2917.7213640816863 3000.0
40000.0 50000.0 1182.1220546875265 801.6252677556794 358.7018290827455 999.4050000000279 10.5869140625 77943.31839874826 1426.0016309672133 4159304.036632343 2882.2763224686173 3000.0
50000.0 60000.0 1381.9226562500698 861.8077343749931 234.02431663334815 999.5239999999758 384.0109999999986 78947.96575915917 1417.613471027257 4174354.971321837 2893.679111893048 3000.0
60000.0 70000.0 603.7712773437961 939.6228722656203 160.03155136292293 999.6610000000219 488.8637421875028 80762.008610176 1468.2168564753176 4325254.3007450495 3005.205342679449 3000.0
70000.0 80000.0 777.0020507813315 838.454359019879 304.96837795571054 999.7729999999865 73.13501953124069 79724.06206045183 1392.8438271694424 3991074.5340033006 2784.384393402056 3000.0
80000.0 90000.0 585.6906660156674 855.8463030894848 317.8789945507307 999.6840000000084 6.395263671875 88424.37816268651 1552.678061281823 4349924.623443825 3021.0636707536596 3000.0
90000.0 100000.0 595.1013769530691 940.4898623046931 153.9812903071323 999.6180000000168 508.48388671875 91207.27070931731 1520.6003750479833 4203537.400432631 2921.194796770112 3000.0
100000.0 110000.0 83.7915820311755 901.4734925426204 210.39197776644926 999.8670000000275 473.15011328127 91254.14606896114 1598.759449043447 4347932.971309497 3018.17703854426 3000.0
110000.0 120000.0 572.6561933592893 942.7343806640711 148.93718289584262 999.6880000000237 520.506695312506 85443.99690446717 1485.1360308109997 4222774.528820186 2938.392888866874 3000.0
120000.0 130000.0 2193.0308535156073 780.6969146484392 403.64857350442753 999.6919999999809 14.828888671880122 83749.7221623261 1394.7947200017848 4068191.52865341 2823.1373225018788 3600.0
130000.0 140000.0 845.9421542969067 832.1870768820994 370.50409971440627 999.0100000000093 5.381103515625 92392.63089707856 1586.6121538183984 4820637.6625866 3338.2629096698975 2960.0
140000.0 150000.0 513.308140625013 948.6691859374987 153.22104316374123 999.4490000000224 512.636962890625 78740.9248758053 1375.3828410184913 4240779.280868272 2940.4836118338403 3000.0
150000.0 160000.0 87.702880859375 901.117919921875 215.10802887985167 999.814000000013 447.18408203125 85212.68776144939 1474.6883134258355 4211131.465612739 2925.2206527175044 3000.0
160000.0 170000.0 564.2931328125414 943.5706867187458 140.1800981969451 999.8890000000247 551.6649179687374 80164.9902031682 1391.6810831851453 4091019.9178556576 2842.4582841242573 3000.0
170000.0 180000.0 346.5876289061853 877.5829428267105 302.53456354827983 999.8969999999972 7.10205078125 86149.98714454447 1494.051989030741 4295019.23047561 2993.7308464373073 3000.0
180000.0 190000.0 42.66105468763271 905.2126313920334 222.4633543168328 999.7999999999884 302.2346796874772 84147.44267816849 1457.851757177739 4260683.324222856 2961.4673366072234 3000.0
190000.0 200000.0 1460.5040078125312 776.3178174715881 285.6137573749507 999.7970000000205 256.9247343749739 79907.41436420428 1379.445921796604 4107208.4299867367 2858.055338480483 3000.0
200000.0 210000.0 674.3383046874078 932.5661695312592 141.68854463398574 999.8880000000354 587.7407421874814 79388.55228565798 1361.1120170642378 4047122.454462338 2811.811763788677 3000.0
210000.0 220000.0 351.9079492187593 877.0992773437491 299.8403485941783 999.7249999999767 0.4630468749674037 76307.7716738787 1358.3777846520657 4164530.1139760995 2893.925780058752 3000.0
220000.0 230000.0 290.5630722655915 882.6760843394917 256.91070316573524 999.6509999999544 235.48899609374348 76291.16995415758 1361.6385978815802 4056143.65202691 2820.755868946472 3000.0
230000.0 240000.0 615.6269042965723 938.4373095703428 163.4760775150919 999.8610000000335 475.4480683594011 80516.69153064558 1428.0508477712497 4202707.818142847 2913.245905427294 3000.0
240000.0 250000.0 2463.7250175782247 753.6274982421776 395.10891359832664 999.7979999999516 5.752972656278871 70933.32778550014 1152.4495065719948 3397112.1984360972 2363.12046518982 1800.0
250000.0 260000.0 1945.242978515802 732.2506383167453 419.7242489279921 999.3179999999702 14.33203125 64354.45376702002 1113.9010646733677 3248276.1232628007 2260.3060529319177 2691.4285714285716
260000.0 270000.0 610.0507832030999 938.99492167969 121.91948310332472 999.4520000000484 657.7780000000494 84743.24498911016 1499.3906456005004 4387009.124246044 3041.4627492887644 3000.0
270000.0 280000.0 625.4791699217167 852.229166370753 267.9173728671147 999.5820000000531 228.87875195313245 78211.23905693468 1389.5168960171168 4037145.2621828355 2811.9843403026784 3000.0
280000.0 290000.0 268.5859609376639 884.6740035511215 245.85245213205116 999.8159999999916 282.50292187498417 83577.40051846928 1493.9052049605789 4310950.17133204 2990.3303081049094 3000.0
290000.0 300000.0 393.14518359384965 873.3504378551046 287.09090579903767 999.966999999946 143.41288281255402 84092.2965387902 1441.94838155462 4097662.4668345717 2850.666835206715 3000.0
