ts te idle avg_span std_span max_span min_span c_bytes_all c_pkts_all s_bytes_all s_pkts_all video_rate
0.0 10000.0 6746.711056640663 813.3222358398343 264.4230620261285 999.9629999999888 435.491943359375 42256.33297661405 542.3329740616682 1791658.0319269903 1295.3899968558885 1028.5714285714287
10000.0 20000.0 1043.6120097655803 895.638799023442 206.57838438251247 999.2829999999958 453.48193359375 68919.59827371156 1138.5676419278223 3770753.4437913513 2628.594021867151 1704.0
20000.0 30000.0 786.0608515625354 837.6308316761332 288.7200091324828 999.9789999999921 185.80908203125 62567.4340251158 1135.2414199570621 3790045.3756726175 2636.2477593861463 3000.0
30000.0 40000.0 1176.9791796875652 882.3020820312435 239.70602479434842 999.9469999999856 243.27490234375 70924.15207801148 1289.9896516866377 3826786.4238260533 2651.7283260068743 3000.0
40000.0 50000.0 145.7800195312011 895.8381800426181 258.22514551434597 999.3800000000047 148.1298828125 68982.93938467953 1310.7109305884962 3949019.988872674 2737.4809600470353 3000.0
50000.0 60000.0 232.0429785156157 887.9960928622168 286.37779554138365 999.9060000000172 35.951904296875 71515.695578144 1259.3448694357012 3752697.684154176 2612.5543388840674 2500.0
60000.0 70000.0 3262.2390214843326 842.2201223144584 271.81870391170406 999.9110000000219 231.7548828125 59770.81176324595 1036.8441142708914 3044303.687215738 2116.0880509100934 2300.0
70000.0 80000.0 448.42295898438897 868.3251855468737 265.4750175681824 998.8279999999795 111.971923828125 78841.32038577073 1352.2696843768754 3999933.7602849477 2783.56887379103 2825.0
80000.0 90000.0 1710.0679531249334 828.9932046875067 327.868257711655 999.0279999999912 181.27500000002328 70859.09283016453 1243.5498878734043 3798485.726524026 2629.711077926544 3000.0
90000.0 100000.0 1538.7090781250154 846.1290921874985 274.0878207183919 999.8489999999874 233.764892578125 90591.65140416662 1585.325880658992 4458424.264221221 3084.6520120178666 3000.0
100000.0 110000.0 1983.576853515522 801.6423146484478 362.8114771523452 999.9510000000009 33.05800000001909 70956.9124321619 1229.529707500801 3456224.8740305705 2406.4557571995374 2500.0
110000.0 120000.0 114.95102148433216 898.6408162286971 262.513778499791 999.6060000000289 138.218017578125 73398.71490484993 1195.6365605356293 3352523.9882992227 2344.270530851664 2357.1428571428573
120000.0 130000.0 293.65501757815946 970.634498242184 57.0717389103331 999.7999999999884 842.8119824219029 84247.34396336395 1472.6566771260186 4216951.751180411 2932.2582942561016 3000.0
130000.0 140000.0 2420.414912109438 842.1761208767291 309.62953736410867 999.8919999999925 244.465087890625 71866.4537735593 1259.4550621277033 3756895.749907318 2603.302615783447 3000.0
140000.0 150000.0 1166.7068203125382 883.3293179687462 256.13970650012845 999.6329999999725 188.999267578125 75317.40850109133 1368.0850989169774 4071363.6591809522 2822.8433910356543 3000.0
150000.0 160000.0 1974.8193105468526 891.6867432725719 250.6833732808533 999.6089999999967 244.48095703125 65034.726171978866 1053.4320768548532 2987227.497011405 2078.5752336179994 2500.0
160000.0 170000.0 3382.3740156250424 735.2917760416619 370.3901735567062 999.130999999994 44.40999999997439 63146.995383211666 1021.9231353577509 2797134.367779353 1955.2635452488887 1588.888888888889
170000.0 180000.0 3320.624882812437 742.1527907986181 360.5530028165586 999.8410000000149 72.77899999998044 50749.28024095739 838.7273091645259 2387527.9228068898 1663.2886876796358 2700.0
180000.0 190000.0 88.16608203126816 901.0758107244302 245.11692067298134 999.3090000000084 194.7509765625 91352.09877245856 1581.7386738379598 4673473.555319767 3232.1641220382617 2580.0
190000.0 200000.0 2017.8686757812975 798.2131324218702 367.956914522904 998.9429999999702 36.70600000000559 58011.93730411359 1011.5489946566616 2977556.050402344 2066.761993031396 3000.0
200000.0 210000.0 53.777224609279074 904.2020704900656 248.16887195244271 999.3530000000028 176.278076171875 81697.00761835826 1368.42123470772 3949897.9944747617 2748.500950802047 2611.1111111111113
210000.0 220000.0 2147.2750859374646 872.5249904513928 264.56112565741864 998.9020000000019 188.989990234375 71524.1917636845 1206.605325132579 3648855.0163031677 2533.84718634608 2562.5
220000.0 230000.0 3543.5130175782833 717.3874424913018 353.6938849320278 999.7049999999581 65.84999999997672 63494.81783530913 1065.5606961743265 3113942.8572298507 2164.6009825621168 2600.0
230000.0 240000.0 1710.314988281345 828.9685011718655 304.6809898050853 999.9350000000559 239.958984375 74535.89797898626 1288.1769372542235 3839765.0088097122 2674.759810661961 2700.0
240000.0 250000.0 1968.517984374892 892.386890625012 171.78963872480625 999.6389999999665 524.2120000000577 75382.18465629112 1352.3254558147187 3975691.320774478 2755.091481192512 3000.0
250000.0 260000.0 2662.62298046879 815.2641132812455 364.5059526958231 999.6239999999525 108.9429999999702 72474.47032391268 1280.1966901914404 3808418.419921597 2636.591594477218 3000.0
260000.0 270000.0 285.2751152344281 883.1568077059611 265.1792243836059 999.8379999999888 119.326904296875 86021.57866681828 1501.3648410543237 4465721.746161256 3103.250185722503 3000.0
270000.0 280000.0 3133.144904296845 858.3568869628944 334.39481881031185 998.7360000000335 37.26000000000931 67897.95100926903 1198.4384687542358 3422477.833917147 2380.1582198002798 3000.0
280000.0 290000.0 2262.760087890434 859.6933235677295 282.5376497192854 999.1990000000224 243.909912109375 86368.57801540002 1431.1612515960383 4103352.9878067602 2852.2710042823014 2400.0
290000.0 300000.0 1222.6909179686336 877.7309082031367 243.4014508536102 999.9000000000233 237.218994140625 91224.35283057016 1588.0710137145945 4486185.96043657 3112.0850026852945 2912.5
