ts te idle avg_span std_span max_span min_span c_bytes_all c_pkts_all s_bytes_all s_pkts_all video_rate
0.0 10000.0 8971.581914062503 514.2090429687487 680.6552699489303 995.5049999999974 32.9130859375 9687.843356633926 26.14428458476705 44859.87940186306 46.003996837347735 1500.0
10000.0 20000.0 191.0660937499997 980.893390625 19.911658548161217 999.237000000001 934.9169921875 38483.16973266141 470.846536677325 1314082.953070898 1077.852072015717 409.2
20000.0 30000.0 944.226005859382 823.2521812855107 316.08626842360275 997.5190000000002 62.63300781250291 35036.17568620999 391.10299985136703 1010404.1082620427 836.5219207478041 373.3333333333333
30000.0 40000.0 562.9300605468743 864.2887285156248 183.13384184207308 998.1800000000003 559.2900136718745 34893.81122449468 402.90617888654094 1052286.059265196 857.6220103991311 480.0
40000.0 50000.0 1418.7910546874846 858.1208945312516 250.84755076555177 997.6459999999934 241.0439453125 27129.75163612264 319.124373662035 924589.104862449 759.5555082452713 480.0
50000.0 60000.0 3991.4079414062435 667.6213398437508 328.15399496845095 999.471000000005 144.24099999999453 32093.196743792352 380.6177862944213 1528660.018331481 1235.2178440009031 915.0
60000.0 70000.0 1089.5901171874866 891.0409882812513 216.03542401673926 999.0390000000043 318.85888671875 47592.98894913789 804.0798373833813 2877257.1501112357 2311.1313827824906 2185.714285714286
70000.0 80000.0 251.7769218750036 886.2020980113633 276.8767389250043 999.2829999999958 103.06396484375 56426.060401877745 983.7437900748389 3525529.2057851003 2827.1432722575178 2800.0
80000.0 90000.0 56.26685351562628 903.9757405894885 273.9706834046036 999.8889999999956 82.839111328125 57121.94341951007 1071.2828448789226 3846540.549586127 3073.762374332106 3000.0
90000.0 100000.0 26.78823046873731 906.655615411933 279.88428102447745 999.9909999999945 66.077880859375 62391.283454029806 1185.6995765365036 4199270.579746574 3352.0396965741133 3000.0
100000.0 110000.0 370.77396874999977 962.922603125 75.53515547774975 999.8959999999934 757.8150000000023 66967.95783188155 1171.616335420404 4220980.163541569 3366.8324723564738 3000.0
110000.0 120000.0 2016.8296582031471 798.3170341796853 345.77198274953827 999.4549999999872 31.82308789063245 53852.30649019073 958.8013543358255 3544850.783117058 2829.7640994912495 3000.0
120000.0 130000.0 123.81930468749488 897.8346086647732 217.95124937930876 999.6130000000121 336.64794921875 64559.0025322505 1190.583867765472 4266997.611208466 3404.6252606450676 3000.0
130000.0 140000.0 178.62589453122928 892.8521914062519 238.35806399533064 998.7980000000098 241.7060546875 61912.648097100944 1107.8283644594346 3928855.6620724476 3141.3310321567956 3000.0
140000.0 150000.0 50.061126953107305 904.5398975497175 237.81566686152976 999.75 223.450927734375 67757.79738011611 1238.0163097610337 4515275.378621572 3597.923699221792 3000.0
150000.0 160000.0 223.77502343748347 888.747725142047 251.35548742970715 999.7319999999891 164.076904296875 64147.79180230525 1149.9843842905707 4036171.627368905 3226.0307031674615 3000.0
160000.0 170000.0 83.22193164064083 901.5252789417599 257.6629783135093 999.4070000000065 139.02197265625 59841.03024304116 1103.0546501521358 3945869.1271983315 3151.0975866277927 3000.0
170000.0 180000.0 173.2066992187756 893.3448455255658 288.4239307315856 999.9659999999858 33.4052734375 58329.29089848894 1070.565541471545 3822513.8463314082 3054.8040077837363 3000.0
180000.0 190000.0 54.5583632812195 904.1310578835255 299.36227002774365 999.8360000000102 2.10791015625 58131.154173898096 1072.3250645883516 3866492.5516454326 3090.626458326498 3000.0
190000.0 200000.0 1204.4518144531175 879.5548185546883 247.34162567142178 999.880999999994 376.048095703125 67686.67183385431 1268.4363002820696 4554054.439290338 3627.3957461015684 3000.0
200000.0 210000.0 463.07900195309776 953.6920998046902 116.79327950572193 999.5119999999879 623.4959042968694 58741.65364872618 1059.9509383041163 3808265.548065637 3041.742356597583 3000.0
210000.0 220000.0 53.74578125003609 904.2049289772694 288.59680835021527 999.747000000003 36.52090624999255 61822.20874888297 1131.2565507575518 4019310.6189483586 3216.5841029649864 3000.0
220000.0 230000.0 57.24531445311732 903.8867895951712 277.0576703468769 999.6410000000033 73.9976874999993 59145.99568342191 1091.9905258441374 3917654.45004363 3134.2675851548465 3000.0
230000.0 240000.0 1885.719726562529 811.4280273437471 318.10125337060106 999.7369999999937 105.4380019531236 58036.03802154293 1061.4210669545744 3714147.4339229735 2963.1461519167256 3000.0
240000.0 250000.0 112.04638867179165 898.9048737571098 221.35858570212847 999.4660000000149 330.2548828125 72014.22328231935 1319.3600005548778 4649686.013649569 3701.527582480149 3000.0
250000.0 260000.0 411.3576113280724 958.8642388671927 103.45899984371002 998.7939999999944 668.9071171875112 59755.28840133923 1088.7382884655162 3927781.7128840755 3141.830617375088 3000.0
260000.0 270000.0 61.35100195306586 903.513545276994 281.935678397781 999.7989999999991 57.09772851562593 58866.79495803658 1084.9131411908675 3874988.6463940167 3095.53021285501 3000.0
270000.0 280000.0 929.4333749999641 824.5969659090941 317.08393403124944 999.9650000000256 87.42073046875885 58543.54727816174 1092.1695007465921 3845750.0999710867 3074.798343752647 3000.0
280000.0 290000.0 130.83694531244691 897.1966413352321 230.1651580520511 999.6520000000019 269.77294921875 63553.66116783205 1156.9536789264791 4099994.2704332396 3274.081776620159 3000.0
290000.0 300000.0 384.78384179691784 961.5216158203082 83.66281740238097 998.5760000000009 729.0390507812263 66753.55076790304 1204.057130788333 4275488.906087062 3420.3013370483727 3000.0
