ts te idle avg_span std_span max_span min_span c_bytes_all c_pkts_all s_bytes_all s_pkts_all videorate
0.0 10000.0 3902.466974609357 871.0761464843775 334.9764533463206 998.9039999999804 111.426025390625 76125.05482061465 1075.5504568384554 3422303.192910082 2425.5392442076877 1020.0
10000.0 20000.0 4569.5059433593415 678.8117570800823 436.63730650525724 999.9490000000224 56.19900000002235 51186.30879822295 854.0827258986603 2679769.602070562 1852.916807066184 3840.0
20000.0 30000.0 39.26799218758242 905.5210916193107 221.89356469070262 999.4199999999837 298.51708984375 84275.7360458337 1538.9462060459687 4778153.527875916 3308.9387991783046 3175.0
30000.0 40000.0 45.38112304685637 904.9653524502858 228.09479957316805 999.890000000014 271.990966796875 84000.72460658314 1572.620661662002 4971609.911388648 3439.550903160226 3000.0
40000.0 50000.0 44.372892578016035 905.0570097656349 231.54387791256167 999.9650000000256 251.97607421875 79922.78397587777 1499.3045024803273 4816842.308360222 3335.422893334074 3000.0
50000.0 60000.0 464.81007421878166 953.5189925781218 93.86287180086069 999.8740000000107 742.7209257812356 68964.39175286777 1262.495447074586 3930389.457394569 2739.6313530535226 3000.0
60000.0 70000.0 2028.496890624985 885.722567708335 312.664213317655 999.4510000000009 53.36200000002282 69749.69351551667 1209.379227899202 3582443.3399172765 2491.8149723948186 3000.0
70000.0 80000.0 100.37912500009406 899.9655340909005 282.0509710958867 999.8069999999716 55.518890624982305 87340.46099110623 1573.1067671021117 4692857.740474926 3246.8570732706835 3000.0
80000.0 90000.0 96.84207617188804 900.2870839843738 266.1312379431039 999.9099999999744 113.27901562501211 87744.56918771022 1537.939111472745 4382665.087958595 3042.7681377974914 3000.0
90000.0 100000.0 3456.552908203099 817.9308864746126 323.21643017206424 998.6560000000172 120.36509179684799 62760.27630566687 1007.5748935259412 2849363.8316492033 1999.5598165370063 1942.857142857143
100000.0 110000.0 2085.5589003906352 879.3823444010405 330.3644692782182 999.984999999986 0.0 63815.975601910075 1050.4034905672395 3102502.984905295 2164.997636965451 2766.6666666666665
110000.0 120000.0 2043.0731074218638 884.1029880642374 310.40261679577935 999.0530000000144 57.57790039060637 75152.36523380235 1226.9814514251066 3383949.621726808 2358.6628483128807 2533.3333333333335
120000.0 130000.0 1747.8990468750708 825.210095312493 310.56115456757203 999.8250000000116 53.9920078124851 81878.11138110756 1412.884043587179 3938285.9097300833 2739.8353497204607 2300.0
130000.0 140000.0 1314.890863281209 868.510913671879 296.0402443418427 999.6880000000237 52.871054687479045 74745.50570659398 1287.6727987090057 3619496.98036222 2513.445949289738 2883.3333333333335
140000.0 150000.0 97.09313867194578 900.2642601207322 283.34414299781685 999.755999999994 54.747917968721595 83608.38307590052 1433.5326277775503 4167279.6374985008 2897.1855144319798 3000.0
150000.0 160000.0 139.64889648440294 896.3955548650542 261.3290767530843 999.8269999999902 129.64905664062826 85913.66718411427 1460.8783878719553 4132553.02197142 2878.7093074196005 2562.5
160000.0 170000.0 2018.5620332031394 886.8264407552067 271.2541176802146 999.61599999998 171.32695312501164 69979.79479823424 1209.3029819212697 3542608.9948536223 2458.1809658180146 2533.3333333333335
170000.0 180000.0 1731.6709335937048 826.8329066406295 349.1954180947555 999.890000000014 52.47798632812919 80443.15367769489 1385.5622549210595 4109486.059113565 2852.7918014313473 2800.0
180000.0 190000.0 1850.887769531284 814.9112230468716 371.63898877032597 998.8310000000056 62.47291992185637 68273.63222912615 1206.4098762210433 3435395.2184839314 2394.0843160395007 3000.0
190000.0 200000.0 1999.5203300780267 800.0479669921973 401.8537908161363 999.4820000000182 24.087000000057742 66977.46923757048 1116.336753823015 3213232.5615125718 2242.4840951677857 2357.1428571428573
200000.0 210000.0 230.16105078125838 888.1671772017038 284.4961060167442 999.8519999999553 51.51001953124069 84934.67463829812 1457.2833995841515 4255312.9063608525 2961.5037662762156 2650.0
210000.0 220000.0 460.2186718749581 867.2528480113674 283.94728160059395 999.1199999999953 196.30507031246088 82168.83650727573 1446.5734381153989 4227251.078490249 2931.1277496091075 3000.0
220000.0 230000.0 1177.3152890625643 882.2684710937435 239.6118245516755 999.3649999999907 302.2820000000065 81833.52827632477 1461.9188643668574 4262161.425709843 2949.020911966352 3000.0
230000.0 240000.0 1437.5030019532423 856.2496998046757 310.1421761661411 999.1480000000447 49.59603124996647 78634.10274080979 1412.6804880422476 4190730.25038338 2905.9693997563772 3000.0
240000.0 250000.0 271.4630039060721 884.412454190357 290.38152037246635 999.9610000000102 52.216033203178085 78449.53296862662 1381.654921622814 3989451.859055841 2786.0872837660727 3000.0
250000.0 260000.0 1941.3780507813208 895.4024388020755 229.81068104554794 999.6720000000205 300.24503710935824 74293.26508996115 1340.497711003564 3971750.0223517464 2755.0496063434443 3000.0
260000.0 270000.0 109.08894921885803 899.1737318891948 284.1911604800934 999.6389999999665 51.17308789060917 74035.8008802573 1326.1520280371863 3837588.047915826 2674.9326549713087 3000.0
270000.0 280000.0 2230.097083984525 776.9902916015475 392.04241093938856 999.0829999999842 0.0 66428.91132001723 1072.3836184638647 3028264.959817298 2116.607237956717 1714.2857142857142
280000.0 290000.0 2933.829621093697 883.2712973632879 293.83152602344853 999.8819999999832 157.72112109372392 72033.95875040631 1190.9067230905998 3373842.0110124806 2345.7004168529793 2800.0
290000.0 300000.0 2074.1722578125773 880.6475269097136 311.3464454820451 998.9470000000438 51.66474218748044 62813.330701968436 1103.9841408488926 3144934.4487444647 2195.6231879046654 2300.0
