ts te idle avg_span std_span max_span min_span c_bytes_all c_pkts_all s_bytes_all s_pkts_all video_rate
0.0 10000.0 7150.77899999998 949.7403333333399 77.92739079639675 998.179999999993 859.8479999999981 36497.0 465.0 1312840.0 942.0 1060.0
10000.0 20000.0 1211.9021132812486 878.8097886718751 257.48165326999356 999.7569999999832 171.25 81784.83428878197 1327.8698637593986 3782075.44909402 2650.1736908747735 1625.4545454545455
20000.0 30000.0 112.10380664060358 898.8996539417633 244.87324137540833 999.8800000000047 193.937113281223 78811.97401767224 1430.6168415105044 4136390.443906279 2886.2410188235162 3000.0
30000.0 40000.0 97.9731953124865 900.1842549715922 233.18854207382094 999.5960000000196 245.7869199218694 76280.53362258256 1386.5265927000237 3991406.5183381173 2784.7291573216125 3000.0
40000.0 50000.0 1980.007886718784 891.110234809024 233.7846453860508 999.0900000000256 286.57511523435824 67502.86720925506 1178.1427891197652 3506499.70271247 2435.6678086453835 2600.0
50000.0 60000.0 111.31201757816598 898.9716347656213 252.74741940718636 999.7779999999912 166.55600195314037 73829.09403980672 1299.553030502869 3782853.020899606 2638.595445228828 2475.0
60000.0 70000.0 151.91806835943135 895.280175603688 240.08571901122366 999.7550000000047 235.69401953124907 77380.38204041285 1395.9316080155859 4071756.0082418215 2837.2058386564213 3000.0
70000.0 80000.0 2125.8078769530402 874.9102358941067 229.35567023362466 999.8890000000247 332.7750878906227 71660.37309792158 1223.68229009849 3488033.426295356 2422.22471383034 2500.0
80000.0 90000.0 119.70515429694206 898.2086223366416 223.0967609728849 999.935999999987 319.92396484373603 76052.52097042341 1303.6800194607083 3777538.642074897 2638.5715632324623 2900.0
90000.0 100000.0 2871.3348808594747 792.073902126725 352.3683635016565 999.7849999999744 40.39199999999255 62590.4207131436 1010.9969648326548 2853449.7884374335 2003.5907633866623 1920.0
100000.0 110000.0 3386.3859999999404 826.7017500000075 345.5431050525463 999.3080000000191 27.552000000025146 57997.0 947.0 2707257.0 1894.0 2056.6666666666665
110000.0 120000.0 3263.9980644531315 842.0002419433586 337.3875544000397 999.5520000000251 19.903999999980442 64597.78306835551 1069.0290815208018 3012180.1244641286 2104.965473305383 2650.0
120000.0 130000.0 195.92294921871508 891.2797318892077 259.3284372632873 999.9880000000121 155.93806445313385 92003.06447690047 1576.1105658609044 4487211.297631369 3112.350739651693 2688.8888888888887
130000.0 140000.0 117.16701367188944 898.4393623934646 226.80511602441806 999.9760000000242 298.11801367189037 75985.48999565943 1344.1904102317098 3918108.448713587 2739.6217145973897 3000.0
140000.0 150000.0 96.13601757818833 900.3512711292556 211.56606640126682 999.0680000000284 365.93702734372346 91035.04088596458 1587.0794232557046 4485501.274514889 3115.2503740930424 3000.0
150000.0 160000.0 45.59906054683961 904.9455399502873 211.56907990689584 999.7800000000279 386.4590449218522 90612.48841796452 1583.6568165691056 4516307.2489884 3138.6480580717575 3000.0
160000.0 170000.0 1962.7649296874297 893.0261189236189 196.7688377230007 999.9920000000275 411.3961054687388 80705.35766366486 1421.0427373959126 4033855.069098342 2800.3058856755633 3000.0
170000.0 180000.0 2389.859964843723 761.0140035156277 390.5417326657801 999.8570000000182 0.0 73412.77549149064 1242.8909651658612 3403435.5365892835 2369.8577546051706 2650.0
180000.0 190000.0 2847.7520351562416 894.0309956054698 221.76232418791622 999.1010000000242 374.08299999998417 75469.45263782187 1266.1839078500489 3503681.8463633256 2431.163834762781 2300.0
190000.0 200000.0 2010.7507148436853 887.6943650173683 261.87295812815165 999.7600000000093 203.57603515626397 61604.72246559056 1003.642599796658 2826185.8597016833 1970.106650313567 2300.0
200000.0 210000.0 1994.7311679687118 800.5268832031288 376.00041163106937 999.6940000000177 30.226999999955297 83869.05259000883 1426.7334721424834 4039952.5953216776 2801.4809009080172 2475.0
210000.0 220000.0 2049.111994140432 795.0888005859567 377.1696636777933 999.4520000000484 22.728000000002794 69611.38630523974 1167.6905009101717 3391557.3414398385 2365.0312135682248 2142.8571428571427
220000.0 230000.0 199.72918554674834 890.933710404841 246.57253659723943 999.4629999999888 198.10991210932843 72567.97385212797 1171.9850593826554 3219107.174736613 2251.434968417186 2375.0
230000.0 240000.0 1958.610595703125 893.4877115885416 228.58859557086097 999.9939999999478 303.21009765623603 70609.08269765388 1198.1937193805356 3313512.820045858 2306.294463812893 2766.6666666666665
240000.0 250000.0 2205.7404257812304 779.425957421877 353.274350884875 999.935999999987 114.11199999996461 86508.45818497849 1484.7564172245977 4052332.2134041446 2820.9138378170082 2562.5
250000.0 260000.0 2002.6909570313292 799.730904296867 377.43193586369506 999.2979999999516 23.815999999991618 77906.36250348433 1407.735214355295 4103330.030402518 2841.252523379852 3000.0
260000.0 270000.0 128.11496093764435 897.4440944602142 251.1618508741848 999.5949999999721 166.03307617187966 80478.4412702539 1458.3823028669694 4220994.049894662 2938.3900011395913 3000.0
270000.0 280000.0 2013.952845703112 887.3385726996543 255.80614297043667 999.591999999946 220.70203710941132 69333.70007630598 1211.8048168676473 3456610.493111802 2405.8246299412494 3000.0
280000.0 290000.0 2020.765999999945 797.9234000000055 381.63070379362097 999.5209999999497 0.0 76039.61885300762 1317.138412958595 3819841.486674859 2653.200449914958 3000.0
290000.0 300000.0 153.99506054690573 895.0913581320995 252.68372968554436 999.8370000000577 155.9578828124795 98982.83097989908 1760.5531383366301 5125053.049780985 3545.6105976455924 3000.0
