ts te idle avg_span std_span max_span min_span c_bytes_all c_pkts_all s_bytes_all s_pkts_all videorate
0.0 10000.0 7912.724017578119 695.7586608072937 518.6207933076197 995.3510000000242 96.906982421875 20770.582161991213 230.3916708633517 747911.0642290765 524.8425198624495 1500.0
10000.0 20000.0 1022.9199824218522 897.7080017578148 280.43527956824727 999.9670000000042 104.10100000002421 66215.41783800878 1020.6083291366483 2657098.9357709233 1851.1574801375505 895.0
20000.0 30000.0 2024.5780800781795 886.1579911024245 235.0542740638828 998.6390000000247 288.87099999998463 47903.64573920566 723.5205628192904 1722879.7653422847 1218.0232543679647 1170.0
30000.0 40000.0 3260.952919921896 748.7830088975671 377.5836501554719 997.6639999999898 113.5219999999972 47258.35426079434 609.4794371807096 1658832.234657715 1173.9767456320353 1924.0
40000.0 50000.0 4192.5460292969365 725.9317463378829 438.55937338273964 997.7069999999949 23.570000000006985 58716.16736552721 883.1323000058682 2671004.7725461735 1878.0726718372102 1800.0
50000.0 60000.0 3437.066955078102 729.2147827690998 373.504678441583 998.50900000002 41.880999999993946 58854.56128063893 1007.9092063609185 3051248.085944955 2124.1309128465086 2533.3333333333335
60000.0 70000.0 1987.2460839843843 801.2753916015615 362.6043755036839 999.8630000000121 42.63000000000466 70243.6149311004 1272.3592568087504 3937508.961840712 2737.3703151092996 3000.0
70000.0 80000.0 2051.976865234319 794.8023134765681 367.712786398662 999.9980000000214 25.419999999983702 74397.83009282826 1243.6484885142265 3805796.2834722917 2654.834611974547 2387.5
80000.0 90000.0 2103.4590058593894 789.6540994140611 365.3839631963929 999.5559999999823 0.0 70109.87371630679 1188.0763158878658 3742651.4406885477 2607.3528825111393 2825.0
90000.0 100000.0 2892.9669433593517 789.6703396267387 338.2123131321853 999.9699999999721 82.2609999999986 65252.04037644021 1114.4548225226918 3461013.664015866 2400.2547396691775 2800.0
100000.0 110000.0 2044.912208984315 795.5087791015685 353.32360108724015 999.619000000006 58.679999999993015 71618.46393612942 1146.4743761710486 3769730.4774707286 2625.9615525284926 2500.0
110000.0 120000.0 116.98001367179677 898.456362393473 240.72833837376945 999.079000000027 226.8090917968657 74163.92694200628 1309.554991783487 4481899.760720677 3110.4634039131292 3000.0
120000.0 130000.0 2878.1528984376346 712.1847101562365 394.5220027351988 999.795999999973 99.27099609375 59878.67248910726 944.2115921206251 2451233.0128501407 1701.4145980058754 2580.0
130000.0 140000.0 72.58000781253213 902.4927265624971 274.9723086034873 999.0760000000009 77.93798828125 71885.06071495148 1204.1684207954313 2951007.7407596563 2043.3960449918395 1700.0
140000.0 150000.0 3226.784988281259 752.5794457465267 332.1393653400198 999.289999999979 140.70199999999022 53066.78815496375 811.0102290290864 2049871.7996902524 1442.7482666127808 1087.5
150000.0 160000.0 1220.551999999967 975.4942222222259 62.233961015624054 999.1180000000168 809.6350000000093 72257.0 1193.0 3700652.0 2581.0 2700.0
160000.0 170000.0 2202.1136992186657 866.431811197926 319.1624040858309 999.9810000000289 39.95000000001164 72615.40026436586 1247.8566087616198 3905330.5445684204 2710.328991762803 3000.0
170000.0 180000.0 1976.8854160156916 802.3114583984309 363.35343402719946 999.8530000000028 31.852000000013504 73297.41459586212 1264.7179009249032 4017807.3124409365 2791.8828398511932 2825.0
180000.0 190000.0 130.49984179681633 897.2272871093803 245.77537240577954 999.9160000000265 213.37111523438944 74925.097524668 1259.2719112203154 4148407.725537181 2884.5806630207903 2650.0
190000.0 200000.0 1040.6167363280547 895.9383263671946 217.36946262390788 998.8780000000261 313.97695703123463 66211.22046519489 1167.161475559892 3828237.254870351 2661.655740500811 3000.0
200000.0 210000.0 1600.0780273438431 839.9921972656157 281.02374116936727 999.5899999999674 223.28069335932378 88682.27664378112 1350.8496058898631 4468117.068991216 3100.528112119817 3000.0
210000.0 220000.0 1771.0340078127338 822.8965992187266 303.1354593953996 998.4449999999488 239.32772070309147 60342.446717853236 1061.8139670253208 3496587.7848979267 2427.452978660208 3000.0
220000.0 230000.0 74.02218359371182 902.361619673299 225.89523927946226 999.60699999996 291.57072851562407 81879.10159813713 1438.168631942589 4718421.883349715 3277.9999062750016 3000.0
230000.0 240000.0 1460.3840878906194 853.9615912109381 278.56279992095847 999.8170000000391 319.70791210932657 75142.04219013764 1272.1598986754966 4121962.425344254 2867.5707678093754 3000.0
240000.0 250000.0 2794.2090175780468 900.7238728027442 137.4692477044264 999.5840000000317 678.3919999999925 63966.12569993988 1044.8527609600494 3183223.170734772 2223.4947534948487 2533.3333333333335
250000.0 260000.0 3457.496884765569 726.9447905816035 364.00434182904587 999.3220000000438 141.6689999999944 54869.497337378656 943.8170774107366 3091220.6705124243 2157.068202703652 2300.0
260000.0 270000.0 418.5111835937714 871.0444378551117 240.917632737568 999.1550000000279 221.39590234379284 78887.3981281444 1350.3860295538489 4347645.949188347 3033.5616722487616 2562.5
270000.0 280000.0 263.3209707031492 885.1526390269864 234.19057226738542 999.7859999999637 284.82608593744226 70372.03914922572 1219.3684520323834 3842641.3171821325 2679.911592424272 3000.0
280000.0 290000.0 250.84886523440946 886.2864667968719 248.49834489153608 999.890000000014 309.6010566406185 81875.3052011876 1422.1439846110604 4576971.96038729 3175.514101445936 3000.0
290000.0 300000.0 2432.5210781249916 840.8309913194454 267.39261001420647 999.0100000000093 269.7639999999665 64888.634484123744 1146.4316954319215 3714138.9319950333 2586.44967768253 3000.0
