ts te idle avg_span std_span max_span min_span c_bytes_all c_pkts_all s_bytes_all s_pkts_all video_rate
0.0 10000.0 0.0 0.0 0.0 0.0 0.0 0.0 0.0 0.0 0.0 0.0
10000.0 20000.0 5758.255001953126 706.957499674479 450.6980725980375 998.737000000001 92.447998046875 40434.89967004286 596.4632090836645 2048916.1142197654 1642.681112101336 1500.0
20000.0 30000.0 1366.556998046879 863.3443001953121 258.70459374129354 998.5040000000008 336.875 70876.75067448009 1289.746034889062 4481508.527544488 3578.675833499198 2100.0
30000.0 40000.0 405.7058867187516 872.2085557528408 274.61743609060443 999.7490000000034 110.51611328125 60894.570420211196 1153.94192055641 3974227.958657215 3178.4284212306256 3000.0
40000.0 50000.0 1163.8188125000015 883.6181187499999 206.10566925465423 999.75 366.13330078125 62248.68148513332 1217.8286586626155 4229114.913910199 3377.3325392155753 3000.0
50000.0 60000.0 106.1583769531353 899.440147549715 228.9532146948537 999.9679999999935 292.346923828125 59040.01742551396 1151.208257573752 4004601.565888106 3197.103258969266 3000.0
60000.0 70000.0 1031.9008476562449 815.2817411221596 276.04295078759736 999.877999999997 76.028076171875 56942.62792516283 1067.863959855192 3633903.077424093 2909.868831325711 3000.0
70000.0 80000.0 1068.6311972656404 893.136880273436 292.86486293401623 999.0479999999952 62.65087890625 59267.527442672996 1093.7248049294776 3700813.254622826 2965.17784855488 3000.0
80000.0 90000.0 292.94888476561755 970.7051115234383 46.73317442069298 999.3110000000015 858.718994140625 67303.39994438153 1256.362045423731 4331279.5588087905 3458.604595469932 3000.0
90000.0 100000.0 1318.6307226562494 789.2153888494319 365.70987812176276 999.9389999999985 70.103271484375 58543.985766687605 1076.6865988985103 3704375.772838315 2959.932804477009 3000.0
100000.0 110000.0 104.79927148435672 989.5200728515644 22.257163172484134 999.7459999999992 927.1637285156321 64265.53924571362 1210.174510127585 4143149.2560862023 3311.194755156468 3000.0
110000.0 120000.0 354.54409570310963 964.545590429689 72.1396778336249 999.9640000000072 806.5500000000029 64534.39242497992 1189.035956652035 3964546.0190265565 3174.369464334646 3000.0
120000.0 130000.0 3976.9719902344223 602.3028009765578 391.4047384906556 998.4439999999886 63.49799999999232 49129.61140502125 858.0355628610962 2859863.3967246027 2290.2134485226943 2250.0
130000.0 140000.0 1218.2720253905864 878.1727974609414 197.6254255513702 999.6240000000107 428.7509999999893 67062.98323488922 1222.7261156883326 4094391.873304505 3268.798994713641 3000.0
140000.0 150000.0 797.0108046874811 836.6353813920472 304.46071727167504 999.8580000000075 128.1921113281278 60563.10007819476 1120.745054308756 3804726.5632367968 3041.8161117782383 3000.0
150000.0 160000.0 404.0489941406704 872.3591823508482 284.05759277452574 999.2019999999902 82.39208984375 62214.92388857386 1165.4563304619517 3912513.0412773327 3129.9726752803385 3000.0
160000.0 170000.0 88.34219921877957 901.05980007102 291.8912849479931 999.7399999999907 24.212890625 63915.98970567354 1169.662424622532 3918159.6298376867 3133.571159380069 3000.0
170000.0 180000.0 710.310931640619 928.9689068359381 196.26321868263344 999.6529999999912 371.532958984375 61604.449117899785 1173.4629063282023 3968302.6284276806 3166.5008507397793 3000.0
180000.0 190000.0 1095.1346835937584 890.4865316406242 174.58114924003294 999.4409999999916 521.5299999999988 65501.39925712164 1220.329836737704 4088412.7087063473 3259.569269821845 3000.0
190000.0 200000.0 586.4071796875214 855.7811654829526 307.6166003040508 999.9830000000075 130.68772460936452 64376.51761034995 1202.074953859187 3996336.0747041423 3191.7367179941084 3000.0
200000.0 210000.0 593.2099902343471 855.1627281605139 287.05949486011843 999.9500000000116 75.43310546875 60635.12025519371 1126.6796922982064 3813533.376953115 3048.549433177781 3000.0
210000.0 220000.0 78.37385546875885 901.9660131392037 293.092528672345 999.6199999999953 20.78125 63638.79548266554 1187.0128502436457 4068370.228230854 3253.9560844109815 3000.0
220000.0 230000.0 877.8899335937167 912.2110066406283 213.63535343542742 999.1790000000037 325.79931640625 56990.901782730114 1043.42037508252 3619323.03584572 2889.911629505062 3000.0
230000.0 240000.0 754.3894082031329 924.5610591796867 117.4082723220125 997.9320000000007 671.3736835937598 65924.6988943851 1233.158074393818 4180306.2636592565 3332.4160300716294 3000.0
240000.0 250000.0 3160.646009765682 683.9353990234318 410.48144163909996 999.7250000000058 59.095000000001164 56389.51087905308 997.6596688601107 3357796.81022229 2689.2175656923223 2700.0
250000.0 260000.0 281.95692187489476 883.4584616477368 280.5114357586893 999.8300000000163 57.8759765625 66229.23332744974 1219.0617454995406 4106673.277094356 3279.4579957164547 2825.0
260000.0 270000.0 81.07903320313198 901.7200878906243 295.86664106851964 999.5530000000144 11.116943359375 65056.45451812296 1196.2424189564051 4084479.040347837 3267.74323814673 3000.0
270000.0 280000.0 1789.227851562493 912.3080164930564 205.72696764813216 996.9180000000051 365.819091796875 55775.53283689268 1051.2153735882878 3655604.500782456 2916.2389712333734 3000.0
280000.0 290000.0 585.3371523436508 941.4662847656349 119.0124259446982 999.0200000000186 630.4029082031338 70122.10420967288 1309.4354246500698 4489636.862769777 3580.8593785610155 3000.0
290000.0 300000.0 1689.1940058593173 831.0805994140683 346.8349014693977 999.9490000000224 21.82706054690061 61693.49770057782 1152.775266229831 3871782.742385901 3089.852547897346 3000.0
