ts te idle avg_span std_span max_span min_span c_bytes_all c_pkts_all s_bytes_all s_pkts_all video_rate
0.0 10000.0 8347.106035156248 826.4469824218759 240.95797425703907 996.8300000000017 656.06396484375 12999.521614586454 147.0749566168922 474540.8819032176 403.87795464474493 1500.0
10000.0 20000.0 1461.2806582031335 776.2472128906243 357.7924127360724 998.476999999999 122.539306640625 32785.00122774891 578.7169936834579 1592544.7031536417 1374.047372673118 493.6
20000.0 30000.0 319.08630664063094 968.0913693359369 41.097203117283485 999.3059999999969 871.8316933593742 20867.477157664634 423.20804969964996 1047973.4149431407 906.0746726821371 480.0
30000.0 40000.0 1310.639066406242 868.9360933593758 275.8356210273264 999.1390000000029 119.48193359375 21821.619876467845 481.0575849653253 891015.733361693 767.8806189514555 480.0
40000.0 50000.0 1661.7176640625185 833.8282335937481 311.7636378011028 999.8129999999946 11.80126953125 17608.123043829983 361.4769089595177 684639.3163517929 621.7607737583561 480.0
50000.0 60000.0 629.7153281249921 937.0284671875008 102.14856749403995 998.9579999999987 708.93994140625 16726.049054539 375.0714684250745 581834.825410971 539.1199177241185 320.0
60000.0 70000.0 1555.3689414062683 844.4631058593732 311.92842460703145 997.4159999999974 223.9149999999936 15763.208025163174 356.3940376500825 441530.1248755432 407.2386895660698 288.0
70000.0 80000.0 5197.630886718747 686.0527304687504 315.913326049257 995.179999999993 104.51611328125 17409.94708994897 362.4044621031461 1194908.2166084927 1048.1225496980069 729.0
80000.0 90000.0 3127.5992324218823 763.6000852864576 395.8959402587848 999.9279999999999 67.5399999999936 24468.126564412963 611.7698669167664 2184989.8603491317 1824.716058985275 1842.857142857143
90000.0 100000.0 252.69856445312325 886.1183123224433 293.5743638925448 999.7100000000064 6.04931640625 31709.67095703126 839.9588069320946 3011360.9084220026 2488.4700246600078 2300.0
100000.0 110000.0 380.51332031251513 961.9486679687485 57.28034718592594 996.7459999999992 808.02099609375 29326.253043212586 766.0850198156454 2731163.787126446 2265.099231352632 2500.0
110000.0 120000.0 304.2827382812684 881.4288419744302 241.395507575476 999.9690000000119 190.7400039062486 40326.013437707916 1071.0397250993674 3859629.0369634754 3167.7565256051216 2485.714285714286
120000.0 130000.0 1328.2443613281648 867.1755638671835 249.86991613011372 999.9979999999923 230.97074218749185 36197.3971535824 934.4041795801539 3396341.306351507 2779.0725530663376 2500.0
130000.0 140000.0 425.76794921877445 870.3847318892023 267.95003246385016 999.2159999999858 108.79910351563012 40266.62781290228 1044.2740115890454 3738287.1933580744 3082.434503975923 3000.0
140000.0 150000.0 83.77904882817529 901.4746319247114 230.70966981618096 999.5229999999865 279.3700527343608 41281.79755780444 1072.1325141223203 3884671.7904391983 3186.4974323513584 3000.0
150000.0 160000.0 1968.6139140625019 803.1386085937498 333.93094785338343 998.7930000000051 74.583984375 33677.76606819757 853.4715413190221 3043031.4390195254 2510.1423943820955 2250.0
160000.0 170000.0 481.04986718751024 951.895013281249 64.60629812123746 999.7000000000116 824.0899999999965 28774.78624266436 694.1599352970046 2448559.962195567 2037.505586970803 1750.0
170000.0 180000.0 218.60506640624953 889.2177212357955 263.76331890630763 999.502999999997 116.63788281250163 41389.713883117445 1068.8758287465114 3874963.5708087473 3182.628850238082 3000.0
180000.0 190000.0 1876.3830292968487 812.3616970703151 351.3851287830751 999.4910000000091 100.072021484375 34220.56635359711 874.1440926339382 3131708.2457450656 2575.612510268341 3000.0
190000.0 200000.0 1165.7541367187514 883.4245863281249 292.7954351188895 999.9619999999995 57.931884765625 36908.98761629657 915.2520527214044 3304908.5413863193 2709.5689410813175 2257.1428571428573
200000.0 210000.0 226.35094921875861 977.3649050781241 25.953223531006753 999.8850000000093 930.8601152343617 39125.40999947869 1010.7408632770304 3650526.872003421 2994.1447387930575 2766.6666666666665
210000.0 220000.0 2118.0349355468934 875.7738960503452 320.9336134954643 999.5240000000049 21.565064453112427 25930.93622004544 632.2870998465492 2233540.269223026 1849.2280985716416 1633.3333333333333
220000.0 230000.0 2158.338724609377 871.2956972656248 296.96996119805675 999.9679999999935 99.457275390625 28619.38339001038 688.1136033410555 2477046.4900622247 2054.137846919174 1750.0
230000.0 240000.0 206.71027343749302 979.3289726562507 33.028902222908265 999.8040000000037 893.777724609361 40627.987519735565 1061.606867625462 3859339.3711616294 3163.7588358355197 3000.0
240000.0 250000.0 510.1556914062239 862.7131189630705 318.9953782123917 999.829000000027 10.969998046872206 43203.50273374346 1113.638648094562 3902487.6786468113 3197.7221491418386 3000.0
250000.0 260000.0 35.68434570316458 905.8468776633487 205.9048703067004 999.920999999973 487.18896484375 42291.55839720304 1083.6258543228148 3884158.352616046 3180.377882092837 3000.0
260000.0 270000.0 3090.8696855469025 690.9130314453098 411.702539958928 998.820000000007 81.561279296875 32798.53187486118 849.1231507331186 3085831.836517368 2521.6541996994747 2500.0
270000.0 280000.0 167.9032324219006 983.2096767578099 32.894896734304716 998.554999999993 893.2017207031022 39621.376827218475 1008.2150099937899 3685797.0480412133 3001.1197757219657 2500.0
280000.0 290000.0 238.6117558593396 887.3989312855145 294.7863130894727 999.2800000000279 6.207953125005588 39852.19204030807 1035.741631632963 3752126.5565740466 3068.680576919831 2883.3333333333335
290000.0 300000.0 1292.1652910156408 870.7834708984359 271.1218895167733 999.5129999999772 119.24670898437034 35634.46721691982 932.935234256234 3380439.6663806606 2766.5487336693595 3000.0
