ts te idle avg_span std_span max_span min_span c_bytes_all c_pkts_all s_bytes_all s_pkts_all videorate
0.0 10000.0 0.0 0.0 0.0 0.0 0.0 0.0 0.0 0.0 0.0 0.0
10000.0 20000.0 0.0 0.0 0.0 0.0 0.0 0.0 0.0 0.0 0.0 0.0
20000.0 30000.0 5343.829914062495 931.234017187501 134.9158579868858 998.8910000000033 690.7880859375 50747.45430174086 675.2640141200766 2335416.6490245014 1880.4081800478145 1193.3333333333333
30000.0 40000.0 927.4801523437418 824.7745316051144 259.51264638182334 999.5670000000027 307.55991406249814 70716.78002577121 1388.7688876768277 4675112.436491972 3731.080355776694 3525.0
40000.0 50000.0 105.47595117187302 899.5021862571025 212.23014449873452 999.2099999999991 401.281982421875 49088.539233107025 889.829189627271 2974475.0348036704 2391.7880332210634 2300.0
50000.0 60000.0 1769.1768828125205 823.082311718748 294.68395879671925 999.2109999999957 206.37399999999616 47541.30242210782 880.8121643833325 2904147.8252456295 2325.6614109831376 2300.0
60000.0 70000.0 135.14217578124953 896.8052567471591 217.04751009770084 999.9130000000005 397.971923828125 50538.592336070564 933.2804533095469 3012598.9402963575 2420.1667783276052 2300.0
70000.0 80000.0 49.23693945311243 904.6148236860807 211.79033938191895 999.0080000000016 376.208984375 56959.90600023525 1068.2661166871114 3589981.807136678 2879.440347874164 2300.0
80000.0 90000.0 2945.1439941406134 783.8728895399319 335.36328122903075 998.724000000002 42.7100000000064 40440.430427603904 727.9848960297688 2414613.2892619437 1937.0528585668258 2300.0
90000.0 100000.0 1882.718082031235 811.7281917968764 312.6111321116988 998.3479999999981 149.6860000000015 58977.18589930855 1064.405909065945 3549311.979566852 2841.3878925860163 2300.0
100000.0 110000.0 160.99479882813466 894.4550182883514 220.17531066057657 999.7179999999935 399.662109375 50206.42959213156 891.4215197513063 2968884.068065218 2379.9098651219797 2300.0
110000.0 120000.0 42.8178066406108 905.1983812144899 214.31024148887013 999.9949999999953 369.685302734375 60552.261430920575 1088.5879285817657 3647166.130283567 2917.7875602415647 2300.0
120000.0 130000.0 1686.2331992187537 831.3766800781247 280.4239033352096 999.4109999999928 302.47099999999045 57766.66599346102 1052.8660544401685 3555540.413217006 2842.540820693438 2900.0
130000.0 140000.0 129.0121191405924 897.3625346235825 228.79331670632834 999.9260000000068 307.458984375 62549.23407092957 1166.3781373907175 3943192.6808906696 3155.33387569576 3000.0
140000.0 150000.0 78.2338632812025 901.9787397017088 224.32638292988474 999.6939999999886 285.09912109375 62624.722152103575 1159.5878829589656 3930833.1793569233 3141.3638781408363 3000.0
150000.0 160000.0 47.37712695312803 904.7838975497157 228.67019061440286 999.3550000000105 265.343994140625 61544.83625525534 1146.2076028090605 3857892.271687109 3085.119431961153 3000.0
160000.0 170000.0 44.28268164061592 905.065210759944 235.84902864700993 999.627999999997 235.1953125 59975.81129177464 1114.3656189728242 3817261.03691048 3058.3685298448527 3000.0
170000.0 180000.0 43.42603515626979 905.1430877130664 241.93066187198127 999.9619999999995 207.75927734375 75051.84154608262 1411.5406545571946 4740182.433434277 3785.0752192839104 3000.0
180000.0 190000.0 40.67015820310917 905.3936219815355 244.54581529340928 999.4159999999974 192.672119140625 61274.99579774309 1147.125884577444 3877192.317278298 3102.3518614598333 3000.0
190000.0 200000.0 41.973144531220896 905.2751686789799 251.86742078290644 999.997000000003 165.948974609375 61457.826479404044 1145.8784243612192 3892297.356265189 3117.0682123792253 3000.0
200000.0 210000.0 46.953857421845896 904.822376598014 257.2159297988028 999.4809999999998 143.6201171875 61083.45972820162 1139.0057011882873 3846348.8853593655 3076.775312508342 3000.0
210000.0 220000.0 46.12815234370646 904.8974406960267 261.736731350224 998.6380000000063 126.18896484375 73579.86729734816 1387.9998680826748 4721032.900595958 3769.7383658556746 3000.0
220000.0 230000.0 1464.9590664062416 853.5040933593758 243.81726898214077 999.8940000000002 325.17699999999604 56971.81122471531 1018.1498688749948 3433586.806086293 2750.4182077771898 2500.0
230000.0 240000.0 2066.825992187514 881.4637786458318 211.40415951213078 999.7039999999979 504.39010156248696 40443.08901607157 716.0273900812774 2379559.4135931507 1909.6612225261074 2300.0
240000.0 250000.0 2553.5640156250156 827.3817760416649 246.4210226625016 997.8780000000261 484.0620937499916 59961.67457707008 1083.3192234244268 3657345.9950373275 2922.362564218385 2300.0
250000.0 260000.0 80.54587304691086 901.7685569957354 208.72754425285777 999.9569999999949 474.468017578125 50815.94667586966 898.1020786692648 3013923.793525454 2414.5990705490767 2300.0
260000.0 270000.0 113.48903320316458 898.7737242542578 219.07218338075944 999.6790000000037 394.083984375 58618.37751997772 1047.8617274648043 3578955.5522787943 2868.61206998858 2300.0
270000.0 280000.0 111.32273242186056 898.9706606889217 219.63816169146935 999.9239999999991 339.583251953125 49064.65720177864 875.5244089860305 3021125.383567565 2424.926430841903 2300.0
280000.0 290000.0 69.72526367183309 902.752248757106 217.78796988425248 999.5669999999809 322.56298828125 51465.94260246261 913.13630850266 3017725.0102004297 2418.2319144151747 2300.0
290000.0 300000.0 44.605007812555414 905.0359083806768 221.87021842772685 999.914999999979 303.47998046875 67141.93148809022 1199.879832607617 3957773.63701845 3173.1685059147944 2650.0
