ts te idle avg_span std_span max_span min_span c_bytes_all c_pkts_all s_bytes_all s_pkts_all video_rate
0.0 10000.0 8999.700117187502 500.1499414062491 695.4678864322916 991.9199999999983 8.3798828125 13969.640199181033 171.79800536256627 455222.8982494605 403.1090141724966 1500.0
10000.0 20000.0 547.8317851562497 945.216821484375 132.01592220261875 999.9039999999986 579.6781171875009 48726.20010340854 1232.1732917163044 4243027.079600131 3478.8507023411194 1500.0
20000.0 30000.0 198.26810742187809 891.0665356889202 270.15532024200974 999.8830000000016 94.64690234375303 45907.47183282585 1293.540652084896 4455550.5162215885 3609.361069193262 3000.0
30000.0 40000.0 384.5021074218748 874.1361720525568 257.3146891056011 999.9499999999971 169.8870097656254 44422.532624452266 1230.1199690590165 4257165.4610634325 3467.7094750399347 3000.0
40000.0 50000.0 595.8045781250039 854.9268565340906 256.15588456387917 999.7860000000001 257.0691171875005 39704.4127437508 1103.543971375939 3744405.8365373085 3053.6543030716484 3000.0
50000.0 60000.0 88.00927929687896 901.0900655184655 212.7783412240351 999.7079999999987 394.02469531250244 40389.1163743484 1094.2122986293193 3775752.75012811 3083.0993986402036 3000.0
60000.0 70000.0 147.10507812500873 895.7177201704537 215.37743246676322 999.2670000000071 434.8169746093772 49692.17976786604 1312.6151222461046 4571090.4634049395 3714.5796760026014 3000.0
70000.0 80000.0 143.61097265624267 896.0353661221598 214.78489048555258 999.872000000003 418.823974609375 43032.947950534006 1120.4393616610214 3830504.4615055267 3146.755975743199 3000.0
80000.0 90000.0 147.8529765625135 895.6497294034078 224.04288470923123 999.8819999999978 335.822998046875 43070.19749131593 1132.3522777683297 3885866.4264687584 3184.573100338939 3000.0
90000.0 100000.0 43.64206249998824 905.1234488636375 222.53426835542444 999.9100000000035 307.158935546875 42933.028448237026 1128.068195283756 3887760.854884449 3166.0388278699506 3000.0
100000.0 110000.0 36.26703320312663 905.7939060724431 223.51673251094815 999.9850000000006 292.52490234375 45875.75048677176 1215.0959893097568 4220287.76362898 3434.3263865714766 3000.0
110000.0 120000.0 1138.4078007812204 886.1592199218779 256.6937860539716 999.5629999999946 202.46309765624756 45752.32519877399 1198.963609908838 4162357.305082417 3385.6691322657484 3000.0
120000.0 130000.0 3875.875037109392 680.4583292100675 400.3201433646836 999.429999999993 71.86999999999534 31340.956382116932 760.5814533912347 2573653.1800103206 2137.5650284050203 1380.0
130000.0 140000.0 1271.438058593776 872.8561941406224 296.9300499663414 998.698000000004 69.85793554686825 36940.95519676802 949.4730896247047 3100326.3542644214 2556.070942398682 2467.5
140000.0 150000.0 236.9126855469076 887.5533922230084 223.8774717575888 999.6680000000051 297.47699414062663 43277.72937709603 1141.685806711751 3813930.091610641 3102.872435745823 3000.0
150000.0 160000.0 150.86823437502608 895.3756150568158 222.33709087445328 999.7129999999888 365.28867968751 45013.18560300343 1174.4696526153975 3862728.717398821 3152.4590920201595 3000.0
160000.0 170000.0 147.04817578126676 895.722893110794 215.67114812893297 999.3319999999949 459.2019140624907 51539.95977510847 1358.302661698574 4517336.284362165 3687.9074080946752 3000.0
170000.0 180000.0 235.3078613280959 887.6992853338095 238.4744562770155 999.1790000000037 300.300048828125 44420.450910025946 1169.9018317485175 3869750.0988633647 3178.3774750954535 3000.0
180000.0 190000.0 93.95614062499953 900.5494417613637 236.37511081364175 999.9869999999937 242.055908203125 42514.11351416748 1113.9950890394073 3779476.9671764565 3097.2666477923526 3000.0
190000.0 200000.0 126.85690039061592 897.5584636008531 245.40404231415002 999.9500000000116 189.7080078125 44378.140782335824 1167.8036258343266 3825683.346753196 3156.5991870979283 3000.0
200000.0 210000.0 261.34104296870646 885.3326324573903 255.40906249892657 999.8289999999979 146.68896484375 48490.851523881094 1274.027164710694 4255285.212176856 3474.2536833256886 3000.0
210000.0 220000.0 109.66201367191388 899.121635120735 266.7606509078826 999.5469999999914 106.199951171875 49659.75482580168 1307.1961715051164 4320013.910460537 3521.2608918836318 3000.0
220000.0 230000.0 59.00005664062337 903.7272675781252 279.4588007626063 999.5299999999988 66.44189453125 44589.504184316225 1176.686383663656 3843048.6723857475 3152.5817593315664 3000.0
230000.0 240000.0 87.52394140625256 901.1341871448861 299.14583150811603 999.5789999999979 1.126953125 44087.52071920929 1163.1245739681444 3869674.3499747887 3172.538692451158 3000.0
240000.0 250000.0 2397.2039433593745 844.755117404514 286.28998781213176 999.8569999999891 132.65400000000955 33237.8207108457 838.6472211530607 2765604.7884130217 2291.1322008139628 2175.0
250000.0 260000.0 1257.264091796882 874.2735908203118 287.0953915074902 999.454000000027 97.62799023435218 40805.141732734606 1041.2768591206386 3452971.4545021052 2835.778901368205 2400.0
260000.0 270000.0 197.58289453125326 891.128827769886 238.49989090248087 998.7800000000279 283.38408203126164 35703.54855345188 919.7220892667711 3007325.6263802527 2486.538754889226 3000.0
270000.0 280000.0 207.95171289058635 890.1862079190377 225.7698808370771 999.1849999999977 391.5919765625149 35878.46053264763 915.5241762797896 2971663.056351089 2451.1335097629826 3000.0
280000.0 290000.0 704.7733105468214 929.5226689453178 158.7710188127455 998.2660000000033 483.13668945315294 29306.10245502408 742.6594052623674 2350519.0721411137 1956.9363282729034 3000.0
290000.0 300000.0 985.0710820312961 901.4928917968704 210.53566171614142 999.6539999999804 355.1500000000233 33471.35421712665 845.2457480745641 2762201.1100150673 2299.7008959617265 1933.3333333333333
