ts te idle avg_span std_span max_span min_span c_bytes_all c_pkts_all s_bytes_all s_pkts_all videorate
0.0 10000.0 0.0 0.0 0.0 0.0 0.0 0.0 0.0 0.0 0.0 0.0
10000.0 20000.0 628.1120664061746 937.1887933593825 184.8649810030282 999.8209999999963 411.23193359375 66239.69704174755 856.2038921414265 2320415.6082663364 1642.2454666979847 692.3076923076923
20000.0 30000.0 1346.4829394531553 865.3517060546844 221.43674831563706 999.8979999999865 379.093994140625 48570.38908929124 766.3421910980114 1730436.9477512725 1206.9353570056026 1311.4285714285713
30000.0 40000.0 610.2969941406045 853.609364169036 285.15984546858016 999.0760000000009 82.01699999999255 55980.91386896121 978.4539167605622 2435115.443982391 1690.8191762964127 1500.0
40000.0 50000.0 1955.3177402343717 893.8535844184031 311.6516801112491 999.7289999999921 62.791259765625 55653.56970512486 901.7747402208008 2950315.60587205 2067.6479730621722 1842.857142857143
50000.0 60000.0 121.62495703122113 987.8375042968779 22.01696615657083 999.9479999999749 927.8637402344029 66945.59840165135 1146.7886652631487 3322457.2985661537 2327.575381512135 2600.0
60000.0 70000.0 1762.4781953125494 748.8656186079501 415.9064004623106 999.2739999999758 13.662697265623137 77231.20074831175 1388.8973460854247 4260595.633034909 2956.592662598642 3000.0
70000.0 80000.0 638.0421796875307 936.195782031247 103.92750056447582 999.9010000000126 709.8169999999809 77291.7176450885 1389.2869447407093 4276335.165833547 2966.5939607830323 3000.0
80000.0 90000.0 1195.4399785155547 800.4145474076769 298.7894708175658 999.609999999986 187.8090722656343 71113.8247673118 1262.7894282616112 4030594.4044301803 2803.929951937277 3000.0
90000.0 100000.0 1951.989652343851 804.8010347656149 324.61189969962646 999.1269999999786 134.279296875 61969.46672659462 1074.7731439814797 3405421.770033512 2374.5118310754146 3000.0
100000.0 110000.0 39.67034570308169 905.4845140269925 265.8004064607989 999.9650000000256 113.449951171875 82567.06969285086 1496.8727321659999 4927002.256613032 3405.538934574509 3000.0
110000.0 120000.0 108.1078964844346 899.262918501415 284.07425750354156 999.7910000000265 51.4560546875 66641.17157538886 1179.9579389939072 3852876.562305805 2678.2515218423277 3000.0
120000.0 130000.0 1034.029945312417 896.5970054687583 275.3992075521371 999.6240000000107 117.162109375 84173.05475699344 1457.418985052333 4375793.3087298395 3032.296861223609 3000.0
130000.0 140000.0 99.06618554680608 900.0848922230176 276.5484349484583 999.939000000013 73.471923828125 78861.03723228794 1359.9415680621125 4132027.677453853 2868.843072129779 3000.0
140000.0 150000.0 83.09382031246787 901.5369254261393 280.61059033432025 999.820000000007 58.006103515625 86981.90797938641 1534.578960761443 4552784.204242057 3167.7752069576045 3000.0
150000.0 160000.0 1347.8351171875256 865.2164882812474 207.0288154381907 999.6010000000242 430.510986328125 68704.23197042114 1189.2203101786931 3636440.959409487 2529.109203270732 3000.0
160000.0 170000.0 444.3910488280817 868.6917228338108 295.2174353875129 999.6379999999772 66.5859375 78141.00117646127 1379.6376782308253 4198427.109733282 2926.728325709676 3000.0
170000.0 180000.0 177.04883203125792 982.2951167968743 30.220753581869484 999.7710000000079 921.8710624999949 77644.61772888809 1350.2690561418058 4014213.9732673094 2794.816366323873 3000.0
180000.0 190000.0 892.4828222655342 827.9561070667696 317.40137396885274 999.6940000000177 68.0438945312635 85202.49796003207 1487.8647768483652 4427400.874921584 3076.608081328155 3000.0
190000.0 200000.0 94.40629492199514 900.508518643455 219.98438589141134 999.9629999999888 358.81298828125 74930.95937503951 1346.6981404225608 4161697.835681417 2887.194429063959 3000.0
200000.0 210000.0 1522.6380839843769 847.7361916015623 240.92869375555068 999.6949999999488 427.076904296875 77206.94874640524 1319.1878920734093 3928955.229367174 2736.42209714098 3000.0
210000.0 220000.0 1829.8869042968145 817.0113095703185 315.65724173411974 999.4370000000345 0.0 55811.12381176231 865.0416925153704 2537864.1305048084 1789.5641394661213 1450.2857142857142
220000.0 230000.0 2263.228748046793 859.641250217023 295.93372183078793 998.1489999999758 84.333251953125 55256.26791154255 798.6998870408095 2195718.215300895 1555.8377401724022 1531.111111111111
230000.0 240000.0 194.01521093747579 980.5984789062525 30.464814375377856 999.5620000000345 913.9047480468871 71593.70494771584 1224.2565240556655 3420308.461179377 2394.677054665617 2300.0
240000.0 250000.0 102.74514257814735 899.7504415838048 279.3541698014208 999.9939999999478 65.28995898435824 81083.20142969168 1415.680767401961 4135914.647958848 2877.6468593539676 2900.0
250000.0 260000.0 1231.0018984375056 876.8998101562495 274.13726796826364 999.8020000000251 128.49510156246834 84858.82571104994 1458.362821501564 4256608.67556088 2959.8383458080134 3000.0
260000.0 270000.0 1056.2179999999935 993.7535555555563 11.027323588619312 999.0620000000345 964.7219999999506 77605.0 1353.0 4019867.0 2789.0 3000.0
270000.0 280000.0 1186.7288906250615 979.2523454861043 35.79813102123437 999.7730000000447 915.037109375 78963.38055665707 1322.3634362733696 4175649.3407376115 2901.5704580913907 3000.0
280000.0 290000.0 604.8562148434576 854.1039804687766 318.1894271327998 999.5110000000568 80.57889062503818 75616.8874360238 1340.3122174604 4107241.8073698743 2850.2790969199077 3000.0
290000.0 300000.0 490.03484960924834 864.5422863991593 287.64756895872887 999.5870000000577 66.696044921875 83046.97877755066 1477.6642693645301 4339851.449549526 3023.641445019579 3000.0
