ts te idle avg_span std_span max_span min_span c_bytes_all c_pkts_all s_bytes_all s_pkts_all videorate
0.0 10000.0 0.0 0.0 0.0 0.0 0.0 0.0 0.0 0.0 0.0 0.0
10000.0 20000.0 4050.703019531251 849.8995686383927 327.40620780740346 998.7119999999995 111.92799999999988 58521.42305395898 946.5557272497746 3116280.6238141106 2498.0497013174145 1500.0
20000.0 30000.0 1638.6840917968875 836.1315908203112 330.6735823850289 999.476999999999 91.35901953124994 65756.66295916117 1208.3570228237568 4033844.8045977075 3227.1666304311298 2500.0
30000.0 40000.0 129.02196484374872 897.3616395596592 296.1516131132247 999.6390000000029 7.70611132812337 65273.60163576189 1288.7771283058319 4344291.542586139 3474.837820372279 3000.0
40000.0 50000.0 113.79195703124424 898.7461857244324 273.38245907489943 999.7770000000019 85.21307617187267 61157.446087176824 1166.0299714034597 3868449.4868471697 3099.4704840719505 3000.0
50000.0 60000.0 243.26191601563187 886.9761894531243 259.407434008527 999.6030000000028 144.4500332031239 57481.11560145868 1133.0681978749244 3769182.0344857816 3017.7870272525406 3000.0
60000.0 70000.0 76.89674414062756 902.1002959872156 236.39250984230563 999.775999999998 243.8189492187521 74736.1432838577 1402.4153820432527 4669493.690052818 3728.5159337393466 3000.0
70000.0 80000.0 37.94603710938827 905.641269353692 222.0580563838065 999.8300000000017 302.82669335936953 62670.99743193314 1177.2294668888828 3904339.2450487986 3124.5910454333743 3000.0
80000.0 90000.0 140.27915039061918 896.3382590553982 225.29662403961444 999.0399999999936 323.4837304687535 60874.832189195935 1136.449824633964 3771345.5919978926 3019.898500594562 3000.0
90000.0 100000.0 32.16213281250384 906.1670788352269 207.94852711489594 999.3830000000016 406.7968808593723 63865.013212526945 1181.1834771467838 3920770.6320906053 3132.881451899294 3000.0
100000.0 110000.0 40.018720703126746 905.452843572443 207.77336584960642 999.9379999999946 420.6420136718807 71334.28758502768 1332.3631201831865 4556108.169698475 3633.0812165068323 3000.0
110000.0 120000.0 38.789285156235565 905.5646104403422 207.0931597268393 999.8870000000024 438.7887343750044 63454.70094306389 1187.9942170067322 3977880.1151175285 3180.508439004054 3000.0
120000.0 130000.0 3848.723980468727 683.4751132812526 397.7345771971196 999.2069999999949 70.98000000001048 44617.77601687721 754.5764644394505 2571167.0636629737 2059.211749377222 2000.0
130000.0 140000.0 2015.497000000003 887.1669999999997 303.5696811528623 999.5739999999932 79.3289999999979 46301.0 812.0 2716922.0 2176.0 2700.0
140000.0 150000.0 116.05906054688967 988.394093945311 18.410113078109116 999.9549999999872 947.887939453125 73235.69260028117 1362.0772971071167 4628626.848066117 3694.615305737279 3000.0
150000.0 160000.0 185.0016347656201 892.2725786576709 283.7077390186323 998.0419999999867 49.526060546864755 62873.618732170886 1150.2523600573122 3869679.3876299276 3091.2220599413986 3000.0
160000.0 170000.0 79.86727734375745 901.8302475142038 260.76867534522614 999.9169999999867 135.56769531249302 68094.03399920276 1277.772454842643 4391600.227780958 3498.3826393519444 3000.0
170000.0 180000.0 56.16202734375838 903.9852702414765 245.86927302133606 999.7250000000058 191.05797265624278 66304.85936351647 1225.4006521551298 4113846.367796975 3288.7741723082527 3000.0
180000.0 190000.0 1990.0380000000005 889.9957777777777 257.35698411825734 999.9800000000105 225.73099999999977 48418.79530482872 916.4972358377984 3017762.1687260224 2415.0058226611245 3000.0
190000.0 200000.0 153.5558808594069 984.6444119140593 40.971548194391296 999.9109999999928 868.297119140625 62008.571174970915 1147.1679523437983 3868006.3643679745 3099.5073538430124 3000.0
200000.0 210000.0 212.74216992186848 889.7507118252847 288.6228066838706 999.9090000000142 47.41988085937919 77287.71028730703 1448.4590779411762 4950135.793199166 3945.398483277283 3000.0
210000.0 220000.0 155.2830000000249 894.9742727272704 240.32002487449708 999.4759999999951 243.1250507812365 67444.970255392 1251.5630364408134 4246290.707826824 3392.5402635939827 3000.0
220000.0 230000.0 37.27596484377864 905.702185014202 214.21935513347017 999.9619999999995 352.2250507812423 58866.834596718734 1095.3321775476636 3733181.9976827484 2988.685506000129 3000.0
230000.0 240000.0 36.84792578127235 905.7410976562479 211.26476751223706 999.3090000000084 369.1970156249881 62839.634544004795 1166.8842301598775 3840250.964201979 3072.9014324312598 3000.0
240000.0 250000.0 2539.6580410156457 828.9268843315949 309.1980247096861 999.4759999999951 203.91599999999744 53372.11820491038 915.0021346510603 3033205.700889225 2428.533116841956 1928.5714285714287
250000.0 260000.0 269.4490605468163 884.5955399502894 294.91425748035886 999.5260000000126 5.556982421898283 56291.397644446326 976.400811130118 3250142.5204581283 2608.851235177621 2700.0
260000.0 270000.0 72.55984765617177 902.4945593039844 261.44291459455116 999.9679999999935 131.29904296877794 62144.397472161785 1161.0763718489907 3932690.339990598 3142.7101903596194 3000.0
270000.0 280000.0 40.51602929685032 905.4076337002863 247.53395958085233 999.7810000000172 182.08589062502142 59922.5186919595 1110.9537077703883 3743080.564412035 2992.4954107785666 3000.0
280000.0 290000.0 39.57513085944811 905.4931699218683 242.4553256328893 999.8479999999981 205.2199199218885 60892.91093367774 1137.1264409475427 3831786.198793541 3066.452227787372 3000.0
290000.0 300000.0 70.07464843749767 902.7204865056821 239.0212459496671 999.7609999999986 227.3160507812281 65139.475521036875 1212.125678128683 4118211.936856025 3288.481979046659 3000.0
