ts te idle avg_span std_span max_span min_span c_bytes_all c_pkts_all s_bytes_all s_pkts_all videorate
0.0 10000.0 0.0 0.0 0.0 0.0 0.0 0.0 0.0 0.0 0.0 0.0
10000.0 20000.0 1408.609058593749 954.5989934895834 109.40591860888284 999.804999999993 665.93994140625 86394.08265898578 1313.0003906915395 4064497.1035917914 2834.0632360349537 1500.0
20000.0 30000.0 4464.000025390647 790.8571392299075 292.5194951710396 998.3219999999856 302.6950585937593 56347.43824743015 934.4654230852352 2573210.55171493 1800.9580201805104 2142.8571428571427
30000.0 40000.0 812.9976191406604 835.1820346235763 311.3652847911664 999.515000000014 217.87408398435218 82737.28036417962 1536.887990876085 4547526.1871887185 3150.6752854091737 3000.0
40000.0 50000.0 3079.2093789061764 768.9767356770915 377.4434417251128 999.0420000000158 25.06400000001304 64847.3994246813 1186.907881899102 3489782.742482494 2425.748593952199 3000.0
50000.0 60000.0 2022.1899648437393 797.781003515626 373.4664196966003 999.3020000000251 0.0 65320.6800343559 1148.3448701319653 3371844.449585464 2344.898498211187 2400.0
60000.0 70000.0 3060.8790664062253 771.0134370659749 302.44678132129894 998.8769999999786 220.65304687502794 61561.21767658463 1112.3938983211087 3295539.327463857 2292.557109386868 2300.0
70000.0 80000.0 3622.6668359374744 708.5925737847251 394.1181545016219 999.3420000000042 26.400000000023283 59164.410328412414 1018.9950357121918 2968482.545747186 2074.5472501381255 2766.6666666666665
80000.0 90000.0 1790.6660507813212 820.9333949218678 377.6678955726399 999.9070000000065 0.0 78594.4912653702 1358.0045092827722 3840503.09222556 2663.552006686982 3000.0
90000.0 100000.0 266.7610058593564 973.3238994140644 79.809338676823 999.8279999999795 746.218994140625 108450.05277788173 1752.943715878668 5241163.430014782 3638.7088714220936 3000.0
100000.0 110000.0 1712.8069570313091 828.719304296869 299.9976036102962 999.939000000013 253.3160058593494 87949.37240743535 1521.5692196812042 4359213.299465652 3022.932003258674 3000.0
110000.0 120000.0 2007.9859726562863 799.2014027343714 365.1213459035751 999.710000000021 22.229999999981374 85277.95926180034 1390.2932158173446 4003921.5712819477 2781.8510679930487 2533.3333333333335
120000.0 130000.0 7511.95006445318 497.609987109364 459.90113916155127 998.1849999999977 58.04599999997299 23747.615552882577 413.1938486227832 1057626.699237619 742.5080573261839 3000.0
130000.0 140000.0 4918.481927734334 725.9311531808095 407.0253855682084 999.890000000014 89.33899999997811 57247.82019998577 858.5737953890134 2597327.3264757195 1825.8870878211358 1500.0
140000.0 150000.0 1454.2377656249446 854.5762234375055 259.8995740870163 999.9039999999804 307.539306640625 91661.63287781595 1517.1397721580229 4321403.0516114095 3018.536976405032 1950.0
150000.0 160000.0 959.204228515795 904.0795771484205 159.3821313599493 999.7010000000009 574.2249999999767 84904.84888703577 1452.8225195536647 3968638.560616403 2768.9968056104462 3000.0
160000.0 170000.0 526.553099609504 861.2224454900451 299.59392999709644 999.49099999998 209.2269218749716 92167.94321638995 1588.1410058916754 4572168.797854179 3178.0676862533987 3000.0
170000.0 180000.0 1522.0549238281092 847.7945076171891 306.2365560349469 999.7689999999711 39.75300000002608 82545.55633552703 1447.8896954151933 4181913.26420329 2903.016862089792 3000.0
180000.0 190000.0 56.948109375021886 903.9138082386344 232.17869606374296 998.6240000000107 245.46894531248836 80901.47617254288 1413.487222453192 4124791.4354345514 2865.7071708981557 3000.0
190000.0 200000.0 107.44890039064921 899.3228272372137 236.86067403805689 999.9660000000149 253.02605468750698 80686.43090819454 1402.4393632591787 4144186.891360015 2887.9192880350843 3000.0
200000.0 210000.0 1872.4680078126257 812.7531992187374 296.8795247156072 999.8059999999823 296.70995507814223 79469.55140731529 1297.3907517974546 3690488.5969551797 2573.4917414318834 3000.0
210000.0 220000.0 919.020949218655 908.0979050781345 150.0230722823279 999.7240000000456 630.0570000000298 86149.0238192486 1440.5549774663918 4123965.0746200383 2869.7281028661223 3000.0
220000.0 230000.0 32.859023437369615 906.1037251420573 238.8864829491645 999.8479999999981 217.83491210942157 88715.39186317267 1542.7362639653413 4466898.696731836 3100.7004107257403 3000.0
230000.0 240000.0 33.167994140530936 906.0756368963154 235.67280466608804 999.9949999999953 233.04093554685824 81002.85143300127 1417.4306212552106 4175279.2093289355 2905.69280290373 3000.0
240000.0 250000.0 1493.0680117189186 850.6931988281082 276.3733983450322 999.6899999999441 249.82592968747485 76370.58342835365 1310.2529576984882 3858730.1315696365 2680.892831323936 3000.0
250000.0 260000.0 1008.7240585936233 899.1275941406377 177.11337679681077 999.9679999999935 565.0739414062118 85635.88945141665 1518.1410536971728 4407861.963238809 3062.3622336355434 3000.0
260000.0 270000.0 246.81094140640926 975.3189058593591 66.28735989555572 999.6169999999693 787.06005859375 85422.6983002386 1488.0731867953007 4459329.683393485 3093.3841126284397 3000.0
270000.0 280000.0 986.4777402344625 819.4111145241397 315.14311903348084 999.3329999999842 212.0299414062174 81269.08558337358 1418.0228049224975 4142913.301801552 2874.8458304860483 3000.0
280000.0 290000.0 686.6522558593424 931.3347744140658 150.83290663524443 999.7560000000522 543.4686816405738 84895.47651784544 1464.9303530267596 4241001.996370397 2945.0069500068767 3000.0
290000.0 300000.0 318.2031015624525 880.1633544034135 246.01341558093188 999.5470000000205 205.56993750005495 78741.66970148987 1356.996057796975 3994854.7790380204 2773.9165339015312 3000.0
