ts te idle avg_span std_span max_span min_span c_bytes_all c_pkts_all s_bytes_all s_pkts_all videorate
0.0 10000.0 5995.193070312496 800.9613859375007 381.4471370203775 999.5449999999837 124.5029296875 48248.50225141982 687.3578810442949 2189100.1918415064 1532.9607008321204 1500.0
10000.0 20000.0 49.074031250027474 904.6296335227248 270.13456499287054 999.2739999999758 98.0458984375 81639.49937046604 1342.2270121854667 4289087.656249054 2989.1562744368603 1909.090909090909
20000.0 30000.0 1678.8048691407312 832.1195130859269 296.9431214754104 999.5989999999874 97.280029296875 72697.84017910315 1324.184879566377 4192865.3711485504 2901.5199145998163 3000.0
30000.0 40000.0 2962.5427480468643 781.9396946614595 301.0735506473846 999.4859999999753 101.36328125 60268.25713528363 1120.0453504229606 3530961.8019151073 2446.873338279067 3000.0
40000.0 50000.0 150.7683164063492 895.3846985085137 284.5436987520883 998.539999999979 42.68896484375 79043.53292322342 1459.2648524360682 4758492.811183831 3301.2339421712118 3000.0
50000.0 60000.0 139.33996484364616 986.0660035156354 21.37692818165089 999.8570000000182 940.3020000000251 65428.368140503924 1201.9200243448327 3847823.167661952 2678.2558296809243 3000.0
60000.0 70000.0 68.63192968751537 993.1368070312485 15.771368206773364 999.8159999999916 949.1220703125 76203.4513959511 1352.6927630233197 4340249.3424216425 3014.258062918465 3000.0
70000.0 80000.0 2126.3767910156166 787.3623208984384 394.5770924549114 999.4899999999907 31.561279296875 71143.1326603058 1264.5180370703222 4023553.1631076187 2787.2372778941753 3000.0
80000.0 90000.0 43.76727929688059 995.6232720703119 9.927989071368565 999.8869999999879 967.8267207031022 78693.41594374311 1407.7891999063581 4371870.494470739 3037.5046591873597 3000.0
90000.0 100000.0 67.28511132812127 993.2714888671878 14.226485703304212 999.7029999999795 953.035888671875 70643.88392027962 1215.9414993628402 3803658.008380395 2652.4053048574974 3000.0
100000.0 110000.0 678.6619882812374 847.3943647017057 324.409598434696 999.9120000000112 30.209111328120343 72272.28527568097 1309.0541019444522 4150959.464258331 2885.1095716629757 3000.0
110000.0 120000.0 485.20085937489057 864.9817400568281 231.89951018708396 999.9510000000009 326.592041015625 70517.8366901622 1235.53010074178 3992681.736793691 2765.4549646864257 3000.0
120000.0 130000.0 2355.5830234374735 764.4416976562527 314.8108697923274 999.5960000000196 99.468017578125 75069.5079920229 1326.8166081204588 3914334.4510433706 2711.892392033773 3000.0
130000.0 140000.0 1775.7027597656124 822.4297240234388 345.55257554373185 999.5289999999804 96.2392578125 73419.14242533673 1274.935798011654 4153957.9547316134 2881.739430125307 3000.0
140000.0 150000.0 353.11714453127934 964.6882855468721 40.052435452702525 998.7810000000172 902.9207421874744 82258.38987410827 1458.1082475980452 4587757.297615544 3189.1300048108938 3000.0
150000.0 160000.0 2155.186212890607 784.4813787109393 372.09180309148707 999.9249999999884 80.06688671873417 59287.39491069337 1041.7221191033348 3302378.5036238655 2298.325092461427 3000.0
160000.0 170000.0 69.12677929684287 902.8066564275597 280.5282407800381 999.9799999999814 61.47412109375 85687.27075948911 1538.95271864121 4954615.904609865 3428.0656264092504 3000.0
170000.0 180000.0 2424.3622402343317 841.7375288628521 215.78373205672958 999.9280000000144 476.2078789062216 68649.0883594405 1215.5550821860388 3951173.27458865 2734.7478578872474 3000.0
180000.0 190000.0 680.5138222656096 847.2260161576719 307.7058943407328 999.9619999999995 103.66811914060963 70306.15047404618 1248.8988994353138 4100422.3457947373 2843.486890514127 3000.0
190000.0 200000.0 2304.5440136720426 769.5455986327958 377.7760111824223 999.8399999999674 88.44499999994878 70677.98005601889 1258.3602215717801 3951847.74280276 2737.4060796405347 3000.0
200000.0 210000.0 169.75212499999907 893.6588977272728 286.68693241603745 998.5840000000317 33.742919921875 71643.04183553102 1275.694842074105 3918022.5177583494 2733.862659503503 3000.0
210000.0 220000.0 666.6249785154359 933.3375021484565 139.45513495273676 999.7950000000419 548.8769999999786 79367.87932991513 1400.7655826772382 4498260.732515436 3117.8968075810103 3000.0
220000.0 230000.0 1313.910847656196 789.6444683948913 364.385660281551 999.8249999999534 101.12109375 63795.59570564514 1105.1020661583773 3562855.0168567435 2473.8416094054705 3000.0
230000.0 240000.0 222.61912499996834 977.7380875000032 41.843832589749574 999.6480000000447 896.2949062499683 78525.15775218561 1425.8229857520262 4530390.058678002 3144.3017493949797 3000.0
240000.0 250000.0 590.5808613282861 855.4017398792467 287.63988492574305 999.875 91.37503124994691 75114.39170264591 1318.1149709599624 4095514.7717488967 2854.160397450374 3000.0
250000.0 260000.0 619.7160605466925 852.7530854048462 276.20071162701686 999.7090000000317 218.04789257817902 74930.64767480618 1323.758541162919 4177707.9412263636 2893.1979319741718 3000.0
260000.0 270000.0 1506.7991308593191 849.320086914068 259.53857673184854 999.4470000000438 208.36899999994785 72518.27076588968 1293.203189240733 4011206.3628347795 2774.158195621275 3000.0
270000.0 280000.0 507.4148066404741 862.9622903054114 289.04285861557906 999.7889999999898 107.69308398442809 74752.21233624927 1346.0923526837528 4232163.356950772 2938.0089515182854 3000.0
280000.0 290000.0 736.9412031249376 842.0962542613693 333.9519754671188 999.9200000000419 79.5308906249702 65664.41364438538 1163.7975942038124 3699087.035139459 2571.2455592242472 3000.0
