ts te idle avg_span std_span max_span min_span c_bytes_all c_pkts_all s_bytes_all s_pkts_all videorate
0.0 10000.0 6738.659742187534 815.3350644531165 354.1168372197999 999.9959999999846 284.2392578125 29655.267929729842 315.38830789884526 1020351.7399034698 734.3374834432892 692.0
10000.0 20000.0 893.0133671874646 910.6986632812535 153.93479143991513 998.960000000021 563.2370000000228 54557.798053775616 721.5979334753591 1731831.0804061017 1260.2827702429036 488.72727272727275
20000.0 30000.0 399.2036210937076 872.799670809663 261.5300910348841 999.7139999999781 131.66510937502608 36402.33026226781 553.1843430246569 1161406.227044216 830.2185644722128 840.0
30000.0 40000.0 446.2253124999115 868.5249715909172 256.8331678759923 999.5030000000261 285.02273046877235 46434.51836677148 734.6364588235668 2038657.373969696 1427.569185507905 2885.714285714286
40000.0 50000.0 1649.452984375006 927.838557291666 140.96411902308776 998.6280000000261 561.89404296875 67989.589014572 1157.8348347021242 4190373.2424030406 2904.471930029642 3250.0
50000.0 60000.0 1414.870945312432 858.5129054687568 306.36965985596794 999.8620000000228 61.046027343778405 64853.41652831588 1183.0680832984194 3999952.3736925456 2770.511944428751 3000.0
60000.0 70000.0 157.1860585937393 894.8012674005691 290.15546734204975 999.9400000000023 26.86197265627561 66232.29268601311 1227.7630862342883 4222530.527780114 2928.813834290642 3000.0
70000.0 80000.0 202.52304492198164 890.6797231889108 267.7603704465798 999.9619999999995 120.31703124998603 64389.38344018976 1186.0756712306597 3982513.1789017203 2773.563395092164 3000.0
80000.0 90000.0 1135.855917968729 886.4144082031271 222.6678833751429 998.7710000000079 270.81807617185405 64400.45008219748 1092.8360202077736 3528468.750540537 2467.362984350541 3000.0
90000.0 100000.0 137.55672656249953 896.5857521306818 261.36575451761473 999.9569999999949 123.12599414063152 74887.33166075466 1301.6614381089007 4267646.196019084 2964.448951636769 3000.0
100000.0 110000.0 1279.1643476563622 872.0835652343637 288.3808571555832 1000.0 95.54972070310032 78087.63531325579 1367.1760125696242 4297685.132216366 2977.227262434357 3000.0
110000.0 120000.0 138.66399023437407 896.485091796875 278.24733994150586 999.6990000000224 63.406068359385245 75437.79194755589 1333.4051737070135 4179649.8262052 2914.126050638164 3000.0
120000.0 130000.0 515.2459765624953 862.2503657670459 273.82763077535213 999.0320000000065 108.56605859374395 74509.11676903878 1295.03636244276 4027454.190850301 2802.4732466918836 3000.0
130000.0 140000.0 775.5358925780747 838.587646129266 267.448325612072 999.8190000000177 366.72603515622905 74664.44479026165 1332.8418473824433 4341152.371598108 3013.464415044177 3000.0
140000.0 150000.0 1091.949796875182 890.8050203124818 291.13032263250255 999.7679999999818 73.07192773435963 68375.41348765341 1184.6894395311645 4031747.7218722585 2794.4233025762214 3000.0
150000.0 160000.0 519.0722285155207 861.9025246804072 281.6409391310601 999.7920000000158 149.371724609402 75787.18868628681 1344.6307602627392 4207555.708065983 2915.685529574268 3000.0
160000.0 170000.0 1876.4411660155165 902.6176482204982 176.55157339825308 999.9110000000219 517.5789531249902 71566.31203948482 1240.062478107674 4090486.731309455 2830.302691624959 3000.0
170000.0 180000.0 2134.539835937612 786.5460164062388 387.98968590405275 998.9639999999781 48.55911914061289 74967.7338132433 1310.1897061180907 4007055.820964971 2782.558093262542 3000.0
180000.0 190000.0 651.2630097656511 849.8851809303953 305.69632727500465 999.8169999999809 70.05995507811895 86542.35294636086 1512.9310712824465 4497874.402348421 3119.840078672858 3000.0
190000.0 200000.0 1285.030947265739 871.4969052734261 259.4135332156882 999.685999999987 262.1339999999618 69079.62187321208 1208.148567626325 3703054.929868427 2574.9286076282992 3000.0
200000.0 210000.0 938.4920878905104 823.7734465554081 374.41263267876565 999.9980000000214 56.650912109413184 76360.01030905893 1335.8424039651254 4113448.4740399853 2860.389678357452 3000.0
210000.0 220000.0 1135.814037109376 984.9095514322916 34.15303160465035 999.5280000000494 895.011962890625 76196.77015176007 1360.0467646259742 4365355.124729263 3027.7148764000913 3000.0
220000.0 230000.0 193.7959824219579 891.4730925070947 263.83763303856 999.0579999999609 104.51903710933402 75154.44301320233 1352.577817588187 4072328.9379476844 2838.401787633229 3000.0
230000.0 240000.0 1290.6590175781166 870.9340982421884 281.32385951478244 999.9189999999944 127.75901953119319 72320.08435653536 1292.8336314843466 4089947.913765088 2834.225606243563 3000.0
240000.0 250000.0 105.08607421885245 899.5376296164679 280.9005285841905 999.9070000000065 61.203037109342404 77681.633295629 1381.4711713287795 4221958.257177009 2927.6564750791576 3000.0
250000.0 260000.0 1791.8966171875363 820.8103382812463 351.5016660145087 999.9749999999767 136.18811132817063 70410.74856700347 1254.3274392722406 3971464.763469105 2754.362249668768 3000.0
260000.0 270000.0 217.94623437477276 889.2776150568388 272.7370234318223 999.7839999999851 87.44672851567157 78314.30596453884 1352.8927179380198 4174395.049876757 2909.420697409572 3000.0
270000.0 280000.0 957.968031249824 904.2031968750176 248.71991388815135 999.2700000000186 203.06196289067157 69774.04805638063 1223.2691659588697 3846140.3806676804 2670.864358510647 3000.0
280000.0 290000.0 1436.6831171876984 856.3316882812302 299.89996768173745 999.8079999999609 108.85199414065573 75948.68513849164 1358.7249182996675 4292166.621295971 2971.658390465824 3000.0
