ts te idle avg_span std_span max_span min_span c_bytes_all c_pkts_all s_bytes_all s_pkts_all video_rate
0.0 10000.0 7913.9479062499995 693.767258789062 360.9425005634307 983.4910000000018 174.4399999999987 20237.834039326255 112.59298595603511 280289.5594930942 236.30674248136958 894.0
10000.0 20000.0 223.16176953124523 888.8034754971595 265.70557032794704 998.5020000000004 108.92696484374756 41328.71940885516 429.70383426745303 1360033.4322767348 1119.6782624485165 288.0
20000.0 30000.0 330.9493828124978 879.0046015625002 247.08626939051018 995.5840000000026 211.927734375 33531.65139713183 360.77975771982483 969256.7658361377 800.5025324213827 456.0
30000.0 40000.0 3155.789882812496 760.4677907986115 256.6942896734294 998.5440000000017 364.1031171875002 27854.79515468676 362.92342205668695 1021287.2423940332 835.5124626487313 480.0
40000.0 50000.0 3342.273882812515 832.2157646484357 203.5287125901722 997.6699999999983 475.40499999999884 33838.03528394747 433.6356225406231 1914813.5648118055 1536.392243734715 1170.0
50000.0 60000.0 1310.6931347656064 868.9306865234394 272.7961345793742 999.9510000000009 107.63288281249697 40034.454071622386 615.9838727629625 2856592.749633528 2283.0825116097253 2166.6666666666665
60000.0 70000.0 52.0100624999759 904.3627215909113 248.69943256365525 999.2430000000022 173.7580175781186 48132.672618792596 840.9612103572372 3616744.1038780566 2885.7132855004293 2766.6666666666665
70000.0 80000.0 561.9036718749849 858.0087571022741 308.40939555886047 999.9290000000037 183.40308007811836 53359.93939854908 983.0007931932385 4217113.29507354 3355.904473451678 3000.0
80000.0 90000.0 1147.7183144531155 885.2281685546884 127.44517308366322 999.6739999999991 693.4140000000043 59615.40649204622 1102.0626114973245 4064843.839044246 3237.2509845419627 3000.0
90000.0 100000.0 1437.3869707031408 856.2613029296859 294.1867427777233 999.9869999999937 65.11306640625116 63779.62558287555 1123.9351223479418 4096452.2381004645 3259.320904483546 3000.0
100000.0 110000.0 1074.3199726562598 892.568002734374 274.57005837095033 999.3150000000023 115.59803710937558 59957.2026059051 1068.327108526024 3877564.821845639 3093.2828143705788 3000.0
110000.0 120000.0 113.59303320312756 898.7642697088066 284.3120420099964 999.8759999999893 51.76700976563734 61383.12321810869 1076.7584722199194 3926103.9898652844 3140.032105189057 3000.0
120000.0 130000.0 997.9900449218985 818.3645413707364 320.47680087934054 999.948000000004 65.19104296874139 64522.58802231647 1171.4120511158396 4294306.744839408 3424.913226299901 3000.0
130000.0 140000.0 799.1820156250033 920.0817984374996 144.10579682925865 999.0689999999886 583.1690878906229 61383.64834785528 1102.61301675267 4068359.9488192806 3243.3011753229734 3000.0
140000.0 150000.0 726.2029589843587 843.0724582741492 328.75162916038636 999.4370000000054 69.41110351562384 62505.843413957424 1094.2278577128372 4021770.8264452526 3211.343933344557 3000.0
150000.0 160000.0 232.37164843751816 887.9662137784075 256.8313659608633 999.4539999999979 220.5712890625 61270.986156805535 1109.1643294764583 4111643.535607003 3279.78423530374 3000.0
160000.0 170000.0 576.0163398437435 942.3983660156257 89.9300682850062 999.0819999999949 776.9839999999967 59860.378853237075 1039.1508713221867 3808134.0841252487 3037.608374103979 3000.0
170000.0 180000.0 897.2449999999662 827.5231818181849 328.917311264932 999.9809999999998 69.02105078124441 62177.674051179834 1093.5629463286473 4040541.115606094 3223.026042717187 3000.0
180000.0 190000.0 880.197923828091 911.9802076171909 133.05171850179454 999.6240000000107 644.3459999999905 65736.09412767898 1179.1550348123433 4304260.125418528 3433.205203831876 3000.0
190000.0 200000.0 684.7717207031092 846.8389344815355 311.2942862969535 999.7790000000095 62.55697460938245 60967.06192156014 1083.322067331462 3980829.931760852 3176.886141608467 3000.0
200000.0 210000.0 661.4271835937107 933.8572816406289 133.30875800351143 999.8960000000079 568.57969531251 61518.409632404386 1093.2553968012487 4017989.8115529646 3205.947615969881 3000.0
210000.0 220000.0 1104.7321914062195 889.526780859378 291.63662189685124 999.948000000004 65.03287890626234 62316.37432280218 1098.1601987372735 4069249.8999746637 3248.6294757817764 3000.0
220000.0 230000.0 806.7679375000007 835.7483693181817 327.5246434806863 999.8070000000007 52.044070312491385 61793.08397189619 1091.6661367373379 4001991.4069246748 3185.763761955886 3000.0
230000.0 240000.0 771.726736328128 922.8273263671872 120.35220120240659 997.5689999999886 674.7560078125098 62737.26324724461 1128.4111109460164 4142777.5960291615 3297.2794795146137 3000.0
240000.0 250000.0 1329.9132558593992 867.0086744140601 273.23608180054356 999.9729999999981 186.95674414059613 62797.13465921478 1134.234168480408 4128365.370644303 3290.33201136347 3000.0
250000.0 260000.0 254.31208007811802 974.5687919921882 66.6795790854874 999.9720000000088 786.242919921875 61944.95992416493 1057.3289096771423 3909973.8776628887 3121.3306732967444 3000.0
260000.0 270000.0 550.6409511718666 859.0326408025576 279.8449507188531 999.9010000000126 212.9040800781222 60064.339606325244 1091.9853627766486 4019892.4648252814 3197.8074466648363 3000.0
270000.0 280000.0 1098.8569160156185 890.1143083984382 200.0118879213909 999.9980000000214 441.3759999999893 61842.870935165425 1111.798042416407 4099123.468572617 3263.9602290750586 3000.0
280000.0 290000.0 1042.1880820312072 895.7811917968793 294.53238457746386 999.3460000000196 59.35094726562966 57446.61445378136 998.2476146302353 3585077.1051006005 2858.7224540239968 3000.0
290000.0 300000.0 253.03806640632683 886.0874485085158 274.52112589543026 998.4139999999898 64.74402929685311 62547.275135247044 1116.7977775609143 4051516.8743016897 3233.4245322056327 3000.0
