ts te idle avg_span std_span max_span min_span c_bytes_all c_pkts_all s_bytes_all s_pkts_all videorate
0.0 10000.0 6445.235105468775 888.6912236328062 219.91801815798112 999.7629999999772 558.81689453125 39448.210238562686 493.14166587766556 1651685.1016872828 1163.7289201298609 1060.0
10000.0 20000.0 2316.7808085937286 768.3219191406272 340.8979157379405 999.2810000000172 27.0380859375 62104.51501364699 954.0004009853537 3101707.0753575778 2168.932549950103 1488.0
20000.0 30000.0 2067.9631601562724 881.3374266493031 299.7794840219429 999.5430000000051 87.89892578125 58900.910998719286 1025.5048807428996 3095104.482891943 2162.6542217326387 2766.6666666666665
30000.0 40000.0 1590.9946542968391 840.900534570316 306.02819674009316 999.8649999999907 137.603271484375 72867.18493043687 1291.764119876169 3829041.3621479487 2664.1984664868082 2300.0
40000.0 50000.0 1946.2473691407358 805.3752630859265 372.42423257639683 999.515000000014 30.543999999994412 69165.84326034943 1198.931527580655 3621923.380223235 2521.321705002189 2300.0
50000.0 60000.0 3772.459873047017 691.9489029947758 417.34005859081435 999.8829999999725 38.48599999997532 56845.35392892674 955.8382011374417 2935229.9624671885 2043.8262959857332 2650.0
60000.0 70000.0 3433.948974609317 729.5612250434092 377.1909872145282 999.8790000000154 70.60899999999674 56656.6937267235 1031.8661459897694 3449446.967993868 2387.989585043965 3000.0
70000.0 80000.0 69.39914062502794 902.7818963068156 251.19643822295203 999.8800000000047 164.0869140625 91314.54486760181 1650.0033196605452 5276946.208553406 3648.586696473852 3000.0
80000.0 90000.0 2022.806822265673 797.7193177734327 378.0388408446122 999.2800000000279 0.0 62255.53443377766 1066.7107838028178 3298847.503698491 2292.100977920672 3000.0
90000.0 100000.0 65.96199414064176 903.0943641690326 254.86915109900005 999.7220000000088 153.60009765625 89942.66698897282 1597.1591093876928 5021973.420629041 3475.9623797283293 3000.0
100000.0 110000.0 124.93504101556027 897.7331780894946 273.7776680637833 999.5449999999837 83.508056640625 88006.76896459563 1524.296144979527 4526991.452845457 3150.0361879458915 3000.0
110000.0 120000.0 2089.2369980468065 878.9736668836881 262.30819550472023 999.4789999999921 190.81005859375 65998.08984826381 1138.7742963890557 3545868.9777587145 2466.32140610886 3000.0
120000.0 130000.0 212.84194726560963 889.7416411576719 283.1302256276622 999.75 53.589111328125 71000.00304265697 1197.520052921061 3800925.188280482 2645.9737829016667 2650.0
130000.0 140000.0 2016.6961718749371 887.0337586805625 267.64180212871423 999.8360000000102 179.012939453125 68714.61836876624 1088.74132647193 3394153.6044892524 2368.6134953705646 2700.0
140000.0 150000.0 112.82201953127515 898.8343618607931 260.38799460589945 999.8379999999888 129.992919921875 77338.60325299614 1332.5415303587922 4232739.497194998 2949.472971408554 2562.5
150000.0 160000.0 177.10801953123882 892.9901800426146 285.14240697822794 999.9000000000233 43.597900390625 69692.23812768694 1237.284001898497 4002672.4767171647 2788.910696975249 3000.0
160000.0 170000.0 2054.1549003905966 882.8716777343782 268.11847769694714 999.7669999999925 182.23100000002887 60488.220007316486 1058.9224919401277 3444502.3370639496 2394.3696608350647 3000.0
170000.0 180000.0 2011.8949999999604 887.5672222222266 325.4876965918907 999.3800000000047 19.64100000000326 60764.0 1009.0 3224140.0 2250.0 2416.6666666666665
180000.0 190000.0 942.4030722656753 905.7596927734324 267.2425753306305 999.8539999999921 146.075927734375 68438.79044734714 1164.4803700877312 3600242.3498778045 2516.9864205082245 2300.0
190000.0 200000.0 1185.1639277343638 979.4262302517374 48.503665692451456 999.6530000000494 850.8540722656762 56989.20955265286 982.5196299122688 3210681.6501221955 2244.0135794917755 2300.0
200000.0 210000.0 922.8571191405645 907.7142880859435 269.13462333555884 999.9790000000503 142.577880859375 80546.36931237268 1347.8350819177342 4240555.006130369 2953.47579066467 2688.8888888888887
210000.0 220000.0 1968.3188378907507 803.168116210925 374.98510190385446 999.9259999999776 19.665999999968335 66190.55850180374 1149.8856716848763 3891661.3878817908 2692.961192875173 3000.0
220000.0 230000.0 547.0499257812044 859.3590976562541 291.37114445945264 999.8410000000149 47.7451171875 63250.674902117345 1128.203466144349 3632420.4641839447 2532.448168190343 3000.0
230000.0 240000.0 1969.616224609199 892.2648639323112 267.19577151221324 999.3699999999953 184.014892578125 65432.91198293152 1143.5173817691596 3713650.9173486256 2578.441978850438 3000.0
240000.0 250000.0 54.39291210938245 904.1460988991471 254.96637923440232 999.5259999999544 154.47998046875 76088.77835917594 1351.2565170191258 4354588.397241061 3007.6016036166416 3000.0
250000.0 260000.0 1978.3179941406706 802.1682005859329 377.5328343762638 999.859000000055 0.0 66906.20957267788 1164.2506819947178 3794739.903127094 2633.781495910136 2800.0
260000.0 270000.0 279.535103515489 883.6786269531374 294.56506984723177 999.908000000054 12.2548828125 84901.91928136567 1435.9910849610822 4277083.813485636 2980.771150932038 2562.5
270000.0 280000.0 1461.5036035156809 853.8496396484319 299.4594690520846 998.9309999999823 123.811279296875 68988.23942221089 1231.8161106409616 3897141.230258216 2714.9086092905773 3000.0
280000.0 290000.0 567.3212792968843 943.2678720703116 128.34208396322896 999.9030000000494 597.4599999999627 70133.33866534436 1243.2440038679936 4150554.880343264 2879.610009669984 3000.0
290000.0 300000.0 2260.5819140626118 859.935342881932 288.90910073494916 999.75 190.4130859375 70316.87527724696 1220.4210516619996 3988461.603990859 2765.3013801589937 3000.0
