ts te idle avg_span std_span max_span min_span c_bytes_all c_pkts_all s_bytes_all s_pkts_all videorate
0.0 10000.0 6070.730062499992 982.3174843750021 24.137178199585122 996.2399999999907 946.2109375 49240.9733503773 675.3185897654655 2085045.3306399845 1472.214460395712 986.6666666666666
10000.0 20000.0 1431.7979374999995 778.9274602272727 378.90364382359377 999.9770000000135 50.297062499972526 62227.0266496227 1064.6814102345345 3412058.6693600155 2378.785539604288 1946.6666666666667
20000.0 30000.0 4738.582000000053 876.9029999999912 191.44931176894235 999.3190000000177 581.929999999993 46085.0 826.0 2577539.0 1796.0 2440.0
30000.0 40000.0 458.326728515618 954.1673271484382 122.6102984176482 999.9419999999809 607.603271484375 71104.45736609702 1252.4997233454865 4004333.6335471715 2789.700062974963 2650.0
40000.0 50000.0 3764.80127148435 779.3998410644563 316.63459082981774 999.5019999999786 249.16200000001118 49816.54263390298 948.5002766545135 3118487.3664528285 2160.299937025037 3000.0
50000.0 60000.0 307.26289648440434 969.2737103515595 91.41574235232476 999.7079999999842 709.131103515625 80198.63739379191 1487.6966619486293 4881075.4327902915 3379.012483917365 3000.0
60000.0 70000.0 832.7701035156497 916.722989648435 221.11044533774538 999.9639999999781 289.93289648438804 70718.36260620809 1323.3033380513707 4320721.5672097085 2996.987516082635 3000.0
70000.0 80000.0 1760.1379980468773 915.5402224392359 179.28834909986242 999.8250000000116 478.9749999999767 69058.4965986252 1216.8664604943156 3995391.844168409 2778.8352921270034 3000.0
80000.0 90000.0 1087.2810175781487 891.2718982421851 246.02917059434432 999.9569999999949 219.5149980468559 71460.72193188283 1304.50283976109 4072701.9144504494 2828.091513809363 3000.0
90000.0 100000.0 161.30806445307098 894.4265395951753 240.82155567253028 999.6979999999749 217.69101562502328 66845.57588907203 1230.2707854044545 3874626.0277873934 2689.277481232982 3000.0
100000.0 110000.0 262.72280078119365 885.2070181108006 254.03873815415494 999.9500000000116 277.8150800781441 75100.92490380848 1350.8461794261739 4373780.87055669 3028.4277079841922 3000.0
110000.0 120000.0 3045.949117187527 869.2563603515591 178.16349488610837 999.9969999999739 515.6338808593573 63736.81671855356 1126.9430090154674 3557358.3305111355 2468.1736203137366 3000.0
120000.0 130000.0 478.31600195303326 865.6076361860879 290.3387458581573 999.9870000000228 219.89699804689735 85408.46395805791 1496.5707258984985 4340459.012525924 3021.194384532723 2700.0
130000.0 140000.0 4831.222000000009 861.4629999999985 265.74422354813595 999.5879999999888 333.6149999999907 57564.0 904.0 2536704.0 1774.0 1928.5714285714287
140000.0 150000.0 3233.793000000005 966.6009999999993 82.23548119273676 999.4409999999916 780.1479999999865 61707.0 1035.0 3068320.0 2133.0 2766.6666666666665
150000.0 160000.0 1476.557000000088 947.0492222222124 150.09794900063096 999.2160000000149 546.8119999999763 85386.0 1464.0 4443643.0 3088.0 2300.0
160000.0 170000.0 2497.8680097656325 937.766498779296 111.16840427555594 999.5360000000219 737.9500000000116 65860.79671821771 1137.912044438812 3405776.8928715237 2371.5705777657363 3000.0
170000.0 180000.0 1248.1209765624953 875.1879023437505 251.54422580082374 999.9560000000056 218.3740097656264 66896.69073019437 1216.1339504877692 3712336.700754912 2577.804547281013 3000.0
180000.0 190000.0 2183.446912109328 868.5058986545191 236.8542811140604 999.6959999999963 296.3739863281371 77929.6660821501 1316.7925614757103 4077649.5265207617 2822.500076023325 3000.0
190000.0 200000.0 2694.947123046848 811.6725418836836 316.5258201928675 999.6750000000466 217.63289843755774 67712.50941431714 1204.953311740353 3619217.989890886 2508.242578415501 3000.0
200000.0 210000.0 101.3390507810982 899.8782681108092 241.9454425775552 999.4510000000009 218.53602148441132 90708.01753978642 1631.249428357611 5044626.959032799 3494.1415069179266 3000.0
210000.0 220000.0 234.75896093749907 887.7491853693183 244.35431632450667 999.8669999999693 286.18107226560824 83757.35000286099 1487.3968781044914 4579187.541093419 3177.28417131139 3000.0
220000.0 230000.0 864.8940527344821 913.5105947265517 177.98971375678377 999.8360000000102 474.3040332031669 78312.7236306559 1395.5366910441837 4296792.063031493 2979.860169100471 3000.0
230000.0 240000.0 3441.736914062407 819.7828857421991 288.4690570620134 999.9309999999823 283.9800859375391 56251.24588181737 1020.0251343510698 3057360.326804206 2123.5963731846373 3000.0
240000.0 250000.0 1700.512890625163 922.1652343749819 162.1862856744582 999.9549999999581 534.5100000000093 76856.75169193206 1358.544911120636 4127631.561414874 2856.1080717147797 3000.0
250000.0 260000.0 116.2160546873929 898.5258132102371 242.21658251249048 999.6480000000447 216.27589062496554 80131.57623841849 1470.784093007677 4652618.260577925 3216.183656068818 3000.0
260000.0 270000.0 1023.1437558593461 897.6856244140654 223.81561048474194 999.2489999999525 291.19594531250186 78372.11350346368 1333.8599960287183 4147284.3979866905 2877.4673167475794 3000.0
270000.0 280000.0 3057.519298828207 867.8100876464741 276.3033327174208 999.591999999946 219.747701171902 59646.558566185755 1072.8109998429686 3218256.7800205103 2233.240955468823 3000.0
280000.0 290000.0 2137.386999999988 982.8266250000015 41.05105839574214 999.0280000000494 881.3530000000028 78365.0 1327.0 3844808.0 2685.0 2300.0
290000.0 300000.0 436.3820214844309 956.361797851557 125.42594505506032 998.2889999999898 599.427978515625 86299.50395653654 1447.5864368750545 4512713.473671178 3134.975707835918 2720.0
