ts te idle avg_span std_span max_span min_span c_bytes_all c_pkts_all s_bytes_all s_pkts_all videorate
0.0 10000.0 7323.81891015626 892.0603632812466 181.80027245437432 998.4610000000102 682.14208984375 23961.36123360542 218.54331117336207 656938.2332500158 468.23378181375466 772.8
10000.0 20000.0 734.5549765625037 842.3131839488633 274.547884272035 999.7829999999958 316.5759101562435 61408.445778278365 903.8345056906345 2242591.4374164673 1570.180430666239 754.1538461538462
20000.0 30000.0 102.89215234381845 899.7370770596528 227.59308758845444 998.9810000000289 282.5849609375 54687.43986146737 912.2129765279798 2288767.225617843 1606.0051375780824 1500.0
30000.0 40000.0 110.62892187503166 899.0337343749972 240.43494490858637 998.4579999999842 219.0400390625 46385.09739459504 748.0563924861938 1727656.8319414 1201.3602449585153 1028.5714285714287
40000.0 50000.0 4732.589039062499 658.4263701171876 356.43060321872395 999.8879999999772 111.0449999999837 36936.655732053805 560.3528141218299 1891256.2717742736 1333.2204049834086 1217.142857142857
50000.0 60000.0 827.4600566406152 917.2539943359385 207.39339441277988 999.7330000000075 330.991943359375 57487.022584831066 949.1340271267991 2748225.9182457235 1941.1944642696471 1957.142857142857
60000.0 70000.0 232.24094140616944 887.9780962358028 226.13332615598827 999.9349999999977 273.052001953125 68569.24622762226 1187.1396504535358 3515915.4433635427 2459.550647287977 2600.0
70000.0 80000.0 131.50389453122625 897.1360095880704 237.80898042503318 999.9639999999781 225.110107421875 68651.05021388886 1225.7985262340069 3960280.0177998096 2752.33090731915 3000.0
80000.0 90000.0 714.7280996093177 928.5271900390683 154.44108757332947 999.5999999999767 536.4580078125 76185.00412714161 1379.7378158378128 4290318.055350966 2973.5956937746105 3000.0
90000.0 100000.0 1724.7239101562882 752.2978263494283 374.2769784992916 999.429999999993 39.72509765625 70948.2360369277 1240.3194568882013 4062056.903814912 2818.2589158494247 3000.0
100000.0 110000.0 702.140800781257 929.7859199218743 152.70218481830184 999.9070000000065 523.029296875 74199.74952535641 1322.1562836255305 4381357.639790742 3051.7193707334086 3000.0
110000.0 120000.0 425.68724414060125 870.3920687144908 240.8112246319182 999.6359999999986 330.154052734375 71798.6047307799 1246.959187086915 3967089.585007417 2773.057689039276 3000.0
120000.0 130000.0 96.96194335940527 900.2761869673268 220.68313795251044 999.829000000027 304.162109375 69041.4433882273 1235.550659644356 4109103.874424897 2853.1493625515823 3000.0
130000.0 140000.0 1458.362152343674 854.1637847656326 227.3008924562832 999.7860000000219 382.60595703125 69428.02052103612 1229.4625513441858 3990762.9805594925 2768.192092958944 3000.0
140000.0 150000.0 882.61495703127 911.738504296873 140.41419560022848 999.9560000000056 615.8260429687216 83041.62264418878 1443.7418417586566 4467831.581642497 3101.95085621598 3000.0
150000.0 160000.0 727.7137499999953 927.2286250000004 193.96749052831095 998.4830000000075 379.28125 69973.97166626785 1224.9416402221848 4076164.667574077 2827.4550983694735 3000.0
160000.0 170000.0 82.39517382817576 901.6004387428931 223.26914416746084 999.8670000000275 321.778076171875 73928.20638371771 1274.945144806283 4124455.210009589 2872.167406853437 3000.0
170000.0 180000.0 205.14798242185498 890.4410925071041 265.9361792460025 999.9990000000107 142.74609375 69307.38069099319 1213.672917156895 3918368.718799574 2729.4929192834534 3000.0
180000.0 190000.0 741.6430273438455 925.8356972656154 173.55830047407758 998.9529999999795 447.53999999997905 77099.44375428988 1342.907544360932 4286519.89951701 2965.8880627847157 3000.0
190000.0 200000.0 1530.4701562501723 769.9572585227116 399.4210664658917 999.8249999999534 11.314933593734168 67340.17663843838 1165.7885059853504 3631322.2960488354 2527.865141764073 3000.0
200000.0 210000.0 118.92295117222238 898.2797317116161 222.39130697380637 998.8149999999441 320.282958984375 88943.02195765129 1577.87715476213 4932660.323061407 3421.378508517854 3000.0
210000.0 220000.0 1584.5509589841822 841.5449041015818 210.23409959258126 998.9150000000373 487.50800000003073 68697.79890864168 1215.867092706225 3808302.88498951 2656.7528624269935 3000.0
220000.0 230000.0 509.3857070313534 949.0614292968646 153.33782931427058 999.6319999999832 512.67529296875 71474.64646844374 1267.5330097047943 4192969.2701756516 2910.084237569634 3000.0
230000.0 240000.0 326.8653496092884 879.3758773082465 246.37783285913312 999.859999999986 296.116943359375 74743.78548545687 1312.3317997952179 4095092.1411826485 2857.2784170703935 3000.0
240000.0 250000.0 110.34993164078332 899.0590971235652 228.69093266915675 999.966999999946 261.56201171875 66406.38999136224 1145.300611949504 3613883.434257754 2518.133609708521 3000.0
250000.0 260000.0 105.4507148435805 899.5044804687655 243.87747757832986 999.4740000000456 202.279296875 85398.68176325187 1349.3192869288366 4234858.622592339 2943.8523476268206 3000.0
260000.0 270000.0 654.293226562324 934.5706773437676 127.59040981177078 999.6060000000289 618.8830000000307 69244.12869554412 1236.4218695406084 3978335.7060345835 2773.075033614861 3000.0
270000.0 280000.0 747.0421601562994 841.1779854403364 324.8859434871231 999.6049999999814 37.49292968749069 68890.29274419506 1226.148765929455 3898872.5816176697 2723.842120970896 3000.0
280000.0 290000.0 54.101896484498866 904.1725548650455 213.9771000453529 999.9830000000075 356.364013671875 72201.65942526334 1254.6111682601957 4110201.86616474 2852.6162045307374 3000.0
290000.0 300000.0 623.8570761720184 937.6142923827981 112.05559717644357 999.7199999999721 642.2409863281064 75917.41262281647 1333.7756488182752 4330818.909699813 2999.2836843662626 3000.0
