ts te idle avg_span std_span max_span min_span c_bytes_all c_pkts_all s_bytes_all s_pkts_all videorate
0.0 10000.0 0.0 0.0 0.0 0.0 0.0 0.0 0.0 0.0 0.0 0.0
10000.0 20000.0 570.5389453125026 942.9461054687497 138.03118420737178 999.1500000000015 556.2060546875 40718.3766832484 678.5873442775415 1732581.6547298988 1484.9722268897713 461.14285714285717
20000.0 30000.0 1170.1870039062633 802.7102723721579 332.08364433912527 998.6789999999964 64.60205078125 19763.85799646277 444.3820849195772 1012510.6248622597 873.3849739861952 456.0
30000.0 40000.0 1526.6710507812459 941.4809943576394 86.87603607263405 997.1619999999966 782.1900000000023 18441.765320288825 457.03057080288124 624905.7204078415 549.6427991240337 480.0
40000.0 50000.0 7852.240999999987 429.5518000000026 354.7263533756685 854.6830000000045 72.96300000000338 9216.0 168.0 499987.0 469.0 288.0
50000.0 60000.0 3270.1460644531326 841.2317419433584 212.76094003951917 996.3920000000071 434.408935546875 23554.933369295053 552.2462682889424 1938805.9524903463 1632.0580624537877 1387.5
60000.0 70000.0 1787.6839355468837 912.4795627170129 156.91904823880955 999.5350000000035 541.7230644531228 26220.066630704947 668.7537317110576 2299996.0475096535 1912.9419375462123 1716.0
70000.0 80000.0 4938.7270000000135 843.5454999999978 129.4148352929468 999.8640000000014 679.1089999999967 15371.0 350.0 1189042.0 1013.0 840.0
80000.0 90000.0 5177.124000000011 803.8126666666649 168.60934904526158 997.1290000000008 630.6239999999962 15431.0 352.0 1181554.0 1009.0 840.0
90000.0 100000.0 2909.318892578114 787.8534563802095 344.9727113616047 998.4609999999957 57.06900000000314 29747.36215280517 755.0664437363515 2710153.5910339807 2242.35392986288 2074.285714285714
100000.0 110000.0 536.1998339843703 860.3454696377845 254.80046216676678 999.775999999998 187.1552734375 37797.32486095359 1028.405811631688 3658744.806806893 3001.376098639006 3000.0
110000.0 120000.0 282.7542480468692 883.3859774502846 270.0564901702744 999.6050000000105 92.426025390625 36066.63557982081 973.8076226914445 3533146.065718583 2893.4801234351276 2650.0
120000.0 130000.0 2055.188025390642 882.7568860677064 304.9132492628295 999.9189999999944 73.64000000001397 29071.677406420436 729.7201219405158 2609857.536440543 2148.789848062987 2033.3333333333333
130000.0 140000.0 2161.881000000023 979.7648749999971 35.84191100787343 999.4049999999988 903.6030000000028 27719.0 665.0 2349136.0 1954.0 1500.0
140000.0 150000.0 694.5429589843261 930.5457041015674 190.15693352116014 999.5480000000098 390.842041015625 37162.03450415791 952.581799106086 3436216.099425827 2813.830960418587 2860.0
150000.0 160000.0 242.8229609375121 887.0160944602262 242.55079318693774 999.3150000000023 244.007080078125 38004.01564150521 986.5948653106663 3584388.1469951877 2936.315302193583 2650.0
160000.0 170000.0 539.4149882812344 946.0585011718765 94.67024080663369 998.369000000006 707.7769199218892 37659.87023663249 975.6488516563437 3467585.63020291 2840.046522731207 2766.6666666666665
170000.0 180000.0 1510.1960917968536 848.9803908203146 280.3509847202915 999.9310000000114 141.45990820313455 25613.07961770439 621.174483926904 2139677.123376075 1790.8072146566226 1633.3333333333333
180000.0 190000.0 1653.9838925781369 927.3351230468737 185.55069195755493 999.18299999999 434.235107421875 27086.0293395233 649.2482278582191 2243500.9136589444 1869.2895309271555 1500.0
190000.0 200000.0 1159.7570976562274 884.0242902343773 225.94307351061377 999.3630000000121 382.010009765625 32104.625135823604 815.7758954708653 2876680.7598078703 2371.4031567179854 2250.0
200000.0 210000.0 342.6249042968848 877.943190518465 240.32350214703504 999.9409999999916 261.18310546875 40748.44896394703 1063.3486360309969 3850913.1963085695 3164.8101040927427 3000.0
210000.0 220000.0 988.787033203087 901.1212966796913 178.33651376934446 998.9649999999965 456.174072265625 31315.02868084864 795.0164661214985 2812679.111191908 2317.3541172026667 2150.0
220000.0 230000.0 2219.082132812502 864.5464296874998 212.8454361512986 999.2129999999888 455.637939453125 23439.380216078756 568.1745929369737 1996202.3219090728 1670.7069094780034 1500.0
230000.0 240000.0 1140.025843750016 885.9974156249984 208.30371425817134 999.3409999999858 453.298095703125 31076.042368785267 760.6649909239718 2730483.704680858 2269.6689876272244 2328.5714285714284
240000.0 250000.0 583.6880957030808 941.631190429692 141.1571693507994 999.5920000000042 545.9879042968969 39330.445294993406 990.7711906574746 3427851.9924427774 2814.767193954222 2328.5714285714284
250000.0 260000.0 777.1808925780933 922.2819107421907 212.49566059705296 999.8780000000261 319.110107421875 36712.06468098473 948.592870033374 3458066.3610042017 2833.4773164804274 2720.0
260000.0 270000.0 2220.395123046823 864.4005418836864 192.9668120361718 997.7170000000042 455.083984375 27386.1172234624 683.1711432401619 2436749.555182902 2013.7671767508987 1820.0
270000.0 280000.0 1211.3250468749902 878.867495312501 226.9589391552264 999.0750000000116 371.0859375 23817.124160448784 579.1811078962228 2025591.8142911675 1691.5335552365775 1500.0
280000.0 290000.0 2211.568955078139 865.3812272135401 208.37806751503277 999.2469999999739 454.781982421875 30039.42877641014 737.5741884886135 2642949.753247616 2180.6319189018413 1750.0
290000.0 300000.0 423.10490429686615 870.626826882103 281.9740515812212 999.8240000000224 235.73901757813292 41693.377268517215 1088.1302990507224 3942625.618611063 3221.462444393075 3000.0
