ts te idle avg_span std_span max_span min_span c_bytes_all c_pkts_all s_bytes_all s_pkts_all video_rate
0.0 10000.0 0.0 0.0 0.0 0.0 0.0 0.0 0.0 0.0 0.0 0.0
10000.0 20000.0 4739.4919550780905 751.5011492745585 418.28773916485216 999.9770000000135 98.55200000002515 65871.90654497026 965.8698866055815 2942284.0799750695 2058.2781589349747 1500.0
20000.0 30000.0 90.76302539062453 900.8397249644887 251.66540992206063 999.5769999999902 161.27001953125 93551.69867782207 1585.1166715735724 4462924.812407861 3131.6985419088924 2166.6666666666665
30000.0 40000.0 86.22995507821906 901.2518222656164 265.1569549709886 999.8389999999781 120.716064453125 85676.41876010937 1528.5065550851723 4216966.733573994 2927.028098397444 3000.0
40000.0 50000.0 1192.0249589843443 880.7975041015656 208.38023847502097 998.6120000000228 453.05810546875 87864.89966527311 1543.3976290889161 4226961.63425883 2940.52530574039 3000.0
50000.0 60000.0 816.8180781249539 918.3181921875046 157.8604496250506 999.25900000002 539.8708945312537 81539.97015061337 1455.5695105493464 4125931.9994483073 2867.3831740784926 3000.0
60000.0 70000.0 697.9059921875014 845.6449098011362 310.19890091021796 999.664999999979 62.8629726562649 82596.58946831473 1501.6061642465465 4322094.7749564955 3006.01430872144 3000.0
70000.0 80000.0 785.5380332030472 837.6783606179048 318.93717415314427 999.0800000000163 22.802001953125 83210.94386209137 1425.7834974728048 4103815.1091633886 2861.909272174982 3000.0
80000.0 90000.0 231.3820019531995 976.86179980468 60.68268890670149 999.7839999999851 805.3879999999772 85296.57287080571 1496.1500853780603 4233667.856216054 2946.1631400433844 3000.0
90000.0 100000.0 1715.6069023436867 920.4881219618126 183.35880476518096 999.8680000000168 449.22509765625 80690.03450258235 1387.2556543966598 4013342.6478873496 2785.2756316159894 3000.0
100000.0 110000.0 644.4401445313124 935.5559855468688 141.68406516196382 999.9500000000116 548.1459023437346 81407.72272810817 1407.8305704880718 4118793.531585037 2861.571755201042 3000.0
110000.0 120000.0 679.5629453125293 847.3124595170428 314.22176737811395 999.1959999999963 55.14304687501863 79178.62153928501 1385.0925283411482 4027086.920994848 2803.83113592616 3000.0
120000.0 130000.0 2066.8610078126076 793.3138992187393 292.11354824132405 999.7289999999921 277.65299999999115 76379.62123002445 1147.8212467741203 3495869.899532765 2453.3214772568085 1411.2
130000.0 140000.0 609.4379863280919 939.0562013671909 180.9105766093014 999.8869999999879 424.364013671875 69465.99247430939 1134.0838653637675 3335152.645053243 2317.0688563998306 2600.0
140000.0 150000.0 1153.5330136718694 884.646698632813 204.15252312330946 999.7609999999986 450.78899999998976 78854.00752569063 1410.9161346362325 4007454.354946757 2781.9311436001694 3000.0
150000.0 160000.0 1150.5440273437416 983.2728858506954 33.996534093544 999.7019999999902 900.6280000000261 84137.93428674417 1468.054487412301 4326055.316638112 2998.108974824602 3000.0
160000.0 170000.0 678.9599941406632 847.3672732599397 314.1782329903454 999.265000000014 40.611027343722526 92207.7738478137 1479.4902704045544 4211290.429334026 2934.020617449255 3000.0
170000.0 180000.0 559.3977207031567 858.2365708451675 268.1475050614305 999.9739999999874 178.2392578125 85368.04922149297 1491.4260423174178 4291386.562701328 2985.6755249960893 3000.0
180000.0 190000.0 563.9532578124199 943.604674218758 125.19781685201079 999.7110000000102 626.3400000000256 81200.24264394917 1413.029199865727 4047277.6913265344 2809.1948827300544 3000.0
190000.0 200000.0 101.87701953132637 989.8122980468673 22.024343186546766 999.9949999999953 927.72998046875 93340.30508522678 1560.6918080849064 4435021.220036117 3078.534775348082 3000.0
200000.0 210000.0 667.6720820312039 848.3934470880723 307.22619548034714 999.7619999999879 70.62001953122672 83472.99332933978 1439.8280557673513 3997302.045143808 2781.747607298925 3000.0
210000.0 220000.0 57.99478710920084 903.8186557173453 213.01361480610885 999.8560000000289 398.714111328125 84993.28665433712 1485.9471810453574 4370418.903664684 3040.6092802677986 3000.0
220000.0 230000.0 561.4061406248948 858.0539872159187 308.63770913339863 999.9969999999739 132.969970703125 83685.1357178475 1450.0692768546976 4196451.350461703 2923.9814320775795 3000.0
230000.0 240000.0 1286.491970703355 968.1675588107383 49.650375234105795 999.6739999999991 864.1440292968182 79671.27921324882 1398.4636782476873 4064799.4806936868 2820.1269050076153 3000.0
240000.0 250000.0 2331.4559492185945 852.0604500868228 223.59555548274864 999.0230000000447 462.10205078125 71478.1810470231 1229.5203220097708 3584959.4664665866 2490.3158345661805 3000.0
250000.0 260000.0 320.8211386719486 879.9253510298229 241.87355398563471 999.3070000000298 281.159912109375 91826.19579668701 1633.4582146591754 4700554.840930915 3271.3496663962865 3000.0
260000.0 270000.0 523.1788222657051 861.529197975845 246.26279162574232 999.6260000000475 221.89208984375 82300.37176410705 1488.6109545216004 4328391.540730008 3013.5549355685657 3000.0
270000.0 280000.0 125.5617812499404 897.6762017045509 266.1393863281736 999.8549999999814 123.09130859375 86753.26837111931 1432.4807957861224 4036947.4846035214 2813.1077880060484 3000.0
280000.0 290000.0 259.15933789056726 974.0840662109433 40.56683002993044 999.9340000000084 876.3006914062425 83858.0558545351 1433.2069075889017 4105916.8127868637 2852.8091910094267 3000.0
290000.0 300000.0 1004.6530605469598 899.5346939453041 294.05644561767826 999.9880000000121 63.29002929688431 86989.07858257649 1518.20829998405 4383350.6783163445 3039.534056060763 3000.0
