ts te idle avg_span std_span max_span min_span c_bytes_all c_pkts_all s_bytes_all s_pkts_all video_rate
0.0 10000.0 0.0 0.0 0.0 0.0 0.0 0.0 0.0 0.0 0.0 0.0
10000.0 20000.0 1910.0340332031483 898.8851074218724 263.78757027057674 999.6689999999944 198.240966796875 55532.29062753609 689.9355362835353 1963719.0977513092 1412.2830444001281 665.4545454545455
20000.0 30000.0 2266.781082031259 859.2465464409712 200.33258144647462 999.3640000000014 513.6849999999977 45506.554654127685 677.6177229475882 1718136.8410488572 1224.9813762611434 1062.857142857143
30000.0 40000.0 1259.958949218737 794.5491864346603 289.26815051030485 998.2420000000275 132.408935546875 39654.952366138525 509.034036670184 1105719.9920965019 794.2404796892733 607.5
40000.0 50000.0 1514.8379414061783 848.5162058593821 218.85059891512543 999.8560000000289 253.593994140625 34170.710826345494 469.87642802747683 1020245.966532728 748.9450447626849 634.2857142857143
50000.0 60000.0 1510.4549160156748 848.9545083984325 224.8792793933388 999.2829999999958 341.080078125 41286.87258739562 652.9289683670258 1504279.1067895908 1065.9647068787895 840.0
60000.0 70000.0 4375.131078125036 803.5527031249949 251.85385181927515 999.609999999986 322.1149999999907 36169.61893845659 539.60730770419 1477151.995781013 1043.5853480079809 1028.5714285714287
70000.0 80000.0 2477.682121093734 835.8130976562518 260.7204099979288 999.0619999999763 350.27587890625 48494.0941860465 797.8927752523242 2777537.1464601886 1935.5449846506688 2071.4285714285716
80000.0 90000.0 1766.3258789062966 823.3674121093703 287.64586082468105 999.3620000000228 300.4180000000051 58261.9058139535 1035.107224747676 3568435.8535398114 2473.4550153493315 2766.6666666666665
90000.0 100000.0 2002.0190000000293 888.6645555555523 309.402489043039 999.7760000000126 63.945999999996275 62496.0 1134.0 3891035.0 2698.0 3000.0
100000.0 110000.0 706.9620058593573 929.3037994140643 201.1057346810374 999.1500000000233 357.843994140625 69975.72059823503 1262.0163031524796 4437860.35856345 3082.5272058166647 3000.0
110000.0 120000.0 623.5059941406362 937.6494005859364 109.75076287018956 999.9029999999912 638.717005859362 66943.27940176497 1195.9836968475204 4131812.64143655 2868.4727941833353 3000.0
120000.0 130000.0 1501.1360624999506 849.8863937500049 252.15433072489213 999.9550000000163 352.2109375 66820.47721721158 1161.2971079168233 3991548.658673118 2761.1837185268696 3000.0
130000.0 140000.0 69.19982812495437 902.8000156250041 223.72307745058748 999.8180000000284 308.037109375 69640.94293271775 1233.4395623483201 4215191.86715999 2925.5855598596295 3000.0
140000.0 150000.0 620.7661855468759 937.9233814453124 126.1923332073219 998.9189999999944 608.727890625014 71490.14751575605 1286.1139477982347 4168248.284349243 2903.8694198179505 3000.0
150000.0 160000.0 840.7078183594276 832.6629256036884 307.40480032819556 999.4419999999809 163.04507617186755 65616.78092266328 1154.1470703083571 3759960.45584951 2621.966890683585 3000.0
160000.0 170000.0 502.0840390624362 949.7915960937564 93.11894410417659 999.8090000000084 719.7668945312616 76559.02919623259 1366.1516648752358 4245177.803696231 2949.0105259314055 3000.0
170000.0 180000.0 1572.7670664062607 842.7232933593739 290.4319927310405 999.8869999999879 107.17993359372485 74358.62221541876 1301.8506467530287 4097360.9302719086 2843.3838851805604 3000.0
180000.0 190000.0 509.03407226566924 949.096592773433 152.20978373776532 999.9220000000205 515.950927734375 80280.52217524315 1396.9532522979405 4401915.003920288 3051.67837735557 3000.0
190000.0 200000.0 222.60281445307191 888.8542895951753 236.0459529742777 999.9529999999795 348.64111328125 77001.78680419634 1357.8285153182635 4171840.601439936 2908.2231495868596 3000.0
200000.0 210000.0 293.09020507812966 882.4463449928973 236.5433890802459 999.2249999999767 245.430908203125 79528.10928235261 1404.901214645081 4299006.021382831 2990.117170773944 3000.0
210000.0 220000.0 1359.5089082031045 864.0491091796896 297.67840867821013 999.6260000000475 53.067000000039116 70147.5817382079 1220.317017738715 3843729.373256945 2667.981302283627 3000.0
220000.0 230000.0 1336.6880214841804 866.3311978515819 263.3842161988968 999.9170000000158 287.427978515625 78532.34877886517 1345.004046000674 4263771.770000934 2959.8023178927765 3000.0
230000.0 240000.0 1380.0760078125168 861.9923992187483 231.91424842652356 999.765999999945 401.0540000000037 75009.11014362997 1277.6535013065707 4133369.865397767 2873.0817285250614 3000.0
240000.0 250000.0 225.14906835951842 888.6228119673165 215.53140266320338 999.783000000054 430.77490234375 77465.90582147836 1386.0996662627638 4238078.216477756 2955.447533573094 3000.0
250000.0 260000.0 1132.809892578167 886.7190107421833 194.9239332676611 998.5629999999655 530.510009765625 76056.07728245211 1304.5176276805912 3967837.664111775 2762.2018034109474 3000.0
260000.0 270000.0 351.0057031250326 877.1812997159061 250.96568497519328 998.3639999999432 287.539306640625 72472.05827782922 1291.373582660648 4116686.423429506 2856.4706165938564 3000.0
270000.0 280000.0 1761.0432460935554 823.8956753906444 234.21775646980905 999.8989999999758 346.862060546875 69801.6053460698 1266.4996798935529 4043776.8058300004 2806.2169667957783 3000.0
280000.0 290000.0 610.3611757812323 938.9638824218767 120.68494005110271 999.8710000000428 647.7359394531231 76978.18086878129 1331.3577576715882 4204351.279459456 2921.055221023358 3000.0
