ts te idle avg_span std_span max_span min_span c_bytes_all c_pkts_all s_bytes_all s_pkts_all videorate
0.0 10000.0 9498.28271484375 501.71728515625  501.71728515625 501.71728515625 5911.99595669575 48.475539105124014 151255.29593923085 115.63435890701457 480.0
10000.0 20000.0 785.0313593749306 837.7244218750063 286.7294760673475 999.36599999998 172.02392578125 61895.30261614969 720.7116571874559 1959838.246131005 1419.4902072252423 531.4285714285714
20000.0 30000.0 2571.1648339843377 825.4261295572958 315.03374499020475 999.5999999999767 179.194091796875 45180.00608219125 557.6852896063306 1327529.5669268074 953.216041241381 964.4444444444445
30000.0 40000.0 2438.917199218762 840.1203111979153 287.4101560438812 999.1680000000051 166.389892578125 34083.641105096576 466.66066184827525 1034410.6219164863 739.2184820887364 531.4285714285714
40000.0 50000.0 3216.102814453072 753.7663539496587 331.75614559546466 999.5580000000191 160.705078125 38478.236279841185 461.9528534764941 1363038.957069557 976.2026822576013 997.5
50000.0 60000.0 2084.511189453071 879.4987567274366 255.36004676472965 998.5329999999958 217.285888671875 47126.39258031023 773.5399625264951 2645991.0930825453 1856.7830918130812 2071.4285714285716
60000.0 70000.0 1348.6718886718736 865.1328111328127 303.04226889330255 999.4899999999907 30.955000000016298 59349.42537971532 980.9740362498253 3220518.218934369 2248.4551364669433 1957.142857142857
70000.0 80000.0 3818.8010605469462 772.6498674316317 416.9901607270601 999.4689999999828 27.903999999980442 48781.6520913191 758.4669536017605 2456108.2291683834 1714.8229327281688 2371.4285714285716
80000.0 90000.0 1995.291953124979 800.4708046875021 364.9839219584944 999.6739999999991 24.239999999990687 52308.04613767946 922.659006270924 3008298.4288749285 2093.464780924214 2300.0
90000.0 100000.0 1125.5038808594109 887.4496119140589 246.29965470536277 999.8090000000084 218.05810546875 63481.188881361675 1101.2363714575563 3652403.897731792 2542.7906053555052 2300.0
100000.0 110000.0 1251.6258281250484 874.8374171874951 249.52563142097696 999.6630000000005 218.50927734375 64967.23011975838 1113.3800769406528 3755500.0089355167 2605.215055674555 2900.0
110000.0 120000.0 295.7423222656362 882.2052434303968 296.1168668134489 999.8829999999725 11.053955078125 64821.34188589256 1037.6510045640105 3452325.165220142 2409.156980908747 2333.3333333333335
120000.0 130000.0 356.84495507809334 964.3155044921907 51.86629800403238 999.2310000000289 863.6599999999744 71875.54088398883 1151.606587165096 3687732.2700692373 2578.5496444088094 3000.0
130000.0 140000.0 2073.6399062499986 880.7066770833335 261.19966875483124 999.2540000000154 216.37109375 57204.49740505581 899.1419688606697 2888456.696184578 2014.4124350998072 1765.7142857142858
140000.0 150000.0 2079.9421523437486 792.0057847656251 379.3089529336086 998.8539999999921 37.01899999997113 48037.06738602496 682.0700911790069 2091646.1744237957 1472.0514029212045 1205.0
150000.0 160000.0 3243.8880156251253 844.5139980468593 275.7427734506653 999.8449999999721 217.27392578125 55344.05839790963 904.361604334445 2891359.093115364 2020.0793827019797 2883.3333333333335
160000.0 170000.0 91.18881835939828 900.801016512782 254.2183109618421 999.6660000000265 160.110107421875 83484.18502096877 1461.3229753531275 4817402.705344162 3337.6983785951315 3000.0
170000.0 180000.0 1963.1739863281255 803.6826013671874 373.9853891130113 999.8560000000289 0.0 59756.46382557476 986.9478661276578 3306165.029621559 2305.12184479698 2766.6666666666665
180000.0 190000.0 101.30213085946161 899.8816244673217 257.9932885522172 999.7779999999912 145.739990234375 69457.09872369825 1169.510831215179 3764876.5769376885 2627.173193104239 2387.5
190000.0 200000.0 1032.0060371092404 896.799396289076 256.49027363201833 999.4250000000466 178.251953125 65982.0377589105 1082.3151743082537 3501926.3371419148 2440.1731511891035 2600.0
200000.0 210000.0 77.16106249985751 902.0762670454675 260.250603746645 999.39300000004 134.212890625 76954.4383127106 1376.910243438388 4559681.004739044 3162.9431884487663 3000.0
210000.0 220000.0 3307.0859160156688 836.6142604980414 279.5935834811816 999.109000000055 218.448974609375 51758.26820884317 871.408619339305 2852266.458546603 1986.2591207345547 2650.0
220000.0 230000.0 140.41407421883196 896.3259932528334 253.3589728279824 999.9660000000149 157.722900390625 74365.47851398117 1248.5009337601248 4162558.0064379023 2901.4457400785154 2650.0
230000.0 240000.0 2024.7539101563161 797.5246089843683 382.8061570519175 999.9740000000456 0.0 69703.27457178326 1033.1819771654493 3333268.397795885 2329.2945443943763 2600.0
240000.0 250000.0 2665.9240039064316 814.8973328992854 319.48596375615745 999.5999999999767 230.510986328125 63624.71358502897 1082.8431337162472 3589547.853791075 2489.598605063974 2766.6666666666665
250000.0 260000.0 455.39599804696627 867.6912729048213 256.91465062099263 999.1870000000345 202.56298828125 77867.38007538894 1384.7066603662502 4704905.332832752 3257.2811043587644 3000.0
260000.0 270000.0 2012.1340781250037 798.7865921874997 368.02783100185707 999.8279999999795 49.663999999989755 59291.6909380391 975.7006714209871 3188082.0351377726 2215.1887432390113 2250.0
270000.0 280000.0 281.38791015627794 971.8612089843722 54.10099880414828 999.5529999999562 823.1300898437621 69531.34727608207 1151.077249414909 3429059.2979499046 2399.2791652735923 2585.714285714286
280000.0 290000.0 3251.8246914062183 843.5219135742227 288.8536028967009 998.9529999999795 218.09130859375 55149.31153013058 851.1521729021354 2701734.4387753536 1883.677533945306 1887.5
290000.0 300000.0 1337.0721992186736 866.2927800781326 292.7880657833568 998.5010000000475 61.662109375 72814.02250181221 1220.971245632799 3907497.636187982 2713.9975632280243 2785.714285714286
