ts te idle avg_span std_span max_span min_span c_bytes_all c_pkts_all s_bytes_all s_pkts_all video_rate
0.0 10000.0 6270.139042968745 932.4652392578137 119.58996328524064 998.5140000000247 753.23095703125 43469.554546669344 542.2710397231472 1706816.657410786 1247.4361874141055 706.6666666666666
10000.0 20000.0 2068.7559667968308 793.1244033203169 344.8511314956493 999.8680000000168 153.23499999998603 66873.34799042725 1101.0322946442427 3449855.932936865 2414.947805657569 1848.0
20000.0 30000.0 1220.16293945309 877.983706054691 205.64013630107303 999.5489999999991 446.7850097656483 71037.8672450392 1287.9612817031982 4193032.3152349163 2907.05303479078 3000.0
30000.0 40000.0 1966.563164062507 803.3436835937493 342.10555793539146 999.8279999999795 51.35899999999674 67984.3658416548 1231.2517802632485 4000472.5788201136 2779.351100515929 3000.0
40000.0 50000.0 149.96697851561476 895.4575474076714 218.936788079202 999.9619999999995 373.94311328127515 66386.839811608 1233.6643822429762 4157320.7373073613 2892.1227001286816 3000.0
50000.0 60000.0 1036.116912109428 896.3883087890572 195.19140483977228 998.6080000000075 448.8080917968764 65309.89146894031 1158.833365812146 3895644.501596832 2706.735639270786 3000.0
60000.0 70000.0 1489.2299667968764 851.0770033203123 243.53625384560652 999.7299999999814 365.61100390623324 68841.2785400907 1156.4150789342082 3818245.013986647 2654.075356678784 3000.0
70000.0 80000.0 1437.614076171827 856.2385923828173 236.66334224610517 999.4160000000265 365.31797070312314 70907.55558747414 1255.6593810831948 4234182.188802409 2930.884454081323 3000.0
80000.0 90000.0 207.50788671872579 890.2265557528431 213.87087947742967 999.9380000000237 378.0430468749837 71827.41594306749 1290.0716137380089 4193438.855274212 2915.5042122868754 3000.0
90000.0 100000.0 1964.6557871093974 892.8160236545114 208.1167375338599 998.560999999987 438.44293359376024 56591.35190964434 970.6807553951664 3256610.5313572697 2268.71424066849 3000.0
100000.0 110000.0 1052.2912792969146 894.7708720703085 223.03958300494045 999.9660000000149 364.44572070310824 67770.53111538442 1189.159026460463 3958893.6872725883 2744.1752685066763 2562.5
110000.0 120000.0 1517.5320468750433 942.4964392361063 124.51217072899016 999.8269999999902 629.376953125 70396.91257874294 1204.5326466916479 4055383.7570923218 2817.4162025521823 3000.0
120000.0 130000.0 1107.2579492188524 889.2742050781147 216.68875310489457 999.8439999999828 369.6020468749921 68528.27507956029 1243.4847561865843 4179340.1135606063 2890.4607650749917 3000.0
130000.0 140000.0 141.0537207031739 896.2678435724388 222.75039534900083 999.1469999999972 379.63099609373603 70039.07290492095 1253.9721532032095 4249395.953846371 2951.580556766413 3000.0
140000.0 150000.0 1968.1202226562891 892.4310863715234 195.215052102911 999.8059999999823 478.0247167968773 54386.13494946427 953.210329066058 3136159.1363995513 2193.459274251656 3000.0
150000.0 160000.0 44.41704492183635 905.0529959161967 212.68357035477098 999.994000000006 363.27793945313897 79981.25191754864 1456.670937070128 4927727.539657711 3403.59039838138 3000.0
160000.0 170000.0 2136.0139277343987 786.3986072265601 332.339931636585 999.8470000000088 55.04300000000512 60277.22682768964 1071.2040648082764 3567022.120850002 2473.7214375351464 3000.0
170000.0 180000.0 127.46415429684566 897.5032587002868 225.8600470538361 999.9980000000214 364.7729121093871 77468.57704397614 1361.0406918688525 4573870.272045479 3170.974779737258 3000.0
180000.0 190000.0 1919.8698593749432 808.0130140625057 336.44380336816573 999.9330000000191 19.78100000001723 61737.6882675209 1047.925959212556 3257673.3030826123 2267.0569702278012 2766.6666666666665
190000.0 200000.0 186.43114843743388 892.1426228693242 220.94463573636062 998.6820000000298 364.6929257812444 70207.54738068757 1190.5482625609995 3953033.0887471554 2750.178357263766 2600.0
200000.0 210000.0 201.52281640609726 890.7706530539912 209.2461594709922 999.1659999999683 456.5650742187863 72439.14357598366 1269.254951020997 4140046.0763729005 2870.994039741203 3000.0
210000.0 220000.0 1458.252109374851 854.174789062515 319.42227355668956 999.2260000000242 55.866000000038184 63288.169473904985 1136.1552483106914 3750297.638345291 2606.567218468203 3000.0
220000.0 230000.0 2094.6879999999655 878.3680000000038 305.9606206098981 1000.0 70.15000000002328 78134.0 1337.0 4106697.0 2850.0 3000.0
230000.0 240000.0 1887.026884765597 901.4414572482669 196.41843525459993 999.5979999999981 488.45200000004843 82527.83162956809 1380.7590762609188 4103854.053469111 2843.8890132609763 3000.0
240000.0 250000.0 1839.7898242188385 816.0210175781161 309.05719063634916 999.7550000000047 186.43700000003446 75877.91962929165 1301.944247385156 3918383.032951683 2713.5583261114652 2650.0
250000.0 260000.0 637.2653457032284 851.157695845161 289.4967917811647 999.435999999987 194.2939453125 79153.70639085984 1368.4491101711815 4358945.425751886 3028.2535298650546 2737.5
260000.0 270000.0 2294.2378769530915 856.1957914496566 229.8240860569568 999.7469999999739 362.19900000002235 69648.32458208539 1203.255639336326 3568584.9911823426 2477.7121619007394 3000.0
270000.0 280000.0 144.28715820307843 895.973894708811 217.25549597941287 999.283000000054 364.44493164063897 87528.37747803784 1544.8475569955287 4695497.457910313 3270.468213667479 3000.0
280000.0 290000.0 1607.843910156167 839.2156089843833 346.9847932953514 999.7989999999991 0.0 65889.8402901572 1145.744369850889 3356990.038734664 2347.1187551942858 3000.0
