ts te idle avg_span std_span max_span min_span c_bytes_all c_pkts_all s_bytes_all s_pkts_all video_rate
0.0 10000.0 0.0 0.0 0.0 0.0 0.0 0.0 0.0 0.0 0.0 0.0
10000.0 20000.0 5017.974000000046 996.4051999999908 5.55949482418334 999.7820000000065 986.5079999999725 51296.0 756.0 2367219.0 1658.0 1500.0
20000.0 30000.0 1143.1980117187486 885.6801988281252 284.65678484167165 999.835000000021 100.18798828125 83646.80474532073 1469.381716393466 4155985.9372460702 2892.4710239273086 2045.4545454545455
30000.0 40000.0 1295.709874999884 870.4290125000116 287.1341100686458 999.4930000000168 91.64111328125 85970.8214599282 1572.2131168479577 4499796.293629211 3119.5673291391645 3000.0
40000.0 50000.0 2174.174208984361 782.5825791015639 373.21885946071194 999.9589999999735 89.826904296875 79538.76102397006 1440.6060825704851 4161712.1043806733 2888.3634785573445 3000.0
50000.0 60000.0 84.75590429676231 901.3858268821125 294.3654449568042 999.9249999999884 17.521000000007916 85354.61277078104 1525.7990841880912 4372141.664744046 3045.5981683761825 3000.0
60000.0 70000.0 1957.1249531250214 893.6527829861087 310.657729534975 998.8620000000228 65.248046875 76330.81345327117 1337.6111613961789 4022571.6439402 2799.361464511711 3000.0
70000.0 80000.0 350.6697324219276 964.9330267578073 83.76642309886172 999.9199999999837 733.997314453125 86333.94993257005 1501.577450291588 4371097.125198598 3041.952492605815 3000.0
80000.0 90000.0 1050.823361328221 813.5615126065254 339.26083309899605 999.8640000000014 56.126953125 82848.73652960717 1404.2965999471069 4197613.904628312 2917.693720384066 3000.0
90000.0 100000.0 3333.904664062429 740.677259548619 391.7032323412069 999.5140000000247 78.3212890625 65552.07818709085 1134.0954312902531 3381916.178937416 2352.9939898548187 3000.0
100000.0 110000.0 1578.0733691406203 842.192663085938 309.96942907942224 998.8300000000163 86.242919921875 82685.6991367383 1424.6986094435053 4309140.4210504275 2990.923452309535 3000.0
110000.0 120000.0 40.71898046869319 905.3891835937552 277.4471371720439 999.9199999999837 72.387939453125 87205.25764186 1528.162069410228 4625988.498037085 3212.7368102044625 3000.0
120000.0 130000.0 2916.615050781227 787.0427721354192 361.8677673112391 999.7860000000219 25.035888671875 76064.75485363867 1134.3864666953166 3490996.6144646304 2436.9265814590563 1976.0
130000.0 140000.0 2001.8599199218443 799.8140080078156 343.80800005270606 999.8560000000289 18.29296875 79062.19792579835 1343.657174759533 3832913.783530082 2666.363082258527 2785.714285714286
140000.0 150000.0 320.07768945320277 967.9922310546797 82.81642850638303 999.9529999999795 733.561279296875 80425.22080574851 1406.1354294922915 4086354.7541401917 2843.4740712680114 3000.0
150000.0 160000.0 173.41339648439316 893.3260548650552 229.87895184766998 998.6390000000247 265.03372070309706 82559.23075619798 1469.423596700197 4312496.958844912 3006.3678799166214 3000.0
160000.0 170000.0 739.601982421882 841.8543652343743 329.83627937686623 999.9899999999907 48.222900390625 74067.39151772026 1296.6300744530388 3782595.132724982 2641.3056624897285 3000.0
170000.0 180000.0 182.0969003906357 981.7903099609364 24.83911592398994 999.4650000000256 926.2530000000261 80846.66925975867 1357.325936120763 4036483.984503163 2821.900792737648 3000.0
180000.0 190000.0 2018.7190996094141 886.8089889322873 318.3205931506866 999.4870000000228 38.472900390625 82734.2128164601 1372.1179421205613 4006055.403954758 2787.967275567746 2700.0
190000.0 200000.0 442.37696874997346 955.7623031250026 79.42534822867391 999.9899999999907 739.804931640625 87479.1301448432 1446.8575643805884 4272131.031159021 2975.40120271802 2800.0
200000.0 210000.0 101.74800976563711 899.8410900213057 235.78675611394604 999.8050000000512 259.7300683593494 86230.57251992145 1494.0313404502326 4378508.744281572 3048.4596413220756 3000.0
210000.0 220000.0 1481.1630156250903 774.4397258522645 312.87171311915324 999.2750000000233 98.12890625 77816.16392579785 1355.6757677809364 3891296.2440794986 2716.6960364692145 3000.0
220000.0 230000.0 3289.6628789063543 671.0337121093646 376.0397244009399 999.939000000013 42.34999999997672 67811.31797059202 1149.8377658103846 3376609.987880211 2358.233014277669 3000.0
230000.0 240000.0 1216.115080078016 878.3884919921984 285.2814267939875 999.9370000000345 88.595947265625 88905.94056265787 1528.3874470245703 4552759.005014978 3155.0981598533785 2562.5
240000.0 250000.0 7725.830947265611 568.5422631835972 448.03122577865344 999.2469999999739 156.3630000000121 22466.662059727507 360.09217243272604 1002299.5836299618 699.1446697918968 2766.6666666666665
250000.0 260000.0 4444.503953125095 925.9160078124842 157.68296852532953 999.015999999945 605.498046875 59438.64853972058 928.3198450596876 2747021.4477711786 1916.0917568208672 1500.0
260000.0 270000.0 957.2010468750959 822.072632102264 298.9110244962163 999.7410000000382 234.0 88661.26557512642 1517.5060644948874 4345804.879068437 3021.9219640023857 2166.6666666666665
270000.0 280000.0 243.61992578138597 886.9436431107831 270.7928118798484 999.6829999999609 97.47607421875 88155.6668415358 1530.1224258609818 4282362.102380313 2985.882950007861 3000.0
280000.0 290000.0 104.11180859385058 899.6261992187409 279.3866762809769 999.4379999999655 62.697265625 85246.71928387893 1469.3377717449293 4067489.140241366 2830.9274128199154 3000.0
290000.0 300000.0 1103.9283085936913 889.6071691406308 190.01477387234604 999.9350000000559 420.3989999999758 89499.22824914454 1547.0545304021662 4486503.724921895 3114.920609450341 3000.0
