ts te idle avg_span std_span max_span min_span c_bytes_all c_pkts_all s_bytes_all s_pkts_all videorate
0.0 10000.0 0.0 0.0 0.0 0.0 0.0 0.0 0.0 0.0 0.0 0.0
10000.0 20000.0 7141.254927734379 714.6862680664053 342.8122632282902 997.4789999999921 235.62300000002142 32927.69651991361 438.84441549529566 1409244.192532445 990.4698295677997 1500.0
20000.0 30000.0 70.69679492193973 902.6639277343692 224.33595288937147 999.8649999999907 296.0659277343657 96999.58434203293 1620.070245552938 4558241.388132315 3179.017580147273 2290.909090909091
30000.0 40000.0 517.9773691406008 862.0020573508544 270.5888919066053 999.1900000000023 310.180908203125 94762.37857311245 1744.0152579913035 4859549.766313845 3368.415456410712 3175.0
40000.0 50000.0 89.93000195315108 900.9154543678953 235.7719122984183 999.7829999999958 247.12890625 84734.42270496258 1535.7885332189828 4347431.2987579545 3032.4770880685087 3000.0
50000.0 60000.0 2462.081894531322 837.5464561631865 275.222739132469 999.9729999999981 157.0229999999865 74213.2658975189 1333.9440819128095 3659168.6927984934 2552.5611503887403 3000.0
60000.0 70000.0 315.19093359372346 880.437187855116 270.8651971527896 999.0559999999823 130.5179882812663 73219.79044393795 1334.2850176101247 3821287.8681484945 2664.89237109434 3000.0
70000.0 80000.0 898.0080234374618 910.1991976562538 198.3587351407801 999.6849999999977 365.1099218750023 81909.69537460942 1479.2512181001332 4353319.002333635 3018.191844723963 3000.0
80000.0 90000.0 1752.3659902344225 824.7634009765577 308.97918286410027 999.7600000000093 121.33394531247905 78004.34183536074 1313.1509407909937 3907554.9637524844 2712.1735172408003 2737.5
90000.0 100000.0 1833.914164062473 816.6085835937527 342.2243635815708 999.8649999999907 120.99393554689595 82443.65732770288 1411.1658683593446 4032227.5426266813 2806.6972725400096 3000.0
100000.0 110000.0 81.83892187505262 901.651007102268 263.03626356443806 999.99099999998 122.40309960936429 94723.57361449323 1585.4538174391876 4538322.654260863 3164.7865195645913 3000.0
110000.0 120000.0 668.6830078124767 848.3015447443203 316.3961384895637 999.7449999999953 164.20502148434753 101704.83960728177 1578.1381045419894 4549112.067921721 3160.3657935809306 3000.0
120000.0 130000.0 4634.743878906302 766.4651601562426 339.7609960146469 999.24099999998 36.49099999997998 53171.62281442548 843.3659692954374 2424974.297331944 1698.1641082411695 1759.5
130000.0 140000.0 1988.3481542968657 801.1651845703134 362.12432500762185 998.9859999999753 109.68790820310824 70208.20422131836 1014.8165835294992 2891140.607745677 2044.2573915678947 1593.6
140000.0 150000.0 95.03804687492084 900.4510866477344 260.19604661705233 999.5470000000205 131.0290624999907 105161.55526870531 1765.4970304938818 4959365.202330603 3447.031947865157 3000.0
150000.0 160000.0 65.21880078117829 903.161927201711 251.15664763243024 998.7669999999925 170.0701093749958 89383.12792537121 1557.95254859378 4423478.07748546 3068.3003044315537 3000.0
160000.0 170000.0 189.6218398438068 891.8525600141994 245.8240641755168 998.9079999999958 210.33791015623137 85901.88213270677 1467.4343002377918 4141239.4208004214 2883.8612916798525 3000.0
170000.0 180000.0 1488.0023710936657 851.1997628906335 280.0060293028501 999.7550000000047 310.8197500000242 84771.43272252547 1466.5499322678666 4253896.52758955 2956.7526935885176 3000.0
180000.0 190000.0 77.39695507817669 902.0548222656203 261.51407378606365 999.9479999999749 128.83112109376816 86515.23903974216 1509.7208398792488 4266684.128107137 2969.0139367521247 3000.0
190000.0 200000.0 2071.1499121093075 792.8850087890693 367.3198104640511 998.8130000000237 36.693000000028405 68295.76975593352 1165.8731800009411 3328608.411113231 2329.325480924754 3000.0
200000.0 210000.0 194.04300390608842 891.4506360085375 268.39996248304146 999.6319999999832 125.33298828126863 105353.84408279222 1681.0391980141774 4818440.161284158 3350.548130526923 2737.5
210000.0 220000.0 1830.0100078125251 816.9989992187475 374.2920205468268 999.9549999999581 27.43700000003446 82520.07579555298 1356.642916674274 3913097.7286328846 2732.696291094384 2922.222222222222
220000.0 230000.0 265.1729609374888 973.4827039062511 77.05982760432353 999.9250000000466 754.2900390625 87011.91349782358 1495.4408997775624 4390085.072217121 3044.9638866574096 3000.0
230000.0 240000.0 2087.288031249889 879.1902187500123 253.66986044164446 999.4949999999953 242.33996093750466 82454.10571272268 1427.7896762649677 4084335.221503273 2833.274553917599 3000.0
240000.0 250000.0 1552.121015624958 844.7878984375042 290.0744933958619 999.8279999999795 263.5169921874767 82469.67293944386 1377.4095175706516 4011575.4603233943 2792.0396868375374 3400.0
250000.0 260000.0 296.71293945319485 882.117005504255 240.49817412350222 999.7110000000102 294.404052734375 103182.9232535219 1706.945891621248 5035437.411079473 3493.3102704108 3622.222222222222
260000.0 270000.0 189.62005078129005 891.8527226562463 237.32368281024324 999.6959999999963 228.552001953125 91339.56484913308 1584.7701948294714 4862730.542437283 3375.094507268558 3000.0
270000.0 280000.0 1897.5361054687528 900.2737660590275 137.80105064689735 999.8619999999646 609.5529999999562 71338.87023399574 1218.7922280907537 3618205.3076369525 2520.1858226349723 3000.0
280000.0 290000.0 1396.4087890627561 860.3591210937244 275.7427161278116 999.3689999999478 168.9371035156073 89762.97618228264 1553.5344040147704 4475938.730546451 3108.5689512248746 3000.0
290000.0 300000.0 68.05798828124534 902.9038192471595 259.87734289571335 999.8649999999907 133.96689257817343 90212.75820506192 1596.7151810454059 4674329.576954533 3245.69615210781 3000.0
