ts te idle avg_span std_span max_span min_span c_bytes_all c_pkts_all s_bytes_all s_pkts_all video_rate
0.0 10000.0 9147.070068359375 852.929931640625  852.929931640625 852.929931640625 9775.25833853009 70.02456396955249 246114.13944245005 177.6232842154502 1500.0
10000.0 20000.0 1185.3709707031376 801.3299117542603 340.09541198594394 999.670999999973 137.0849609375 63753.8654888114 773.5526846882466 1907861.8980091026 1370.364344883415 541.6
20000.0 30000.0 692.8290703124949 930.7170929687505 126.37509883692309 999.7889999999898 601.712890625 42981.18774913281 651.0215458413652 1511174.0874824873 1068.2351171802654 840.0
30000.0 40000.0 1722.4236328125116 827.7576367187488 281.2068089571349 998.744000000006 304.4892578125 42115.63353273239 667.4076886831997 1552844.1246849024 1101.4635085658722 840.0
40000.0 50000.0 1931.830281249946 896.4633020833394 139.24212418077616 999.869000000006 648.5009765625 42914.62059100335 656.1536119287151 1490786.0865647902 1054.5173960631514 840.0
50000.0 60000.0 4538.8159765625605 682.6480029296799 308.71669807015235 998.8589999999967 202.48499999998603 47693.43429978995 732.839904888921 2302611.6638162676 1609.7963490918457 1617.5
60000.0 70000.0 2607.302941406204 821.4107842881996 302.84944833864506 999.6379999999772 132.81005859375 60022.099918337946 1012.2678069808576 3340874.0033901064 2323.1588146150116 2533.3333333333335
70000.0 80000.0 232.8427460937528 976.7157253906247 46.56948403457436 999.5949999999721 850.4439414062654 65280.90686803567 1145.5816542744944 3776292.1613040864 2618.3528928123487 3000.0
80000.0 90000.0 48.32931445311988 904.6973350497163 288.8199640836275 999.9810000000289 35.14868749998277 76274.21344340469 1372.5254318072925 4536593.971581654 3153.1113562714536 3000.0
90000.0 100000.0 729.1840019531082 842.8014543678993 335.9361935433504 999.8470000000088 48.68200195312966 72131.46718356913 1287.9671067869422 4135350.942191437 2870.566384281409 3000.0
100000.0 110000.0 89.65708984370576 900.9402645596631 236.15360424576613 999.9990000000107 241.00390625 72198.50313447307 1253.6824289799035 3988459.220474087 2771.998135417226 3000.0
110000.0 120000.0 754.9496035156772 840.4591269531203 300.1845198017514 999.5019999999786 97.185302734375 81173.292887923 1394.1821333325695 4353452.867382231 3022.1277763689327 3000.0
120000.0 130000.0 1512.1792968750815 848.7820703124919 302.9935398656771 999.8279999999795 117.4319999999716 76857.15262679348 1334.8284274571467 4361780.009927399 3013.5208497728754 3600.0
130000.0 140000.0 51.07900195312686 904.4473634588066 206.2967757127213 999.9000000000233 465.85400390625 78612.02071943179 1425.9144474667278 4928202.290081678 3397.268385702616 4400.0
140000.0 150000.0 878.6489140625345 829.2137350852241 292.2301305650948 999.2129999999888 230.64208984375 64481.46039757234 1058.0421114143273 3625546.2808591463 2526.4886854511205 2454.5454545454545
150000.0 160000.0 1298.9581406250363 870.1041859374964 220.4702726150571 999.320000000007 306.39794921875 65842.39196906782 1165.506600345686 4002932.5182267684 2777.186112211496 3000.0
160000.0 170000.0 738.1049628906767 841.9904579190294 311.0626117774066 999.9969999999739 9.760986328125 69377.53990893894 1205.0556006096099 4195965.538352467 2903.9339705742022 3000.0
170000.0 180000.0 640.8479199219146 935.9152080078086 137.16259980601023 999.8960000000079 589.01806640625 85353.0654561417 1351.6415059607896 4275789.945452363 2968.9093170772935 3000.0
180000.0 190000.0 387.27314453123836 873.8842595880692 275.8365645386517 998.6539999999804 233.044921875 77495.54036710807 1357.7882646120581 4280812.311542806 2980.440788840315 3000.0
190000.0 200000.0 1205.950933593791 879.4049066406209 189.3520247364231 999.984999999986 469.45999999996275 71654.81884617559 1236.908477445766 3965265.957206471 2751.269936408772 3000.0
200000.0 210000.0 1051.5330527344486 813.4969952059593 317.7034261855899 997.8769999999786 132.283935546875 76894.06187891339 1288.267500160679 4298901.602806722 2976.32955597362 3000.0
210000.0 220000.0 1054.2459765624953 894.5754023437505 271.0581807193376 999.9350000000559 134.032958984375 71221.31502877608 1247.3161022752959 4193563.9484574106 2907.2284394165745 3000.0
220000.0 230000.0 602.7980410156306 939.7201958984369 115.12287190883302 999.8510000000242 644.69091796875 79605.6327116454 1383.9457746450182 4347879.207995722 3025.2835181775204 3000.0
230000.0 240000.0 755.2909765625373 840.4280930397694 280.50530221482234 999.7730000000447 241.68994140625 73778.0343613631 1276.4486570287472 4151702.4598536277 2887.170285232023 3000.0
240000.0 250000.0 67.29797656252049 902.972911221589 238.11853371047718 999.3299999999581 218.68896484375 79952.45694198192 1375.1156945382543 3702079.5768689513 2565.7428215350906 3000.0
250000.0 260000.0 734.2609648437938 926.5739035156206 103.14248792470723 999.8580000000075 770.3580000000075 66098.02535034687 1003.0142738778338 2573799.186044866 1787.9119738601005 1320.0
260000.0 270000.0 2024.384097656468 886.1795447048369 252.48337231093257 999.6189999999478 231.64990234375 49358.688124235014 790.0664040259917 2638307.0660353294 1847.5368338441963 2033.3333333333333
270000.0 280000.0 162.97459375020117 894.2750369318 256.70124227469876 998.8179999999702 148.59130859375 71548.37024706276 1181.6708231713574 3539727.073269445 2481.2008654015162 2300.0
280000.0 290000.0 49.9843339844374 904.5468787286875 261.81585104020513 999.4429999999702 126.823974609375 77543.46051330391 1236.1837117466102 3842362.732818324 2687.8531217757054 2800.0
