ts te idle avg_span std_span max_span min_span c_bytes_all c_pkts_all s_bytes_all s_pkts_all videorate
0.0 10000.0 0.0 0.0 0.0 0.0 0.0 0.0 0.0 0.0 0.0 0.0
10000.0 20000.0 5230.414748046838 794.9308753255269 335.5582677689977 998.8080000000191 207.583251953125 57548.41020241024 804.0850732553283 2476422.7048961963 1740.6407783237544 1500.0
20000.0 30000.0 1021.4961425781948 816.2276234019823 350.9327971240717 999.795999999973 114.08699999999953 84880.02742502005 1439.5622318410806 4389826.568419987 3058.39371209557 2166.6666666666665
30000.0 40000.0 739.9768164062989 926.0023183593701 128.46333935247037 999.8979999999865 636.67529296875 74678.8377034062 1353.3564303875482 4082724.2622793824 2833.5105800522915 3000.0
40000.0 50000.0 639.2853554686881 850.9740585937557 302.34732102724126 999.9459999999963 150.5859375 74444.87030690833 1375.8212702955045 4259234.413359777 2952.1739026381238 3000.0
50000.0 60000.0 84.98083203122951 901.3653789062519 269.93495214883944 998.7640000000247 98.55810546875 76673.56318451423 1350.3741943768532 4067646.4363387674 2835.207930885365 3000.0
60000.0 70000.0 364.98720507806865 963.5012794921931 66.51481362530788 999.1749999999884 778.755894531263 80357.22911185124 1453.5753980522438 4295122.201518888 2993.3868610276204 3000.0
70000.0 80000.0 282.3689003906329 883.421009055397 293.6530276356014 998.664999999979 37.424099609372206 80334.06206588971 1414.2254017914413 4064653.413187002 2823.686234977274 3000.0
80000.0 90000.0 1821.416927734448 817.8583072265552 240.0329040614753 999.5939999999828 422.09600000001956 82384.1370794247 1412.5278304598603 4063125.5976503547 2819.1503219698156 3000.0
90000.0 100000.0 94.69608984375373 900.4821736505678 223.21404388078065 999.8470000000088 331.70692773436895 86911.11646999777 1514.8180396325463 4273827.386834887 2965.9396720889454 3000.0
100000.0 110000.0 708.0637363281567 844.7214785156222 319.57403031109766 999.6840000000084 44.42724609375 88991.99389896328 1486.6274049841331 4303473.36369483 3000.3844542805755 3000.0
110000.0 120000.0 1075.4982011718093 892.450179882819 265.94880708082775 999.9760000000242 155.696044921875 85583.72347709033 1473.751523077393 4204700.790940615 2933.9056584723303 3000.0
120000.0 130000.0 2238.3531269531813 776.1646873046818 333.98554710013525 999.505999999994 151.31591796875 83435.68206498782 1452.8713927011408 4074487.9086126788 2825.634214961818 3000.0
130000.0 140000.0 325.2049179687165 967.4795082031284 62.22740731195622 998.4519999999902 845.30908203125 89422.34700953608 1544.4038091449265 4244002.952266634 2947.985678226514 3000.0
140000.0 150000.0 1009.6076835936983 899.0392316406302 277.1208788047627 999.1780000000144 116.04931640625 83487.4883085483 1461.8568237634975 4018689.260838334 2792.081179042442 3000.0
150000.0 160000.0 439.463351562561 956.053664843744 67.34564299147374 999.7229999999981 832.56396484375 91949.30948331658 1559.6988409995977 4332059.796819736 3017.548480236983 3000.0
160000.0 170000.0 969.8987187500461 820.9182982954503 331.374255708721 999.7239999999874 158.17724609375 89305.09123485698 1549.5289251129727 4213953.172398391 2934.074094075179 3000.0
170000.0 180000.0 497.6259999999893 863.8521818181828 302.41509839559023 999.0599999999977 142.17724609375 88967.00388574076 1497.8495914133973 4232595.289492569 2937.880148628337 3000.0
180000.0 190000.0 589.45730859373 941.054269140627 121.58904728951198 999.179999999993 618.3359375 81296.37152707421 1403.3658532357563 4061032.550202584 2817.7745423515103 3000.0
190000.0 200000.0 736.248996093811 842.1591821732899 303.8471776900477 999.7770000000019 128.43994140625 86504.41015007035 1533.7705664905818 4314670.210729949 2999.362087207252 3000.0
200000.0 210000.0 224.69866796885617 977.5301332031144 55.91040291780389 999.1790000000037 819.3390585937304 86194.8238483103 1496.8716253965358 4095836.3891509953 2863.8651732887784 3000.0
210000.0 220000.0 32.75138671870809 906.1135102982993 294.87592890504465 999.8739999999525 17.541726562543772 87534.67837837752 1533.32867712607 4490651.020321055 3113.5617209278803 3000.0
220000.0 230000.0 978.7269218751462 820.1157343749867 365.78670575183025 999.7929999999469 33.602113281260245 90349.20511541147 1494.529287285478 4148794.8263840205 2886.7788594347594 3000.0
230000.0 240000.0 600.0367128906073 939.9963287109392 111.05343988192345 999.7020000000484 656.833251953125 84185.42487819413 1462.980442501793 4116793.8541249437 2854.243136489181 3000.0
240000.0 250000.0 2016.7932519530877 887.0229720052125 212.36217026439158 999.7369999999646 340.9267480468843 80455.19319009938 1352.2193666743199 3891286.6295374217 2696.8305783176984 2062.5
250000.0 260000.0 1161.6990839842474 883.8300916015753 311.5648732437329 999.609999999986 1.013916015625 89702.1429997873 1491.126215444908 4071655.0206230446 2838.186167781239 3000.0
260000.0 270000.0 84.59682421863545 991.5403175781364 12.334628089834334 999.7129999999888 962.9720839844085 85017.931395663 1490.4435357592008 4135095.7050167313 2873.45964877508 3000.0
270000.0 280000.0 963.9637773439754 821.457838423275 317.8732011242653 999.9590000000317 21.09190820308868 84558.81578553634 1477.0386481339942 4162503.3824751466 2886.645454709622 3000.0
280000.0 290000.0 636.0243417968741 851.2705143821023 301.3280190517163 999.3919999999925 135.52197265625 80062.16417963797 1391.6848617163723 3987371.9874285082 2761.414588194898 3000.0
290000.0 300000.0 636.8168730470352 851.1984660866332 306.2123354356754 999.3199999999488 32.777099609375 81461.10789618256 1375.330938491542 3996105.2106569507 2782.081152598139 3000.0
