ts te idle avg_span std_span max_span min_span c_bytes_all c_pkts_all s_bytes_all s_pkts_all video_rate
0.0 10000.0 7004.589886718721 748.8525283203198 496.1491191764179 999.6149999999907 4.64111328125 34682.354455575056 435.4650558565697 1450900.8227796396 1057.8603533346538 840.0
10000.0 20000.0 692.6212148438208 930.7378785156179 123.53808610894848 999.9619999999995 674.9208984375 73414.96539682997 1245.6489083320857 3598363.158784708 2502.7498268060813 3440.0
20000.0 30000.0 1154.5848984374898 884.541510156251 230.76413864050457 999.5760000000009 322.8181015625014 83061.68014759498 1486.8860358113448 4254638.018435652 2947.3898198592647 3650.0
30000.0 40000.0 1417.9170195313054 953.5647756076328 132.37213709417964 999.8310000000056 600.60498046875 65854.90136871209 1187.3233498574377 3372879.827254526 2357.4702210567825 2300.0
40000.0 50000.0 1593.7180078125675 840.6281992187432 270.3133435032058 999.914999999979 325.9670000000042 68792.6208694992 1183.834005280189 3302778.390233581 2312.4487454190707 2475.0
50000.0 60000.0 1104.2770527343964 889.5722947265604 228.07145307941371 999.5169999999925 301.7060273437528 65218.436440799334 1110.3302808821325 3061613.560246493 2147.075511942344 2300.0
60000.0 70000.0 3353.861041015596 738.4598843316004 356.31529693744375 999.0900000000256 51.34000000002561 64865.736804320026 1139.1774345239098 3242525.7056003762 2258.9379686926563 2300.0
70000.0 80000.0 3462.6546230468666 726.3717085503481 364.4726962689976 999.9340000000084 112.81099999998696 64198.95882412872 1097.2472159199303 3072168.1622865945 2143.082711849035 2300.0
80000.0 90000.0 215.5843671875773 889.4923302556748 235.0831784715831 999.9739999999874 245.04774414061103 77084.69048559296 1328.0948883808323 3814253.136422338 2660.106212616031 2300.0
90000.0 100000.0 160.6609062499483 894.4853721590956 221.93369242048414 999.9220000000205 327.91111132811056 82168.95725830294 1406.695978342583 4022974.6578234797 2807.09880920338 2562.5
100000.0 110000.0 2207.437677734357 865.8402580295159 205.75196055190474 999.4290000000037 398.4350175781292 64283.36416717489 1110.3861667808064 3148193.1739476537 2203.1212562103724 3000.0
110000.0 120000.0 1450.9842050781008 854.90157949219 248.87588826235964 999.5869999999995 305.4006953124772 87376.28873219842 1555.526557955837 4414397.344551414 3061.68324872748 3000.0
120000.0 130000.0 3004.0801249999786 777.3244305555579 367.3558718273924 999.8009999999776 77.41200000001118 69513.98760132723 1168.0927551172806 3471872.128826128 2402.03288631162 2600.0
130000.0 140000.0 1960.7149003906525 893.2538999565942 232.3596786288326 999.8410000000149 314.22502539062407 70393.01930239856 1204.0194572481873 3463888.6037204107 2406.4191764198586 2300.0
140000.0 150000.0 3966.0640214844025 670.4373309461776 439.26157223856256 999.255999999994 24.243000000016764 61973.77203673527 1044.20745541324 2795505.0368104256 1948.6706671469033 2300.0
150000.0 160000.0 2068.089156250062 793.1910843749938 364.3049070651676 999.4459999999963 4.659999999974389 74541.93170808678 1279.5834835971364 3636612.7503488446 2527.6446894637093 2300.0
160000.0 170000.0 1997.465974609484 800.2534025390516 361.2739542430133 999.2239999999874 28.09499999997206 70695.5591751944 1187.756051156148 3361978.8589381557 2340.150275801928 2300.0
170000.0 180000.0 890.1299218750792 910.987007812492 232.01011776672044 999.7469999999739 254.49507812497905 67440.77522552919 1146.7249195443496 3218787.662989579 2257.0576191388286 2300.0
180000.0 190000.0 2562.816001953208 929.647999755849 124.61457695689157 999.4560000000056 706.7069999999949 74930.22588233717 1259.7930574278234 3616554.849003738 2520.874252466117 2300.0
190000.0 200000.0 1923.3520351562183 807.6647964843781 346.83896219140627 999.0250000000233 92.23699999996461 78772.06963395701 1354.4417775092688 3868948.469029244 2692.918602124042 2650.0
200000.0 210000.0 2731.7649628905347 807.5816707899406 318.65202243873205 999.1679999999469 102.58903710939921 64605.70448370581 1090.7651650629077 3107395.681967018 2163.207145409841 2300.0
210000.0 220000.0 3210.6981093749637 848.6627363281295 330.4409558888629 999.9220000000205 63.04200000001583 66229.84962446979 1147.3830056737097 3378006.5555775343 2343.288233476869 2300.0
220000.0 230000.0 1998.3005820312537 800.1699417968746 359.17021818488644 999.8540000000503 25.429000000003725 73602.6985064367 1200.9504393527523 3357245.972315219 2341.1737756859525 2475.0
230000.0 240000.0 118.84628515620716 898.2867013494357 232.47169254954176 999.3950000000186 258.42569140624255 69736.53869870526 1184.0283037914123 3248803.5881310087 2269.654461927924 2300.0
240000.0 250000.0 3916.6610976563534 760.4173627929558 380.5661557981973 999.579000000027 25.11399999994319 52600.22624438681 880.3504468930705 2594765.8463198566 1806.4303562810633 2300.0
250000.0 260000.0 870.9549257811159 912.9045074218884 235.86499376023423 999.2759999999544 246.55807421880309 80687.68692600144 1422.2878042890552 4081779.0376563813 2843.453172628191 2300.0
260000.0 270000.0 3215.797886718763 848.0252641601546 334.0573549583352 999.5899999999674 49.5339999999851 70202.26492689559 1189.7786895803783 3392662.512075701 2360.8558446766933 2300.0
270000.0 280000.0 3049.8341113282368 772.2406542968625 375.03508685853427 999.935999999987 35.34299999999348 64303.558866361986 1077.1900338465557 3014643.1775705465 2104.081602177175 2300.0
280000.0 290000.0 286.43692578119226 883.0511885653461 242.69980095557585 999.8969999999972 250.97799804690294 87142.67989520346 1507.7758365231223 4145986.643015164 2895.935810184711 2562.5
290000.0 300000.0 3176.27106249996 852.966117187505 209.98069975064317 999.6450000000186 412.62392382812686 65808.3132830831 1140.8471026149864 3276290.463320914 2284.070058224987 3000.0
