ts te idle avg_span std_span max_span min_span c_bytes_all c_pkts_all s_bytes_all s_pkts_all videorate
0.0 10000.0 8482.568693359375 758.7156533203124 319.5081035718196 984.6419999999998 532.789306640625 11612.297628427488 109.22390544092231 315485.2664003677 279.10444048529416 1500.0
10000.0 20000.0 939.8123105468621 906.0187689453138 179.84438492555333 999.6229999999996 461.10869335937605 34954.34758189161 632.1383300043874 2016709.1049864795 1699.6200304053255 479.2
20000.0 30000.0 1035.6220449218745 814.9434504616478 322.09361350380937 996.2909999999974 71.60200390624959 22304.85327476011 560.1287223951243 932250.8241319 778.063363294692 729.6
30000.0 40000.0 2340.569851562497 851.0477942708336 230.2153446834729 997.836000000003 298.6050488281253 20445.719283010218 414.8025289854236 860772.703613107 747.4526838519583 288.0
40000.0 50000.0 2570.360837890599 742.96391621094 370.7478119057357 998.4780000000028 6.8070000000006985 14700.169685959874 322.9711080186428 978720.0347664726 844.53019690891 600.0
50000.0 60000.0 1252.539216796882 874.7460783203118 249.17679433752497 998.6919999999955 194.40973828124697 24518.192152549684 618.7449718647831 2202545.574305674 1819.465037243471 1728.5714285714287
60000.0 70000.0 869.9310449218756 830.0062686434659 356.97422389057533 998.3040000000037 0.0 29648.420393401022 792.9904332907164 2781995.491795999 2287.764247810349 2300.0
70000.0 80000.0 1239.7029999999795 973.3663333333357 72.81125678423719 999.1260000000038 779.25 38958.598762474874 1029.9171554635884 3756270.6655381047 3053.771651657212 2600.0
80000.0 90000.0 1391.546109374991 860.8453890625009 242.96088008005165 999.7690000000002 214.346000000005 37423.576731068286 1014.0838292553863 3716531.180634814 3024.5599512990602 3000.0
90000.0 100000.0 155.15061914062244 894.9863073508525 234.03851031122142 999.5359999999928 242.34910937500536 41258.39869036279 1095.9807598239445 4031085.664879942 3281.551921665035 3000.0
100000.0 110000.0 51.346242187486496 904.4230688920467 222.7994340164135 999.3150000000023 302.3147285156301 44855.91577170553 1159.5736835794792 4253249.207435382 3471.8160739642476 3000.0
110000.0 120000.0 125.45674414062523 897.6857505326705 216.00777717245967 999.9679999999935 329.9829707031313 41662.83581213161 1080.8304293455114 3912370.68511445 3196.509389819616 3000.0
120000.0 130000.0 184.0891894531087 892.3555282315356 221.8529217301138 999.7900000000081 358.3627148437372 38370.704268480324 980.2962668157599 3534134.3748262874 2894.926453101441 2766.6666666666665
130000.0 140000.0 69.6251289061911 902.761351917619 209.22096022520205 999.8030000000144 450.3169042968657 43467.30609772676 1131.4253727321864 4121532.9297713977 3341.157554182867 3000.0
140000.0 150000.0 1697.971990234364 830.2028009765636 325.36456038780597 999.7669999999925 34.50500000000466 39273.46580959322 1008.0554706641655 3644190.0107159 2967.222214251521 3000.0
150000.0 160000.0 169.71198437502608 893.6625468749976 242.94896500926072 999.9720000000088 193.40602343750652 46244.80992440318 1189.977710361395 4312314.110521497 3510.6994281757193 3000.0
160000.0 170000.0 1889.829064453108 811.0170935546892 341.39341439168504 999.9640000000072 116.62200000000303 39020.492324800915 1022.2908703227974 3731072.9019726133 3025.4483470115906 3000.0
170000.0 180000.0 254.20297851564828 885.9815474076684 265.10403213100756 998.7589999999909 151.6280722656229 45606.591733140405 1184.9538196071446 4308317.997376049 3525.8978741432597 3000.0
180000.0 190000.0 223.9438437500503 888.7323778409045 223.82162894242123 999.0599999999977 347.33705078123603 41876.93596694926 1074.6069312748905 3894319.817415152 3178.606708599758 3000.0
190000.0 200000.0 101.67999804692226 899.8472729048252 211.6968381592176 999.3940000000002 453.44689453125466 45779.76779765827 1190.3294612561008 4328348.4723087745 3514.5803134264106 3000.0
200000.0 210000.0 297.5160546874977 882.0439950284093 214.24108796179124 999.9469999999856 433.404052734375 43632.416520902945 1132.5666036594175 4136948.3394841044 3379.218349756429 3000.0
210000.0 220000.0 135.1249589843792 896.806821910511 211.66720565347592 999.880999999994 390.24609375 40636.56441633997 1060.229263377012 3850077.0597740747 3151.2957031606675 3000.0
220000.0 230000.0 147.6481289062649 895.6683519176123 231.207469476799 999.8949999999895 293.31396484375 40545.150015600535 1050.8712965364891 3811971.891335444 3118.413254072185 3000.0
230000.0 240000.0 47.75686523440527 904.7493758877813 229.36932681020843 999.8129999999946 266.277099609375 43411.94776135178 1127.1264394427433 4073095.787571529 3321.466698222296 3000.0
240000.0 250000.0 46.416181640699506 904.8712562144818 233.7201159957373 999.8420000000042 242.81591796875 45929.66952415016 1190.0188147676572 4242034.130455821 3448.2855300331194 3000.0
250000.0 260000.0 223.4149980468792 888.780454723011 267.58520607339216 999.2669999999925 112.742919921875 43361.65260040316 1121.9199951077912 4046792.210889683 3307.1873338743817 3000.0
260000.0 270000.0 204.5288222656236 890.4973797940343 278.25196609402917 999.4569999999949 62.22509765625 41768.26754169565 1085.0718453065294 3930510.0247558826 3216.6933586631535 3000.0
270000.0 280000.0 374.4970332031371 962.5502966796863 78.11415444370292 999.4830000000075 749.966064453125 41445.27992753586 1082.9379892099967 3939829.7042773496 3221.640625156681 3000.0
280000.0 290000.0 122.77316601556959 897.9297121804028 235.190836448571 998.6419999999925 249.30093554686755 44731.47133263538 1153.7755209093116 4213347.156436787 3433.828297681433 3000.0
