ts te idle avg_span std_span max_span min_span c_bytes_all c_pkts_all s_bytes_all s_pkts_all videorate
0.0 10000.0 0.0 0.0 0.0 0.0 0.0 0.0 0.0 0.0 0.0 0.0
10000.0 20000.0 5973.370007812453 671.1049986979245 361.8177150437617 998.329000000027 243.26600000000326 64492.827240619205 842.4443419487103 2325336.7335029375 1682.7157260977915 1038.0
20000.0 30000.0 1418.4120449218317 780.1443595525608 322.19077445759604 999.3630000000121 166.345947265625 84911.80456926288 1477.3964893234229 4098798.687709121 2852.634048498934 2437.5
30000.0 40000.0 1108.5220566406497 889.147794335935 276.9402709010873 999.9309999999823 115.31300000002375 73819.77131868471 1294.1944299857428 3769844.6644037757 2620.2505658347 3000.0
40000.0 50000.0 857.5268906250712 831.1339190340844 352.1580697223149 999.8169999999809 41.91610937501537 82398.5968714332 1489.9647387421242 4234791.914384166 2940.399659568575 3000.0
50000.0 60000.0 1106.0709511718596 988.2143387586823 28.750622627313337 999.7029999999795 911.800048828125 80184.20664727087 1446.3374379842198 4452553.1450552605 3093.8098511621274 3000.0
60000.0 70000.0 116.66105273430003 898.4853588423364 272.3708885788143 999.7299999999814 87.80695117189316 77270.19723382093 1398.5373611495272 4282590.00444052 2982.3284074724043 3000.0
70000.0 80000.0 403.89606835943414 872.3730846945969 265.31422171375266 999.8279999999795 146.0360039062216 84410.78569229464 1427.529167747922 4217683.833267611 2933.7397966721396 3000.0
80000.0 90000.0 1086.0159550781827 891.3984044921817 222.3779357889226 998.935999999987 336.11207226564875 78323.59688626975 1357.2983034345275 3947355.872130604 2746.310556765489 3000.0
90000.0 100000.0 1543.693035156175 845.6306964843825 300.78884643762063 999.640000000014 220.67300000000978 74834.527589324 1270.9949405800273 3831086.159489059 2674.970580314425 3000.0
100000.0 110000.0 65.4459804687067 903.1412745028448 272.7522357358342 999.9349999999977 87.1070625000284 97163.15792675214 1670.8930904637866 4909468.897226706 3401.89975711932 3000.0
110000.0 120000.0 58.76584570313571 903.7485594815331 265.4740841013243 999.9270000000251 114.3250429687323 81740.16154635098 1425.3556374296968 4250791.536201059 2956.6094029808846 3000.0
120000.0 130000.0 4702.564166015654 662.1794792480432 331.46387274828584 995.875 148.160888671875 47834.84225314077 812.2719887986734 2449827.8836366227 1706.9801237055508 2500.0
130000.0 140000.0 26.872048828110565 906.6479955610808 221.07779913422158 999.9739999999874 303.868896484375 102107.25671890493 1769.0332937224857 5401050.494589069 3736.7488591022247 5033.333333333333
140000.0 150000.0 37.147794921766035 905.713836825294 226.32480223420154 999.585000000021 282.4541015625 88488.21925887646 1711.0730497986262 5392599.24969255 3715.555884904512 8000.0
150000.0 160000.0 46.34210351569345 904.8779905894825 230.71646917313046 999.8040000000037 260.697998046875 95622.22901388984 1704.0492630483975 5122961.517459059 3552.446833865835 3566.6666666666665
160000.0 170000.0 808.1031152343494 835.6269895241501 311.3380947539191 999.9699999999721 150.5048828125 90882.15992907663 1593.669958574799 4618855.296016856 3204.8375424640785 2533.3333333333335
170000.0 180000.0 1169.6488320312928 883.0351167968707 187.64107661659187 999.8890000000247 470.34499999997206 86252.69674433483 1508.377573848776 4309272.283772866 2994.9915691672527 3000.0
180000.0 190000.0 728.4591523437994 842.8673497869273 297.1337148145531 999.9770000000135 165.0458984375 83049.0529100849 1447.2333377467592 4142672.8593384074 2876.880188255953 3000.0
190000.0 200000.0 35.608865234360565 905.8537395241491 256.4538766460461 999.9459999999963 147.634033203125 87345.44804905106 1486.7768758911786 4318144.469230852 3003.647781334712 3000.0
200000.0 210000.0 343.4821230468806 965.6517876953119 69.83684811941053 999.515000000014 795.4169667968526 81942.90306034841 1422.3156347514928 4092699.443912247 2848.434287205756 3000.0
210000.0 220000.0 1125.501984374947 806.7725468750049 354.6142532961423 999.6280000000261 116.15008984378073 85036.12310063849 1454.7207475302862 4077799.4697958226 2837.8626421525673 3000.0
220000.0 230000.0 577.5068320310675 942.2493167968933 112.76947078603051 999.9139999999898 646.74609375 77821.66302678111 1342.7770801669574 3897120.1883461564 2707.054836347054 3000.0
230000.0 240000.0 542.3460546873976 859.7867223011457 303.1331116618888 998.8379999999888 163.7900390625 83672.29766836179 1458.4247543981508 4221833.582389888 2927.034181203016 3000.0
240000.0 250000.0 2327.0549882813357 852.5494457465182 308.1916542367051 999.3149999999441 60.697999999974854 68034.27113366076 1135.7768242517907 3394697.278255182 2369.6490471364045 2142.8571428571427
250000.0 260000.0 49.4290195312351 904.5973618607968 240.70571996481223 999.9710000000196 212.01494921871927 84337.68584327737 1434.2860413753533 4085260.4280557036 2841.5920940168485 2785.714285714286
260000.0 270000.0 806.0437207033392 835.8142072087874 256.06426929644203 999.780999999959 239.31196874997113 86879.4929316469 1502.3973801797438 4279756.246682482 2972.1886637979705 3000.0
270000.0 280000.0 52.91531835938804 904.280425603692 218.66293775293354 999.9440000000177 334.20368945307564 84650.71519354593 1452.467692855796 4073231.8515617866 2828.29078787061 3000.0
280000.0 290000.0 552.3080761716701 858.8810839843936 301.57126068590304 999.7090000000317 148.513916015625 82976.64329029906 1432.2214110520601 4073281.98149915 2831.6363382166164 3000.0
290000.0 300000.0 330.48485546873417 966.9515144531266 52.06669861851049 999.9560000000056 851.2380839843536 86721.83466732077 1538.3653713438068 4399835.817254023 3070.256331413865 3000.0
