ts te idle avg_span std_span max_span min_span c_bytes_all c_pkts_all s_bytes_all s_pkts_all video_rate
0.0 10000.0 0.0 0.0 0.0 0.0 0.0 0.0 0.0 0.0 0.0 0.0
10000.0 20000.0 6261.9399101562485 747.6120179687503 368.820238476041 998.1549999999988 160.60099999999875 28850.85161983788 528.6612021446354 1780838.552601647 1478.7600413608225 1500.0
20000.0 30000.0 1380.661089843743 861.9338910156257 228.5228755971729 1000.0 396.4039101562521 41922.14838016212 1091.3387978553646 3854571.447398353 3158.2399586391775 1772.7272727272727
30000.0 40000.0 2352.0290449218737 849.7745505642363 295.94697749526125 999.9619999999995 119.19000000000233 32841.951906634415 871.9058988332348 2950578.32109141 2452.387470818685 1928.5714285714287
40000.0 50000.0 330.680882812514 879.0290106534078 253.78375195236885 999.0069999999978 229.47504492187727 34704.3918519321 932.8007873989442 3143865.7000922165 2619.020582008198 2375.0
50000.0 60000.0 376.01504882810696 874.9077228338084 250.64764590349947 999.9290000000037 300.3740234375 39696.31097508364 1093.5423193390855 3811380.8870702675 3123.8287543928973 3000.0
60000.0 70000.0 160.24814257811522 894.5228961292622 257.8432822833001 999.9290000000037 167.202880859375 44109.437003594205 1212.6808108978703 4292167.946610044 3511.862068195272 3000.0
70000.0 80000.0 74.41859765624395 902.3255820312505 255.34918325031384 999.5770000000048 147.165283203125 44557.137891812265 1177.2364826418407 4029431.671550317 3307.747943888924 3000.0
80000.0 90000.0 746.0831835937424 925.3916816406257 123.82747729549213 998.3329999999987 658.152099609375 40385.0214196362 1057.4888549349632 3661395.206091023 2989.9501007292192 3000.0
90000.0 100000.0 119.39615624998987 898.2367130681828 227.8174611541524 999.445000000007 338.5519003906229 42197.73027791452 1106.6742134609706 3809706.833348491 3139.4504256948544 3000.0
100000.0 110000.0 125.88903124998615 897.6464517045467 213.74374680908198 999.9229999999952 437.4250566406263 41121.98321650006 1065.6582102398502 3744511.946097068 3061.2215986388487 3000.0
110000.0 120000.0 85.87598632811569 901.2840012428986 209.07709140252695 999.4560000000056 462.14892578125 47744.54207679265 1259.5446843544316 4382206.5542823365 3573.8602579856597 3000.0
120000.0 130000.0 3342.5936621094006 832.1757922363249 254.10047888266266 999.4459999999963 340.895263671875 30655.00080066594 740.0133198927278 2577280.2186450795 2138.0950065263687 2111.1111111111113
130000.0 140000.0 572.6072636719036 942.7392736328096 120.48878743212013 999.5270000000019 658.1967363281292 53800.49257943401 1404.4544180060811 4874098.715121748 3944.575791121073 3370.909090909091
140000.0 150000.0 1858.88671875 904.5681423611111 181.91511448280374 999.9789999999921 575.86328125 34031.25957022625 872.7985591768534 3029706.38878776 2488.461396496706 2640.0
150000.0 160000.0 251.80918554691016 886.1991649502809 219.47473722179402 999.255999999994 359.41371875000186 44716.037585284816 1170.233285839452 4055912.6167723117 3306.973841812249 3000.0
160000.0 170000.0 1897.0591308593866 810.2940869140614 321.852480519052 999.2460000000137 67.9659999999858 41010.43873760198 1086.5423424673204 3716249.261679452 3019.7408804132083 3000.0
170000.0 180000.0 1648.2459667968797 835.1754033203121 277.0635664597833 999.9590000000026 341.2890351562528 40884.375378210796 1071.790707439592 3715836.837628549 3015.757240339118 3000.0
180000.0 190000.0 929.4560000000347 824.594909090906 279.228191403432 998.8340000000026 338.54400195312337 49850.234606239916 1273.1868927807207 4415933.187423044 3599.049304495002 2560.0
190000.0 200000.0 504.0770390625112 949.5922960937489 111.55812225602367 999.9100000000035 638.6640019531187 44925.629432032445 1190.4826557979059 4165685.725486628 3387.2433292744927 3000.0
200000.0 210000.0 2224.242646484374 777.5757353515626 324.1084624781622 999.68299999999 53.262041015637806 38776.83619482925 1014.7547584270745 3486533.978281683 2829.3382091857206 3000.0
210000.0 220000.0 235.08602148442878 887.7194525923246 220.80009915412302 999.1030000000028 348.16368749999674 47987.67987537824 1273.1731699947243 4321683.415913437 3525.5410314306737 3000.0
220000.0 230000.0 2071.9173632812162 792.8082636718784 343.39751112893515 999.3910000000033 13.670000000012806 38890.5617323474 1012.9248737062765 3413544.537107022 2786.001702169838 2600.0
230000.0 240000.0 1403.5579277343932 859.6442072265606 228.6854747971542 999.69200000001 443.00907226561685 43562.946887848906 1147.1127543700804 3976586.050920114 3242.8930643829913 3000.0
240000.0 250000.0 2524.6389999999956 934.4201250000006 131.30498927572327 999.2080000000133 618.2019999999902 32109.0 807.0 2761068.0 2281.0 2000.0
250000.0 260000.0 1176.547880859347 882.3452119140653 258.2137830096209 999.7810000000172 220.60100000002421 41611.47821662967 1075.3855280588364 3700037.690211067 3024.7066125153815 2785.714285714286
260000.0 270000.0 135.0981953124865 896.8092549715922 223.96470070382244 999.7530000000261 358.3728808593587 46496.963318445516 1222.0144763828353 4265723.044808685 3484.1761578221317 3000.0
270000.0 280000.0 239.60193359374534 887.3089151278414 244.8885024821732 999.6120000000228 350.114990234375 44783.17838713716 1171.658550289623 4144702.1208329652 3378.8373472642606 3000.0
280000.0 290000.0 316.4518808593857 880.3225562855104 230.326610243238 999.0509999999776 267.162109375 43348.81882019199 1119.992887538711 3866191.7500861324 3145.193051177664 3000.0
290000.0 300000.0 555.9878203125554 944.4012179687445 90.06698009415337 999.9419999999809 727.8968906250084 46763.643545776235 1237.0246897014347 4320991.701767691 3530.7455696629972 3000.0
