ts te idle avg_span std_span max_span min_span c_bytes_all c_pkts_all s_bytes_all s_pkts_all video_rate
0.0 10000.0 0.0 0.0 0.0 0.0 0.0 0.0 0.0 0.0 0.0 0.0
10000.0 20000.0 6096.0140351562295 780.7971929687541 358.96344904944135 999.1469999999972 152.18599999998696 51477.155279535036 717.7151305160116 2243873.8803097564 1572.9844688986357 1500.0
20000.0 30000.0 844.4470429687644 832.3229960937487 317.3205066297156 999.710000000021 62.522035156260245 87759.55857139202 1485.0750755006784 4439722.08855679 3103.271708006699 2100.0
30000.0 40000.0 85.10002539056586 901.3545431463122 221.80841400996852 999.9510000000009 301.2820781249902 81399.82059196303 1405.0437686993018 4165679.082092054 2907.5843919824215 3000.0
40000.0 50000.0 1510.381896484294 848.9618103515706 250.05777516656156 999.7540000000154 328.43010351562407 83944.4655571099 1484.166025284008 4450860.949041399 3088.1594311122435 3000.0
50000.0 60000.0 520.2590097656357 947.9740990234365 156.31854450148109 998.9270000000251 503.114990234375 75751.83567356439 1345.1917518472656 4060058.609175319 2816.9325957611113 3000.0
60000.0 70000.0 516.1779023437412 862.165645241478 320.09645357904765 999.6790000000037 11.215087890625 75494.74899907163 1350.5729964589932 4192142.804367523 2909.8217095528403 3000.0
70000.0 80000.0 559.0760214843904 944.0923978515609 114.41267085842676 999.4479999999749 675.51806640625 80405.51014281053 1428.6747391821127 4199649.5609559985 2919.396338317324 3000.0
80000.0 90000.0 826.2500937500154 833.9772642045441 336.0756062454403 999.9230000000098 26.02197265625 77159.96753461027 1335.9583930099936 3974510.9902793993 2761.6971632885125 3000.0
90000.0 100000.0 538.1289277343894 946.187107226561 151.89877914124213 999.4629999999888 514.446044921875 84507.12293003433 1501.63641439571 4343507.687388078 3013.9711254801377 3000.0
100000.0 110000.0 998.7087695312221 818.2992027698889 318.6027651534168 999.375 36.707275390625 82178.1833694473 1424.6963689876004 4112463.0443610996 2862.194089124219 3000.0
110000.0 120000.0 821.2810136718908 917.8718986328109 162.43897199112 999.920999999973 554.6739999999991 91904.10350286482 1507.5752012583873 4385268.946196549 3058.8179646027415 3000.0
120000.0 130000.0 2592.269357421901 823.0811825086777 275.07969619996527 999.3759999999893 322.2897382812225 66864.51505944101 1079.246182797911 3234153.223495661 2258.7752132034134 1897.5
130000.0 140000.0 852.6649042968056 914.7335095703195 246.30931227717784 998.7760000000126 214.5140957031399 85432.01278815573 1470.447952062026 4128067.1337803723 2867.3938006697003 2691.4285714285716
140000.0 150000.0 557.6720136717777 944.2327986328222 160.15777894779248 999.9729999999981 489.510986328125 80432.51197309389 1405.9673443378272 3915037.4345738227 2719.3027381881825 3000.0
150000.0 160000.0 502.9959140624851 863.3640078125013 315.4355898805604 999.7829999999958 20.424072265625 90361.50178860732 1568.0379527078283 4185694.8330438337 2908.6261151470944 3000.0
160000.0 170000.0 655.2810898437747 934.4718910156225 130.57510281290612 999.9330000000191 654.156982421875 93909.98442448316 1644.975004267218 4600635.481264401 3195.0289300626555 3000.0
170000.0 180000.0 1063.755994140578 893.6244005859422 237.40368264831724 999.0439999999944 286.0280175781227 84919.90614734645 1418.1289230778007 4024586.538136373 2799.9713750562546 3000.0
180000.0 190000.0 1622.70174023445 837.729825976555 279.5271534456202 999.8499999999767 208.483011718723 81669.1234842062 1411.1885042055235 3978522.707689078 2762.8626627003496 3000.0
190000.0 200000.0 1131.592359375034 886.8407640624966 204.26243882068064 999.7619999999879 486.7337519531138 86648.3395771686 1463.4491576337246 4157887.1631285856 2889.6386728627886 3000.0
200000.0 210000.0 605.3409414061462 854.0599144176231 314.7756215241077 999.6850000000559 31.345947265625 85771.97991760579 1494.2170501269736 4182394.127301636 2917.90988993889 3000.0
210000.0 220000.0 41.90305273456033 905.2815406604946 295.4778864940257 999.8649999999907 14.81689453125 89567.53266615268 1537.7999902773556 4548693.264716796 3164.904416584684 3000.0
220000.0 230000.0 471.13385937490966 952.886614062509 106.75022664202851 999.3689999999478 669.68603515625 81660.99130012906 1421.9852794971343 4129632.14475102 2867.2536117218724 3000.0
230000.0 240000.0 386.6021249999758 873.9452613636386 237.32318616022178 999.5770000000484 329.0869648437947 83495.79384169147 1437.7112675902363 4235153.5005691955 2943.767259158065 3000.0
240000.0 250000.0 2204.176880859304 866.2025687934106 216.41597822657525 999.7970000000205 494.28208984376397 67217.85762927773 1106.9185811547775 3198365.90300409 2226.5875455648174 1928.5714285714287
250000.0 260000.0 1226.1101113280747 797.6263535156296 340.5294952833968 998.64300000004 11.56591796875 80771.00010847642 1333.9371338840872 3777681.107816522 2637.285353794505 2785.714285714286
260000.0 270000.0 740.594035156304 925.9405964843696 152.68816084662413 999.1419999999925 518.0048828125 86255.86774723307 1459.6472867986413 4139039.916034722 2875.2235814554742 3000.0
270000.0 280000.0 769.2629570312565 839.1579129971585 314.4112933096901 999.4679999999935 33.14892578125 84595.80848068018 1472.3763476174063 4281180.773371499 2976.1134926033783 3000.0
280000.0 290000.0 1185.7368046876509 881.4263195312349 212.5575999612361 999.6829999999609 438.2709999999497 83871.48407702068 1486.0984321164165 4352872.1525236685 3020.8892308661684 3000.0
290000.0 300000.0 926.5008125001332 824.8635624999879 374.9890534301631 999.8939999999711 3.09130859375 86577.26230923747 1481.79331403464 4295701.851882098 2984.1879026897127 3000.0
