ts te idle avg_span std_span max_span min_span c_bytes_all c_pkts_all s_bytes_all s_pkts_all videorate
0.0 10000.0 0.0 0.0 0.0 0.0 0.0 0.0 0.0 0.0 0.0 0.0
10000.0 20000.0 5347.389033203188 930.5221933593624 111.17540366530437 999.4529999999795 742.7619999999879 55351.040632130746 793.5193695820253 2432075.5616875803 1695.7214612173416 1500.0
20000.0 30000.0 950.6769843749935 822.6657286931824 361.5219815746381 999.5100000000093 84.97003320313524 88171.97874712951 1453.2173748370462 4294685.277409928 2999.2233315495373 2100.0
30000.0 40000.0 33.38401367183542 906.0559987571058 261.00512861862853 999.484999999986 130.6510175781441 81507.37144372922 1456.1632716514541 4219474.290568988 2929.3752415169097 3000.0
40000.0 50000.0 1756.6089296874707 824.339107031253 275.402206857614 999.3620000000228 144.1380312499823 79180.77159509793 1406.411457156806 4125026.280640623 2870.2269905032485 3000.0
50000.0 60000.0 645.1420214844402 850.4416344105055 314.3291721012125 999.3439999999828 58.218017578125 86431.00997898095 1465.1451189564928 4055873.849451265 2822.892227589053 3000.0
60000.0 70000.0 43.92107617185684 905.0980839843767 288.587333182618 999.8890000000247 36.68994140625 88325.64492193061 1608.0791429207945 4596631.433465826 3199.4304746233 3000.0
70000.0 80000.0 698.3090117187821 930.1690988281218 111.64704592753307 999.5069999999832 723.429999999993 85695.73594491517 1489.6552157018689 4114656.7340213386 2859.4742311587015 3000.0
80000.0 90000.0 66.16692968743155 903.0757336647789 251.07859046244158 999.2519999999786 172.9630703125149 88908.44673608585 1508.8090491935118 4262293.57275445 2967.656041841908 3000.0
90000.0 100000.0 479.87103710940573 952.0128962890594 145.08722329077003 999.7229999999981 539.136962890625 83333.94123233164 1374.1859422105717 3898252.7217617705 2707.911920003243 3000.0
100000.0 110000.0 646.699037109327 850.3000875355157 309.26569396169805 999.7160000000149 52.89892578125 89823.19302476005 1558.6786394226638 4363247.075125323 3043.486700442414 3000.0
110000.0 120000.0 599.7496640625177 940.0250335937483 111.66200893409436 999.9330000000191 692.59326171875 88501.74031282275 1515.7251086114657 4080344.729331152 2844.295960185633 3000.0
120000.0 130000.0 1294.8952695312328 791.3731573153425 345.39233733762615 999.8859999999986 95.5419921875 89805.8496468747 1568.2685768021856 4316091.165532603 2995.581490799854 3000.0
130000.0 140000.0 1093.5249042968499 890.647509570315 197.22751383832153 999.689000000013 459.86000781250186 85170.9187879632 1482.4155734370752 4136289.897707158 2871.1005921283027 3000.0
140000.0 150000.0 57.10209374997066 903.8998096590935 211.8788238591728 999.8400000000256 400.7279121094034 86111.34632530129 1509.3598055903974 4279059.804975757 2972.91492787552 3000.0
150000.0 160000.0 616.0196992187994 853.0891182528364 304.402588918646 999.6469999999972 89.727294921875 81449.28303572122 1425.5664017566494 4123852.111026712 2868.638508744425 3000.0
160000.0 170000.0 362.75401367188897 963.7245986328111 56.498545223037816 999.1620000000112 827.61328125 86902.2021674501 1507.3647248654918 4309782.361126653 3004.7803852901934 3000.0
170000.0 180000.0 65.52428906253772 903.1341555397693 251.00403988993634 998.99099999998 169.4677187500056 88242.75453192978 1535.4363376140336 4406708.192782177 3055.084659929099 3000.0
180000.0 190000.0 487.09390429692576 864.8096450639158 259.5100082321922 999.4409999999916 206.57900781248463 83566.81483457118 1371.3324335835384 3958995.4590871576 2754.6343678741196 3000.0
190000.0 200000.0 655.0030917968252 849.5451734730159 304.74248842309555 999.8360000000102 90.64599609375 83734.63837800696 1482.6330581181423 4219512.928407137 2930.8598378695174 3000.0
200000.0 210000.0 477.85409375012387 865.6496278408978 296.26935797636133 999.2859999999637 64.27490234375 90027.92612881205 1540.9443606263123 4373043.0825807415 3036.270930844141 3000.0
210000.0 220000.0 383.3139550780179 961.6686044921983 58.511207035441345 999.670999999973 823.095947265625 84882.87049748244 1464.2825121585718 4266927.934339404 2972.122544310885 3000.0
220000.0 230000.0 206.45294921880122 890.3224591619272 257.34800425243697 999.9790000000503 176.27605273434892 90491.14529625744 1476.4714246803005 4262652.059268685 2968.474345868507 3000.0
230000.0 240000.0 425.3110546874814 870.4262677556835 232.36007865372736 999.7410000000382 339.4950019530952 82969.99718074831 1414.5999727669757 4096446.4617565246 2841.6757821151677 3000.0
240000.0 250000.0 1747.6928515625186 825.2307148437482 283.9230416898468 999.85699999996 309.8170000000391 77868.60197710904 1340.420840111295 3820466.2639632896 2648.700274900966 3000.0
250000.0 260000.0 81.04007812496275 901.723629261367 210.1332476264279 999.7360000000335 459.5429082030896 96577.28089620301 1676.8433813624565 4646863.841109049 3229.8965314974057 3000.0
260000.0 270000.0 1210.886992187472 878.9113007812527 172.08408923297588 999.7610000000568 504.8829863280989 78724.97198818935 1365.7616849980536 4002966.10894345 2786.404021046579 3000.0
270000.0 280000.0 52.65198632818647 904.3043648792558 263.1696605900033 999.6369999999879 124.47997851565015 88086.02555355628 1543.5091324187638 4426721.684315663 3066.312832007091 3000.0
280000.0 290000.0 493.050150390598 864.2681681463092 270.5547813428304 999.655999999959 163.54396484373137 83916.3099268624 1472.560855191663 4114983.968908128 2854.5749189201524 3000.0
290000.0 300000.0 640.7869804687798 850.8375472301109 309.66349445136717 999.4009999999544 65.576904296875 80031.58894847722 1424.448034793723 3953974.840451377 2746.613971180096 3000.0
