ts te idle avg_span std_span max_span min_span c_bytes_all c_pkts_all s_bytes_all s_pkts_all videorate
0.0 10000.0 0.0 0.0 0.0 0.0 0.0 0.0 0.0 0.0 0.0 0.0
10000.0 20000.0 7688.904035156251 577.7739912109373 483.9477184112882 999.3869999999988 89.68896484375 18840.722942406257 303.92201062600054 956194.1946085127 817.6636698020997 1500.0
20000.0 30000.0 918.1948457031249 908.1805154296875 185.1843247454205 999.989999999998 413.922119140625 47372.325652987565 1214.993741181725 4434288.000879553 3616.5699428377184 1875.0
30000.0 40000.0 475.13807812499726 865.896538352273 276.27243581711485 999.9279999999999 121.842041015625 43286.39959074487 1210.368497852139 4308532.888127038 3501.4472440911327 3000.0
40000.0 50000.0 433.2171445312415 956.6782855468758 57.05345358159272 999.5610000000015 856.868896484375 44435.28447668641 1228.3399635737558 4377987.506757353 3568.403201479488 3000.0
50000.0 60000.0 711.8767890624949 844.374837357955 284.4452741578877 999.6530000000057 132.16010351562727 40088.58865626187 1108.3443552753656 3892897.896782922 3168.891439076194 3000.0
60000.0 70000.0 55.39022460936394 904.0554341264215 208.13844558098077 999.8790000000008 445.3798828125 42417.643861420045 1142.9622170545838 4040902.1517013987 3304.924715030383 3000.0
70000.0 80000.0 414.2988691406499 871.4273755326682 247.99302550915732 998.8429999999935 248.864013671875 42971.357448828014 1126.2283718607614 3926701.5943147056 3219.3251473379382 3000.0
80000.0 90000.0 898.52110156251 827.4071725852264 315.5467624030753 999.9020000000019 116.909912109375 43184.671843501674 1127.4366429969282 4025280.2600737307 3284.4408758145764 3000.0
90000.0 100000.0 873.1120097656094 912.6887990234391 139.30084829475211 999.127999999997 579.5339999999997 41748.34290182706 1096.7533799244018 3801709.1887676995 3096.1668071427202 3000.0
100000.0 110000.0 1023.400966796893 816.0544575639188 299.11180727060633 999.8249999999971 115.87709765625186 44991.83462891972 1179.5577891042362 4074270.880915306 3320.4724361134035 3000.0
110000.0 120000.0 384.16465625002456 874.166849431816 288.27402281115445 999.9089999999997 123.811279296875 43758.184706737535 1166.981454273159 4034302.6418949002 3294.6162295364147 3000.0
120000.0 130000.0 434.38529296877095 869.601337002839 301.3597454043511 999.7019999999902 2.760986328125 44881.34782201993 1169.5351066700478 4029726.4491915293 3297.285214949651 3000.0
130000.0 140000.0 659.1698671875056 934.0830132812495 177.87321375104534 999.9349999999977 429.172119140625 43411.78109292789 1148.787162040547 3924768.4932234245 3201.265879354142 3000.0
140000.0 150000.0 541.2761074218433 945.8723892578157 133.41752656243264 999.2250000000058 569.0428808593715 45870.07795715957 1216.6371113657303 4202569.780198445 3425.718208432346 3000.0
150000.0 160000.0 585.3939687499951 855.8732755681823 313.455814485903 999.5929999999935 40.349988281261176 41564.87668212342 1085.479997115045 3724135.7015457796 3039.616897466054 3000.0
160000.0 170000.0 51.871962890640134 904.3752761008509 207.40930405301657 999.8209999999963 440.507080078125 44810.054844627644 1185.6598846753175 4058540.922099063 3318.2248233845 3000.0
170000.0 180000.0 915.4119902344246 825.8716372514159 310.8325419499009 999.0950000000012 106.64208984375 41117.7157888938 1064.7796793127752 3655496.0285591786 2993.9475799016004 3000.0
180000.0 190000.0 49.65718554687919 904.5766194957382 275.3786383599378 999.5489999999991 80.326904296875 45049.52405197218 1187.1086883939845 4157839.564438305 3391.6688042501837 3000.0
190000.0 200000.0 660.1967851562658 933.9803214843735 118.27979285941433 997.5629999999946 636.8390000000072 45259.37731788844 1196.3603054089492 4166302.7274059495 3391.9989564665307 3000.0
200000.0 210000.0 889.5888203125214 828.2191981534071 305.37919193890474 999.4409999999916 83.59488085936755 43582.5566564422 1137.5527213510852 3966227.070168662 3241.3418271786027 3000.0
210000.0 220000.0 504.723218750034 863.2069801136332 282.1075048625944 998.9139999999898 120.757080078125 42537.65649246859 1124.5078355277456 3894854.16193539 3184.810404393116 3000.0
220000.0 230000.0 1056.7230351562903 894.327696484371 192.2715966377036 999.9290000000037 472.946044921875 43438.56432067224 1127.7400609361528 3905698.4162061294 3189.099780248483 3000.0
230000.0 240000.0 726.9691250000324 927.3030874999968 156.85725103719713 999.5190000000002 523.3119550781266 38921.444746206806 1016.8830510889334 3541004.0179129136 2887.2270524921187 3000.0
240000.0 250000.0 1942.5609238281322 732.4944614701698 434.67658742502965 999.8449999999721 20.379080078128027 33265.89652309157 823.2042362267521 2804140.8339312472 2314.4409212187265 1928.5714285714287
250000.0 260000.0 119.23605273431167 898.2512679332444 295.2374720077543 999.7860000000219 12.366943359375 38494.80529294975 983.4380048047904 3330358.957457273 2740.684784413249 2700.0
260000.0 270000.0 126.0248925780761 987.3975107421924 20.165271959322276 999.5380000000005 932.10205078125 44773.71209367197 1172.8828219132006 3950220.466240374 3239.224081085525 3000.0
270000.0 280000.0 647.5050742187886 850.2268114346556 306.7220571828036 999.8869999999879 66.85694921872346 46133.402286523655 1208.5702120066105 4174807.103688856 3396.6431606487317 3000.0
280000.0 290000.0 1016.1969414062914 898.3803058593709 174.6419824239835 999.9249999999884 536.4560234374949 43398.28568682247 1140.1534412104677 3910776.563063164 3181.8699379822956 3000.0
290000.0 300000.0 74.40196874999674 902.3270937500002 278.9074804257927 999.8869999999879 68.95196484372718 45551.4137984827 1200.3410994688188 4105483.9143583747 3340.081896583511 3000.0
