ts te idle avg_span std_span max_span min_span c_bytes_all c_pkts_all s_bytes_all s_pkts_all video_rate
0.0 10000.0 6539.563033203129 865.1092416992178 257.3191076030002 998.265000000014 479.240966796875 41056.26445602573 508.6034293661036 1740560.7227164642 1243.05627620353 1028.5714285714287
10000.0 20000.0 3283.452052734443 746.2831052517286 328.1013915153396 999.9189999999944 308.92503320315154 57096.21372250592 845.7784623171781 2978012.334841562 2074.4251683956613 1984.0
20000.0 30000.0 51.12503125012154 904.4431789772617 224.59966150530119 999.8769999999786 289.3798828125 76628.1919916344 1435.3541617054652 4864860.658283003 3361.185940593377 3000.0
30000.0 40000.0 1147.536587890645 885.2463412109355 225.98543126849398 999.8609999999753 295.727294921875 67687.2769155834 1210.9401452951915 3950052.470448542 2750.1984941823002 3000.0
40000.0 50000.0 230.1163906250731 888.1712372159025 257.19247882371604 999.9230000000098 160.451904296875 74045.97949257253 1314.5187126759438 4238708.136574964 2944.948392570403 3000.0
50000.0 60000.0 2135.0379375000484 873.8846736111058 216.31407691114634 999.2170000000042 355.115966796875 68896.3418253761 1247.4893650723752 4063587.9439657014 2820.2165242871984 2800.0
60000.0 70000.0 2576.2739667968126 824.8584481336875 326.0468160157766 999.8080000000191 27.85800000000745 64529.73159630191 1097.3157235677425 3437942.7331697643 2394.9692037675304 2766.6666666666665
70000.0 80000.0 705.7100722656469 929.4289927734353 212.84572469763697 999.9890000000014 323.825927734375 82905.0308790633 1442.4085328876477 4797409.956674792 3325.760218379692 3000.0
80000.0 90000.0 1196.359999999986 880.3640000000014 218.23027193932504 999.3769999999786 351.700927734375 76780.6803995118 1336.3060410030378 4299838.520136175 2983.43776840472 3000.0
90000.0 100000.0 132.48201562510803 897.0470894886265 228.84608879946717 999.1130000000121 282.659912109375 77421.30192116463 1359.9906650763194 4392029.633184661 3053.4509118389983 3000.0
100000.0 110000.0 150.10400585929165 895.4450903764281 246.1244067338419 999.7380000000121 203.75390625 71589.48248274579 1242.8800092982924 4040544.7169813537 2813.6052208270426 3000.0
110000.0 120000.0 249.09282617195277 886.4461067116407 274.2129410257497 999.9880000000121 79.382080078125 69130.80232123609 1200.622607495795 3801232.706821987 2651.6288167972934 3000.0
120000.0 130000.0 1789.977083984355 912.2247684461828 151.881349414953 999.7710000000079 609.6670000000158 68133.25618649457 1164.547173391478 3808921.426419736 2645.853950955217 3000.0
130000.0 140000.0 464.46900585939875 866.8664540127819 275.913849750641 999.7480000000214 307.7390039062593 79459.56681832726 1392.7597007652753 4520920.2522577625 3134.728231392997 3000.0
140000.0 150000.0 159.8249609374907 894.5613671875009 232.8522223578908 999.7270000000135 250.280029296875 67462.52875191376 1189.4320908087611 4051081.950207646 2813.566810840476 3000.0
150000.0 160000.0 1256.4860820312751 874.3513917968725 220.86350255744426 999.3159999999916 349.970947265625 74195.51082370788 1279.4458542011403 4234865.2215978075 2940.1110058002223 3000.0
160000.0 170000.0 135.199951171875 896.8000044389205 240.59562995029603 999.0300000000279 247.02099609375 84463.31874928041 1471.7042575363691 4513611.0263968045 3137.568258091862 3000.0
170000.0 180000.0 69.76191601558821 902.7489167258556 240.51052858187794 999.9839999999967 212.007080078125 79589.96189826356 1367.0090664049405 4265170.782526228 2965.013170399701 3000.0
180000.0 190000.0 2024.9980800781632 886.1113244357597 175.0080642740351 999.5279999999912 475.26699999999255 74082.55876829092 1237.8940011309437 3891025.8067950485 2698.2756362717782 3000.0
190000.0 200000.0 758.2939003905049 924.1706099609495 224.8081570320763 999.8220000000438 284.527099609375 73223.77074403244 1267.8686083091377 4049404.107265448 2812.25680357018 3000.0
200000.0 210000.0 1361.0800996093312 959.8799889322966 93.1263189166165 999.5520000000251 714.4429003905971 67783.22925596756 1190.1313916908623 3795851.892734552 2642.74319642982 3000.0
210000.0 220000.0 2447.489982421859 839.1677797309045 314.64919942645383 999.5039999999572 226.5219999999972 66752.52533727368 1111.474450592825 3758515.3533333144 2612.0693145563146 2400.0
220000.0 230000.0 1985.6281249999302 801.437187500007 347.99314357190815 999.9449999999488 31.474000000045635 66833.1926228165 1113.8399284506372 3658936.9469202305 2541.353757243648 2800.0
230000.0 240000.0 1388.570789062418 861.1429210937582 233.31361465148754 999.2110000000102 354.256103515625 75796.96320556458 1330.1769268287662 4458174.407953317 3087.2391163395228 3000.0
240000.0 250000.0 1991.0322109374683 800.8967789062532 342.0268902027644 999.5339999999851 48.582000000053085 68087.54905345128 1169.6581434840507 3804213.9454749813 2640.6290816183655 3000.0
250000.0 260000.0 1241.1729101561941 875.8827089843805 227.74593859512123 999.9919999999693 325.531982421875 74842.37376928129 1328.4449670042022 4341774.189117098 3002.378732169796 3000.0
260000.0 270000.0 1967.1896796874935 803.2810320312507 347.83587877665997 999.6829999999609 26.961000000010245 66292.40502130322 1119.2649284303839 3736258.1278029024 2591.7718476966797 3000.0
270000.0 280000.0 80.49001171882264 901.7736352982888 226.90910184801828 999.7439999999478 299.373291015625 79103.12003023396 1405.9631331704377 4635265.857384532 3212.380628336976 3000.0
280000.0 290000.0 85.62334765633568 901.3069683948786 233.0562212342942 999.9309999999823 257.241943359375 73476.8484816245 1288.1820148041404 4332087.399767213 3009.701383056457 3000.0
290000.0 300000.0 3256.431953124935 749.2853385416739 358.3536255573075 999.5820000000531 0.43999999994412065 56947.47573602609 987.9164820918957 3353975.225622991 2330.198152621989 3000.0
