ts te idle avg_span std_span max_span min_span c_bytes_all c_pkts_all s_bytes_all s_pkts_all videorate
0.0 10000.0 7352.535025390622 882.4883248697928 197.81268716620937 996.8460000000196 654.073974609375 31408.736710479105 361.922934865254 1018218.0465654269 745.8366817051032 582.8571428571429
10000.0 20000.0 404.6520488281385 872.304359197442 239.18689321517724 999.945000000007 331.5650253906497 52887.614415724536 764.1830955271386 1810114.5223105773 1276.1569941916223 820.0
20000.0 30000.0 3183.4489257812966 852.0688842773379 180.5699986931416 996.060999999987 540.7420742187533 40107.64887379636 536.8939696076075 1327736.4311239957 956.0063241032744 680.0
30000.0 40000.0 5633.90002929687 873.2199941406259 103.56041586069274 947.4550000000163 694.344970703125 45898.12006164272 701.0941778700585 2103734.938971313 1478.7364079204767 1728.5714285714287
40000.0 50000.0 2439.2669707030873 756.0733029296913 392.8281275900165 999.8589999999967 83.59999999997672 73399.87993835728 1251.9058221299415 3661183.061028687 2561.2635920795233 2500.0
50000.0 60000.0 1612.981000000087 931.8909999999903 198.49831617294527 999.6639999999898 402.579000000027 72105.0 1297.0 3992786.0 2764.0 3000.0
60000.0 70000.0 2640.359935546876 919.9550080566405 146.47975346853676 999.9789999999921 674.9980000000214 71865.82713336703 1266.3319388286877 3936507.847335221 2724.595902701296 3000.0
70000.0 80000.0 190.607957031345 891.7629129971505 224.5645340446697 998.9469999999856 306.66593554685824 70984.91353250612 1321.460138843349 4297050.258144654 2986.9971451498577 3000.0
80000.0 90000.0 1269.0598203124246 873.0940179687575 217.54307708437668 999.3420000000042 384.4558925781166 67485.86552826405 1214.1041320479383 3844794.8477942124 2669.093934594733 3000.0
90000.0 100000.0 118.37734765623463 898.3293320312514 211.6551620395048 999.9000000000233 371.9327128906152 83396.02147705301 1447.808671312001 4521714.630058873 3136.50204152842 3000.0
100000.0 110000.0 1486.6389687499614 851.3361031250039 227.09574056479767 999.7060000000056 400.7450605468475 71867.8759691995 1255.2679217456136 3937674.6287519904 2735.409606938193 3000.0
110000.0 120000.0 65.48208593745949 903.1379921875036 213.12769606923322 999.5079999999725 373.5440292968997 81692.57829231003 1447.4757387035233 4542037.729898496 3161.036315357091 3000.0
120000.0 130000.0 623.7219023437356 852.3889179687513 266.94668277013096 998.5659999999916 249.531982421875 79142.38378952107 1392.8348035515687 4311370.780192771 2992.6343676218726 3000.0
130000.0 140000.0 1102.6488691406557 889.7351130859345 224.18424856708012 999.8960000000079 346.13201757811476 69175.05609091543 1211.9964127414617 3933258.933380895 2738.3944968251153 3000.0
140000.0 150000.0 134.36313281254843 896.8760788352229 218.85854370304824 999.8919999999925 378.7788867187337 71823.82830148553 1279.0799644292995 4168905.854183196 2895.3868721098165 3000.0
150000.0 160000.0 1963.456019531237 803.6543980468763 339.96239845568283 998.375 5.5609999999869615 67177.70576187903 1163.844487585194 3701133.9227470937 2572.3880222300227 3000.0
160000.0 170000.0 27.418013671878725 906.5983623934655 212.9589916392605 999.8520000000135 370.6530390625121 77544.71343641866 1367.8916650905805 4459798.577517276 3098.786508445426 3000.0
170000.0 180000.0 540.1689707032056 859.9846390269813 255.71160231838132 999.5019999999786 315.5009765625 76582.65545469614 1350.6296113821568 4300823.629380744 2992.2395433755373 3000.0
180000.0 190000.0 1162.0540937500773 883.7945906249922 252.4179547891728 999.6350000000093 246.2500234374893 67385.10244296753 1161.1951743042764 3572377.944493977 2495.1463249509948 3000.0
190000.0 200000.0 135.4319999999134 896.778909090917 221.1734889152381 999.4860000000335 374.0161171874497 90776.55145679733 1562.2933144477336 4797284.902042245 3324.4927621272896 3000.0
200000.0 210000.0 424.24281640630215 870.5233803266998 264.07402900572725 999.8769999999786 236.26806640625 77149.79605664356 1344.066954425656 4088819.091884229 2850.3028900704167 3000.0
210000.0 220000.0 725.1130312500754 927.4886968749925 116.48567439791739 999.9949999999953 689.68603515625 78589.28187718363 1380.638572448888 4251697.228647397 2953.7182597919787 3000.0
220000.0 230000.0 1337.618042968912 866.2381957031088 227.63222036465385 999.6720000000205 304.26196484372485 74037.12255225773 1308.808233831082 4142979.6501187366 2873.1184335731273 3000.0
230000.0 240000.0 209.63494531228207 890.0331867897926 242.84795530138356 998.844000000041 306.5630078124814 79968.59223470007 1391.1358053073845 4306071.244533619 2986.817942139039 3000.0
240000.0 250000.0 1291.8679257814074 870.8132074218593 209.73985801325557 999.9989999999525 490.672953124973 71558.30568959023 1246.8167401265544 3993187.674293943 2764.3728125478146 3000.0
250000.0 260000.0 1993.9720585936448 800.6027941406355 352.7521566488872 999.51800000004 25.00399999995716 66461.46414237807 1151.323280607934 3720759.153244188 2582.953234343277 3000.0
260000.0 270000.0 95.29318164056167 900.4278925781308 226.20448065500247 999.4570000000531 304.2449374999851 78406.2086043591 1397.7648769931966 4562193.596503901 3161.328923212053 3000.0
270000.0 280000.0 1455.3518437501043 854.4648156249896 226.9863487591686 999.6750000000466 368.53911914059427 69064.70844462073 1201.7512948186043 3902618.9048380996 2711.0570076197023 3000.0
280000.0 290000.0 1099.6331347655505 890.0366865234449 212.45508932458415 999.7099999999627 352.9759628906613 69156.21760460362 1202.223945294832 3904328.837296216 2713.89439533168 3000.0
290000.0 300000.0 2985.266828124877 779.4147968750136 301.366954947423 999.2610000000568 249.204000000027 60946.00498750274 982.6491495082689 3091681.706692492 2157.127094978678 2175.0
