ts te idle avg_span std_span max_span min_span c_bytes_all c_pkts_all s_bytes_all s_pkts_all video_rate
0.0 10000.0 0.0 0.0 0.0 0.0 0.0 0.0 0.0 0.0 0.0 0.0
10000.0 20000.0 177.47700390627142 982.2522996093728 43.94839053375012 999.570000000007 857.52099609375 65434.231899149294 834.1097103725925 2315228.1850235304 1659.800563451823 636.9230769230769
20000.0 30000.0 868.9200664063101 830.0981757812445 323.85710851608343 999.9280000000144 139.15500390622765 41557.110257761655 597.9176290716521 1404437.7932179717 1005.0151657434138 705.0
30000.0 40000.0 136.10765820316738 896.7174856178939 252.2024936985812 999.9579999999842 174.603271484375 38572.79972006676 587.8479772454376 1419794.045048918 999.6351575358738 840.0
40000.0 50000.0 2769.570390625042 803.3810677083287 285.89659734903864 999.5389999999898 160.702880859375 37877.26051272425 559.8686148306967 1642464.4040240948 1150.4322620990995 1122.857142857143
50000.0 60000.0 2267.4729863281245 859.169668185764 250.30525686006433 999.960000000021 214.81689453125 44997.20368111918 706.8509633521816 2385049.9501200146 1676.7190522143146 1957.142857142857
60000.0 70000.0 187.98293554683914 892.0015513139238 275.38444442359486 999.6990000000224 84.657958984375 68241.24200267313 1213.3108402965402 3902599.9765015207 2714.4668850850735 2700.0
70000.0 80000.0 129.649998046807 897.3045456321084 294.2689763404727 999.6030000000028 14.3349609375 70150.38688770522 1275.3454998025234 4059784.659460771 2825.476401042408 3000.0
80000.0 90000.0 310.01993945310824 968.9980060546892 65.6634121831893 999.9170000000158 793.572021484375 72872.87358120791 1321.7285879764559 4146324.356885807 2878.84028142523 3000.0
90000.0 100000.0 980.2739941406762 819.9750914417567 314.2656560887664 999.2729999999865 203.0419785156264 69178.34563640346 1228.4439694364112 3971602.9040112803 2762.6207317062713 3000.0
100000.0 110000.0 757.8640683594276 924.2135931640572 118.69308441848348 999.9949999999953 701.9049726562225 74006.62315842632 1310.2515749298557 4258672.435789053 2949.2718779117045 3000.0
110000.0 120000.0 735.9638769530575 842.1851020951766 293.8761211197731 999.0650000000023 256.9000410156441 74425.15965659259 1283.1928539342452 4139110.705290908 2876.8732245594383 3000.0
120000.0 130000.0 1897.6720937499776 810.2327906250023 283.6257836882901 999.9199999999837 297.06298828125 68290.32724633592 1122.39570598463 3394758.617795438 2376.0392044296023 2262.5
130000.0 140000.0 142.8306914063287 896.1063007812428 243.63985909799118 999.6930000000284 211.529296875 80132.39552323417 1367.170329734428 4132673.6924735047 2878.128701700387 2900.0
140000.0 150000.0 1126.9124003906618 887.3087599609338 230.01245123385362 999.7629999999772 274.993896484375 80053.41588972526 1386.9678633535405 4249116.4206192875 2953.884924494214 3000.0
150000.0 160000.0 1281.5387851563282 871.8461214843671 236.41741554743876 999.6469999999972 279.464111328125 81708.1306652434 1420.7802021561495 4380461.211272396 3040.3323142144372 3000.0
160000.0 170000.0 122.8598261718289 897.9218339843792 242.1541465436463 999.5200000000186 212.71728515625 76359.22657194445 1347.470092071534 4098554.995902874 2848.661353703029 3000.0
170000.0 180000.0 198.85933789069531 891.0127874644822 280.0152464170291 999.0939999999828 77.345947265625 76662.17162598348 1347.9486765098557 4240619.825198293 2955.486191002913 3000.0
180000.0 190000.0 955.4168398436741 904.4583160156326 229.08208703409474 999.8780000000261 265.485107421875 75819.28614867305 1331.48229569181 4181758.794616547 2901.4172977484277 3000.0
190000.0 200000.0 761.1950019530486 923.8804998046951 115.76395123660637 999.5570000000298 729.5808925781166 74264.86157883576 1296.1816951835665 4119357.883989215 2860.033672143919 3000.0
200000.0 210000.0 589.2160175782628 855.5258165837943 301.0503344555134 999.9679999999935 232.340087890625 72082.2546809272 1252.242728892029 3822510.1213507312 2649.7800883232785 3000.0
210000.0 220000.0 116.6619882810628 898.4852737926307 243.92047937701219 999.8320000000531 192.902099609375 79065.4532647791 1406.0736339366927 4480083.78603768 3113.8515468917567 3000.0
220000.0 230000.0 107.63707226549741 899.3057207031366 265.20666931059657 998.5270000000019 119.72802734375 70795.67929462767 1264.1495087463204 4150771.460605606 2886.1115053320536 3000.0
230000.0 240000.0 929.8520273438189 907.0147972656181 234.57597564356087 999.4949999999953 248.54000000003725 70925.56051586081 1257.269046490852 4030857.7747645564 2797.121597241332 3000.0
240000.0 250000.0 1275.992999999784 969.3341111111351 76.35086467495223 999.9470000000438 767.6149999999907 66468.0 1078.0 3370741.0 2354.0 2450.0
250000.0 260000.0 1351.08899999992 960.99011111112 104.258567854691 999.4860000000335 683.4610000000102 66413.0 1187.0 3875588.0 2686.0 3000.0
260000.0 270000.0 740.6039394531399 925.939606054686 225.08288577580012 999.8479999999981 285.362060546875 78440.95908980313 1391.2924380727995 4533700.571648744 3137.4062496499296 3000.0
270000.0 280000.0 2060.9417949217604 793.9058205078239 356.0901420974305 998.9109999999637 20.136999999987893 55171.5775542398 948.1692607738188 2997037.294779419 2092.3806255038357 3000.0
280000.0 290000.0 61.31232226570137 903.517061612209 231.66984288084066 999.8830000000307 259.991943359375 82884.41234545084 1499.8411761894354 4925216.721801924 3403.158239631011 3000.0
290000.0 300000.0 2234.911974609364 776.5088025390636 345.9944699949287 999.4229999999516 33.83700000005774 71698.11499849524 1265.265049903152 3780605.943740129 2632.778123267528 3000.0
