ts te idle avg_span std_span max_span min_span c_bytes_all c_pkts_all s_bytes_all s_pkts_all videorate
0.0 10000.0 0.0 0.0 0.0 0.0 0.0 0.0 0.0 0.0 0.0 0.0
10000.0 20000.0 4211.919943359448 723.510007080069 424.58811961491494 999.4529999999795 0.0 60352.76264779533 904.2756429061641 2883586.20016259 2030.9174932249243 1500.0
20000.0 30000.0 1135.4961367187789 805.8639875710201 330.98208060387145 999.5470000000205 188.742919921875 77719.25969888516 1353.6035544393424 4072067.9557740586 2829.8609482473184 2166.6666666666665
30000.0 40000.0 1880.3039277343196 902.1884524739645 179.97230428266985 999.9280000000144 453.50699999998324 73241.45821283673 1325.2555991414515 3903948.1925918492 2712.9046311503694 3000.0
40000.0 50000.0 34.09600585937733 905.9912721946021 271.61217398818394 999.539999999979 93.3110078125028 96972.16367839978 1657.5093453248014 4555372.174016471 3165.9439620085386 3000.0
50000.0 60000.0 399.97605859371834 872.7294492187528 271.3422967058907 999.8040000000037 112.87601367186289 88889.79399862836 1597.7125269064582 4348399.706532281 3042.0666409398036 3000.0
60000.0 70000.0 1083.9809941405547 891.6019005859446 216.59740756345454 999.5590000000084 326.1630722656264 75000.3391373089 1299.3918165588586 3619911.7215006338 2529.5763929486943 3000.0
70000.0 80000.0 869.6389765624772 830.032820312502 328.5576687199408 999.9660000000149 123.68206640623976 85613.06625302706 1517.685612843233 4301583.976890002 2990.284947345032 3000.0
80000.0 90000.0 661.9210097656469 933.8078990234353 113.34872588581263 999.5229999999865 689.595947265625 76517.05632223582 1360.91798700966 4005606.0252940203 2776.010626850329 3000.0
90000.0 100000.0 595.4760214843554 854.9567253196041 299.0338524192828 999.5760000000009 197.77392578125 78072.62791672272 1374.8850061990604 4103760.6995349834 2845.829215643384 3000.0
100000.0 110000.0 399.40862109378213 960.0591378906217 73.00577399656336 999.7719999999972 800.9990742187365 89157.35863496343 1510.0966835148333 4359210.108304333 3038.9761044749666 3000.0
110000.0 120000.0 117.24522460938897 898.4322523082374 257.24177590097025 999.9409999999916 151.8776953124907 87728.68686651965 1525.7335401007942 4311771.693377974 3001.8979448658106 3000.0
120000.0 130000.0 1580.0340156249586 841.9965984375042 276.70319120089243 999.939000000013 234.7539199218736 74663.35740012034 1240.8270660421117 3740930.5971912676 2591.688731338775 2700.0
130000.0 140000.0 1090.8410644530668 890.9158935546933 205.46798904249954 999.954000000027 480.0999999999767 77026.06923255672 1344.1056190132308 3972064.9488295354 2754.0423609620534 2800.0
140000.0 150000.0 928.6040371094132 907.1395962890587 241.1973752885939 999.8169999999809 232.261962890625 77063.39432787555 1357.1257438246546 4074592.0366744203 2833.904953399198 3000.0
150000.0 160000.0 416.2770585937542 958.3722941406246 79.14670771337211 999.9780000000028 764.2740371093969 80825.2186925195 1427.0877422196597 4219834.092226504 2946.5960713342824 3000.0
160000.0 170000.0 70.05580859375186 902.7221992187498 261.17826859682566 999.8919999999925 126.05309570312966 84558.88711024223 1496.9136435003459 4280409.505765386 2984.456712640012 3000.0
170000.0 180000.0 1101.5370957031846 808.9511731178923 304.4117529557993 999.8219999999856 140.2239042968722 88036.49986936273 1464.8728704553394 4029293.3653336894 2802.0422626265076 3000.0
180000.0 190000.0 1316.2090000000317 868.3790999999968 272.96601176966175 999.7710000000079 227.25 84044.54887136837 1453.3606580984265 4161027.6763689374 2899.4936998235944 3000.0
190000.0 200000.0 42.14593164075632 905.2594607599312 244.7945800987447 999.5860000000102 196.070068359375 85292.3793349936 1494.8321638767445 4364121.743153469 3036.39263193991 3000.0
200000.0 210000.0 364.1321445312351 963.5867855468765 71.47618651657473 999.609999999986 799.4679316405673 92559.3460480498 1617.6976161172047 4551577.241615083 3170.1584641020395 3000.0
210000.0 220000.0 318.26492382818833 880.1577341974374 277.7701329148318 999.9459999999963 133.10407617187593 86827.72574558822 1485.109561907624 4136688.3388625113 2870.9552041344555 3000.0
220000.0 230000.0 1169.1180000001332 981.2091111110963 51.96469735177389 999.9100000000326 842.6759999999776 87747.0 1507.0 4259791.0 2955.0 3000.0
230000.0 240000.0 911.5857246093219 908.8414275390678 190.62794439983517 999.64300000004 470.9449999999488 85298.44104266372 1431.4628806017909 4214544.503953971 2918.7395706803322 3000.0
240000.0 250000.0 2309.6012148436857 854.4887539062571 214.90691020885126 999.8830000000307 358.4777246094309 78393.89970290913 1294.1785814965613 3831112.2224166933 2661.6022357259394 2737.5
250000.0 260000.0 159.66579296893906 894.5758370028237 228.67980352961987 999.5019999999786 292.06193945312407 91310.18081788672 1565.1790179478514 4449613.414043344 3100.497636645676 3000.0
260000.0 270000.0 1342.9632675781613 865.7036732421839 253.16452562311062 999.685999999987 368.5557324219262 82268.47843654043 1410.1795199537964 4007917.859585992 2783.1605569480525 3000.0
270000.0 280000.0 1448.2897324217483 950.1900297309169 98.68110220947229 999.9350000000559 731.499267578125 82342.75606691984 1400.4015488940254 4035291.167347543 2802.9807034664923 3000.0
280000.0 290000.0 77.35616406262852 902.058530539761 230.75997043589456 999.8070000000298 263.467732421821 84546.09673881276 1484.394047258524 4246897.200361806 2952.458893388214 3000.0
290000.0 300000.0 675.4200253906893 847.6890886008464 291.95876473971515 999.9980000000214 227.830078125 84873.20712045321 1469.9503756978702 4269650.796518697 2970.651322725172 3000.0
