ts te idle avg_span std_span max_span min_span c_bytes_all c_pkts_all s_bytes_all s_pkts_all videorate
0.0 10000.0 7680.5209453125135 773.1596848958288 382.7532288211168 996.9249999999884 331.2060546875 21439.659901184055 235.48610129115883 726982.492987497 519.3627447474951 1500.0
10000.0 20000.0 82.0711269530002 901.6298975497273 227.92450530170123 999.2150000000256 282.075927734375 54812.40281061545 792.2083791656114 1746799.5225968855 1217.2231583626935 558.4615384615385
20000.0 30000.0 1273.5439082031953 872.6456091796805 207.45981533675157 999.3429999999935 467.60107226565015 42356.85077322553 648.7174257424507 1397861.1293740752 978.9289796388375 788.5714285714286
30000.0 40000.0 882.6039277344244 911.7396072265576 221.58763454204362 999.6469999999972 287.0399804687477 42861.51009943152 635.9528044432362 1466858.6956164374 1040.3397718887452 840.0
40000.0 50000.0 2723.304091796861 808.5217675781265 321.2412557711841 998.890000000014 84.22690820309799 37715.57641554344 603.6352893575429 1394208.1594251052 975.1453453622287 840.0
50000.0 60000.0 4526.982917968766 781.8595831473192 222.13638488696148 999.6109999999753 405.30908203125 42792.55881377987 650.642272608514 2076349.6530078955 1457.359862509843 1617.5
60000.0 70000.0 2058.7021503907163 794.1297849609284 274.7358434857818 999.86599999998 287.7930000000051 67610.27002049766 1161.694031085205 3541055.7557008355 2480.5887639925313 2300.0
70000.0 80000.0 484.1449472657405 865.0777320667509 280.7913478877119 999.5839999999735 92.2970683593885 74242.47217987601 1318.4923720969632 4115623.4580861307 2865.0954900986753 2900.0
80000.0 90000.0 727.6699843750102 927.233001562499 206.659171680604 999.6550000000279 340.71901562501444 69866.69898584648 1281.1713242093178 4018449.133205138 2795.9558833989504 3000.0
90000.0 100000.0 1495.2670039061923 850.4732996093808 268.594329964922 999.4189999999944 300.320000000007 71127.6491173334 1258.8062066915163 4008867.009824195 2780.342790162378 3000.0
100000.0 110000.0 308.3937167969416 881.0551166548235 221.6389729235554 999.7509999999893 333.311279296875 77908.64091459576 1364.0524456950354 4289460.8539884975 2978.392520026403 3000.0
110000.0 120000.0 654.9653183593764 934.5034681640624 136.0592991803464 999.2480000000214 570.228720703104 79147.66125458051 1409.5968525441153 4390632.393302335 3046.923957796775 3000.0
120000.0 130000.0 478.30366210936336 865.6087579900578 260.00512258343684 999.810999999987 152.0300390624907 79695.13247577705 1372.7796828285266 4111296.2395895664 2868.6007233081145 3000.0
130000.0 140000.0 812.7881992186885 918.7211800781312 204.69895999565145 999.7150000000256 342.0877011718694 70098.844162345 1235.4070284182278 3855802.877070451 2676.431047904397 3000.0
140000.0 150000.0 116.64483203121927 898.4868334517073 274.45900873568945 999.4949999999953 84.33490039064782 73615.62836678996 1319.7533660698405 4368963.708987499 3026.0356688776274 3000.0
150000.0 160000.0 1253.446146484348 795.1412594105138 351.0415539548175 999.6840000000084 150.72973242186708 71529.53369612806 1191.3030954292058 3849502.9290441363 2677.95317032461 3000.0
160000.0 170000.0 176.55114648438757 893.0408048650556 217.26799369542812 999.9400000000023 352.573974609375 84555.83948806857 1469.1775913536667 4306338.258297556 2999.42553746236 3000.0
170000.0 180000.0 484.33097460941644 951.5669025390583 113.20492902132402 999.9679999999935 646.5650253906497 78782.0705243817 1395.1237309698658 4207618.729895763 2934.8945841373343 3000.0
180000.0 190000.0 1205.8610000000335 977.1265555555518 60.65888643700458 999.4469999999856 815.5050000000047 75769.0 1324.0 4059758.0 2817.0 3000.0
190000.0 200000.0 129.20402929681586 987.0795970703184 35.46541232140357 999.8159999999916 886.219970703125 77116.57987829132 1362.0938210575036 4117689.7391944164 2854.77910449504 3000.0
200000.0 210000.0 121.12189843750093 898.0798274147727 265.5165737169762 999.8310000000056 109.48002929682843 81029.08229391293 1420.5951849735875 4278377.636163143 2966.188790279012 3000.0
210000.0 220000.0 235.91713476576842 887.6438968394756 258.65214208860107 999.939000000013 154.24992773437407 78911.32916283164 1385.6516658979979 4213130.880991645 2924.6797033228822 3000.0
220000.0 230000.0 181.40303320321254 892.5997242542534 229.42899440624063 999.9449999999488 286.085062499973 79983.44156792891 1389.4754431354106 4212435.955812317 2933.6149006164733 3000.0
230000.0 240000.0 436.8739863281371 869.3750921519876 243.45338886679454 999.8059999999823 367.85909570311196 81524.63096182022 1441.462699658307 4221186.754974332 2932.762308366999 3000.0
240000.0 250000.0 462.7360000000335 867.0239999999969 254.80009531183242 999.3630000000121 199.81591796875 78848.956969494 1386.9027539224455 4203611.060268634 2916.138434933704 3000.0
250000.0 260000.0 909.6838554687565 909.0316144531243 141.15548437451696 999.2950000000419 569.560999999987 75130.87906265655 1335.0098847143308 4013636.7670823326 2783.978525153 3000.0
260000.0 270000.0 314.34815234388225 880.5138043323743 281.6592923168928 999.9440000000177 93.33393750002142 84048.55011493221 1429.3817582099007 4085482.9903833047 2860.333137509483 3000.0
270000.0 280000.0 109.82959375018254 899.1064005681652 224.2536112651315 999.8129999999655 354.03408984374255 75437.50245441582 1311.4752048968942 3975476.809754124 2767.523531714314 3000.0
280000.0 290000.0 470.31823242176324 866.3347061434761 234.57099426133718 999.6879999999655 411.861083984375 73344.66223039519 1310.224596856688 4135300.378597842 2867.908711442128 3000.0
290000.0 300000.0 858.3890839844244 831.0555378195978 314.62662652854937 999.9179999999469 29.697999999974854 75634.38530332122 1318.726986676934 4010388.0267779077 2781.092852166964 3000.0
