ts te idle avg_span std_span max_span min_span c_bytes_all c_pkts_all s_bytes_all s_pkts_all video_rate
0.0 10000.0 0.0 0.0 0.0 0.0 0.0 0.0 0.0 0.0 0.0 0.0
10000.0 20000.0 6031.754046874998 661.3743255208337 410.1602868019386 999.9720000000016 117.84400000000096 44242.741081774184 632.3526906693625 2144481.181293863 1715.1757646136577 1500.0
20000.0 30000.0 534.8758789062558 946.5124121093744 86.86952094981224 999.877999999997 785.8550468750036 70996.31321325191 1273.1359970435046 4396585.936107286 3517.5074931074732 2100.0
30000.0 40000.0 1331.3640761718707 866.863592382813 286.8882411910873 999.7960000000021 79.04892578125146 66748.04597249659 1290.8553894708384 4390875.608727096 3501.434725464697 3000.0
40000.0 50000.0 1837.2119472656195 816.278805273438 303.1243156096557 999.002999999997 168.664001953126 65927.00104796592 1280.7993777672327 4348213.310222265 3473.002358521774 3000.0
50000.0 60000.0 1104.2547500000073 889.5745249999993 225.5536822574291 999.8160000000062 324.13330078125 64394.026278501144 1244.852068409224 4134971.8572591217 3304.0385842589994 3000.0
60000.0 70000.0 507.17501562502 949.282498437498 101.44877672798627 999.5249999999942 672.8136992187501 65163.79993990781 1241.8979088133558 4202291.592213016 3364.7791957826785 3000.0
70000.0 80000.0 84.2933789062372 901.4278746448875 276.0544897098467 999.5810000000056 78.40771484375 65881.16673127598 1242.719255742917 4162784.486740318 3333.6864827329046 3000.0
80000.0 90000.0 1168.592806640634 802.855199396306 349.4469057406917 999.1860000000015 33.19509374999325 62549.5138809479 1157.7554139471501 3901221.5067315754 3109.8348246595447 3000.0
90000.0 100000.0 3198.8631542968797 755.6818717447911 251.65688968148467 999.8179999999993 380.0679999999993 56180.75685245771 1025.4864128780684 3466273.2259807624 2775.4545255142916 3000.0
100000.0 110000.0 627.6838613281143 852.0287398792624 329.9866033611117 999.7949999999983 64.90705468750093 67672.66424610684 1282.6872232512562 4454199.686128214 3551.3984869073083 3000.0
110000.0 120000.0 599.7520644531178 940.0247935546882 109.45442965761146 999.6849999999977 665.7539160156302 66365.9302921016 1230.7988380917177 4224376.782658529 3378.709286690553 3000.0
120000.0 130000.0 4399.635923828144 622.2626751302063 443.182304976166 998.8399999999965 84.63598046873813 41224.184909944655 736.1243907411259 2517995.9759464106 2010.944151962347 3000.0
130000.0 140000.0 291.23409570308286 970.8765904296918 60.39011963053223 999.2870000000112 820.4399042968871 80303.85555326773 1538.535033174247 5233625.849991543 4172.0341197837715 3000.0
140000.0 150000.0 226.00389062502654 977.3996109374973 62.68982744072861 999.6879999999946 799.162109375 66267.361345419 1226.6686718302192 4163783.9209287874 3327.2135526427546 3000.0
150000.0 160000.0 615.58001171879 853.1290898437463 299.5419185099974 999.8800000000047 198.7458906249958 63465.197198751346 1180.8329838796922 3978899.309840603 3185.158651739468 3000.0
160000.0 170000.0 718.9350917968841 928.1064908203116 124.75891822165737 999.4280000000144 691.1039023437479 61479.94874683738 1151.2538866014272 3924008.568561512 3142.5255644178505 3000.0
170000.0 180000.0 640.2529257812712 850.8860976562481 323.6405685011867 999.8940000000002 90.51799414062407 64684.67975567892 1200.1576266586712 3999754.811707111 3192.9848812612727 3000.0
180000.0 190000.0 1607.3490722656134 932.5167697482652 112.28016620595766 999.9910000000091 670.9219199218787 61604.6642071504 1145.627659748305 3811714.976549911 3042.540346339658 3000.0
190000.0 200000.0 1611.3180332031334 838.8681966796867 313.32874908035967 999.9679999999935 165.68199218751397 63589.50364729499 1197.686477565636 4005108.4931308134 3198.115344012275 3000.0
200000.0 210000.0 563.2120390625205 943.6787960937479 108.78411843768441 999.7779999999912 660.682025390619 65945.59823277053 1223.10363570294 4052393.444749444 3246.6628833559075 3000.0
210000.0 220000.0 111.29086132813245 898.9735580610788 275.6086146920623 999.6630000000005 82.10306445311289 65170.53886643186 1221.4547341962482 3947184.7363326545 3158.9189767127577 3000.0
220000.0 230000.0 1107.5750878906401 808.4022647372145 308.5155023016483 999.9659999999858 170.8069257812458 66606.17775266741 1258.4021109571493 4115896.974390095 3286.739601524339 3000.0
230000.0 240000.0 1033.0646875000093 896.6935312499991 278.98992833559305 999.8569999999891 108.80201367186964 58421.43159067718 1086.751645160206 3662824.253602274 2936.4806766138063 3000.0
240000.0 250000.0 1371.446398437518 862.8553601562483 283.80043257772024 999.7729999999865 109.68470117187826 59598.38990387384 1098.651990288081 3645553.8922537193 2908.307909256222 3000.0
250000.0 260000.0 581.35595703125 856.2403675426136 306.26897751695554 999.5719999999856 155.10409960936522 77165.87493553884 1457.2971563416077 4739976.244147347 3790.713453149581 3000.0
260000.0 270000.0 571.661859374959 942.8338140625041 139.86364707715757 999.0520000000251 552.1280566406203 66910.94451293272 1268.3867401502357 4138733.206631072 3309.5395728385015 3000.0
270000.0 280000.0 3287.859001953155 671.2140998046846 349.1845105550337 999.0869999999995 84.97691601561382 59358.03709726497 1101.816595421973 3611749.7852089047 2890.0081245218917 3000.0
280000.0 290000.0 1041.6250820312416 814.3977198153417 331.35911467313184 999.8420000000042 62.601917968771886 67643.65220671061 1278.9080854976087 4176980.381965751 3337.090461613715 3000.0
290000.0 300000.0 1284.4608808594057 871.5539119140594 254.34338318221063 999.9070000000065 308.422119140625 66341.50716874863 1230.5835722175784 4023023.043313105 3206.613180783077 3000.0
