ts te idle avg_span std_span max_span min_span c_bytes_all c_pkts_all s_bytes_all s_pkts_all videorate
0.0 10000.0 5169.668103515578 966.0663792968844 73.20623553601082 999.9920000000275 835.118896484375 62914.85405075869 858.9964994644353 2539342.624301901 1797.1557287454486 840.0
10000.0 20000.0 2987.8578964843764 779.1269003906249 359.0364090728736 999.9500000000116 5.701103515631985 69075.14594924131 1168.0035005355649 3784969.375698099 2627.844271254551 2571.4285714285716
20000.0 30000.0 1491.1370488281827 945.4292167968686 129.6602461065401 999.8759999999893 605.074951171875 63004.153169892685 1102.7000325778674 3528238.1517043808 2453.5844138877605 3000.0
30000.0 40000.0 100.74204101564828 899.9325417258501 215.48754655538386 999.9500000000116 392.3670488281059 75368.8467155373 1397.919380965852 4579627.331030351 3171.9161532067287 3000.0
40000.0 50000.0 248.1029765624553 886.5360930397768 222.40569609304222 999.8190000000177 430.85693359375 64990.98509247873 1199.9273035788108 4030080.319760323 2810.9345585908104 3000.0
50000.0 60000.0 3116.267902343825 860.4665122070219 167.8805244324297 999.2679999999818 564.649066406244 54554.20824363014 1002.377063821513 3204204.64462827 2222.6064932784143 3000.0
60000.0 70000.0 770.9797617187141 839.0018398437533 279.55142615879276 999.6900000000023 308.4389687500079 81585.07883700808 1479.0799234200824 4837246.661195653 3344.5824169598436 3000.0
70000.0 80000.0 1721.0132695312495 827.898673046875 359.85446522562785 999.9170000000158 105.52000000001863 69916.72794145306 1239.9962956358745 4046505.891681023 2813.375964076443 3000.0
80000.0 90000.0 1390.3280781250796 956.6302135416578 120.95638070934557 999.6539999999804 634.294921875 74805.00257171165 1330.4081910681882 4333078.450966878 3004.515339388574 3000.0
90000.0 100000.0 3691.3626386718242 700.9597068142417 390.0781402155951 999.9180000000051 47.943000000028405 55918.349099045416 967.9159239067365 3035597.991878319 2111.6294336768724 3000.0
100000.0 110000.0 105.89399023435544 899.4641827059677 225.8204904073421 999.6419999999925 306.85371679684613 81206.01938446163 1454.3390565580428 4616838.10927056 3201.953458864667 3000.0
110000.0 120000.0 512.3592128906166 862.5127988281257 238.70363220180894 999.1489999999758 373.6647070312756 75453.5100959434 1332.92853698393 4342057.082636506 3004.737507277866 3000.0
120000.0 130000.0 2194.852810546872 867.2385766059031 181.53895065085715 999.8379999999888 504.6429199218983 68668.92829098503 1211.6305221442858 3737194.631734777 2601.0768738631577 3000.0
130000.0 140000.0 1574.7951933593722 842.5204806640628 266.5151109560909 999.5920000000042 304.8497304687626 78992.6170132573 1396.2686699985575 4536033.854659155 3137.9070265753894 3000.0
140000.0 150000.0 192.0191582031548 891.6346219815314 231.75649870796747 999.060999999987 309.4139238281059 73178.98737578637 1298.2753908892507 4114017.343641664 2868.396245193597 3000.0
150000.0 160000.0 1645.2786660156562 835.4721333984344 231.84593331834026 999.4340000000084 426.58808203123044 75095.40595531964 1326.5193939916735 4244644.192840794 2939.054732848609 3000.0
160000.0 170000.0 1776.6639941405738 822.3336005859426 251.56284751075182 999.7870000000112 277.1697480469011 71721.18138060681 1286.6311084046379 4153318.79446868 2876.4070711939016 3000.0
170000.0 180000.0 104.78016601561103 899.5654394531263 225.33727497654084 999.5580000000191 306.9737421874888 69666.63445364122 1240.734491971613 3927106.035662193 2727.7696131549556 3000.0
180000.0 190000.0 1964.1921816406539 803.5807818359347 350.91973329696884 999.3470000000088 0.0 69492.93285248584 1228.1689051403816 3971311.6195177953 2752.516497712755 3000.0
190000.0 200000.0 1987.6087890623603 801.239121093764 349.18285725033707 999.8279999999795 46.425000000046566 70798.37233926306 1257.7636399785633 3933363.3465463677 2728.960755224647 3000.0
200000.0 210000.0 105.17921484378166 899.5291622869289 221.81143552141083 999.5840000000317 321.7288789062295 78363.81842472893 1410.7615089533606 4468915.20588909 3100.0765880778854 3000.0
210000.0 220000.0 1386.3629492187174 861.3637050781283 231.49012800025156 999.76800000004 376.52409375004936 72751.28339241297 1295.360582397959 4135368.50814397 2866.9407046177 3000.0
220000.0 230000.0 1992.3008789063897 800.769912109361 341.71638418530983 998.5320000000065 45.91899999999441 67759.00218146824 1190.2911636720257 3774917.116849292 2617.3538029534175 3000.0
230000.0 240000.0 1975.3751621093834 802.4624837890617 347.22318914648434 999.9179999999469 47.1019999999553 74717.18740232452 1312.418688227694 3918563.3186681517 2721.6908373984675 3000.0
240000.0 250000.0 3381.4350371093024 827.3206203613372 241.77951680487604 999.6260000000475 306.35508398432285 62577.386034605646 1014.9806240910593 3036456.522657734 2119.8180018673156 2011.111111111111
250000.0 260000.0 1797.434878906235 820.2565121093764 274.3336132340436 999.905999999959 308.9751210937975 71573.38175195231 1237.603601622041 3826853.873968074 2659.195510110222 2800.0
260000.0 270000.0 2106.3188808592968 789.3681119140704 355.9882692174515 999.9179999999469 85.297119140625 66571.99675970475 1182.655840012439 3893552.1739168703 2701.703287821536 3000.0
270000.0 280000.0 1867.9748378907098 903.5583513454767 165.76572675519049 999.9250000000466 571.6809999999823 85758.34930078036 1474.3558517332074 4445571.606093704 3080.657644394378 3000.0
280000.0 290000.0 155.24734570318833 894.9775140269829 219.09627821821965 999.8190000000177 332.18771874997765 79369.58094224375 1387.4355508848744 4102186.867572636 2861.5072221607907 3000.0
