ts te idle avg_span std_span max_span min_span c_bytes_all c_pkts_all s_bytes_all s_pkts_all video_rate
0.0 10000.0 6477.39499999996 880.6512500000099 172.82636974987776 999.0580000000191 632.4139999999898 36387.0 531.0 1634096.0 1155.0 1500.0
10000.0 20000.0 309.4350898437551 969.0564910156245 69.394457884123 999.2679999999818 783.60791015625 82798.1719848498 1394.4991850789174 4281794.469462179 2966.96802789098 1909.090909090909
20000.0 30000.0 526.6686406249064 861.2119417613721 285.3902845928009 998.7779999999912 214.62908984377282 74794.74429846527 1378.395779182466 4273854.9699340295 2966.132825687676 3000.0
30000.0 40000.0 393.21015625004657 873.3445312499957 285.1938193042763 999.8269999999902 79.76611328125 71265.15746599375 1307.4279941776297 4149797.493936867 2879.98699766334 3000.0
40000.0 50000.0 864.4148203125224 913.5585179687478 194.4005185191949 999.130999999994 374.67529296875 66574.17960227706 1210.6635397813463 3896807.981283707 2701.1299132591125 3000.0
50000.0 60000.0 641.6292421875405 935.837075781246 122.32527375977699 999.9070000000065 624.6837070312467 69578.70166180942 1271.624077647521 4151887.3405507323 2872.2476782539206 3000.0
60000.0 70000.0 1349.034931640781 786.4513698508381 342.0143740425962 999.744000000006 159.9549492187216 70084.52004738196 1249.3721457871284 4058018.024440168 2815.9913613824933 3000.0
70000.0 80000.0 341.33616992179304 878.060348188928 263.2841028541777 999.0800000000163 161.77294921875 76716.91496533771 1362.252466288013 4378415.202346193 3040.2261136172688 3000.0
80000.0 90000.0 59.53069140634034 903.6790280539691 261.00268295904414 999.6209999999846 130.2392578125 69972.42610251266 1241.4178086190868 4028535.3580428525 2791.9324008258436 3000.0
90000.0 100000.0 55.88131640618667 904.0107894176194 267.3104420807556 999.1790000000037 107.06494140625 72789.71744045222 1267.9315149994156 4133050.554390569 2862.3135768236475 3000.0
100000.0 110000.0 713.8710234374739 928.6128976562526 132.5931036249011 999.6500000000233 586.3950000000186 76627.58684329635 1339.3129919870603 4245766.2370223515 2938.8754295521067 3000.0
110000.0 120000.0 734.2739394530654 842.3387327769941 302.4652902771656 999.939000000013 158.0230820312281 71162.61239200972 1240.4159433681396 3920030.2166143446 2714.6205015064156 3000.0
120000.0 130000.0 1183.943667968735 881.6056332031264 200.7349665821251 999.0910000000149 432.9969999999739 82421.6713273105 1448.9793415615568 4519993.763285118 3126.6072749897503 3000.0
130000.0 140000.0 842.2382031249581 832.5237997159129 331.2133073455154 999.4880000000121 86.485107421875 71423.16979057356 1250.7697868979685 3900546.624283431 2705.345324072866 3000.0
140000.0 150000.0 267.31702539062826 973.2682974609372 43.87050946611445 999.7050000000163 878.80908203125 69637.28528556059 1211.1008018870077 4013975.796403242 2778.616501729822 3000.0
150000.0 160000.0 73.81796093756566 902.3801853693122 265.0170818044346 1000.0 118.79891796875745 73730.56597120783 1281.8395763658832 4180600.291790044 2898.012570728865 3000.0
160000.0 170000.0 727.213027343736 842.9806338778421 293.35971211116 999.6170000000275 170.68987890623976 75210.62260908545 1325.5080636108082 4292316.099550578 2968.984840401845 3000.0
170000.0 180000.0 1037.9171972656623 814.7348002485761 324.0173056770772 999.9079999999958 163.368896484375 71055.89105250381 1249.045784680666 4056755.142423649 2822.9845988886404 3000.0
180000.0 190000.0 120.82464062498184 898.1068508522744 266.0033165908204 999.9259999999776 119.687255859375 84917.81311322442 1471.575734805325 4383305.971654474 3035.139143980544 3000.0
190000.0 200000.0 575.2363554688054 942.4763644531195 107.07317374587132 999.6770000000251 668.8800000000047 78104.81299007614 1337.6386163984316 4129428.058104113 2861.0381336683354 3000.0
200000.0 210000.0 757.189000000013 840.2555454545443 308.15695669115553 999.9270000000251 107.07709960942157 70579.84751033307 1238.9744803696817 4094175.188081435 2835.8363054622528 3000.0
210000.0 220000.0 323.4928261718014 879.682470348018 223.2631194150471 999.9250000000466 321.97607421875 70766.94231922827 1225.7838160554982 4000179.608034422 2767.598802569232 3000.0
220000.0 230000.0 244.00479296874255 886.9086551846598 271.6174120032776 999.6949999999488 121.86328125 75788.51536324939 1335.7438174163099 4229021.701249159 2936.9099342138124 3000.0
230000.0 240000.0 1152.1371738282032 884.7862826171797 206.27526525766487 999.0810000000056 330.360107421875 71553.22893566372 1258.0677247570102 4173218.6527105626 2894.72878014817 3000.0
240000.0 250000.0 83.46084375004284 901.503559659087 221.9110618623445 999.7989999999991 302.145263671875 74201.19896859271 1316.6716749503287 4217898.79007644 2930.460740471726 3000.0
250000.0 260000.0 1095.5572050780756 890.4442794921924 201.14401618939883 999.8190000000177 383.06005859375 71257.28678790486 1249.8617929931145 3997903.1173743666 2770.099173344271 3000.0
260000.0 270000.0 269.9881093748845 884.5465355113741 262.24388347408296 999.9109999999637 171.77294921875 79557.58659835631 1379.1245912819575 4278508.6050464045 2981.306583356402 3000.0
270000.0 280000.0 51.81794335937593 904.3801869673295 256.784974138393 999.329000000027 145.656005859375 79290.45098592635 1408.224430174497 4457993.0212810645 3087.309250589629 3000.0
280000.0 290000.0 264.3460058592027 973.5653994140797 48.76941546802825 999.8209999999963 853.6339941406623 74304.37758681714 1320.7765188772314 4162836.7206275063 2884.5972149210324 3000.0
290000.0 300000.0 1817.3910390626406 909.1787734374843 194.9020196668998 998.7889999999898 403.53899999998976 78528.15194427663 1332.7142739834003 4033208.1518770177 2796.540800406043 3000.0
