ts te idle avg_span std_span max_span min_span c_bytes_all c_pkts_all s_bytes_all s_pkts_all videorate
0.0 10000.0 7748.3799667968415 750.5400110677195 423.8380567825405 995.4430000000284 261.134033203125 25068.192528054646 263.737268082944 799269.9836596665 568.9437042516552 1170.0
10000.0 20000.0 68.35101562505588 902.8771803977222 239.0389103692758 999.9259999999776 222.218017578125 62953.50036700354 995.371486021352 2546024.112342433 1771.549058547002 840.0
20000.0 30000.0 3003.407707031234 777.3991436631962 357.30171672521584 999.4070000000065 62.643310546875 42553.39460126342 624.0349361987666 1390628.096926311 973.4773312664397 750.0
30000.0 40000.0 2421.7352187499637 842.0294201388929 301.8195475134784 999.3950000000186 69.569091796875 37761.698090650374 509.78199523403896 1266493.2542356197 909.7729166320299 685.7142857142857
40000.0 50000.0 2405.008091796888 843.8879898003457 325.7856861486698 998.765000000014 35.00900000002002 48040.214413028036 736.0743144628985 2456224.5528359697 1730.256989302873 1617.5
50000.0 60000.0 3332.3020625000354 740.8553263888849 410.3860626843774 999.6089999999967 63.5859375 59001.503194794284 965.4674068208961 3028231.304998629 2117.5531583309485 2650.0
60000.0 70000.0 1989.9729296875303 801.0027070312469 397.3048059696401 999.8319999999949 29.012999999977183 72312.57912692676 1294.6323786980558 3954142.682562385 2748.3598356055377 3000.0
70000.0 80000.0 1451.2240507813403 854.8775949218659 300.92839057996025 999.6780000000144 65.85595703125 73103.83696570368 1212.6384214119669 3613521.2018297208 2525.816374597753 2400.0
80000.0 90000.0 2042.5879375000368 795.7412062499964 406.44953360575096 999.9230000000098 4.02001953125 69540.38087018904 1156.0561452879829 3581190.4766405155 2492.8839669801196 2300.0
90000.0 100000.0 2368.095109375019 847.9894322916646 315.08284849909063 999.4110000000219 65.10791015625 69670.64058843422 1179.464980393528 3691231.7909696125 2564.926235422875 2900.0
100000.0 110000.0 1110.5070312499884 888.9492968750012 308.5419989338716 999.9180000000051 13.15087890625 69903.2272742898 1237.0123321981753 4089320.92637707 2845.9641366233263 3000.0
110000.0 120000.0 1638.6259238281636 836.1374076171836 342.2873504171716 999.6109999999753 61.178955078125 75878.02899566008 1315.3670732803405 4171923.467853376 2887.295088053289 2800.0
120000.0 130000.0 1066.8029550781357 893.3197044921865 234.46744200789414 999.8319999999949 242.9639999999781 70528.80298400213 1203.3612619090543 3723856.1487686904 2596.2012043861505 2600.0
130000.0 140000.0 433.30203710932983 956.669796289067 91.50062051021428 999.7800000000279 722.386962890625 75218.18628053521 1332.5350017720095 4228079.164412973 2946.7324583364807 3000.0
140000.0 150000.0 1906.2170507812407 809.378294921876 351.94448926047033 999.9060000000172 48.534912109375 73058.7461623794 1237.6064891858032 4029869.3843246466 2798.378821770707 3000.0
150000.0 160000.0 214.37889648444252 889.6019185014143 295.2412479568821 999.7229999999981 1.416015625 74575.25084716582 1262.0493306542483 3922414.328111375 2744.103394206381 3000.0
160000.0 170000.0 2171.7080351563054 869.810218315966 307.67855756947796 999.9519999999902 57.94898437499069 66304.0494571683 1170.3440374625256 3826183.1231216704 2653.9124356877865 3000.0
170000.0 180000.0 1449.0649003906292 855.0935099609371 326.07789143449554 999.6089999999967 10.23901953123277 70647.76816617414 1117.4809732080112 3441018.683341305 2408.9696235038346 2650.0
180000.0 190000.0 181.76504296873463 892.5668142755695 296.1182478222875 999.7540000000154 8.09991992189316 73852.79060420052 1299.699452075061 4152520.7731147697 2886.177910302977 3000.0
190000.0 200000.0 1975.5670566407498 802.443294335925 373.57379441052905 999.9379999999655 70.10498046875 69540.04917918779 1258.4248420494803 3977020.094492052 2755.7476469282533 3000.0
200000.0 210000.0 143.0749472656753 985.6925052734325 25.125808986980825 999.8739999999525 926.9980195312528 80864.30665802394 1426.1485648893731 4457273.506955827 3093.7573634472024 3000.0
210000.0 220000.0 3504.3220664062537 649.5677933593746 456.92187119752 999.6759999999776 47.28096679691225 60781.57425741856 1050.2582207646753 3198641.3240227606 2223.778449951811 2650.0
220000.0 230000.0 117.96095507789869 988.2039044922101 22.140167830661 999.6080000000075 929.0370332031744 81367.99337561835 1403.577795150839 4291644.5411613155 2989.0068920421063 2800.0
230000.0 240000.0 61.33295117178932 903.51518625711 297.8167594248509 999.2380000000121 5.943988281302154 73637.64794135463 1293.9438228577703 4022206.7088776184 2800.725835394149 3000.0
240000.0 250000.0 260.94213281269185 885.368897017028 290.09130117152756 999.8199999999488 29.113939453149214 74012.7874579818 1309.770717921009 4077143.9007109376 2824.7990132265413 2571.4285714285716
250000.0 260000.0 2569.0729179688497 743.0927082031151 393.7516428319349 999.1759999999776 72.010009765625 57559.05884565921 981.8654939417493 2968798.8180354745 2071.4010490560013 2500.0
260000.0 270000.0 1355.6250625001267 864.4374937499873 298.13934863047564 999.5379999999423 67.345947265625 72738.20061978161 1244.6877658397298 3834843.5511816912 2672.600828708792 2500.0
270000.0 280000.0 2023.799685546779 797.6200314453221 403.57701239591904 999.1739999999991 25.34326171875 64811.421483241305 1117.8687993527506 3456110.3322517723 2402.76063569077 2600.0
280000.0 290000.0 1432.3689511721022 856.7631048827898 313.5663278966769 999.9009999999544 60.393310546875 76964.61067848801 1360.94690690712 4343454.167436573 3010.4428999290885 3000.0
290000.0 300000.0 190.59002148429863 980.9409978515702 27.899432268931612 999.9179999999469 922.8212890625 80558.45197051059 1417.456582662078 4331680.3326985175 3010.538614308292 3000.0
