ts te idle avg_span std_span max_span min_span c_bytes_all c_pkts_all s_bytes_all s_pkts_all videorate
0.0 10000.0 9052.279052734375 947.720947265625  947.720947265625 947.720947265625 8070.273869835065 37.01513663895383 48238.51570090188 59.419035130952196 1500.0
10000.0 20000.0 196.78786523437157 891.2011031605117 291.6637816640403 999.538999999997 25.21605273437308 42146.555603418594 856.5934123459538 2325667.535757321 1938.2061242981702 677.1428571428571
20000.0 30000.0 277.8270937500056 883.8339005681813 261.51062826266775 999.510000000002 173.05991796874878 24052.239746180483 540.6756389407067 871615.869455999 750.0306097039306 426.0
30000.0 40000.0 808.5386855468823 835.5873922230107 297.35360115998185 998.349000000002 162.685302734375 18257.37692481903 435.3544212992481 587944.9359314728 522.7811016228875 288.0
40000.0 50000.0 2365.798423828128 848.2446195746525 247.5334318720621 997.3040000000037 243.90087890625 16671.946691182133 348.4323270907062 676054.7585866384 615.2101921269195 320.0
50000.0 60000.0 2001.4429921875126 799.8557007812487 286.2471161940375 998.5939999999973 243.10888671875 18720.75845622111 414.9806425868166 855595.8298584862 749.3794501428966 480.0
60000.0 70000.0 3930.797792968762 758.6502758789047 315.9746247126137 996.3769999999931 167.87109375 18613.093809654914 443.4289607821308 1520347.3673345267 1290.101078445433 1110.0
70000.0 80000.0 1244.1360195312445 875.5863980468755 257.31786999482415 999.1729999999952 172.22607421875 32501.41110468859 842.3507539383933 3036950.53680961 2516.013216624269 2000.0
80000.0 90000.0 2142.6001757812483 873.0444249131947 252.53745405418144 998.3319999999949 224.2958984375 24714.676560271197 653.6894671965209 2308428.170614204 1914.24581320623 2300.0
90000.0 100000.0 1116.2329667968734 888.3767033203127 238.4211449114967 999.0829999999987 237.804931640625 29583.572200836756 751.2574091100296 2717123.019467313 2241.8197350707965 1766.6666666666667
100000.0 110000.0 148.12261718747322 895.6252166193207 251.10507406664598 999.5099999999948 169.747314453125 34391.80656738182 916.4253340524677 3251691.5835842816 2669.744819018485 2571.4285714285716
110000.0 120000.0 1036.251400390669 896.3748599609331 247.14243249692083 999.5039999999863 209.9619140625 40504.561392785654 1059.2898849529859 3901715.8334902576 3185.949589881839 3000.0
120000.0 130000.0 169.19383593750536 893.7096512784086 248.74233322865675 999.5890000000072 170.830078125 39618.03213496563 985.1230619075368 3449383.2703664936 2839.465016293195 3702.222222222222
130000.0 140000.0 66.73816796875326 903.0238029119315 260.14338341121857 999.8960000000079 134.98291015625 46950.45032830244 1215.845963896012 4476574.106658171 3625.804526747985 3414.285714285714
140000.0 150000.0 2750.8470214843983 805.4614420572891 293.1193628720976 998.8889999999956 244.160888671875 26418.439163800802 674.3700010669986 2374324.1360326437 1959.801109152217 2400.0
150000.0 160000.0 1126.021873046906 887.3978126953094 239.23760701322087 999.2419999999984 243.166015625 31944.423183219405 780.4022324138353 2732162.8276388217 2256.1396976466494 1714.2857142857142
160000.0 170000.0 2157.4439296874916 871.395118923612 248.0115675102078 998.5419999999867 244.2880859375 23294.494810837794 560.6577543859272 1950942.338170743 1627.7648277649355 1500.0
170000.0 180000.0 1927.0151972656313 807.2984802734369 303.16967300571287 999.93299999999 209.660888671875 24052.210130532774 582.8495436952619 2034718.4776474421 1692.8769000192374 1500.0
180000.0 190000.0 2288.594875000039 856.8227916666624 256.4454631680703 999.0679999999993 207.864013671875 23029.677399577206 555.2360774030611 1960767.7548722338 1630.1222870239494 1500.0
190000.0 200000.0 546.6580136718694 945.334198632813 90.9345295212564 999.0439999999944 773.6069863281155 34126.99992148862 857.0219762964531 3065474.1320224386 2529.124870079022 2000.0
200000.0 210000.0 1957.9797285156092 893.55780794271 302.37708421679866 999.7259999999951 87.353271484375 33075.46182676447 824.1893246563811 2954074.2295119287 2420.036794148235 2150.0
210000.0 220000.0 2524.2012910156336 830.6443009982629 254.0926919397482 999.6359999999986 242.10498046875 29850.67952581366 750.2266398430697 2704766.5929994103 2240.1192789280385 1928.5714285714287
220000.0 230000.0 390.52466992184054 873.5886663707417 263.7209505970435 997.0299999999988 107.643310546875 40398.679131315206 1059.6876221704035 3825334.344215224 3126.8462111069252 3000.0
230000.0 240000.0 2005.027267578087 888.3303036024348 251.68168963071122 999.9990000000107 224.89404296875 32533.17804641814 850.0653188882826 3088516.2623810726 2535.8785449511347 3000.0
240000.0 250000.0 181.33314257807797 892.6060779474475 254.88679330762804 999.6070000000182 151.972900390625 43257.12588845952 1110.392948803492 3887691.46567523 3175.0869291589493 2500.0
250000.0 260000.0 314.4065996094141 880.5084909445987 290.30028651340626 999.8989999999758 17.88330078125 32200.61077520927 814.114603457083 2945843.8281552917 2424.223280400224 2300.0
260000.0 270000.0 3232.015015624929 751.99833159723 353.10055859544633 998.2519999999786 107.04200000001583 27199.815232066863 674.3366475633629 2404600.2961387485 1989.75280791979 2016.6666666666667
270000.0 280000.0 1208.3311835937202 879.1668816406279 237.37282126291086 999.9369999999763 242.7041015625 32848.501009519845 834.4175433857317 3022986.644763625 2482.5642422011883 2150.0
280000.0 290000.0 1410.0961015624925 954.4337664930564 80.19143753943173 999.320000000007 755.1398984374828 28570.94856443302 687.5693512321936 2383555.3361594686 1970.4919111855145 1582.2857142857142
290000.0 300000.0 3161.88400000002 854.7644999999975 317.6468639830869 999.9139999999898 92.19799999997485 18693.0 427.0 1412498.0 1201.0 1015.2
