ts te idle avg_span std_span max_span min_span c_bytes_all c_pkts_all s_bytes_all s_pkts_all video_rate
0.0 10000.0 6723.757048828062 819.0607377929846 351.12927127844955 999.7810000000172 292.449951171875 40390.73026803571 506.5021441949124 1741009.043247771 1271.1010498598746 840.0
10000.0 20000.0 1299.060873046983 790.9944660866379 398.537316460439 999.609999999986 0.0 76626.92832090374 1348.531242207388 4316022.958327519 2988.301573525474 2817.777777777778
20000.0 30000.0 46.50512304692529 995.3494876953075 3.9861067349560297 999.6049999999814 987.7649218749721 75824.31668187086 1449.889617859928 4541488.6491867015 3138.196309646326 4400.0
30000.0 40000.0 111.03496874996927 898.99682102273 297.48853341626756 999.3620000000228 6.313044921902474 79822.73443504308 1553.9215724634757 5008704.328146559 3450.838380266225 4400.0
40000.0 50000.0 238.97098632808775 887.3662739701739 277.69957806526713 999.8919999999925 96.03501367184799 83295.69080731052 1553.059441790644 4987416.820879413 3440.4227559181663 3350.0
50000.0 60000.0 39.039982421905734 905.5418197798267 222.42164445072936 999.8090000000084 303.7760000000126 86653.70577039303 1605.431707158451 5091979.382533038 3516.12146130804 3000.0
60000.0 70000.0 989.3720175780472 901.0627982421953 223.0918320961101 999.7270000000135 323.74298242188524 75782.89371644307 1356.664274325201 4114167.817678999 2852.0184694758946 3000.0
70000.0 80000.0 1011.7559472655412 898.8244052734459 313.4802950731464 999.5140000000247 6.654052734375 84441.5788310593 1506.7487633601188 4757501.775357793 3290.744886044563 3000.0
80000.0 90000.0 2001.369167968689 799.863083203131 409.8924667080555 999.6670000000158 21.556884765625 70907.84693069868 1194.9561230992435 3687149.5173730217 2566.0157141239147 2562.5
90000.0 100000.0 3777.170851562463 777.8536435546921 384.3009459310285 998.9739999999874 20.884033203125 51757.92829513369 888.8622970575952 2654184.610539188 1850.1426920992694 2300.0
100000.0 110000.0 1463.7709160156664 853.6229083984333 311.2533045370539 999.8670000000275 15.8701171875 69293.68687062478 1179.7681073952717 3689389.0309186564 2563.639559685386 2300.0
110000.0 120000.0 2078.519005859329 792.1480994140671 412.80107704128733 999.4239999999991 0.0 51499.507654566405 868.832359623249 2792386.522372574 1948.1884054347581 2300.0
120000.0 130000.0 130.9608222656534 986.9039177734346 14.927551842610118 999.9270000000251 959.3510000000242 74504.00117226358 1297.548725570628 3942826.7852009693 2738.339813056726 2300.0
130000.0 140000.0 2166.6033144530957 870.3774095052116 317.0750266520518 998.0250000000233 28.344710937526543 74008.61419950865 1194.767004673663 3313288.482375313 2317.328267423697 2562.5
140000.0 150000.0 2122.719091796782 787.7280908203218 404.80379981035725 999.8730000000214 12.0048828125 74100.95092135652 1262.21132269923 3582886.6539453375 2495.374682645201 2300.0
150000.0 160000.0 1240.598882812541 973.2667907986065 40.174860293514776 998.4160000000265 902.5999999999767 68198.88512478837 1155.3052965210009 3421606.621917147 2390.2259794864844 2600.0
160000.0 170000.0 1127.6068964844453 985.8214559461727 19.633258287499014 999.359999999986 944.8319999999949 69945.97187319025 1164.8832236076082 3706504.837060591 2582.607058225809 2562.5
170000.0 180000.0 1266.3941035156604 873.3605896484339 296.03673582264486 996.5239999999758 39.96789648436243 64246.02812680975 1141.1167763923918 3529226.162939409 2465.392941774191 3000.0
180000.0 190000.0 2973.106892578129 780.7659008246524 427.2173507066113 999.6410000000033 19.735107421875 60031.49514466443 1003.1871368049129 3162064.407722029 2201.35447772905 2416.6666666666665
190000.0 200000.0 186.35598828131333 981.3644011718686 39.65679515951675 999.6959999999963 870.297119140625 72647.22659667976 1247.6020431602462 3755190.7649757275 2615.762721098606 2300.0
200000.0 210000.0 999.8361425780458 900.0163857421954 271.96466412261316 999.3810000000522 128.0208808593452 65827.38537821575 1104.2429204407576 3275336.0105576 2281.3813608999817 2300.0
210000.0 220000.0 2056.5620019531343 794.3437998046866 405.6954911082291 1000.0 21.823974609375 52681.109039644885 873.2063000614905 2475039.498695649 1737.60626277511 2300.0
220000.0 230000.0 158.25906445307191 984.1740935546928 21.883445949976394 999.2210000000196 939.1670000000158 84957.26118732899 1473.1611190834462 4392815.717717744 3056.044096486672 2300.0
230000.0 240000.0 2015.412914062501 725.8715532670453 447.9546386336119 999.2290000000503 19.01899999997113 67562.29167428215 1129.752527550227 3263781.822856261 2276.1727186914445 2500.0
240000.0 250000.0 2273.621996093774 858.4864448784696 296.2224038401418 999.8769999999786 96.93400390620809 72003.23097918405 1214.8479528989196 3469968.777474989 2419.678362319136 2500.0
250000.0 260000.0 2923.5837089843117 786.2684767795209 418.78340726030416 999.2550000000047 9.623291015625 72240.76592740839 1248.8107509151116 3735937.6245097644 2593.308923164156 3000.0
260000.0 270000.0 110.30832031252794 988.9691679687472 17.2505754893975 999.7630000000354 944.344970703125 81866.56166653824 1447.5405621801453 4257134.054106126 2958.1882888767022 3000.0
270000.0 280000.0 1997.2689765626565 800.2731023437343 403.9420281209654 999.8959999999497 14.218994140625 72186.50066427112 1292.1469916066364 3732307.2462686524 2596.656433658476 3000.0
280000.0 290000.0 132.67910546867643 986.7320894531324 17.23343218682957 999.9220000000205 945.3429999999935 86477.1454152882 1529.901776466269 4607176.492062878 3198.311056330973 3000.0
