ts te idle avg_span std_span max_span min_span c_bytes_all c_pkts_all s_bytes_all s_pkts_all video_rate
0.0 10000.0 6033.029683593719 991.7425791015703 12.714044431153381 999.6170000000275 972.79931640625 30485.589483583073 295.85228973026665 838596.4167353574 603.8652444125916 591.0
10000.0 20000.0 2367.76241992187 763.223758007813 370.4759210887035 999.4529999999795 24.62268359377049 47536.8611595451 652.0267874386257 1613603.7999699533 1151.453371340747 564.0
20000.0 30000.0 1919.6649785155896 808.033502148441 324.5170118163207 999.3009999999776 179.04800000000978 46987.247570059924 729.424895601194 1699076.966832709 1195.5568550028734 1368.0
30000.0 40000.0 2522.5339179687435 747.7466082031257 388.4011297926498 999.9890000000014 0.8410000000149012 54669.3017868119 735.6960272299137 2058914.8164619803 1457.1245292437882 1206.6666666666667
40000.0 50000.0 3161.910091796948 854.7612385253815 291.65827356630086 999.8819999999832 170.39399999997113 50492.494349868466 821.5344004622367 2635071.951025878 1848.8002575326077 2033.3333333333333
50000.0 60000.0 2725.1489843750023 808.3167795138886 260.53989285358165 998.5839999999735 267.203091796895 68939.27183787861 1165.0246666653131 3649928.386870517 2551.035506249413 2600.0
60000.0 70000.0 96.32502734381706 900.3340884232894 231.36238928872302 999.695000000007 266.34007617185125 78967.51009038666 1430.023713573146 4389410.9363746215 3047.029438883969 3000.0
70000.0 80000.0 81.75659765623277 901.6584911221606 218.29448687303204 999.9000000000233 324.8891035155975 81318.75723048706 1457.3833496829805 4342389.172595395 3026.1077697549395 3000.0
80000.0 90000.0 962.8312460937886 821.5607958096556 325.94616766161863 999.6290000000154 70.154052734375 72104.51828806385 1295.2425692194288 4123030.845730941 2869.7641755402615 3000.0
90000.0 100000.0 1458.5121660156292 854.1487833984371 224.6377152624476 998.9749999999767 385.90399999998044 74419.51646006042 1297.3958993472704 4195835.838137188 2912.8476955869437 3000.0
100000.0 110000.0 2286.4468261718866 771.3553173828113 307.4468388129398 999.9949999999953 202.53800000000047 67533.75656253417 1185.5888479000923 3942636.375038274 2732.1394770529137 3000.0
110000.0 120000.0 633.3250957030104 851.5159003906355 323.7381966646361 999.5470000000205 19.31396484375 72603.691432467 1276.3923986698328 4065972.15921234 2826.4086045420363 3000.0
120000.0 130000.0 90.3090039062663 900.8809996448849 297.26052452234313 999.8269999999902 6.0849609375 83377.97949011438 1476.3583053419086 4752549.195785047 3300.9868458249725 3600.0
130000.0 140000.0 35.14196289062966 996.485803710937 3.8201594636883596 999.9510000000009 988.947998046875 80831.96765234195 1460.7506435251184 4979368.369697987 3437.6076179001693 3800.0
140000.0 150000.0 1305.6879414062714 790.3920053267026 396.52793007206276 999.9859999999753 0.0 70266.60581926267 1236.7817354220037 4320835.054023149 2989.1805205610704 3000.0
150000.0 160000.0 1905.753939453105 809.4246060546895 264.07431911682227 999.7299999999814 267.25694335938897 69409.74085032746 1215.9639239930416 3800502.6431267653 2639.852216763486 3000.0
160000.0 170000.0 878.675117187493 912.1324882812507 217.3450691581068 999.5690000000177 308.8018828125205 78038.18993620735 1374.5595461976268 4186619.072381897 2910.239873807218 3000.0
170000.0 180000.0 292.5500898436876 970.7449910156313 89.12229865091709 999.7920000000158 717.10791015625 86983.51466996947 1524.021611697742 4724857.633196832 3279.3910673677306 3000.0
180000.0 190000.0 850.6509101563133 914.9349089843687 228.47718007547545 999.8640000000014 267.57908984372625 75475.48533003053 1338.978388302258 3962059.3668031683 2759.608932632269 3000.0
190000.0 200000.0 1087.4070996094379 891.2592900390562 200.74381599780403 999.8429999999935 508.41700000001583 82328.70510887878 1439.3217328321712 4383057.9370960705 3039.108081839546 3000.0
200000.0 210000.0 1199.7069785156054 880.0293021484395 195.87489534691332 998.9329999999609 475.5990996094188 67228.47809344706 1171.5142334539305 3586413.648617394 2496.860380518804 3000.0
210000.0 220000.0 1098.9266718750587 890.1073328124942 222.237953779713 999.9980000000214 327.2190781249665 75974.0792400614 1341.4459928154554 4147126.4112412743 2890.1353270333484 3000.0
220000.0 230000.0 61.98827343760058 903.4556115056727 218.82782715135917 999.8129999999655 326.2077499999432 86692.15004652957 1519.8964442426009 4600799.633849064 3193.992401993947 3000.0
230000.0 240000.0 83.64504882809706 901.4868137429003 213.2738944930977 999.6899999999441 351.97302343754563 83985.49990268938 1495.9125529235441 4546668.6275830865 3159.568249519229 3000.0
240000.0 250000.0 2625.733886718983 819.3629014756685 237.71873892595883 999.6419999999925 371.3200722655747 70480.37341787097 1234.1271997944057 3820788.3947157077 2647.8380096470555 3000.0
250000.0 260000.0 564.7111171875149 857.7535348011351 253.6288189286458 1000.0 280.33495898440015 76243.17617945254 1355.7270243370656 4255200.954464499 2955.016388478233 3000.0
260000.0 270000.0 1932.4569316406269 896.3936742621526 220.94673874996494 999.5409999999683 361.8230761719169 71869.34120569694 1275.3743533049758 4073608.9251544112 2823.297902685909 3000.0
270000.0 280000.0 160.57999218755867 894.4927279829492 239.38004056429727 999.8370000000577 269.4330078124767 75224.13828781825 1317.3202582334343 4068143.434768746 2833.5265612748294 3000.0
280000.0 290000.0 171.60174023441505 893.4907508877805 228.16472674528387 999.8880000000354 401.69999999995343 74945.98908091267 1330.0957521954474 4160875.05070452 2883.3658245575734 3000.0
290000.0 300000.0 1151.2493378904182 884.8750662109582 184.27312144835378 999.5550000000512 533.6877402344253 73468.84617313412 1289.3987682305649 4011238.617742134 2782.6665419536234 3000.0
