ts te idle avg_span std_span max_span min_span c_bytes_all c_pkts_all s_bytes_all s_pkts_all video_rate
0.0 10000.0 0.0 0.0 0.0 0.0 0.0 0.0 0.0 0.0 0.0 0.0
10000.0 20000.0 3634.6228925781325 795.6721384277334 367.53372965546583 999.7129999999888 157.3649999999907 65942.9896201013 942.5176741904143 2838567.782437562 1988.0684478524481 1500.0
20000.0 30000.0 1525.0491269531194 847.495087304688 289.83962509859373 999.8439999999828 79.14199999999255 83105.53686129657 1492.715646983546 4569609.915430357 3159.697417039465 2900.0
30000.0 40000.0 148.3470996094402 895.6048091264146 226.4741155288587 999.7249999999767 271.15401953127 84537.62080700905 1588.1134719588777 5044104.459429469 3489.2212645418153 3400.0
40000.0 50000.0 276.8578378906823 883.9220147372107 248.6874713736817 999.7579999999725 260.6731191406143 72646.07049224005 1297.3597472110805 4122060.8296251576 2866.6746010306088 3000.0
50000.0 60000.0 513.0150117187877 862.4531807528375 242.5007151491155 999.6300000000047 328.08203125 77933.23506216878 1408.1709518385258 4155603.3084585276 2899.3298497164633 3000.0
60000.0 70000.0 38.664142578141764 905.5759870383507 220.29850963214906 999.8929999999818 310.535888671875 84017.89754620519 1406.0935961747177 4224829.656494303 2935.086210366979 3000.0
70000.0 80000.0 1036.2677871093038 896.3732212890696 167.39796298491422 999.6809999999823 564.5300000000279 85865.71212135052 1512.3608870701987 4312449.850468436 2988.6859454216856 3000.0
80000.0 90000.0 1475.8721015623887 852.4127898437612 261.2370771145822 999.9990000000107 268.3648984375177 81491.93748962853 1427.6680245726398 4152700.1976561877 2884.2362640305346 3000.0
90000.0 100000.0 797.6647441406967 920.2335255859304 164.58207016043005 999.8910000000033 543.4020000000019 82389.77616668439 1405.370076869676 4127738.103723965 2876.185038434838 3000.0
100000.0 110000.0 475.9529726562323 865.8224570312516 275.8579017502005 999.2320000000182 307.915283203125 80799.36394077768 1425.2719955127566 4113710.2403289895 2872.590891435458 3000.0
110000.0 120000.0 652.4163085937616 934.7583691406238 118.24826586636193 999.875 690.7207167968736 81013.50909839608 1424.0662391300418 4193389.7310175397 2909.525100349006 3000.0
120000.0 130000.0 3099.6659355469164 690.0334064453084 399.30110069058117 999.3499999999767 149.2900390625 58649.89245928329 1025.9896700755232 3023464.91093939 2099.141213535422 3466.6666666666665
130000.0 140000.0 625.5050683593727 937.4494931640627 104.1872135804042 999.6259999999893 695.094970703125 89219.61895913938 1402.747931630645 3931508.9395057936 2734.187070896204 1949.090909090909
140000.0 150000.0 432.7089062499581 869.7537357954584 264.7085059034641 999.8180000000284 303.84202929685125 85145.41764674427 1508.3093846012957 4242788.064948976 2951.1585777929145 3000.0
150000.0 160000.0 86.06407617183868 901.2669021661965 222.92988404188674 999.7640000000247 316.06298828125 84101.93487836464 1460.2648046957943 4090971.5824245643 2850.7608648584255 3000.0
160000.0 170000.0 61.38703710952541 903.5102693536795 226.18301443414194 999.8819999999832 284.949951171875 79787.03910656748 1397.5173752686096 4149682.049830775 2876.089754089235 3000.0
170000.0 180000.0 847.3068457031623 832.0630140269852 278.46942947951305 999.960000000021 191.68310546875 83030.08728401139 1441.7304889635327 4266314.441983906 2956.8825836768365 3000.0
180000.0 190000.0 359.6841054687393 964.0315894531261 71.7567688078867 999.8989999999758 808.0358945312328 85703.36046003143 1439.7320332521247 4103195.935296102 2854.4789049316596 3000.0
190000.0 200000.0 313.4530039062374 968.6546996093763 91.2753771047258 999.8329999999842 709.02099609375 90415.04050687372 1509.2623697304473 4432395.686172084 3083.0710785673723 3000.0
200000.0 210000.0 1033.397097656387 815.1457183948739 283.0281203561485 999.6060000000289 290.63100390625186 84792.0040288127 1475.1225624339816 4213625.9785408005 2938.7980474941533 3000.0
210000.0 220000.0 1776.729927734239 913.6966746961957 143.15648549094678 999.829000000027 634.4101015625056 86642.08262565476 1438.2897721964616 4036368.411399253 2813.341148293571 3000.0
220000.0 230000.0 202.00797070318367 890.7265481178924 242.98699556527296 999.4560000000056 289.5640292968601 85174.87283865883 1466.3252956391098 4211145.923887863 2925.7897256449032 3000.0
230000.0 240000.0 830.3250566406641 916.9674943359336 253.75633941527084 999.9579999999842 194.866943359375 81263.01455484705 1391.0096129825292 4148973.716324839 2876.5048932518393 3000.0
240000.0 250000.0 2110.546974609373 876.6058917100696 197.58454055672274 999.375 396.0600000000559 72320.44986491263 1251.3339701162224 3691085.450551219 2565.2877752719914 3000.0
250000.0 260000.0 460.71108203125186 867.2080834517044 259.6847040817835 999.8680000000168 171.55503124999814 91541.95190709615 1615.9957869365319 4798165.957395721 3328.947775189515 3000.0
260000.0 270000.0 496.87876953126397 863.9201118607942 298.732177331093 999.1679999999469 228.6201171875 82041.828534119 1456.6677671426082 4201205.238782499 2919.5735054372917 3000.0
270000.0 280000.0 537.5490800781408 860.2228109019871 306.8355912781325 999.6169999999693 191.988037109375 74881.32578662614 1320.5369821669735 3953469.8793836916 2743.697776448141 3000.0
280000.0 290000.0 373.6360371094197 962.636396289058 72.23336450513078 999.7099999999627 806.136962890625 81130.42935239902 1436.4558806551345 4143779.75756203 2882.988274401221 3000.0
290000.0 300000.0 715.9759648438776 928.4024035156123 203.58323194861927 999.8460000000196 349.43603515625 83307.21044941316 1397.2725645576063 4075693.7682698253 2838.096805339492 3000.0
