ts te idle avg_span std_span max_span min_span c_bytes_all c_pkts_all s_bytes_all s_pkts_all video_rate
0.0 10000.0 9204.64794921875 795.35205078125  795.35205078125 795.35205078125 5876.3319828396225 16.734875459673457 70843.50921378622 70.92399599575894 1500.0
10000.0 20000.0 89.18202734374063 900.98345205966 241.09236886541967 998.0650000000023 202.7069492187511 35763.74811923105 704.2510534653627 1991067.5959611929 1661.331855866185 584.5714285714286
20000.0 30000.0 1777.0187695312488 747.543748224432 377.7139842829861 999.6889999999985 141.38525390625 18367.992538808674 400.16882168478344 822980.2315221045 704.4495937569679 370.2857142857143
30000.0 40000.0 2639.959253906258 817.7823051215269 291.4866313016867 999.336000000003 126.35399999999936 15959.927359120658 354.84524939018036 951143.6633029166 822.2945543810881 480.0
40000.0 50000.0 2602.674980468735 821.9250021701405 318.62896080883274 999.8380000000034 97.52001953125 19237.885022217506 432.4619676987433 1452793.2078084017 1242.9711139210951 831.4285714285714
50000.0 60000.0 2297.6087597656297 770.2391240234371 374.82039154001086 999.7200000000012 0.0 23075.96522466395 573.7897186953296 2032763.8967904246 1695.2035225353986 1980.0
60000.0 70000.0 250.6211796875141 886.3071654829532 293.61738078455113 999.8329999999987 11.632080078125 38437.91614088198 1002.2574494830974 3584439.202883463 2953.6335406405374 2300.0
70000.0 80000.0 183.37010546872625 981.6629894531274 28.059655125144165 998.5880000000034 903.698974609375 34428.12869846109 940.6146865813971 3396415.062551491 2795.814278991166 2883.3333333333335
80000.0 90000.0 236.8379824218864 887.5601834161921 276.0134256864137 999.7939999999944 82.50902539062372 45034.727257247956 1228.1061378588429 4517528.399945877 3653.940993458135 3000.0
90000.0 100000.0 60.99302929689293 903.546088245737 234.01323603915614 999.2320000000036 235.86400781250268 39434.946007251514 1029.3225875964936 3727831.215205656 3047.1648445247633 3000.0
100000.0 110000.0 1226.9719492187724 797.5480046164753 340.5723342966138 998.9109999999928 127.864013671875 40637.406751630086 1056.4153589714786 3872160.9569546813 3158.097615605976 3000.0
110000.0 120000.0 137.23597656254424 896.6149112215869 280.20800507900526 999.8679999999877 60.238037109375 44042.36604027546 1150.0453947770052 4250763.275689719 3469.767985987555 3000.0
120000.0 130000.0 274.77396484371275 972.5226035156287 30.130560771654213 999.6840000000084 921.424072265625 44343.86116429127 1131.1465413981887 3969696.29011631 3250.428384020235 3000.0
130000.0 140000.0 1996.9640371094283 800.3035962890572 353.0215532627422 999.5719999999856 76.01292773438036 37391.915381609986 935.4967619362866 3401075.6075832583 2771.7710308527594 2371.4285714285716
140000.0 150000.0 515.5641484374646 862.2214410511395 308.6824031334318 999.890000000014 9.780964843754191 37048.33590717422 948.1841990274856 3349148.647505043 2727.2912760366085 3000.0
150000.0 160000.0 232.76560742189758 887.930399325282 226.0480322959744 998.4539999999979 352.1731132812565 39071.52881426969 1001.8303673076828 3631790.613682559 2973.285522291706 2533.3333333333335
160000.0 170000.0 489.26035742188105 864.612694779829 302.35510554882876 999.9249999999884 87.669921875 38442.80633605722 984.9829460149126 3571618.136405972 2916.1317203574345 2766.6666666666665
170000.0 180000.0 177.4326542968338 982.2567345703167 27.213412073242694 998.5920000000042 909.9870781250065 45834.90983158007 1184.6610837850826 4293272.380511693 3490.987257678508 3000.0
180000.0 190000.0 57.75833203122602 903.8401516335249 294.0275295871049 999.8099999999977 18.07673242187593 43202.83292913173 1126.3153475764943 4083166.9418574087 3325.242677452964 3000.0
190000.0 200000.0 225.55882226562244 888.5855616122161 285.90880048051406 999.3940000000002 36.25906445313012 45639.28900849422 1191.8136173636117 4334338.829198417 3520.3087377236984 3000.0
200000.0 210000.0 426.92507421880146 870.2795387073817 280.8187424479821 999.8949999999895 96.87088671873789 42594.82895852822 1097.7293145449303 3992489.0741294264 3268.8619670629178 3000.0
210000.0 220000.0 2004.1390917968529 799.5860908203147 325.6024799171929 999.7980000000098 119.470947265625 36013.48891028345 924.5592943956166 3369247.4150661384 2753.8529784588954 2650.0
220000.0 230000.0 227.39594726564246 977.2604052734357 38.945625992189846 998.6179999999877 877.9600527343864 42626.861615950365 1087.2672249873208 3977831.84611406 3267.2445523996466 2800.0
230000.0 240000.0 219.39809960933053 978.0601900390669 51.46036220005675 999.939000000013 835.722900390625 47756.895975888336 1231.761206864764 4431799.304791787 3606.4132841494775 3000.0
240000.0 250000.0 939.509800781263 823.6809272017034 368.6674488409758 999.8030000000144 4.902099609375 41184.20776800084 1074.7872353019807 3934463.0994433695 3208.2518060324414 3000.0
250000.0 260000.0 423.0701542968163 957.6929845703183 112.9801112820934 998.6469999999972 636.7939453125 41786.2828798192 1081.3288064978076 3891069.2364041046 3198.4034812123728 3000.0
260000.0 270000.0 365.328830078186 875.8791972656195 247.79528946452626 999.9170000000158 362.02805468748556 34494.24041944482 895.892547045754 3187104.299924104 2622.2231077143433 3000.0
270000.0 280000.0 858.9631933593773 831.0033460582384 303.75825250763285 999.9529999999795 133.294921875 45204.17686109516 1175.768085833674 4295016.204337619 3491.849933352185 2700.0
280000.0 290000.0 204.64587890630355 979.5354121093696 42.554391568927585 999.9459999999963 862.7730781250284 42633.746284772475 1120.4918196526912 4081005.446242267 3319.3006714219127 3000.0
290000.0 300000.0 2259.416054687521 774.0583945312479 382.37109484013405 999.9770000000135 33.89995703124441 35740.94924564661 935.0919787458924 3361625.12335358 2746.9876821407784 3000.0
