ts te idle avg_span std_span max_span min_span c_bytes_all c_pkts_all s_bytes_all s_pkts_all videorate
0.0 10000.0 0.0 0.0 0.0 0.0 0.0 0.0 0.0 0.0 0.0 0.0
10000.0 20000.0 323.01868164062034 967.6981318359379 87.336427499727 999.2729999999865 719.351318359375 77757.81385526946 1187.247304541784 3063977.132122997 2146.7790100592792 1500.0
20000.0 30000.0 126.02800195320742 897.6338180042538 230.78666583634418 999.3009999999776 270.10968164063524 69018.17641739549 1110.053340678533 2708187.4553543236 1886.5904782750795 950.0
30000.0 40000.0 588.4113554687356 855.5989676846604 258.88025275463025 999.8300000000163 312.81868359376676 60422.93700459696 970.8008980574198 2381816.6748155784 1676.5529323441863 1405.7142857142858
40000.0 50000.0 733.0739804687328 926.6926019531268 146.14274868018157 999.704000000027 546.875039062521 59969.90197959493 1021.3076168896825 2814491.2880871487 1948.9085368834712 4285.714285714285
50000.0 60000.0 643.352017578145 850.6043620383505 317.1871306199833 998.2519999999786 48.73901953123277 78278.14312031833 1387.8485391658514 4818830.119400279 3332.144934429953 3463.6363636363635
60000.0 70000.0 563.8749238281162 943.6125076171884 129.70332340884596 999.5740000000224 582.9190371093573 69543.29466247238 1242.1767667924835 4121158.4046208654 2858.4250560037663 3000.0
70000.0 80000.0 140.3370703124674 896.3329936079575 272.62434401704115 999.5910000000149 86.57996093749534 79522.68348570618 1407.0194847301902 4408209.8406492295 3061.5698385247083 3000.0
80000.0 90000.0 436.1678535156534 869.4392860440315 282.6039431126691 999.0989999999874 151.23803125001723 78040.79061922066 1339.8522114416858 4140835.170696448 2872.374816706314 3000.0
90000.0 100000.0 110.1030546874972 899.0815404829548 223.16783304190366 999.8449999999721 388.862060546875 73473.45959539528 1265.6581380517634 4045721.373572806 2819.1342010214753 3000.0
100000.0 110000.0 223.0227695312351 888.8161118607968 218.65660515970677 999.5769999999902 335.123291015625 74021.69277506642 1239.7509436099842 4026500.838623567 2797.066544197525 3000.0
110000.0 120000.0 78.84431054675952 901.9232444957491 224.92953774179017 999.4980000000214 293.97998046875 76486.9945397605 1342.3324070131907 4278236.46686284 2973.747425060622 3000.0
120000.0 130000.0 146.89899609371787 895.7364549005711 242.9823022653331 999.8620000000228 218.208984375 76229.35390520126 1339.630476502879 4241799.052672851 2950.9551906029974 3000.0
130000.0 140000.0 342.14498437498696 965.7855015625013 72.90387639671567 999.9039999999804 781.6100156250177 71304.75804000214 1269.3218725245522 4100050.1825210685 2858.751035890622 3000.0
140000.0 150000.0 1010.154013671854 898.9845986328146 208.38138107342658 999.7370000000228 482.135986328125 75705.50092798317 1298.9944320917084 4203831.20417493 2911.5602271264975 3000.0
150000.0 160000.0 1951.7440507813008 804.8255949218699 248.98048527990488 999.9110000000219 416.158935546875 66813.25211932055 1174.9013259708895 3984640.7847961728 2768.9277704614315 3000.0
160000.0 170000.0 183.35895312495995 892.4219133522764 233.14155366002362 999.4550000000163 296.906982421875 71173.69685597962 1249.0073878966907 4214101.349963112 2929.1636290960987 3000.0
170000.0 180000.0 443.89771679695696 955.6102283203043 104.96984343899702 999.6529999999912 668.4690175781143 82575.50091090493 1425.3756730999626 4311978.327997928 3002.432739976445 3000.0
180000.0 190000.0 703.9263105468708 845.0976081321027 298.07095061039894 998.8400000000256 92.18673437502002 78482.64126931409 1349.388073358758 4244766.479502217 2949.7948650249314 3000.0
190000.0 200000.0 60.53090820321813 903.5880992542529 206.80705211908818 999.6679999999469 457.998046875 76924.84675012108 1329.470653041177 4137813.00380792 2867.7394046886334 3000.0
200000.0 210000.0 530.755060546915 860.8404490411896 242.0488124129375 999.8839999999618 346.510986328125 73245.05365264324 1275.273766388667 4227966.89460091 2929.856930762429 3000.0
210000.0 220000.0 581.594958984293 941.8405041015707 107.88939903909178 999.9300000000512 651.9170136718312 72440.93539049082 1269.4669208183752 4035994.6107350155 2822.0181277610436 3000.0
220000.0 230000.0 1224.9821249999804 797.7288977272746 314.05563654727536 999.2569999999832 87.58697265619412 68411.52265428442 1125.3250644784216 3569074.421269275 2494.9679289300575 3000.0
230000.0 240000.0 514.4909023436485 948.5509097656352 134.15279463705295 999.9910000000382 569.1050976562547 86179.04946895805 1500.7967028553503 4467291.92315252 3103.5383761724324 3000.0
240000.0 250000.0 1933.0630097655812 806.6936990234419 310.4706011801535 999.9279999999562 76.83900000003632 76054.88375353621 1286.5370351036522 4013028.6450307416 2782.1193721239692 3000.0
250000.0 260000.0 535.8918847654713 860.3734650213208 230.03128413035978 999.8810000000522 352.93310546875 78219.32783088574 1343.1113978021228 4227050.863915408 2931.373701197671 3000.0
260000.0 270000.0 241.31106054689735 887.153539950282 227.40119631030538 999.0230000000447 282.196044921875 78967.793693838 1366.0690542811985 4176898.622971802 2904.1158329579403 3000.0
270000.0 280000.0 100.33312890632078 899.9697155539708 239.6164757178496 999.1609999999637 223.388916015625 77492.52823749957 1358.1039189381572 4355985.244530934 3028.810190205932 3000.0
280000.0 290000.0 385.4788066406036 961.4521193359396 71.48879987263169 999.9520000000484 775.1500839843648 77766.6435601596 1352.6814195544296 4243739.478305903 2943.598513285025 3000.0
290000.0 300000.0 234.61615820322186 887.7621674360707 272.77724002775705 999.9159999999683 87.38189062499441 72585.91044071966 1276.3901981569384 4228663.424819058 2931.1235240189835 3000.0
