ts te idle avg_span std_span max_span min_span c_bytes_all c_pkts_all s_bytes_all s_pkts_all video_rate
0.0 10000.0 0.0 0.0 0.0 0.0 0.0 0.0 0.0 0.0 0.0 0.0
10000.0 20000.0 6628.603906250035 674.279218749993 437.43822907487817 998.7469999999739 102.65100000001257 45679.38622292462 606.2297341209539 1898897.170398734 1339.0652700216062 1500.0
20000.0 30000.0 570.2140937499935 942.9785906250006 109.82152280852888 999.9290000000037 699.3869062499725 93771.61377707537 1516.770265879046 4389598.8296012655 3076.9347299783935 2076.923076923077
30000.0 40000.0 753.7170429687249 924.6282957031275 226.57616922650595 999.9699999999721 279.85595703125 84045.80298667609 1408.521353015405 4155064.584209198 2892.7834144392045 3000.0
40000.0 50000.0 1172.868904296949 882.713109570305 155.28634162549517 999.9280000000144 602.8649999999907 84496.02134198023 1422.0619194353553 4125708.5404008767 2875.4146587028977 3000.0
50000.0 60000.0 891.32805859379 828.0610855823827 298.2972059755191 999.4309999999823 245.63894726563012 84631.79963590158 1521.2175481871768 4295064.952789748 2975.5479335691407 3000.0
60000.0 70000.0 79.81373046868248 901.835115411938 222.76032096874013 999.9130000000005 309.895263671875 82219.2911760385 1471.8303544351973 4275424.886409729 2975.8524068909383 3000.0
70000.0 80000.0 62.08233203133568 903.447060724424 229.00737639115448 999.554999999993 272.804931640625 85713.00340434504 1454.3533928885631 4203902.482027471 2926.982825476382 3000.0
80000.0 90000.0 541.9649726562784 945.8035027343722 93.86217384695021 999.7939999999944 724.195068359375 80115.04549480445 1440.1403844032545 4099056.4927947028 2842.627014863023 3000.0
90000.0 100000.0 953.8059589844197 904.6194041015581 273.5584388478123 999.9479999999749 126.90704101562733 69599.03596025408 1260.8750476350478 3822886.0613682745 2650.791746058413 3000.0
100000.0 110000.0 854.3430156250251 914.5656984374975 214.8343982006563 999.6599999999744 318.083984375 83144.47409162662 1466.1898573141284 4312625.318548738 2998.638449258143 3000.0
110000.0 120000.0 534.8148691406241 946.5185130859376 108.52487575101726 999.2889999999898 676.785015625006 83545.88509196999 1430.0075363697129 4003704.6497532134 2788.187142603637 3000.0
120000.0 130000.0 1711.2471152343787 828.8752884765621 299.50521551082727 999.875 169.45588476560079 78724.6408164034 1275.8026063161587 3901885.031698048 2714.1744081382203 2200.0
130000.0 140000.0 1700.8321035155677 922.129766276048 217.42842501633038 999.945000000007 342.868896484375 87143.43603627427 1461.08830874382 4196740.903512964 2910.5197554042516 3000.0
140000.0 150000.0 867.8990136719076 913.2100986328093 143.46683417414664 999.4739999999874 656.3471035156399 83326.06456840386 1437.0190305966742 4223652.777534825 2937.0123915329186 3000.0
150000.0 160000.0 1492.5239746093284 773.4069113991519 335.39763607661934 999.7779999999912 170.4041171874851 82952.48364322587 1432.7614251662653 4134002.8310160125 2871.5715115089743 3000.0
160000.0 170000.0 3059.7979082031525 771.1335657552053 374.3785899117778 999.6149999999907 40.26199999998789 61673.01575209599 1070.1312354932404 2924401.4879361987 2036.8963415538558 3000.0
170000.0 180000.0 6519.813000000082 497.1695714285597 483.78184047456705 997.5869999999995 20.864000000001397 32537.0 502.0 1357337.0 958.0 2300.0
180000.0 190000.0 7044.350999999966 492.60816666667233 497.291641002515 998.4050000000279 39.62599999998929 40323.0 508.0 1393061.0 996.0 594.6666666666666
190000.0 200000.0 1867.1419160157093 903.6508982204767 216.69640362027326 999.6780000000144 343.611083984375 81238.23452482447 1299.558508850467 3591154.119869139 2513.921292111674 1800.0
200000.0 210000.0 899.6610312499688 910.0338968750032 148.27633707124642 999.9919999999693 637.6700000000419 84016.51056569061 1474.7368119774842 4091889.662307371 2843.4051072748935 3000.0
210000.0 220000.0 1012.2191562501248 817.0709857954432 314.6609657152548 999.9579999999842 134.6169472655747 83144.3774647942 1464.348761238021 4261034.722223836 2961.2913114390735 3000.0
220000.0 230000.0 69.63995507801883 902.7600040838165 218.5488084924708 999.7110000000102 315.18994140625 81364.60999556279 1428.5156728152333 3923406.4394123415 2729.017793951269 3000.0
230000.0 240000.0 495.41598242195323 950.4584017578047 105.78064728033087 999.3980000000447 682.8790585937677 83449.82005005058 1489.1619171504246 4443588.1643505385 3089.1125035999676 3000.0
240000.0 250000.0 2873.326958984253 712.6673041015747 384.98544378982837 997.5600000000559 102.58400000003166 66431.44739907734 1026.6783279683696 2994285.8918367745 2103.251991623123 2600.0
250000.0 260000.0 1059.490000000107 993.389999999988 15.190986217169614 999.6970000000438 952.9919999999693 82906.0 1421.0 4032095.0 2808.0 3000.0
260000.0 270000.0 691.6329921875149 930.8367007812485 210.16499283984203 999.1060000000289 332.7080078125 83748.90558016028 1451.6016239119597 4307163.263640962 2987.1848828108255 3000.0
270000.0 280000.0 587.4680371093564 941.2531962890644 109.68675541296066 999.9499999999534 666.5629921874497 78421.5869769109 1392.8462304975512 4171743.2952002846 2901.138153476859 3000.0
280000.0 290000.0 511.8080781250028 862.5629019886361 273.8206494007059 999.9490000000224 163.68102929682937 82739.36710367906 1455.386235151353 4215326.273661069 2930.7198746407407 3000.0
290000.0 300000.0 598.7519394530682 854.6589145951756 293.7476242769664 999.9910000000382 186.906107421848 79091.97402451946 1385.3362491051098 3970580.3394980086 2764.952303999383 3000.0
