ts te idle avg_span std_span max_span min_span c_bytes_all c_pkts_all s_bytes_all s_pkts_all videorate
0.0 10000.0 0.0 0.0 0.0 0.0 0.0 0.0 0.0 0.0 0.0 0.0
10000.0 20000.0 8741.68173046875 629.1591347656249 521.290242211847 997.7669999999998 260.55126953125 8106.532687183354 73.03603008509575 171807.64006133788 156.2585054171813 288.0
20000.0 30000.0 133.04899609374115 896.9955458096599 251.8948103003507 999.711000000003 174.9052734375 35424.72582822132 631.9252732001486 1442144.6327192176 1195.8906303677977 288.0
30000.0 40000.0 176.05934765625716 893.0855138494312 273.9043164709485 997.6820000000007 83.14892578125 22618.87341780992 460.56080681489067 1039275.887907164 882.895084415291 425.14285714285717
40000.0 50000.0 1126.1829999999973 887.3817000000003 228.81971588785666 999.1080000000002 260.02392578125 16661.84745345194 352.3118471539316 648805.2142145456 574.6621880469543 342.85714285714283
50000.0 60000.0 86.47170507811825 920.0236805013022 160.78571249537066 999.1150000000052 467.819091796875 27197.416234585195 492.41583397360694 945849.2904556333 804.6369652169724 288.0
60000.0 70000.0 2018.7181777343794 798.1281822265621 304.79410197639857 999.2620000000024 256.5869140625 21212.914939110833 478.85521775003707 850738.7884911011 736.2781475589887 557.3333333333334
70000.0 80000.0 183.27598632812442 892.4294557883524 256.01309482747104 999.900999999998 156.825927734375 25795.096455919393 579.503701497656 883085.1919184822 762.9871894521812 288.0
80000.0 90000.0 1183.6479765625118 881.6352023437488 261.0556305734171 999.5249999999942 163.824951171875 18514.571496073087 397.053798084966 641999.2841803904 566.3850523651322 288.0
90000.0 100000.0 1027.1400253906177 897.2859974609382 231.21888368872158 999.8179999999993 258.39892578125 21126.504836033026 476.1451029054176 713702.5079325486 625.072427263186 416.0
100000.0 110000.0 1378.5259257812577 862.1474074218743 313.2701190310646 999.5850000000064 0.0 21719.516651611928 522.19238853425 709212.5621195792 614.9338098963153 480.0
110000.0 120000.0 879.9940605468728 912.0005939453127 263.15427195446995 999.5460000000021 163.137939453125 22661.31482590335 511.01144140760437 656039.3688684466 579.1794429051582 288.0
120000.0 130000.0 155.23982812499162 894.9781974431826 270.41957680898577 998.9599999999919 95.839111328125 16145.385836858053 387.03310589243995 465423.0397076265 418.0577018853644 288.0
130000.0 140000.0 3645.1951113280957 794.350611083988 315.14208044550935 999.80799999999 93.89999999999418 15864.299337238595 345.9554526999557 656164.591423927 584.7628552094774 288.0
140000.0 150000.0 6838.864999999991 790.2837500000023 239.17071647169513 987.3880000000063 443.13300000000163 14037.0 290.0 913106.0 809.0 634.2857142857143
150000.0 160000.0 3775.4289999999746 778.0713750000032 401.7288548696004 999.747000000003 26.453000000008615 24695.0 639.0 2028454.0 1687.0 1500.0
160000.0 170000.0 2722.7858789062593 808.5793467881934 381.1403170272755 999.9679999999935 15.10899999999674 28501.30899711677 762.0622184851824 2490646.0138649764 2048.556725172992 2300.0
170000.0 180000.0 3368.7871210937446 828.9016098632819 341.0747325836216 999.0169999999925 16.63200000001234 31184.69100288323 819.9377815148175 2717128.9861350236 2240.443274827008 1728.5714285714287
180000.0 190000.0 3818.3970585937495 772.7003676757813 383.5407274201637 999.0849999999919 64.35699999998906 24928.98148848688 636.2044914947206 2067638.986300559 1712.3152764320776 1500.0
190000.0 200000.0 3096.0860507812467 767.1015499131948 373.1932377374528 999.3289999999979 0.0 30641.49769300981 804.0645394732225 2537103.392652842 2086.3032764409245 1928.5714285714287
200000.0 210000.0 82.17992968749604 901.6200063920459 237.68164784442067 999.5849999999919 229.4599609375 44356.90737947634 1178.8183843586182 3740278.5748251188 3067.758034257178 3000.0
210000.0 220000.0 1437.4480195312644 856.2551980468736 231.9063272476573 999.4770000000135 274.81494140625 44782.095934974284 1178.1686259949645 3933360.9772160323 3193.3494374465918 3000.0
220000.0 230000.0 1079.797048828128 892.0202951171872 232.90949812233407 999.9439999999886 277.514892578125 41380.73981130564 1056.7153361478738 3473482.098810455 2874.677568821662 2333.3333333333335
230000.0 240000.0 2015.4535859375028 798.4546414062497 358.4049829104192 999.9090000000142 21.972000000008848 37434.97120692095 977.6062251051245 3216167.187379389 2633.818149494132 3000.0
240000.0 250000.0 2858.4682382812316 793.5035290798631 323.1166777634516 997.6809999999823 40.928000000014435 38579.41160567241 991.850520716186 3344308.139699399 2732.135148348475 2475.0
250000.0 260000.0 3170.3860683593666 758.8459924045148 383.43405120123214 999.064000000013 97.58899999997811 34231.39488015369 891.5718767092899 2924170.6431162055 2405.643108758959 2300.0
260000.0 270000.0 793.9009453125182 920.6099054687481 245.4010281489313 999.9899999999907 222.2060546875 40038.20415631479 1000.3116773744459 3298378.948854954 2707.214199951655 1900.0
270000.0 280000.0 1002.1551386718056 899.7844861328194 235.8442394665518 999.9050000000279 258.638916015625 41906.38209935346 1099.6744085150985 3459537.360602454 2848.048187142124 2571.4285714285716
280000.0 290000.0 85.76982812496135 901.2936519886399 242.72907048755835 999.3429999999935 207.465087890625 45519.82160521022 1199.2033576573124 3858831.8200184857 3152.815678726277 3000.0
290000.0 300000.0 100.06615625001723 899.993985795453 252.5183009501898 999.8180000000284 163.054931640625 44531.80441086203 1167.3540399076235 3877476.486013329 3175.7771966853206 2800.0
