ts te idle avg_span std_span max_span min_span c_bytes_all c_pkts_all s_bytes_all s_pkts_all videorate
0.0 10000.0 7062.865914062539 734.2835214843653 378.1440714121928 997.9739999999874 195.9130859375 31332.62250288701 383.901244099474 1061652.3400336646 921.6208643659697 820.0
10000.0 20000.0 818.9801210936857 918.1019878906314 150.2478360043104 999.6739999999991 540.93896484375 74073.48598996266 1200.2114928067808 3765510.8651220547 3167.6609778996676 1700.0
20000.0 30000.0 1075.019037109334 892.4980962890666 200.19056514654494 999.5650000000023 454.98503515624907 69860.4688453451 1292.3856539434657 4109315.6853961693 3442.479359892127 3000.0
30000.0 40000.0 1182.0139277342823 881.7986072265718 206.13023055997257 999.454000000027 409.92807226564037 65205.42266180523 1186.5016091502794 3696625.1094481116 3107.2387978422357 3000.0
40000.0 50000.0 1963.7477148437756 892.9169205729138 204.58073383205846 999.9990000000107 486.6599999999744 71871.37243466348 1271.6797430312672 3984645.541959641 3335.8980357140435 3000.0
50000.0 60000.0 34.330373046861496 905.9699660866489 208.6418671705854 999.4880000000121 416.9307148437365 81258.03576766478 1450.0393751393096 4614949.470843416 3862.675197055798 3000.0
60000.0 70000.0 1996.3558066405822 800.3644193359418 340.0420414997026 999.2700000000186 31.56400000001304 70153.69261450534 1236.1887456913273 3880702.5176292607 3099.36449666427 3000.0
70000.0 80000.0 1304.2231718749972 869.5776828125003 286.65197816930515 1000.0 152.83089453127468 74903.46491268536 1334.5111902022006 4522489.927706756 3194.8643475380486 3000.0
80000.0 90000.0 1617.2890214844956 838.2710978515504 330.9412907975484 999.0829999999842 38.909912109375 65606.82847471596 1160.2658236821858 3787040.6574394554 2683.5924294985525 3000.0
90000.0 100000.0 962.7729121093289 903.7227087890672 214.63498369391291 999.6930000000284 331.4400000000023 71241.60579576506 1278.3151222537092 4276506.8844214715 3028.6054935292877 3000.0
100000.0 110000.0 566.2397441406501 943.3760255859349 169.81047725665135 999.8180000000284 460.187255859375 72905.38498074909 1273.8376822162052 4104388.553464935 2908.6276168543745 3000.0
110000.0 120000.0 2387.9911484374898 845.7787612847234 223.33311252837154 999.8040000000037 523.9170000000158 59286.7661843377 1030.581187389856 3339769.973364264 2370.455189002396 3000.0
120000.0 130000.0 45.486144531168975 904.955805042621 210.42192650483148 999.8850000000093 412.6528925781022 80085.16209386782 1402.4211991882246 4543579.830953961 3209.012057900547 3000.0
130000.0 140000.0 40.22101171879331 905.4344534801097 206.96139296836046 999.9430000000284 442.68903710937593 75042.50984138483 1342.2018255497358 4358964.601237171 3079.7708171399518 3000.0
140000.0 150000.0 1497.1689902343787 850.2831009765621 226.206827373062 999.7519999999786 464.1640488281264 72938.59893276566 1306.958231387579 4101730.2301564403 2906.7585675483733 3000.0
150000.0 160000.0 1351.5389433593373 864.8461056640663 292.10481135494865 999.3670000000275 150.73603906249627 72530.76541162764 1225.6592469733591 3927289.4049058817 2779.444007036376 3000.0
160000.0 170000.0 56.13702343747718 903.9875433238657 205.73579875917957 999.6240000000107 477.19898242189083 76644.93026849163 1363.7802387508095 4349394.567302036 3090.282526373204 3000.0
170000.0 180000.0 98.01794140628772 900.1801871448829 209.6037260651038 999.619000000006 454.154052734375 72299.92612711649 1272.043684532729 3985339.251987813 2833.7171148859757 3000.0
180000.0 190000.0 2183.7050292969216 868.4772189670088 195.67842419189557 998.2220000000088 544.6279472656315 69480.11784015229 1235.175219460059 3870548.1422045864 2741.241372287111 3000.0
190000.0 200000.0 103.76994335924974 899.6572778764319 216.08985049151931 998.3959999999497 418.6519765625126 80084.55438154726 1395.7156266160453 4462194.391086437 3161.094345295911 3000.0
200000.0 210000.0 84.7977734375745 901.3820205965841 209.956847502673 999.3819999999832 468.334919921821 79120.83351387415 1389.1157017644337 4339324.187548296 3082.930769314531 3000.0
210000.0 220000.0 48.32834374997765 904.6974232954566 207.87782439012855 999.8719999999739 457.261962890625 83031.33352819597 1366.2965098378904 4057808.1562377308 2887.6813138609327 3000.0
220000.0 230000.0 350.3439726562938 877.241457031246 269.9460814192757 999.8519999999553 173.364990234375 76187.32853723982 1347.5445937248135 4200011.695625462 2976.4313059717115 3000.0
230000.0 240000.0 1194.8439902344253 880.5156009765575 208.46449687457562 999.9129999999423 486.2290000000503 76707.78835864963 1378.6690526082602 4349060.013924987 3081.5529965286046 3000.0
240000.0 250000.0 2060.7790781250224 882.1356579861086 227.0003931838661 999.6620000000112 449.38300000003073 75247.33988229187 1294.3703004790407 3998994.738168941 2831.4984123783543 3000.0
250000.0 260000.0 2921.6579589844914 786.4824490017231 348.2464306284718 999.9710000000196 31.479999999981374 72130.52724672618 1187.2718851306945 3451466.1149150506 2451.6098131338003 3000.0
260000.0 270000.0 222.51506835932378 888.8622665127888 245.00113276527617 999.7010000000009 360.8070371093927 89592.34188277503 1579.570995762725 4868181.363756733 3448.01017952032 3000.0
270000.0 280000.0 154.84695117198862 895.0139135298192 229.3193730272444 999.9100000000326 320.116943359375 83114.97274031403 1477.1307524868855 4521323.554576262 3205.0868033685115 3000.0
280000.0 290000.0 2292.7196855469374 770.7280314453062 384.1296486916993 999.9960000000428 30.206056640599854 72767.78488181734 1261.9853601143577 3859438.564280684 2732.2258967361013 3000.0
290000.0 300000.0 77.9033027344849 902.0087906605014 210.7990825092118 999.9760000000242 461.50674218754284 78860.64348382704 1362.9040001671149 4220595.1987228785 3000.8099462263554 3000.0
