ts te idle avg_span std_span max_span min_span c_bytes_all c_pkts_all s_bytes_all s_pkts_all videorate
0.0 10000.0 6143.516693359357 964.1208266601607 67.06124224398769 998.9380000000237 863.539306640625 40815.333933473405 532.0342442736846 2011858.0771164761 1474.0613913968962 840.0
10000.0 20000.0 4471.285306640551 614.3016325954943 438.6891940053387 999.9760000000242 22.84200000000419 50814.666066526595 793.9657557263154 2402131.9228835236 1699.9386086031038 1380.0
20000.0 30000.0 536.1930449218489 946.3806955078151 107.87281639569709 999.9969999999739 708.053955078125 78916.04976969131 1444.2611568926059 4601484.7575094495 3185.207821976205 3000.0
30000.0 40000.0 1903.018029296887 809.6981970703113 327.4335647666312 999.7010000000009 154.53200000000652 57356.42718596676 1001.716088687988 3171273.4520692783 2208.452864077058 2400.0
40000.0 50000.0 3055.8489902343717 771.5723344184031 366.6812104119934 999.9479999999749 0.0 54774.276533204305 969.6820973030276 3049121.9313146523 2113.1919833005854 2300.0
50000.0 60000.0 118.26587109378306 898.3394662642015 230.28783173463452 999.8539999999921 282.49706445314223 73446.68833555774 1290.483574717673 3923663.199894603 2733.0326244579287 2600.0
60000.0 70000.0 2076.84415624995 880.3506493055611 218.61570308664844 999.0979999999981 351.3519355469034 63206.00631183695 1124.403843031553 3407860.924982411 2373.1836195892647 2766.6666666666665
70000.0 80000.0 155.089958984463 894.9918219105034 236.07391677293458 999.3429999999935 280.6580917968531 72571.69534968962 1225.396894782502 3642614.8040187326 2545.231388489916 2300.0
80000.0 90000.0 2029.2390332031646 885.6401074218707 210.24439010859516 999.9500000000116 384.2480507812579 72478.62965979768 1229.0481641818792 3537332.6825645557 2456.93900455468 2700.0
90000.0 100000.0 2005.0459863281576 799.4954013671843 357.48871680699045 999.8950000000186 23.805999999982305 74516.17246490536 1289.677388673542 3811779.9628302515 2643.8238582815884 2300.0
100000.0 110000.0 100.99183593754424 899.9098330965869 229.548103395783 999.6489999999758 284.1220703125 71396.07477380423 1232.331235423724 3697455.2000661534 2578.5613883916744 2800.0
110000.0 120000.0 1789.450093750027 912.2833229166637 214.6052721613197 999.86599999998 343.2299062500242 58160.97961554607 1055.9995563055052 3227598.0847499124 2251.3754468810985 3000.0
120000.0 130000.0 2108.543000000005 986.4321249999994 18.147792250128987 999.8730000000214 956.8829999999725 69037.0 1110.0 3294536.0 2294.0 1987.5
130000.0 140000.0 4199.74596679688 725.03175415039 428.23667483387874 999.869000000006 27.32799999997951 59817.03658824651 968.1784616627309 2865455.0017441064 1991.1620515414909 2500.0
140000.0 150000.0 2689.382080078067 812.2908799913259 270.47942309993454 999.7770000000019 278.8009667968727 75409.33887017836 1300.2087260989338 3793239.754605162 2633.9166077995687 2300.0
150000.0 160000.0 150.7119609375368 895.3898217329512 233.23929969796927 999.49099999998 278.54904687497765 77478.82834252491 1311.2292985344695 3780810.85361431 2642.2316257607763 2700.0
160000.0 170000.0 3174.071744140645 758.4364728732617 355.1167112298385 999.670999999973 0.0 67852.7551969052 1093.2958690049988 3150961.7450536364 2192.5646206186543 2533.3333333333335
170000.0 180000.0 2025.5033574218978 886.0551825086781 245.964410016839 999.8869999999879 278.06975195312407 70231.32886226998 1153.9633112048327 3211531.752991709 2246.5553410019193 2475.0
180000.0 190000.0 1875.1988906249753 902.7556788194472 236.98312895543685 997.5179999999818 278.9571093749837 75657.71213987505 1320.1243334940343 3723978.891991076 2588.5697532775903 2387.5
190000.0 200000.0 1961.8351093751262 893.1294322916526 229.41597217656536 999.4400000000023 335.9179999999469 77324.45129663085 1322.825204230368 3872961.8320074617 2688.6202298779904 3000.0
200000.0 210000.0 189.28395312500652 891.8832769886358 231.31315574891943 999.795999999973 281.88510937499814 83002.27359954169 1403.9438583767126 4009615.759840591 2797.094621382783 2611.1111111111113
210000.0 220000.0 1966.1908906250028 892.6454565972219 219.31953604918928 999.8000000000466 362.89706250000745 76473.32647697254 1311.9644946125657 3630726.125231742 2528.926391727654 2700.0
220000.0 230000.0 1157.803105468629 884.2196894531371 231.1242414170813 999.8410000000149 279.5369531250326 71117.3686340529 1211.4501260412467 3333054.7448929525 2335.0831076605336 2300.0
230000.0 240000.0 153.10799414059147 895.1720005326735 230.47398898669292 999.8689999999478 280.16905859380495 97430.45364547544 1696.996530170769 4745261.27869176 3298.501314144056 3000.0
240000.0 250000.0 1953.7038710938068 804.6296128906193 351.79945914581964 998.9769999999553 0.0 82336.56505755638 1442.284563392559 4002068.2188637266 2778.00614271691 3000.0
250000.0 260000.0 162.95014257810544 894.2772597656268 230.382421153842 999.5870000000577 286.0089238281362 84190.18159674217 1470.4532129234442 4098251.608255552 2861.490241760951 3000.0
260000.0 270000.0 1968.4898593749385 892.3900156250069 217.73239169082893 999.5990000000456 377.69306640629657 77755.70003789641 1325.7663436904147 3638271.1585014225 2539.890065305505 2533.3333333333335
270000.0 280000.0 1504.245978515828 849.5754021484172 255.21489495674885 999.3199999999488 279.7949257811997 84642.99229662193 1446.3863611543698 4095923.4161329768 2848.346661193719 2800.0
280000.0 290000.0 3434.7091542970156 729.476760633665 347.52458447238143 999.1659999999683 94.47199999995064 61176.08697147637 1025.5321811885628 2743742.140134332 1905.1819146930661 2416.6666666666665
290000.0 300000.0 113.82994140614755 898.7427325994412 224.73666827521782 999.39300000004 305.764058593777 85035.6003870333 1546.3971242189878 4430393.717447482 3082.8593095368333 2650.0
