ts te idle avg_span std_span max_span min_span c_bytes_all c_pkts_all s_bytes_all s_pkts_all video_rate
0.0 10000.0 7857.223113281252 714.2589622395826 442.897639592982 973.2439999999988 202.85888671875 17229.516616837707 116.75214935886163 279220.8083317277 235.04658826660523 894.0
10000.0 20000.0 1022.5339843749971 897.7466015625002 211.90830016679777 999.9590000000026 330.1339999999982 39982.44600804496 375.1690117623004 1392514.1492411327 1137.0765080564934 332.3076923076923
20000.0 30000.0 529.650982421881 860.940819779829 293.1766687974341 998.3969999999972 35.1680976562493 25639.192197138327 277.20478278051735 890959.1311391813 738.8246864044935 480.0
30000.0 40000.0 1631.3139824218742 771.5210925071025 325.6935376974528 996.1999999999971 118.0460000000021 41103.18706878003 536.7874020548563 1236995.7772107539 1012.1516695027717 615.0
40000.0 50000.0 3821.7319394531223 686.474228949653 343.576640576946 998.2890000000043 94.21706249999988 34963.446750403375 463.82408635637887 1425475.0620057138 1162.7907366617378 1060.0
50000.0 60000.0 3537.7910605468496 807.7761174316438 300.96755720925165 997.2250000000058 93.15600195313164 41991.41567655354 692.0474118764345 2474902.744099245 1987.484641558678 1900.0
60000.0 70000.0 174.3960117187671 893.2367262073848 273.336648435193 999.4199999999983 93.45006249999278 53763.09585976757 925.762504697405 3380954.650483702 2710.715119140301 2650.0
70000.0 80000.0 1418.611925781268 858.1388074218733 294.73854722635855 999.7899999999936 223.80007421874325 51124.6998224745 943.4526511132459 3375621.6774885436 2694.9100504089192 2533.3333333333335
80000.0 90000.0 508.2599687500042 949.1740031249996 78.89423662991348 999.9989999999962 754.08203125 62455.7505146713 1046.4150661952242 3774406.9695082908 3024.6266719370187 2500.0
90000.0 100000.0 52.029935546874185 904.3609149502842 233.3103139275934 999.9020000000019 242.60996874999546 60112.895296768496 1088.3128281394274 3948322.7636698005 3157.607328567277 3000.0
100000.0 110000.0 170.4951972656272 893.5913457031248 233.5961457515783 999.9789999999921 262.05590429688164 60043.11985481304 1082.9385041821033 3919802.274533422 3129.1944445032664 3000.0
110000.0 120000.0 60.07995507813757 903.6290949928966 217.1592166324234 999.2999999999884 346.94610156249837 59395.653663039804 1072.268362889884 3892325.4080067268 3110.7588435504163 3000.0
120000.0 130000.0 1627.9459433593438 837.2054056640657 268.46127077097844 998.939000000013 308.5810000000056 58869.58067070736 1080.065238593361 3920342.5842817603 3127.812711442022 3000.0
130000.0 140000.0 175.22601757812663 982.4773982421873 40.54007601358902 999.820000000007 868.406982421875 69439.12412665717 1260.0045838890012 4637938.11828273 3698.575453341454 3000.0
140000.0 150000.0 220.59798632812453 889.0365466974432 273.3647532256511 999.8330000000133 94.91301757813198 61006.1502727476 1077.4012132535568 3918176.1567444783 3136.6148849433825 3000.0
150000.0 160000.0 43.55000781247509 905.1318174715932 232.67453215509727 999.9500000000116 242.51600390626118 59097.88910969704 1073.7790331642937 3867115.6011329712 3092.7615707179975 3000.0
160000.0 170000.0 116.14409179691575 898.5323552911894 231.72758379715475 999.8219999999856 254.14901171874953 58973.24857734556 1053.4029234910695 3774114.731674242 3016.2031882562096 2766.6666666666665
170000.0 180000.0 1915.1478964843845 898.3169003906239 233.83572468923805 999.8090000000084 299.7341035156278 47254.58791355263 820.4122462020792 2963993.392165579 2371.844902740957 2300.0
180000.0 190000.0 388.2110703124781 961.1788929687522 81.8951329624324 999.1469999999972 757.3779296875 66808.95322442809 1104.385945054091 4023398.44725436 3224.124799055567 2600.0
190000.0 200000.0 63.76687304690131 903.2939206320999 235.17937980122164 999.6169999999984 241.46007031248882 60172.14412535024 1081.5530417645962 3872916.6827259567 3095.1848311127565 3000.0
200000.0 210000.0 52.07612304686336 904.3567160866488 227.01830682823373 999.8459999999905 278.9719433593855 60511.18001657091 1088.1593924123656 3925840.152507945 3136.8373993285195 3000.0
210000.0 220000.0 1024.1229179687216 897.5877082031278 219.27101456488663 999.9590000000026 308.09306640626164 57653.35342356343 1030.0915349723061 3733637.2626445773 2980.478806279153 3000.0
220000.0 230000.0 382.7627695311676 874.2942936789848 268.2934338382832 999.5100000000093 94.24898437500815 66101.23013882282 1160.1867032706473 4188001.2234927192 3349.8270229707937 3000.0
230000.0 240000.0 64.9352246093622 903.1877068536943 234.67562604859913 999.9910000000091 239.9597539062379 66465.41973688368 1186.303505617175 4311176.164773893 3442.4462978528773 3000.0
240000.0 250000.0 902.1620214843424 909.7837978515657 225.83143120745248 999.9560000000056 273.8499785156455 57499.71933438084 1057.3198769088187 3786239.066600549 3020.100843400333 3000.0
250000.0 260000.0 304.5169765626197 969.548302343738 64.07437862320589 999.789999999979 804.3740234375 60619.558472032324 1071.0748077796384 3923303.4003411303 3131.814158050789 3000.0
260000.0 270000.0 61.40794140624348 903.5083689630687 248.634764230148 999.9880000000121 180.22997656249208 54703.49180089721 940.9859060297548 3370115.326232378 2693.9187957368817 2533.3333333333335
270000.0 280000.0 860.866082031338 913.9133917968662 261.36671784516716 999.5389999999898 170.08691796875792 59399.94972707047 996.9392861906068 3586111.2734264918 2864.2670462123288 2300.0
280000.0 290000.0 401.46909765625605 959.8530902343743 84.73248357068118 999.7550000000047 736.27490234375 62638.63682337083 1074.9951361820763 3930935.6272298982 3143.1289605202182 3000.0
290000.0 300000.0 65.12692382815294 903.1702796519861 230.55211343654844 999.8499999999767 261.3370976562728 58219.21978849701 1045.7579550086148 3765086.1726515074 3003.9290286424393 3000.0
