ts te idle avg_span std_span max_span min_span c_bytes_all c_pkts_all s_bytes_all s_pkts_all videorate
0.0 10000.0 0.0 0.0 0.0 0.0 0.0 0.0 0.0 0.0 0.0 0.0
10000.0 20000.0 7202.562886718719 699.3592783203203 399.4135547303468 998.5119999999879 143.8190000000177 34408.41100468182 457.4213903890826 1543278.7865347404 1084.3028317480457 1500.0
20000.0 30000.0 824.2260644531343 834.1612668678969 336.23413723407623 999.5470000000205 20.050048828125 94104.87275634804 1497.577238354831 4397095.814656306 3071.875268245788 1909.090909090909
30000.0 40000.0 472.10815234377515 952.7891847656225 93.97588482445306 999.4789999999921 717.993896484375 76526.32782018506 1416.777809990292 4270960.854270414 2974.811075507922 3000.0
40000.0 50000.0 33.16292382811662 906.0760978338076 225.27212250781258 999.7669999999925 281.7901035156101 73997.72260016932 1366.9916628459578 4060463.571701077 2818.13894237878 3000.0
50000.0 60000.0 893.7810097656329 827.8380900213061 292.9263972663136 999.5239999999758 295.21302734373603 73727.05815907706 1289.624802527704 3838785.618737869 2670.6780333211764 3000.0
60000.0 70000.0 39.734039062517695 905.4787237215893 206.4255385187252 999.3570000000182 467.471923828125 84697.33403003162 1516.8681445843092 4345041.147211986 3018.194884918714 3000.0
70000.0 80000.0 1258.6729550780728 794.6660949929025 329.5169956844154 999.8429999999935 37.66796875 77290.57107062376 1358.518253428496 4068438.95725884 2836.397111265993 3000.0
80000.0 90000.0 724.5649335937342 927.5435066406266 127.30015853240923 999.7089999999735 669.8209999999963 78918.16972230794 1412.803530765015 4178632.8993367287 2904.115346569405 3000.0
90000.0 100000.0 423.47910351562314 870.592808771307 243.70227236009455 998.6510000000126 278.74196484376444 77939.59676901769 1385.237185697998 4126960.6630642833 2867.5589281517296 3000.0
100000.0 110000.0 499.27796289062826 863.7020033735793 310.8484866289898 999.2970000000205 54.17506835935637 74266.71442200725 1298.2228178994367 3970508.710183619 2755.466644103529 3000.0
110000.0 120000.0 54.017054687428754 904.1802677556883 204.10458401844542 999.7640000000247 459.8369140625 77893.95484393174 1376.5322429435905 4165702.706899687 2894.742954147824 3000.0
120000.0 130000.0 3265.0358359374804 748.3293515625022 357.4658346993042 999.6940000000177 119.79200000001583 62635.52602352176 1074.4964801012836 3221572.7515920065 2246.511010941065 3000.0
130000.0 140000.0 38.33609179692576 905.6058098366431 238.70183213630963 999.4639999999781 217.635986328125 100899.46351269097 1781.7602961915807 5192683.008057695 3596.506865693367 3000.0
140000.0 150000.0 412.22689257812453 871.6157370383523 306.35100707053704 999.9259999999776 25.87109375 84521.00460583087 1476.2936379117457 4323246.7080572685 3000.702789236483 3000.0
150000.0 160000.0 1101.8891660156078 889.8110833984392 184.63014730864597 999.6809999999823 541.075927734375 82805.80791651359 1431.3452828615261 4180161.757414574 2900.808593933031 3000.0
160000.0 170000.0 88.51298242190387 901.0442743252814 211.27702796271257 999.7220000000088 458.915072265605 79841.41936839576 1396.2671952349363 4075677.547426785 2831.4572065904367 3000.0
170000.0 180000.0 1335.99693945318 866.400306054682 164.15675618000213 999.3960000000079 506.38005468749907 77859.56009715977 1354.2822540704815 3842406.2183078844 2677.3430447847713 3000.0
180000.0 190000.0 54.132976562483236 904.1697294034107 230.53047425564418 999.6610000000219 260.5039941405994 85080.31206494116 1494.274535330349 4378975.594368993 3048.0730794172314 3000.0
190000.0 200000.0 853.8490917967283 831.4682643821156 339.7109016574228 999.9050000000279 34.5859375 87669.82994504031 1523.9983323233969 4419966.560657321 3062.4551020613626 3000.0
200000.0 210000.0 872.1600566407433 912.7839943359256 176.6000563682705 999.7020000000484 506.327880859375 86310.76477463648 1494.8327677657016 4226259.2597793285 2939.8581346167516 3000.0
210000.0 220000.0 700.6678222655319 845.3938343394971 316.27417170104 999.3760000000475 15.56005859375 83961.85140667189 1463.0824143419798 4117090.821690234 2861.9359047367075 3000.0
220000.0 230000.0 323.89977148454636 967.6100228515454 88.7850595645504 999.1829999999609 715.269287109375 82822.26113873345 1462.7059488569446 4068923.9880422065 2837.8071415145746 3000.0
230000.0 240000.0 1459.938226562459 776.3692521306856 344.85023972879884 999.9719999999506 37.862060546875 89507.74448007018 1555.3496952083235 4254816.144492952 2961.8164139776136 3000.0
240000.0 250000.0 2088.537990234443 879.0513344183952 296.0960972756783 999.3469999999506 96.39099999994505 83116.54661386897 1449.159820732159 4163118.9730920796 2889.734057726458 3000.0
250000.0 260000.0 1469.608775390545 775.4901113281322 373.73345487151414 999.7970000000205 37.977294921875 79700.47397214948 1420.5084651110324 4188850.3916354943 2908.2462315052326 3000.0
260000.0 270000.0 419.8680117187323 958.0131988281267 88.10742981070055 999.8429999999935 717.415283203125 81933.61008572958 1423.382924897833 4083336.1575156255 2842.6628819389034 3000.0
270000.0 280000.0 81.72702343738638 901.6611796875103 228.6991492814651 999.5810000000056 281.61171679687686 88028.19929294892 1537.0526213587202 4409283.769593629 3067.892758969603 3000.0
280000.0 290000.0 69.65334960934706 902.7587863991503 216.69997628154962 999.7439999999478 334.052740234416 85002.03032222152 1475.4801448493672 4250703.607188034 2954.550602259729 3000.0
290000.0 300000.0 1345.193794921739 786.8005640980238 387.15341708100874 999.920999999973 31.068115234375 81169.06848462328 1403.1504608964724 4104045.3974408624 2853.572707367539 3000.0
