ts te idle avg_span std_span max_span min_span c_bytes_all c_pkts_all s_bytes_all s_pkts_all videorate
0.0 10000.0 0.0 0.0 0.0 0.0 0.0 0.0 0.0 0.0 0.0 0.0
10000.0 20000.0 8099.310068359366 633.5633105468781 451.0326269182684 997.3510000000242 128.9089999999851 27043.831027369873 338.8789837806167 1155574.0549543041 816.2100446682553 1500.0
20000.0 30000.0 382.72794140619226 874.2974598721644 240.7911163057072 999.8300000000163 223.0590683593764 83670.75763219784 1355.5513943378392 4282686.472469418 2990.549212208745 1500.0
30000.0 40000.0 139.00108398444718 896.4544469105048 228.76416700459086 999.984999999986 304.50300976564176 79735.83326548061 1344.1420086555231 4152962.0492607397 2895.5202737714153 3000.0
40000.0 50000.0 602.9859628907288 854.27400337357 270.27718968621303 999.5410000000265 262.366943359375 79258.54490612705 1412.2847763578284 4287774.044315862 2979.6871504812843 3000.0
50000.0 60000.0 616.0639062499977 938.3936093750002 107.51890224845575 999.755999999994 735.488037109375 75465.89101778503 1341.4516533852252 4191408.9263273943 2907.3594634587575 3000.0
60000.0 70000.0 28.5989453123766 906.4910049716021 229.06401262922964 999.9589999999735 263.1729628906469 81790.64125111228 1459.6081264356214 4373933.3276928365 3036.3286557663796 3000.0
70000.0 80000.0 265.7101171874674 884.9354438920484 243.16229049347027 999.7829999999958 248.60590820311336 84009.11774151151 1382.3182491689738 4216554.260185251 2939.0552895176183 3000.0
80000.0 90000.0 327.6829941406613 879.3015459872126 262.5419253562799 999.9220000000205 296.72998046875 75997.20863879072 1331.8021036673726 4151714.5494453628 2877.0989193483497 3000.0
90000.0 100000.0 95.5488925781101 900.4046461292627 230.62651319283333 999.5810000000056 257.965087890625 82077.2728693622 1368.8351553427897 4197479.023432782 2922.7803214155247 3000.0
100000.0 110000.0 1041.5451406249776 895.8454859375022 183.0524384728428 999.8310000000056 456.7050000000163 86673.76647366195 1409.3845893196342 4175948.4532089536 2907.574007819127 3000.0
110000.0 120000.0 144.54189648432657 895.950736683243 240.0968711422128 999.9459999999963 213.3150527343969 79909.26392892686 1375.7531819821097 4231333.291803751 2945.699921252984 3000.0
120000.0 130000.0 3137.931091796956 762.4521009114493 321.805573815135 999.9699999999721 266.99294921872206 61394.37357776872 1024.5399033844824 3185136.4410330253 2225.2272761778545 2600.0
130000.0 140000.0 63.0280800780165 903.3610836292712 218.0904232553752 999.8250000000116 353.27587890625 90762.24739968525 1562.5827890813205 5063247.130785633 3503.080280171084 4640.0
140000.0 150000.0 100.77077148429817 899.9299298650639 214.83581381982236 998.7910000000265 336.235107421875 89479.86809463808 1593.3796377815445 5125653.215028508 3549.295195422593 3000.0
150000.0 160000.0 944.9601445312728 905.5039855468727 150.84460083833534 999.9110000000219 632.4239999999991 90802.94622284126 1508.5602245887997 4508235.188781696 3129.9075930878107 3000.0
160000.0 170000.0 33.1649472657009 906.0759138849363 240.09474277625353 999.6730000000098 212.4190371093573 88931.78397517666 1516.8248842457372 4409021.523923994 3066.7999165406964 3000.0
170000.0 180000.0 51.29599804687314 904.4276365411934 235.62318628974447 999.3219999999856 229.4359843750135 83108.18330011459 1372.3965265633533 4164078.949337888 2903.449467348534 3000.0
180000.0 190000.0 479.59405664063524 865.4914493963059 286.0627653404754 999.7019999999902 243.6009824218927 87226.30262147878 1519.5799761349804 4340488.733391047 3019.1352733637013 3000.0
190000.0 200000.0 811.7720781249809 835.2934474431836 248.70802570942928 999.6610000000219 318.3798828125 84153.10696626802 1457.1289518466301 4242219.549748683 2945.2831879913583 3000.0
200000.0 210000.0 62.16776757815387 903.4392938565314 226.7574837417518 999.655999999959 282.193115234375 91177.90740538725 1537.1168030250178 4348956.3405059725 3024.4825220801204 3000.0
210000.0 220000.0 790.0451582029928 920.9954841797007 181.51998692154703 999.2110000000102 435.8758847656427 82970.74135967011 1447.273527322073 4087877.9953609696 2848.694095651661 3000.0
220000.0 230000.0 70.2859062498901 902.70128125001 246.60757913514476 999.5359999999637 193.27804296871182 86784.13445015617 1468.6502019502236 4274750.326710185 2983.4163843822635 3000.0
230000.0 240000.0 461.02506445301697 867.1795395951802 289.6476817172107 999.469000000041 247.84294921869878 89798.31744566582 1443.4111920678843 4200068.858024373 2919.8839404489718 3000.0
240000.0 250000.0 689.8179648437072 846.3801850142085 282.35763874643914 999.6790000000037 174.072021484375 80683.04129199007 1314.847101377352 4067660.1385128116 2822.402987956482 3000.0
250000.0 260000.0 40.757749999989755 905.38565909091 253.9092796674956 999.3889999999665 156.353271484375 104879.63865340131 1785.1096630376212 5443943.156738057 3762.842394447697 4200.0
260000.0 270000.0 364.7692714842269 963.5230728515774 73.58234338153042 999.954000000027 808.3460000000196 91594.27848343196 1623.5883951594465 5162627.999020502 3571.2362252207317 3200.0
270000.0 280000.0 367.0920175781939 963.2907982421806 97.92118787437086 999.6729999999516 685.531982421875 84056.83235348103 1294.0524923918238 4094682.794863446 2853.1536191374025 3000.0
280000.0 290000.0 1646.2789980468806 835.372100195312 286.7679182412099 999.8000000000466 285.958984375 82208.66813611813 1431.2385171863727 4300101.552826169 2979.8944078156314 3000.0
290000.0 300000.0 35.57804296864197 905.8565415483052 230.56627344008328 999.7600000000093 260.93994140625 84223.11164440466 1478.1987497208659 4388697.438905576 3044.853864583958 3000.0
