ts te idle avg_span std_span max_span min_span c_bytes_all c_pkts_all s_bytes_all s_pkts_all video_rate
0.0 10000.0 8922.019085937529 538.9904570312356 649.3411676780435 998.1439999999711 79.8369140625 12659.271661059403 102.59915801258587 302436.6905229849 215.59827171004468 1500.0
10000.0 20000.0 71.9956152344821 902.5458531605017 281.95965242620247 998.9610000000102 55.331298828125 78200.40759428487 1216.361872613624 3118445.718364437 2186.036636191109 890.7692307692307
20000.0 30000.0 1213.4021855468163 878.6597814453183 199.63828377724528 999.3850000000093 516.9767011718941 53198.29808295421 873.795275805664 2171972.0454544327 1522.1622369623824 1405.7142857142858
30000.0 40000.0 90.89813085936476 900.8274426491487 211.9557494839235 999.454000000027 456.30788671877235 48635.7954395892 806.8175951126932 1812747.2061487043 1263.764678711556 1500.0
40000.0 50000.0 4163.853982421861 833.7351453683057 254.01155406004585 999.3460000000196 419.3069999999716 39809.22722211231 600.426098455433 1768158.339509441 1241.4381764249079 1046.6666666666667
50000.0 60000.0 2424.1849960937398 841.7572226562511 290.36957202044516 998.2849999999744 102.77100000000792 54691.855917491666 907.5152203739829 3013795.200442415 2104.26599349436 2166.6666666666665
60000.0 70000.0 540.3317050780752 859.9698449929023 256.15189132696236 999.7579999999725 200.98199609376024 72603.28360761514 1280.2920688883246 4036227.889346172 2814.252229661409 2800.0
70000.0 80000.0 272.9222519531613 884.2797952769853 222.36770878488372 999.1539999999804 381.7467011718545 65426.72192841515 1190.903884793092 4076222.619653548 2837.9616042837188 3000.0
80000.0 90000.0 866.4841562500224 913.3515843749977 162.7593092981833 999.3549999999814 498.7489531249739 64202.895577820855 1171.3102309815913 4002255.493757468 2775.345261716774 3000.0
90000.0 100000.0 1103.895621093805 808.736761718745 309.1544831869871 999.0569999999716 144.98510937497485 69599.05688782096 1225.477698401669 4229836.568624654 2928.9109594053243 3000.0
100000.0 110000.0 645.517158203118 935.4482841796882 121.59202729193414 999.6819999999716 645.9987304687384 62536.54040940213 1082.9489286906637 3809856.096584737 2641.0325635155905 3000.0
110000.0 120000.0 498.84717382810777 863.7411660156266 255.63734774673293 999.7870000000112 212.63288867188385 66576.7083365919 1191.0874824598288 4102875.1823192667 2853.8864089725985 3000.0
120000.0 130000.0 393.4189902343205 873.3255463423345 235.20279415922428 998.8439999999828 375.345947265625 71195.4969823594 1259.5061322580084 4263881.171296119 2960.348721784681 3000.0
130000.0 140000.0 717.1436738280463 928.2856326171953 125.55294472787014 999.9490000000224 622.8880527343717 67159.1440578281 1199.9068181129744 4129425.3142502685 2863.660538346433 3000.0
140000.0 150000.0 1003.1332734376192 899.6866726562381 267.51588957490014 999.7679999999818 141.7667265625205 65745.29629465469 1160.0515350398653 3928017.4637253503 2728.3357188191117 3000.0
150000.0 160000.0 2019.8428984374623 886.6841223958376 227.87022983503505 999.8960000000079 390.4120000000112 79860.0881911468 1371.2422183468095 4263834.500568143 2954.8830910361366 3000.0
160000.0 170000.0 195.65917773440015 891.3037111150545 223.39500120938288 998.6269999999786 398.31189843750326 80045.84502041143 1399.3888520663525 4309402.651940776 3004.565142520144 3000.0
170000.0 180000.0 1231.8309804686578 876.8169019531342 185.2954429160236 997.8890000000247 515.4860761718592 74497.14746054242 1279.7698021723832 3919469.8686983534 2723.9700697090248 3000.0
180000.0 190000.0 127.9388359374716 897.4601058238662 239.5098785792562 999.9099999999744 206.79905664065154 79960.01762952073 1413.2155968410566 4380196.560186074 3043.363115313264 3000.0
190000.0 200000.0 657.01380273432 849.3623815696072 324.2044176885306 999.6450000000186 97.22789257811382 75760.49398970822 1317.2074449252864 4277287.850689314 2962.821889014113 3000.0
200000.0 210000.0 1191.968232421903 880.8031767578098 189.99860649532081 999.7229999999981 430.4749999999767 68378.96900149983 1178.84626008804 3874504.1280472768 2696.0668897301853 3000.0
210000.0 220000.0 1007.6310722655617 899.2368927734439 251.17389304374333 999.7199999999721 187.82092773437034 73192.43870717054 1316.3298255600719 4067001.439870063 2835.329802677132 3000.0
220000.0 230000.0 431.08310742198955 956.8916892578011 120.33068884663008 999.7800000000279 614.639892578125 73199.74044086963 1271.5969801517901 4136647.1444231337 2882.989713897557 3000.0
230000.0 240000.0 90.73795117193367 900.8420044389151 218.96150478942155 999.7920000000158 383.46710742183495 76027.25875712103 1317.369471172656 4242509.353947064 2944.2516761645625 3000.0
240000.0 250000.0 861.2768261720194 830.7930158025437 308.03608745278154 999.7709999999497 97.568115234375 70970.1224844538 1257.9040848319266 4175468.0047129183 2899.728477136631 3000.0
250000.0 260000.0 584.0011484376155 941.5998851562384 105.23969440278886 999.3379999999888 679.8209999999963 75770.54485909497 1313.5984108527584 4055382.469274869 2812.480574101703 3000.0
260000.0 270000.0 81.30804882815573 901.6992682883495 257.6819388317861 999.8460000000196 145.29803320311476 82938.72257568588 1446.4633186695246 4464198.729525059 3099.9165645184994 3000.0
270000.0 280000.0 726.3056640623836 843.0631214488742 277.983239828517 999.5420000000158 196.36408203130122 84311.83316846978 1465.640533097893 4206121.701488472 2928.002935754389 3000.0
280000.0 290000.0 1103.619349609362 889.6380650390638 187.47902187588946 999.890000000014 515.4259999999776 73756.89098362305 1275.4306779859007 3871389.5313209253 2684.2069915619304 3000.0
290000.0 300000.0 2422.43001367175 757.756998632825 415.0223834510859 999.265000000014 0.0010000000474974513 73696.67248306242 1213.7760690176706 3768173.8930527936 2622.7823948899377 3000.0
