ts te idle avg_span std_span max_span min_span c_bytes_all c_pkts_all s_bytes_all s_pkts_all videorate
0.0 10000.0 7921.985072265612 692.6716425781293 527.7096387703037 998.2459999999846 83.325927734375 14862.029420961946 142.59434029405634 434551.64008252614 315.5212482198305 1500.0
10000.0 20000.0 820.8679980468587 917.9132001953142 210.3492801613656 999.75900000002 323.7529296875 68026.69724550519 946.5057611797677 2302073.8283398803 1658.9632800479244 698.5714285714286
20000.0 30000.0 1350.8659589843592 864.9134041015641 263.75482318014247 999.6620000000112 181.844970703125 53670.1936842544 898.3629356832719 2234156.490676147 1563.8014672902073 1500.0
30000.0 40000.0 171.68186523433542 893.4834667968786 276.79855441288794 999.8400000000256 74.43310546875 55914.55274230087 931.5682023824629 2313050.673511888 1624.4188403706053 1500.0
40000.0 50000.0 1922.568185546901 897.4924238281221 270.8395283278237 999.1259999999893 178.242919921875 50729.926168750986 839.43085093772 2743205.7731922986 1917.1196760107887 1957.142857142857
50000.0 60000.0 138.23580468748696 896.524017755683 278.4206634302109 999.9529999999795 72.693115234375 81803.98604227552 1448.1873843872684 4355320.910740497 3042.1287209723873 2737.5
60000.0 70000.0 93.67113281250931 900.5753515624991 286.7412229056517 999.5109999999986 39.031982421875 69496.82913985882 1271.8561879526999 4191067.584010609 2909.1376375740915 3000.0
70000.0 80000.0 149.67799023434054 985.032200976566 19.118107863621393 999.8240000000224 942.3510175780975 67600.28739028727 1160.5576559133995 3758126.479163283 2620.1251420077483 3000.0
80000.0 90000.0 106.36592578125419 899.4212794744315 294.92308398870324 999.4610000000102 12.785007812490221 78321.22885397788 1356.3502720956903 4208774.281939148 2931.8204494121564 3000.0
90000.0 100000.0 338.2330937499064 878.3424460227358 282.7974065769386 999.7860000000219 51.068933593749534 70389.62437157267 1254.6650966725358 4311125.342786867 2993.1384300556306 3000.0
100000.0 110000.0 71.02703515632311 902.6339058948797 251.73872281578804 999.6439999999711 169.73002734372858 70851.59038616577 1258.8056648936108 4130759.0131065645 2878.58687496775 3000.0
110000.0 120000.0 688.245638671855 846.5231237571041 295.8321330502794 999.8829999999725 218.5610624999972 71115.3086360295 1247.7320999335693 3975689.6955027687 2765.021369060297 3000.0
120000.0 130000.0 738.8273359374143 841.9247876420533 312.98020784681125 999.7289999999921 76.886962890625 72476.99743648339 1246.460815327067 3884860.886607178 2697.8329794786646 3000.0
130000.0 140000.0 166.34907226561336 983.3650927734386 25.942261629625833 999.2480000000214 922.6150371093536 69181.77266956423 1209.6374866423866 3947630.3922279766 2742.892718594502 3000.0
140000.0 150000.0 51.35293554683449 904.4224604048333 294.8559200160313 999.3059999999823 16.418109374993946 77103.26978035961 1346.5246699061993 4545604.891826668 3149.182638954556 3000.0
150000.0 160000.0 53.94494140619645 904.1868235085276 285.18153898771163 998.8479999999981 46.34104492189363 74009.98870383012 1332.139284212487 4305989.823199491 2998.070197725076 3000.0
160000.0 170000.0 1183.1800898438669 801.5290827414666 340.25292114732673 999.810999999987 66.29398632812081 70420.6126517004 1176.663840119632 3746289.3115134 2610.9003572432257 3000.0
170000.0 180000.0 546.7549628906418 859.3859124644871 299.8833171726044 999.6479999999865 101.2099609375 71124.23990373664 1236.8530582737794 4097383.119802467 2847.0653168235276 3000.0
180000.0 190000.0 1714.0299433593755 828.5970056640624 302.2285394942217 999.9959999999846 167.468017578125 73107.19565729026 1272.9891293954781 4173817.1823653276 2896.896287796366 3000.0
190000.0 200000.0 130.64007031254005 897.2145390624963 272.9291841447123 999.5699999999488 88.220947265625 79679.1012066678 1412.6005674059136 4528899.263684199 3146.3080775752087 3000.0
200000.0 210000.0 77.69001171877608 902.0281807528386 285.0815352847288 999.9579999999842 46.408935546875 75348.81952777055 1316.5888581906624 4089714.7365079806 2850.6579901013793 3000.0
210000.0 220000.0 70.87061914044898 902.6481255326864 295.4042273246054 999.8710000000428 13.04931640625 71440.80564193545 1244.907541049871 3896930.3162069395 2712.0561461335296 3000.0
220000.0 230000.0 866.0983164063655 913.3901683593634 178.37083764572043 999.8560000000289 504.780999999959 74638.94273872077 1315.018297150471 4260827.363005897 2952.3541535845475 3000.0
230000.0 240000.0 962.5206914060982 903.7479308593902 269.33199801980015 999.8639999999432 138.84130859375 72589.76810926621 1251.3823740536502 4064662.0702255233 2819.8444009817654 3000.0
240000.0 250000.0 77.24634960934054 902.0685136718781 267.84881143949104 999.9969999999739 103.782958984375 77624.68387511554 1387.7738767846695 4496752.241018142 3111.4681006948745 3000.0
250000.0 260000.0 75.30169531248976 902.2453004261373 281.19623913916723 999.8299999999581 60.145263671875 65427.01383183125 1163.1129314592424 3817518.9945998313 2658.6663256262295 3000.0
260000.0 270000.0 602.2122636717977 939.7787736328203 100.79662365091218 998.6700000000419 725.4170000000158 78772.534183787 1385.7308177024377 4334368.694156503 3015.0211726971306 3000.0
270000.0 280000.0 1324.8147128905402 867.5185287109459 284.86386192687536 998.7610000000568 180.269287109375 69318.24258905418 1155.4932185763137 3761346.2366981865 2618.9986625922133 3000.0
280000.0 290000.0 111.31438281247392 898.9714197443205 270.7587865837529 998.9599999999627 98.951904296875 76264.32869934151 1319.0835687855615 4214208.493464235 2930.2868553018516 3000.0
