ts te idle avg_span std_span max_span min_span c_bytes_all c_ack_cnt c_ack_cnt_p c_pkts_all c_pkts_data s_bytes_all s_ack_cnt s_ack_cnt_p s_pkts_all s_pkts_data videorate
0.0 10000.0 142.48425390623743 585.5306537728671 381.18184761259 999.8560000000289 32.09799999999814 105814.11371178813 5843.260509503773 5669.685112300304 5855.087309421795 170.57539720346907 8583957.937370919 6219.983926234865 105.92704533248326 6219.983926234865 6104.230080984359 0.0
10000.0 20000.0 3393.32903515629 665.6644964843697 434.5169182915832 999.8410000000149 49.97399999998743 6067.0 3773.5569141815045 3750.5569141815045 3773.5569141815045 23.0 5020733.218984568 3554.4477959048604 15.0 3554.4477959048604 3539.4477959048604 0.0
20000.0 30000.0 5385.51596484374 769.0806725260433 284.3764177222572 999.8769999999786 306.33803515625186 2044.0 2639.443085818495 2625.443085818495 2639.443085818495 14.0 3480786.781015432 2456.5522040951396 10.0 2456.5522040951396 2446.5522040951396 0.0
30000.0 40000.0 3456.403070312459 477.5665714285736 475.75148158122204 999.8539999999921 6.976000000024214 5370.0 4006.0 3988.0 4006.0 18.0 5303548.0 3752.0 20.0 3752.0 3732.0 0.0
40000.0 50000.0 3333.9370468750712 357.90347237722847 450.1139168941991 999.8979999999865 5.179999999993015 251550.0 3683.524400444311 3471.524400444311 3684.524400444311 211.0 4663731.205598383 3438.05546610531 149.0 3440.05546610531 3285.05546610531 0.0
50000.0 60000.0 3951.136628906359 424.83275807291113 445.71212110256977 999.9969999999739 2.9430000000284053 5414.644797415176 3897.7654009998755 3878.9000708949648 3898.7654009998755 17.8653301049107 5125949.826932541 3615.429150512984 7.0 3615.429150512984 3606.429150512984 0.0
60000.0 70000.0 3766.946220703132 587.0714344815351 416.52073031991426 999.6759999999776 2.716000000014901 2001.678918253856 3670.888131866594 3656.143078142173 3670.888131866594 13.745053724420819 4895025.700555166 3455.940266495215 14.0 3455.940266495215 3439.940266495215 0.0
70000.0 80000.0 3291.509169921861 530.0219869290863 448.5024348145151 999.9689999999828 5.742000000027474 5461.676284330968 4061.709106226211 4042.3194900555427 4061.709106226211 18.389616170668482 5361578.2856981745 3785.2667475437806 16.0 3785.2667475437806 3768.2667475437806 0.0
80000.0 90000.0 5949.228925781266 579.4701534598217 425.0080524372201 999.3919999999925 5.5200000000186265 1710.4517852346419 2410.601332125241 2398.7489226373323 2410.601332125241 11.852409487908506 3192221.378476054 2255.5837465343075 11.344233993090574 2255.5837465343075 2244.2395125412168 0.0
90000.0 100000.0 3920.760007812467 296.00409486607396 412.1335761520671 999.9309999999823 4.879000000015367 5373.637489003875 3694.541012707248 3677.2215778510567 3694.541012707248 17.319434856190927 4887828.317211291 3458.1290422131974 23.374489730423225 3458.1290422131974 3434.754552482774 0.0
100000.0 110000.0 3876.973605468753 488.6705922154028 425.93194556223597 999.9949999999953 0.0 115122.27201719496 3780.5922936853312 3679.4945401429 3781.5922936853312 101.0977535424312 4925311.243934069 3524.6409124717075 58.512360179226754 3525.6409124717075 3464.128552292481 0.0
110000.0 120000.0 1822.0572578124702 844.8899742187525 280.90159257141295 999.7989999999991 270.9569999999949 5815.638708566525 4743.378321945189 4720.647919831719 4744.378321945189 22.73040211346935 6360491.041594321 4481.954668123498 14.768916097259442 4481.954668123498 4466.185752026238 0.0
120000.0 130000.0 3527.8630000000703 653.0580999999889 451.32959966906054 999.9309999999823 5.505000000004657 5433.0 3917.0 3899.0 3917.0 18.0 5204228.0 3674.0 15.0 3674.0 3659.0 0.0
130000.0 140000.0 3595.9120234375005 429.48586510416743 485.26780750776334 999.7069999999949 5.0389999999897555 2044.0 3684.317837963062 3670.317837963062 3684.317837963062 14.0 4908700.668542785 3472.905297412946 20.0 3472.905297412946 3452.905297412946 0.0
140000.0 150000.0 3098.025976562465 500.48257310268156 465.51901344500845 999.9010000000126 4.684999999997672 5418.0 4218.682162036937 4200.682162036937 4218.682162036937 18.0 5551678.331457215 3918.094702587054 17.0 3918.094702587054 3901.094702587054 0.0
150000.0 160000.0 3346.5000273438054 605.3519066051072 481.8141306003222 999.8020000000251 5.370999999984633 2374.0 3920.448658807547 3904.448658807547 3920.448658807547 16.0 5209680.466689111 3676.2601307346713 16.0 3676.2601307346713 3660.2601307346713 0.0
160000.0 170000.0 3448.6290332031786 471.9117152622743 433.9270483213882 999.9969999999739 7.1450000000186265 118321.0 3891.0136177912977 3785.0136177912977 3892.0136177912977 105.0 5001345.805580926 3583.1999473793844 58.0 3584.1999473793844 3523.1999473793844 0.0
170000.0 180000.0 3635.0240039061755 637.5724996093777 454.1019271981411 999.9650000000256 5.1049999999813735 2333.576248804236 3688.1255721422226 3672.369824415309 3688.1255721422226 15.755747726913814 4883829.5857584 3444.111951317623 14.0 3444.111951317623 3430.111951317623 0.0
180000.0 190000.0 5231.117794921796 326.51124115350575 357.5947852954103 999.9780000000028 5.217999999993481 9479.423751195764 2327.4097606684118 2306.1655083953256 2327.4097606684118 20.244252273086186 3043076.0464429674 2169.5821769920612 17.0 2169.5821769920612 2151.5821769920612 0.0
190000.0 200000.0 3098.7141328125726 766.809540798603 285.09199767331586 999.9340000000084 357.87899999995716 1972.6713319066248 4111.042876319249 4097.921848113319 4111.042876319249 13.121028205929877 5472854.64152424 3854.1894567402446 9.121028205929877 3854.1894567402446 3845.0684285343145 0.0
200000.0 210000.0 4056.780859374907 598.9171140625142 392.4711215796839 999.9760000000242 9.375 5276.323339505182 3773.286300119106 3755.153940164681 3773.286300119106 17.132359954424963 5022256.995318596 3543.2022486272135 7.810447360088557 3543.2022486272135 3534.391801267125 0.0
210000.0 220000.0 5222.5360898438375 483.58879101561615 446.14345974755906 999.4570000000531 5.327999999979511 1715.0053285881936 2736.673214152166 2724.9266023125206 2736.673214152166 11.74661183964516 3623419.458685759 2558.4540882088017 14.068524433981565 2558.4540882088017 2544.38556377482 0.0
220000.0 230000.0 3565.4358632811345 375.75873684211587 439.85500117473185 999.8850000000093 4.871000000042841 119612.0 4002.0 3891.0 4003.0 109.0 5173136.0 3725.0 69.0 3726.0 3651.0 0.0
230000.0 240000.0 2345.7180468750885 515.2615999999999 492.2613885326527 999.9679999999935 5.614999999990687 2376.0 4693.0 4675.0 4693.0 16.0 6246796.0 4402.0 16.0 4402.0 4384.0 0.0
240000.0 250000.0 3440.913958984427 475.5070029296829 482.5895839445945 999.9490000000224 2.5609999999869615 5368.0 3893.1189065611543 3873.1189065611543 3893.1189065611543 18.0 5143538.412660356 3645.074799860442 15.0 3645.074799860442 3622.074799860442 0.0
250000.0 260000.0 3720.03007812507 697.7744357638811 453.34873844994695 999.954000000027 35.457000000053085 2044.0 3581.7672927196286 3567.7672927196286 3581.7672927196286 14.0 4789877.943068849 3373.9338079822314 11.0 3373.9338079822314 3362.9338079822314 0.0
260000.0 270000.0 2764.5160273438087 728.5780972656212 391.38086675632644 999.920999999973 50.29700000002049 5374.0 4306.652143426527 4288.652143426527 4306.652143426527 18.0 5678387.917096305 4004.008576428033 14.0 4004.008576428033 3990.008576428033 0.0
270000.0 280000.0 3689.2598984375363 486.7168539663454 473.30174365218016 999.6720000000205 4.912999999942258 2044.0 3745.680395424112 3731.680395424112 3745.680395424112 14.0 5009655.658448873 3533.2283207798964 12.0 3533.2283207798964 3521.2283207798964 0.0
280000.0 290000.0 4833.546720703016 347.8180852864636 388.86074422426543 999.7589999999618 0.0 117554.23286345041 2258.646558856779 2150.0066018480416 2259.646558856779 106.63995700873743 2860687.964829797 2082.9007807366374 57.0 2083.9007807366374 2023.9007807366374 0.0
290000.0 300000.0 3739.717216796824 713.4433092448032 377.68512433812526 999.8989999999758 11.846000000019558 3166.3358251113023 3765.429945864857 3744.864982159377 3767.429945864857 18.5649637054802 5031455.240794411 3553.883930637224 15.204920714217629 3553.883930637224 3536.679009923006 0.0
