ts te idle avg_span std_span max_span min_span c_bytes_all c_ack_cnt c_ack_cnt_p c_pkts_all c_pkts_data s_bytes_all s_ack_cnt s_ack_cnt_p s_pkts_all s_pkts_data videorate
0.0 10000.0 2669.2461601562536 484.45821558459005 404.90489950973813 999.976999999999 41.995999999999185 85273.33333913874 4223.783934487862 4076.9579312210894 4228.649034196108 146.82600326677237 5538311.784990422 3999.437635162364 76.71983397577496 3999.437635162364 3917.852701478344 0.0
10000.0 20000.0 6217.970000000008 547.0605714285703 435.6308716122157 999.3589999999967 47.39400000000023 6083.0 2132.0 2109.0 2132.0 23.0 2819315.0 1989.0 13.0 1989.0 1976.0 0.0
20000.0 30000.0 6476.974000000009 704.6051999999981 412.3787733082287 999.6569999999992 138.5679999999993 2044.0 2098.0 2084.0 2098.0 14.0 2797158.0 1954.0 4.0 1954.0 1950.0 0.0
30000.0 40000.0 5526.213999999993 383.63533333333424 462.0562421379091 999.5950000000012 5.264000000002852 17668.0 2443.0 2407.0 2444.0 36.0 3232224.0 2296.0 29.0 2296.0 2266.0 0.0
40000.0 50000.0 6638.83108203124 236.2109333333346 348.54703759842494 999.119000000006 4.979000000006636 226447.0 1790.0 1600.0 1791.0 189.0 2145868.0 1609.0 103.0 1609.0 1504.0 0.0
50000.0 60000.0 5571.454023437502 450.5930999999997 458.5603450211075 999.3479999999981 7.013000000006286 5764.0 2474.0 2454.0 2474.0 20.0 3306958.0 2322.0 12.0 2322.0 2309.0 0.0
60000.0 70000.0 6198.770605468744 490.3351249999996 450.6110186714538 999.6640000000043 2.297000000005937 2044.0 2001.0 1986.0 2001.0 14.0 2698776.0 1902.0 14.0 1902.0 1886.0 0.0
70000.0 80000.0 6016.669999999984 504.0485000000026 450.8324860604308 999.898000000001 6.994000000006054 5460.0 2020.0 2001.0 2020.0 18.0 2709518.0 1915.0 15.0 1915.0 1899.0 0.0
80000.0 90000.0 6540.792000000016 433.1504999999979 480.24585753162347 999.8469999999943 5.995999999999185 2044.0 2088.0 2074.0 2088.0 14.0 2785738.0 1957.0 15.0 1957.0 1942.0 0.0
90000.0 100000.0 6273.599984375003 253.02427083333313 410.77458558439105 999.8579999999929 5.089000000007218 5433.0 1844.2990184078947 1826.2990184078947 1844.2990184078947 18.0 2455294.4793809955 1742.2433588372298 21.0 1742.2433588372298 1721.2433588372298 0.0
100000.0 110000.0 6509.13486132813 303.74277001953186 393.06150931509177 999.8160000000062 0.0 116404.93424897343 2036.2408107832284 1931.6796172971092 2038.2408107832284 102.56119348611931 2572375.3875512644 1866.8184336832323 59.561193486119315 1866.8184336832323 1804.257240197113 0.0
110000.0 120000.0 6154.97830273438 769.004339453124 346.19750655200556 999.6820000000007 205.4736972656392 1564.0657510265803 1974.4601708088771 1964.0213642949964 1974.4601708088771 10.438806513880687 2641033.13306774 1846.9382074795376 6.438806513880687 1846.9382074795376 1840.499400965657 0.0
120000.0 130000.0 6471.77800000002 447.1218750000007 475.73384226129167 999.7809999999881 4.526000000012573 5395.0 2107.0 2089.0 2107.0 18.0 2813655.0 1975.0 7.0 1975.0 1968.0 0.0
130000.0 140000.0 6021.1283671875135 320.5387692307659 425.0037308369871 999.6840000000084 5.48499999998603 3054.0 2026.0 2006.0 2028.0 18.0 2730543.0 1936.0 23.0 1936.0 1911.0 0.0
140000.0 150000.0 5472.415999999997 508.6656666666677 478.0210942646765 999.869000000006 7.097000000008848 5720.0 2477.0 2457.0 2477.0 20.0 3306317.0 2331.0 18.0 2331.0 2313.0 0.0
150000.0 160000.0 7056.996000000014 491.84516666666605 442.47107215021964 999.5460000000021 8.067000000010012 1712.0 1540.0 1528.0 1540.0 12.0 2072979.0 1459.0 9.0 1459.0 1450.0 0.0
160000.0 170000.0 5394.310999999987 423.08972727272936 464.35276381132604 999.8530000000028 6.141999999992549 114692.0 2536.0 2427.0 2537.0 108.0 3252530.0 2344.0 56.0 2345.0 2286.0 0.0
170000.0 180000.0 5857.787000000011 518.4451249999984 430.5560360711116 999.948000000004 5.347999999998137 6277.0 2088.0 2066.0 2090.0 21.0 2782611.0 1967.0 16.0 1967.0 1949.0 0.0
180000.0 190000.0 5902.619999999995 306.68307142857105 399.9690782681701 999.9040000000095 5.146999999997206 11823.0 2176.0 2146.0 2177.0 29.0 2848177.0 2024.0 23.0 2024.0 1998.0 0.0
190000.0 200000.0 6084.423068359349 783.1153863281303 352.91921211694967 999.8489999999874 187.4770000000135 2285.23129512847 2007.685850173481 1992.2266255040322 2007.685850173481 15.459224669448613 2734153.1505268896 1925.338255462303 13.0 1925.338255462303 1912.338255462303 0.0
200000.0 210000.0 6591.606927734363 493.2931531808073 370.6814386706075 999.130999999994 44.6590000000142 5313.713567578201 1947.5588300381003 1929.6991097514847 1947.5588300381003 17.859720286615666 2605859.7136146245 1829.5970668581926 8.0 1829.5970668581926 1821.5970668581926 0.0
210000.0 220000.0 6594.6801210937265 341.2421878906287 410.57741957066264 999.314000000013 6.554000000003725 1959.9875848367874 1725.4956331703563 1710.1917531432464 1725.4956331703563 14.30388002711009 2308091.758102273 1630.5894624803987 15.676707128435172 1630.5894624803987 1613.9127553519634 0.0
220000.0 230000.0 6573.020017578092 194.31172515191267 324.40048762835704 998.3770000000077 5.3070000000006985 121450.95641012183 1991.1786771490454 1881.6550849055939 1992.1786771490454 107.52359224345142 2473892.199963843 1806.01622008561 63.46971009819062 1807.01622008561 1738.5465099874195 0.0
230000.0 240000.0 6717.594976562512 468.91500334821257 404.72906297554977 999.0160000000033 9.068999999988591 1653.4977364647852 1953.6823782899578 1941.419543688569 1953.6823782899578 11.262834601388683 2585006.5583858155 1813.855738020429 10.19462596338627 1813.855738020429 1802.6611120570426 0.0
240000.0 250000.0 4958.918958984432 444.78517008462705 474.0181326401892 999.7010000000009 2.625 9249.613405869935 2851.3986311790595 2823.8078830070735 2852.3986311790595 26.590748171985528 3798340.6194065544 2684.6032570930665 16.65895680998794 2684.6032570930665 2661.9443002830785 0.0
250000.0 260000.0 5459.3120000000345 908.1375999999931 168.475432338957 999.9789999999921 611.4569999999949 2044.0 2685.0 2671.0 2685.0 14.0 3595746.0 2520.0 12.0 2520.0 2508.0 0.0
260000.0 270000.0 6396.081999999937 521.9480000000082 473.89175407084826 999.9060000000172 6.228000000002794 5425.0 1981.0 1963.0 1981.0 18.0 2640696.0 1867.0 15.0 1867.0 1852.0 0.0
270000.0 280000.0 6356.150999999954 366.0772000000055 452.096838506181 999.7459999999846 4.8030000000144355 2044.0 2060.0 2045.0 2060.0 14.0 2757643.0 1937.0 10.0 1937.0 1926.0 0.0
280000.0 290000.0 5599.820000000007 360.23038461538425 452.93120404934496 999.6959999999963 0.0 117075.0 2619.0 2510.0 2620.0 108.0 3335470.0 2411.0 61.0 2411.0 2348.0 0.0
290000.0 300000.0 6516.844000000041 581.5268333333273 479.97640314806176 999.9859999999753 6.005000000004657 2044.0 1982.0 1968.0 1982.0 14.0 2623649.0 1844.0 12.0 1844.0 1832.0 0.0
