ts te idle avg_span std_span max_span min_span c_bytes_all c_ack_cnt c_ack_cnt_p c_pkts_all c_pkts_data s_bytes_all s_ack_cnt s_ack_cnt_p s_pkts_all s_pkts_data videorate
0.0 10000.0 2027.6482988281641 487.68338769530914 399.79207817670374 999.545999999973 11.781923828122672 86186.121156923 4183.568442615432 4029.6563197852206 4189.53221585651 151.91212283021108 6315149.951593758 4593.547612974632 81.86271827962267 4593.547612974632 4505.72112145393 0.0
10000.0 20000.0 5971.293999999994 583.0812857142882 412.9316958048002 999.9589999999735 52.86300000001211 6499.0 1873.0 1850.0 1873.0 23.0 2770512.0 1973.0 16.0 1973.0 1957.0 0.0
20000.0 30000.0 4140.026929687476 651.5991189236132 470.56076589021706 999.8180000000284 4.418999999994412 2376.0 2749.0587619293824 2733.0587619293824 2749.0587619293824 16.0 4377297.485419864 3085.160453543598 11.0 3085.160453543598 3074.160453543598 0.0
30000.0 40000.0 2668.920062499994 466.49374279785116 473.64288742270605 999.9340000000084 5.017999999981839 5391.0 3889.5060202501263 3871.5060202501263 3889.5060202501263 18.0 5954620.202954395 4203.634436946798 20.0 4203.634436946798 4183.634436946798 0.0
40000.0 50000.0 3799.4596406250494 389.59384128289287 455.2641926476308 999.6919999999809 5.613000000012107 238781.58617686084 3253.9780613406665 3056.986578347529 3255.9780613406665 194.99148299313754 4807857.299026963 3516.4754088101795 128.0 3517.4754088101795 3385.4754088101795 0.0
50000.0 60000.0 5365.49700390629 366.2585381610552 423.9570188440371 999.9749999999767 2.9909999999799766 5398.413823139172 2439.2901780684065 2419.281661061544 2439.2901780684065 18.00851700686248 3455324.9246512526 2456.8261083556304 17.0 2456.8261083556304 2437.8261083556304 0.0
60000.0 70000.0 4530.819947265612 520.52009481534 410.4435464072725 999.8960000000079 27.32900000002701 1783.5344643295173 2805.5677562420788 2792.1368257340696 2805.5677562420788 12.43093050800914 4355387.461652819 3082.2322854147283 14.0 3082.2322854147283 3066.2322854147283 0.0
70000.0 80000.0 3004.232041015639 553.6505353064903 441.08357390921964 999.9859999999753 6.097999999998137 5286.861216285399 3690.8695852007986 3672.3584899101047 3690.8695852007986 17.51109529069354 5720957.065974035 4040.5696871596597 15.942025798702682 4040.5696871596597 4023.627661360957 0.0
80000.0 90000.0 5981.574978515564 503.49450268555665 431.8169356809834 999.6599999999744 9.53100000001723 1496.7143166667893 1966.1556340354553 1955.9941667020917 1966.1556340354553 10.16146733336379 2955858.07805777 2086.5181939575277 9.146682600211438 2086.5181939575277 2077.371511357316 0.0
90000.0 100000.0 3682.542761718796 399.5210025634733 469.31825873647466 999.9639999999781 5.151000000012573 2028.890002718295 3381.5740029330864 3367.677496065153 3381.5740029330864 13.896506867933528 5138671.482262901 3631.5834258118784 20.911291601085882 3631.5834258118784 3610.672134210793 0.0
100000.0 110000.0 3343.926855468715 477.34206249999625 434.30737532051825 999.9139999999898 0.0 121740.0 3472.0 3361.0 3473.0 109.0 5346645.0 3837.0 67.0 3838.0 3767.0 0.0
110000.0 120000.0 3356.813999999955 775.0898888888898 354.6574903778557 999.9220000000205 99.27399999997579 6392.0 3526.0 3502.0 3528.0 24.0 5342445.0 3779.0 18.0 3779.0 3759.0 0.0
120000.0 130000.0 2618.8359667969053 622.0048361002604 458.37420982341985 999.9789999999921 5.5200000000186265 5732.0 4055.1881293486094 4034.1881293486094 4055.1881293486094 20.0 6048410.039818353 4264.072857015653 16.0 4264.072857015653 4247.072857015653 0.0
130000.0 140000.0 4050.2511132812942 596.4077886718733 449.30620728112774 999.99099999998 5.096000000019558 2044.0 3064.5293968727897 3050.5293968727897 3064.5293968727897 14.0 4504787.9840397835 3178.38094120433 14.0 3178.38094120433 3164.38094120433 0.0
140000.0 150000.0 2634.877613281249 440.6481992187533 477.27348615924654 999.869000000006 4.940999999991618 5430.0 3762.2587424668313 3744.2587424668313 3762.2587424668313 18.0 5742217.985492591 4060.994541292139 20.0 4060.994541292139 4040.994541292139 0.0
150000.0 160000.0 5554.724191406276 493.9195342881915 447.7368683284525 999.6520000000019 7.210000000020955 2328.30412427342 2173.685359109854 2157.9726836624236 2173.685359109854 15.712675447430238 3399046.98034661 2400.5146486329504 12.0 2400.5146486329504 2388.5146486329504 0.0
160000.0 170000.0 4018.6440214843024 430.5622127511223 434.5936576702466 999.7050000000163 6.282999999995809 119426.69587572658 2952.981883214004 2845.6945586614343 2953.981883214004 106.28732455256976 4322318.77735313 3109.7665406017527 60.0 3109.7665406017527 3047.7665406017527 0.0
170000.0 180000.0 4076.037976562511 658.2180026041655 450.36059786325535 999.7839999999851 0.001999999978579581 1963.9541178784498 2981.57469687225 2968.299317541326 2981.57469687225 13.275379330923714 4783334.569059426 3371.2063001049823 11.275379330923714 3371.2063001049823 3359.930920774059 0.0
180000.0 190000.0 3914.4062382812263 419.5356507812549 436.1996591929978 999.841999999946 4.929000000003725 8841.44856499935 3335.626402025936 3316.04148217781 3335.626402025936 19.584919848126276 5031965.736076605 3559.062022164841 18.584919848126276 3559.062022164841 3540.4771023167145 0.0
190000.0 200000.0 3651.9678789060563 801.7416401367373 320.89973516150303 999.8969999999972 65.90099999995437 1778.5973171222013 3356.155390089725 3342.0156892687755 3356.155390089725 12.13970082095001 5156464.927813502 3632.0021489833507 8.13970082095001 3632.0021489833507 3621.8624481624006 0.0
200000.0 210000.0 3639.072999999975 713.3751111111035 414.3446714302376 999.8689999999478 11.557999999960884 5458.0 3469.0 3449.0 3469.0 18.0 5089179.0 3598.0 14.0 3598.0 3583.0 0.0
210000.0 220000.0 3106.5410000000848 579.5609999999966 491.33684778070193 999.7099999999627 5.896999999997206 2376.0 3641.0 3625.0 3641.0 16.0 5437276.0 3839.0 16.0 3839.0 3823.0 0.0
220000.0 230000.0 5818.147134765633 324.4593571428476 421.79618512894234 999.920999999973 5.535999999963678 118198.0 2079.0 1970.0 2080.0 107.0 2748615.0 2016.0 58.0 2017.0 1954.0 0.0
230000.0 240000.0 5714.441826171707 391.35836363637776 485.0910048723371 999.9960000000428 5.798999999999069 2044.0 1948.0 1933.0 1948.0 14.0 2814883.0 2004.0 17.0 2004.0 1986.0 0.0
240000.0 250000.0 4673.174728515558 501.99011558950457 460.8178230492732 999.7920000000158 22.849999999976717 5594.431978396537 2658.6210339928834 2638.0220461712174 2658.6210339928834 19.59898782166588 4125595.634491969 2928.149169331161 15.0 2928.149169331161 2908.149169331161 0.0
250000.0 260000.0 3828.667023437447 771.4166220703191 353.7435581570701 999.9860000000335 53.979248046875 1953.5319472152755 3105.806705200336 3092.351693470124 3105.806705200336 13.455011730212505 4819363.858680888 3400.5185429747617 12.0 3400.5185429747617 3388.5185429747617 0.0
260000.0 270000.0 3541.4533652344253 723.1959594183912 397.40681884501845 999.3349999999627 50.21699999994598 5005.81502721343 3417.0812790710834 3402.136880414083 3417.0812790710834 14.944398657000177 5269023.170048272 3709.0371413014636 9.99839820887856 3709.0371413014636 3699.0387430925853 0.0
270000.0 280000.0 4574.7098828125745 547.4916117187473 474.05000398439796 999.8630000000121 5.003000000026077 1768.2210471747585 2656.490981735698 2644.4893799445763 2656.490981735698 12.00160179112144 4044281.3367788712 2856.2951463926133 11.00160179112144 2856.2951463926133 2845.293544601492 0.0
280000.0 290000.0 5070.261000000057 455.5319090909007 474.89936918183207 999.8800000000047 0.0 120411.0 2360.0 2251.0 2361.0 108.0 3433310.0 2478.0 54.0 2479.0 2422.0 0.0
290000.0 300000.0 4448.577000000048 699.765625 434.460151251723 999.9429999999702 46.70200000004843 5400.0 2919.0 2901.0 2919.0 18.0 4454450.0 3151.0 14.0 3151.0 3137.0 0.0
