ts te idle avg_span std_span max_span min_span c_bytes_all c_ack_cnt c_ack_cnt_p c_pkts_all c_pkts_data s_bytes_all s_ack_cnt s_ack_cnt_p s_pkts_all s_pkts_data videorate
0.0 10000.0 1721.04256054687 484.36634469288816 382.9168304303718 999.9000000000015 43.91100000000006 88223.60220965334 5365.833486169553 5207.110993420759 5370.801904997157 158.72249274879562 6970025.442252028 5004.245918473052 85.77944648870145 5004.245918473052 4913.498053156747 0.0
10000.0 20000.0 6434.034 535.4214285714281 458.1328340921291 999.9400000000023 48.18499999999767 6643.0 2030.0 2010.0 2030.0 20.0 2696214.0 1903.0 15.0 1903.0 1888.0 0.0
20000.0 30000.0 6590.802000000003 568.1996666666661 491.7633571248135 999.5999999999985 6.061000000001513 2044.0 2074.0 2060.0 2074.0 14.0 2783567.0 1948.0 8.0 1948.0 1940.0 0.0
30000.0 40000.0 4505.032107421874 432.02884615384613 456.15504465456394 999.9150000000009 5.141999999999825 17326.0 3230.0 3196.0 3231.0 34.0 4296216.0 3026.0 25.0 3026.0 3000.0 0.0
40000.0 50000.0 5335.2240000000165 303.5377499999986 421.5685962318193 999.8859999999986 5.1450000000040745 240918.0 2682.0 2487.0 2684.0 192.0 3298749.0 2429.0 104.0 2429.0 2321.0 0.0
50000.0 60000.0 6364.289023437494 338.0317272727288 435.3236584402671 999.9239999999991 5.875 5404.0 2029.0 2011.0 2029.0 18.0 2692398.0 1898.0 10.0 1898.0 1887.0 0.0
60000.0 70000.0 5923.900703125008 602.7658995535706 425.70572158917116 999.9229999999952 110.10199999999895 2020.7710804881249 1897.6820942263214 1881.822027476393 1897.6820942263214 13.860066749928464 2624777.277767551 1851.921026227466 14.0 1851.921026227466 1835.921026227466 0.0
70000.0 80000.0 6872.052527343752 277.9970585937493 383.98116595803486 999.9109999999928 2.569000000003143 6384.223950305335 1845.232621253311 1821.809585408098 1847.232621253311 21.423035845212862 2462923.3916515512 1740.9731886469106 9.0 1740.9731886469106 1728.9731886469106 0.0
80000.0 90000.0 5885.788048828137 429.9402951171869 410.75902103407634 999.8769999999931 5.051000000006752 2155.822727660581 2281.1258802946136 2263.831767477381 2281.1258802946136 16.29411281723242 3043410.3724744166 2141.480548992546 13.577215412373747 2142.480548992546 2126.9033335801723 0.0
90000.0 100000.0 6614.352728515645 217.79333129882707 390.39778015098364 998.9569999999949 4.854000000006636 5465.182241545958 2026.4514291049936 2008.0286445173672 2026.4514291049936 18.422784587626253 2677790.55819995 1893.980822690835 21.99326741215497 1893.980822690835 1871.9875552786802 0.0
100000.0 110000.0 5156.2583867187495 434.81513590494797 435.0567747085608 999.8289999999979 0.0 112059.63771948982 3050.7382864214405 2950.446247246853 3051.7382864214405 100.2920391745878 3934653.429837294 2799.362713550184 49.72155635005908 2800.362713550184 2747.6411572001243 0.0
110000.0 120000.0 5973.24598632814 508.781873779295 425.9452703318234 999.810999999987 43.5009765625 4288.684772031557 2327.8800437374075 2315.03284901969 2327.8800437374075 12.847194717717533 3100379.964097076 2171.942551215763 8.685572266899396 2171.942551215763 2163.256978948864 0.0
120000.0 130000.0 5514.617896484357 450.3009126953169 471.79674135061515 999.6630000000005 5.1780000000144355 2408.677508478624 2796.889644961912 2783.0288788542175 2796.889644961912 13.860766107694667 3721657.0059721614 2600.3391486762957 10.022388558512803 2600.3391486762957 2590.316760117783 0.0
130000.0 140000.0 4570.328164062521 467.6556666666632 474.04763694060443 999.8619999999937 4.704999999987194 5938.0 2850.0 2826.0 2851.0 24.0 3848231.0 2709.0 21.0 2709.0 2687.0 0.0
140000.0 150000.0 3720.90296093747 398.1654444444462 411.3206535290409 999.9530000000086 7.114999999990687 28141.0 3566.0 3502.0 3567.0 64.0 4672076.0 3331.0 41.0 3331.0 3289.0 0.0
150000.0 160000.0 5000.816238281259 519.309699999998 450.8576274358953 999.7390000000014 5.595999999990454 4053.0 2711.0 2687.0 2711.0 24.0 3621318.0 2549.0 17.0 2549.0 2532.0 0.0
160000.0 170000.0 3821.9418027343345 479.46469230769435 471.3617648390978 999.7200000000012 6.606999999989057 155465.0 3424.0 3290.0 3425.0 133.0 4423019.0 3169.0 73.0 3169.0 3094.0 0.0
170000.0 180000.0 6539.489000000001 436.8537499999984 475.91638460065485 999.7580000000016 5.864999999990687 1903.9596518211983 2143.77690795303 2130.620524508324 2143.77690795303 13.156383444706014 2893255.4003286185 2029.0524198306712 9.0 2029.0524198306712 2019.0524198306712 0.0
180000.0 190000.0 5119.068103515601 323.49568737793015 402.47433703240256 999.7950000000128 4.8109999999869615 13543.053704328602 2830.908553705607 2798.2455795831456 2831.908553705607 30.662974122461456 3748542.893914692 2653.387733200922 24.0 2653.387733200922 2627.387733200922 0.0
190000.0 200000.0 4659.805732421897 679.3861369628867 403.4745920283869 999.8889999999956 98.97099999999045 2073.9866438501995 3262.9420625738717 3248.7614201410393 3262.9420625738717 14.180642432832528 4386336.135653503 3066.213233547901 12.0 3066.213233547901 3054.213233547901 0.0
200000.0 210000.0 6731.840781250008 553.1405364583334 473.0615742603577 999.6650000000081 27.34690624999348 5399.242596015379 1671.8259366768525 1654.2798437141278 1671.8259366768525 17.546092962724618 2250464.0589649966 1590.5731208112293 14.546092962724618 1590.5731208112293 1576.0270278485045 0.0
210000.0 220000.0 6572.484171874996 286.20221728515753 387.34473753873584 999.4400000000023 6.912000000011176 1657.8574985683535 1727.14698662149 1714.7575716524484 1727.14698662149 11.38941496904156 2279481.6117423447 1608.5933623490728 14.38941496904156 1608.5933623490728 1593.2039473800314 0.0
220000.0 230000.0 2435.6395195312507 424.9098463199028 445.52467272522273 999.9759999999951 5.347000000008848 123196.89990541627 4672.399552469149 4560.335060400916 4673.399552469149 109.06449206823382 6094231.899395846 4317.180130260203 61.06449206823382 4318.180130260203 4252.11563819197 0.0
230000.0 240000.0 6348.395023437537 368.9347999999969 461.65550877486 999.8969999999972 6.584999999991851 2044.0 2154.0 2138.0 2154.0 14.0 2859117.0 2009.0 13.0 2009.0 1995.0 0.0
240000.0 250000.0 3900.109999999928 682.8632222222319 425.42117353711 999.9780000000028 8.884000000020023 5391.0 3477.0 3458.0 3477.0 18.0 4651041.0 3259.0 14.0 3259.0 3243.0 0.0
250000.0 260000.0 5193.699999999895 801.0500000000175 351.4951530488037 999.8670000000275 135.28100000001723 2044.0 2846.0 2832.0 2846.0 14.0 3813374.0 2668.0 11.0 2668.0 2657.0 0.0
260000.0 270000.0 5279.423999999941 597.6682500000097 449.0484408043086 999.8150000000023 13.802000000025146 5403.0 2694.0 2676.0 2694.0 18.0 3597745.0 2521.0 10.0 2521.0 2511.0 0.0
270000.0 280000.0 5172.957052734389 329.05866315104066 446.8996389211532 999.9789999999921 4.652000000001863 2313.9649451096184 2834.375318639169 2816.749023789111 2834.375318639169 15.626294850057942 3782826.823388482 2659.9394606864457 20.0 2659.9394606864457 2637.9394606864457 0.0
280000.0 290000.0 3625.1950429687276 535.2907464192734 416.9684515476813 999.7729999999865 7.797000000020489 121888.03505489038 3728.1992954586726 3618.8255903087306 3729.1992954586726 108.37370514994205 4871893.694832555 3463.8504825226078 57.0 3464.8504825226078 3404.8504825226078 0.0
290000.0 300000.0 5652.403986328049 621.0851448102787 375.19795155910816 999.9270000000251 64.8190000000177 3024.142067350321 2521.8536710023477 2505.141971801442 2522.8536710023477 16.71169920090555 3366701.296246399 2362.260207473478 11.0 2362.260207473478 2350.260207473478 0.0
