ts te idle avg_span std_span max_span min_span c_bytes_all c_ack_cnt c_ack_cnt_p c_pkts_all c_pkts_data s_bytes_all s_ack_cnt s_ack_cnt_p s_pkts_all s_pkts_data videorate
0.0 10000.0 2265.794072265624 602.7788519810267 393.22602990148306 999.9530000000013 0.0 118302.7186741039 4623.982542280626 4437.6768764631015 4632.454530111712 186.30566581752538 6855880.223642139 5011.128847866636 123.75311387987452 5011.128847866636 4878.903746155675 0.0
10000.0 20000.0 4995.703861328126 768.7974666666671 322.16078764600604 999.7149999999965 43.57800000000134 15072.0 2087.0 2063.0 2087.0 24.0 3555918.0 2524.0 17.0 2524.0 2507.0 0.0
20000.0 30000.0 6604.56679492187 693.0989090909101 346.3696744056721 999.7560000000012 5.173999999999069 9475.0 1484.0 1472.0 1484.0 12.0 2674565.0 1890.0 11.0 1890.0 1879.0 0.0
30000.0 40000.0 5996.32070507812 485.9883888888887 417.9512517715768 999.9429999999993 7.572999999996682 23429.0 1547.0 1518.0 1548.0 29.0 2704450.0 1937.0 27.0 1937.0 1909.0 0.0
40000.0 50000.0 5971.82477734374 425.27719047619064 426.330533437217 999.0460000000021 4.451000000000931 255890.0 1758.0 1561.0 1760.0 195.0 2772080.0 2068.0 108.0 2068.0 1957.0 0.0
50000.0 60000.0 5616.3809472656285 579.3321623046875 445.5550857923915 999.8619999999937 7.070999999996275 14414.0 2157.563445485367 2138.563445485367 2157.563445485367 18.0 3497073.8694909923 2481.762879003448 20.0 2481.762879003448 2460.762879003448 0.0
60000.0 70000.0 6404.092484374996 550.6906096191406 407.2873761742745 999.8040000000037 0.0 9475.0 1498.2890211646163 1485.2890211646163 1498.2890211646163 12.0 2661814.102038631 1889.829502668812 13.0 1889.829502668812 1874.829502668812 0.0
70000.0 80000.0 6894.183330078129 475.2269249267565 398.93941961187784 998.5629999999946 6.785999999992782 12541.422415678458 1460.3257168121677 1443.6951329539877 1460.3257168121677 15.630583858179872 2500485.3754247883 1775.7389695931918 13.630583858179872 1775.7389695931918 1761.1083857350118 0.0
80000.0 90000.0 6675.672507812502 440.46488899739535 384.46933694271183 999.4649999999965 7.19999999999709 9897.363722962371 1530.3646643537468 1516.0064922592699 1531.0350301124959 14.358172094476789 2689606.1212316854 1907.2919307392108 14.687806335727602 1907.2919307392108 1891.9337586447339 0.0
90000.0 100000.0 5709.158789062494 385.53698234675426 398.8804317154088 998.8300000000017 4.085999999995693 13342.930479437378 1667.8880328259734 1648.2743433614396 1669.217667067224 17.6136894645337 2852585.166188428 2037.1498645565744 25.28405522328289 2037.1498645565744 2010.5361750920406 0.0
100000.0 110000.0 7015.105970703124 322.6726749999992 340.2059599565345 999.9829999999929 8.604999999995925 118345.13552464171 1105.1721043178272 1009.298514767163 1106.1721043178272 94.8735895506641 1793783.428182039 1320.1513403779609 50.855496658688594 1321.1513403779609 1267.2958437192726 0.0
110000.0 120000.0 863.8687539062812 627.0490213281242 384.89810424674397 999.9610000000102 35.421999999991385 63813.1478572801 1760.3970150403015 1578.873050008156 1763.3970150403015 181.52396503214553 2748911.9374434347 2056.075513060802 93.54205792412105 2056.075513060802 1959.5334551366811 0.0
120000.0 130000.0 1111.3302929687488 699.156700000003 360.08326364799103 999.9949999999953 6.347999999998137 56397.0 2096.0 1942.0 2096.0 152.0 3360602.0 2480.0 78.0 2480.0 2401.0 0.0
130000.0 140000.0 318.0903261718631 782.1479152018231 339.8180262786099 999.5400000000081 4.845000000001164 90946.83309460427 2076.990239164884 1820.330079721628 2076.990239164884 256.6601594432561 3029424.9581660433 2298.660159443256 136.33007972162804 2298.660159443256 2162.330079721628 0.0
140000.0 150000.0 3455.2589785156306 523.7816282552075 416.20599841001615 999.551999999996 5.083000000013271 34209.71003659585 1641.795991155837 1558.265330385279 1642.795991155837 82.53066077055809 2841858.7270154506 2064.2062345071945 48.940904121915665 2064.2062345071945 2014.265330385279 0.0
150000.0 160000.0 5161.098800781212 621.8934536132801 387.92650897637014 999.7360000000044 6.361000000004424 29892.456868799884 1607.2137696792788 1533.4045898930929 1607.2137696792788 73.80917978618584 2776714.314818506 2006.1336060495491 44.729016156456304 2006.1336060495491 1961.4045898930929 0.0
160000.0 170000.0 5914.34311328124 546.9155263157859 420.37449702039754 999.3699999999953 5.581999999994878 122867.0 2025.0 1921.0 2027.0 104.0 3255718.0 2359.0 58.0 2360.0 2298.0 0.0
170000.0 180000.0 6494.044111328141 637.29369230769 383.2047366255175 998.429999999993 5.904999999998836 9475.0 1583.0 1571.0 1583.0 12.0 2783137.0 1969.0 14.0 1969.0 1955.0 0.0
180000.0 190000.0 5546.097304687486 470.9782631578932 402.5175922657643 997.4569999999949 5.331000000005588 19353.0 1587.0 1562.0 1588.0 25.0 2772117.0 1984.0 25.0 1984.0 1958.0 0.0
190000.0 200000.0 6524.424248046882 653.0971538461544 373.7190727172526 999.8440000000119 43.130999999993946 12826.0 1656.0 1635.0 1657.0 19.0 2828041.0 2010.0 14.0 2010.0 1993.0 0.0
200000.0 210000.0 6318.940105468762 662.871769230768 408.2342197197531 999.31700000001 43.586000000010245 12915.0 1571.0 1553.0 1571.0 17.0 2776454.0 1967.0 13.0 1967.0 1953.0 0.0
210000.0 220000.0 5549.493082031229 593.130388888891 447.3394547477536 999.823000000004 5.665000000008149 11058.0 1872.0 1858.0 1872.0 14.0 3271124.0 2317.0 19.0 2317.0 2298.0 0.0
220000.0 230000.0 6464.122953125014 436.8269057074649 406.74861470705775 999.6689999999944 7.738000000012107 123445.72678704915 1397.5494013489724 1294.2265139915871 1398.5494013489724 100.3228873573853 2297778.6810105606 1691.4621978350829 58.3228873573853 1691.4621978350829 1629.1393104776976 0.0
230000.0 240000.0 6788.956646484352 344.56758283025755 390.7451677700765 999.1810000000114 5.0460000000020955 9009.018367017383 1467.758246484465 1455.3468816380835 1467.758246484465 11.411364846381323 2500915.4469466684 1776.6910631673668 17.511890984730663 1776.6910631673668 1758.1791721826362 0.0
240000.0 250000.0 6715.383007812488 386.51557341974427 371.24106698563776 998.6359999999986 0.0 11700.613445989708 1480.3718583233422 1464.7996532118252 1480.3718583233422 14.572205111516727 2617867.0753528345 1866.329461841969 13.471678973167386 1866.329461841969 1845.8577828688017 0.0
250000.0 260000.0 6306.766316406312 559.7163453369103 308.2019403736331 999.4479999999749 20.930999999982305 10622.20579845612 1659.3433085985039 1645.8972375729552 1659.3433085985039 13.44607102554858 2958797.3920833305 2091.8049621395357 12.44607102554858 2091.8049621395357 2079.3588911139873 0.0
260000.0 270000.0 6470.436125000007 501.7085692784954 358.5909149440873 999.7270000000135 6.458999999973457 12274.485276463874 1680.5767527611179 1663.2780968511327 1680.5767527611179 16.2986559099853 2875312.9231782854 2040.0782670065573 14.298655909985298 2041.0782670065573 2024.7796110965724 0.0
270000.0 280000.0 6983.452804687491 367.3508015008227 401.2703453163369 997.9089999999851 4.740999999979977 7711.683819040215 1316.3275565069255 1305.559594964246 1316.3275565069255 9.767961542679558 2324613.9061309886 1648.270474457755 13.617942980549861 1648.270474457755 1633.6525314772052 0.0
280000.0 290000.0 6360.928939453035 517.335114257814 410.49165133903006 999.0559999999823 9.227000000013504 126671.26650598354 1667.0728759766735 1560.8920217701702 1668.0728759766735 104.18085420650323 2753220.575297332 2001.3635735517328 53.330872768632915 2002.3635735517328 1946.0327007831002 0.0
290000.0 300000.0 6572.365634765651 726.3442727272685 328.6145779109871 999.8379999999888 38.34799999999814 9475.0 1532.0 1520.0 1532.0 12.0 2662718.0 1882.0 12.0 1882.0 1870.0 0.0
