ts te idle avg_span std_span max_span min_span c_bytes_all c_ack_cnt c_ack_cnt_p c_pkts_all c_pkts_data s_bytes_all s_ack_cnt s_ack_cnt_p s_pkts_all s_pkts_data videorate
0.0 10000.0 413.2843203125012 580.678822265625 365.09293917153497 999.898000000001 43.93799999999828 112285.22521364084 5684.701657026059 5504.555983847335 5696.544222294164 177.14567317872573 8485352.30003809 6151.923890322903 101.89485454941061 6151.923890322903 6039.186470505389 0.0
10000.0 20000.0 4211.755960937495 729.0873798828134 388.9654520961068 999.9780000000028 44.455000000001746 5470.0 3752.4961468678034 3733.4961468678034 3752.4961468678034 19.0 4948243.507607708 3484.4217722024396 9.0 3484.4217722024396 3475.4217722024396 0.0
20000.0 30000.0 4286.2570390625115 714.2178701171861 393.2236984554586 999.7479999999996 192.41399999999703 2376.0 3406.5038531321966 3390.5038531321966 3406.5038531321966 16.0 4512437.492392292 3180.5782277975604 9.0 3180.5782277975604 3171.5782277975604 0.0
30000.0 40000.0 4612.983906250003 434.8094687499996 459.18944723472305 999.9959999999992 6.555000000000291 15771.052323205393 2921.290745350788 2891.3325988254537 2922.290745350788 29.95814652533369 3895917.0717806346 2771.2115217934465 24.0 2771.2115217934465 2746.2115217934465 0.0
40000.0 50000.0 4065.8570117187483 324.75899095394675 399.19031976630924 999.9640000000072 4.335999999995693 256537.9476767946 3405.5505248356985 3195.5086713610326 3407.5505248356985 207.0418534746663 4266332.649670776 3124.9206360856924 118.0 3124.9206360856924 3003.9206360856924 0.0
50000.0 60000.0 4376.757080078125 374.92862878417964 420.0429626267822 999.9869999999937 2.6640000000043074 5546.535896971609 3162.1321765859657 3143.5626832307153 3162.1321765859657 18.569493355250657 4217739.088466048 2992.4514217883 21.0 2992.4514217883 2970.4514217883 0.0
60000.0 70000.0 6462.3449902343855 414.84311805555546 368.0140281987311 998.5910000000003 2.7329999999928987 5175.311234054454 1980.6598034962037 1959.106536587253 1981.6598034962037 19.55326690895072 2641236.0042045144 1888.5351831859796 16.122760264201375 1888.5351831859796 1868.4124229217782 0.0
70000.0 80000.0 3901.551054687501 614.9330945312497 422.89579784993384 999.375 6.630000000004657 5123.481305009604 3860.973921252169 3845.000098646547 3860.973921252169 15.973822605622296 5105545.560397436 3601.391825797583 11.973822605622296 3601.391825797583 3589.4180031919605 0.0
80000.0 90000.0 4518.081060546872 548.1918939453128 415.7077791364842 999.8600000000006 6.134999999994761 2134.293052144607 3396.3798212845586 3382.131320906699 3396.3798212845586 14.24850037785947 4473672.011348115 3151.862304257162 11.24850037785947 3151.862304257162 3140.613803879303 0.0
90000.0 100000.0 4652.287244140607 301.4960039062506 427.13476597201065 999.7949999999983 5.264999999999418 1526.3785118197266 3088.013007194616 3077.3580904422993 3088.013007194616 10.65491675231686 4088452.614132476 2892.627107091836 21.654916752316858 2892.627107091836 2870.9721903395193 0.0
100000.0 110000.0 2588.16899999998 488.8001250000016 475.15123225262073 1000.0 0.0 118993.0 4542.0 4432.0 4543.0 110.0 5923405.0 4228.0 57.0 4229.0 4169.0 0.0
110000.0 120000.0 4412.883000000002 798.1595714285712 375.12804151776504 999.8949999999895 7.9429999999993015 2044.0 3377.0 3363.0 3377.0 14.0 4476887.0 3156.0 13.0 3156.0 3143.0 0.0
120000.0 130000.0 4134.8490000000165 592.4232999999979 471.1708442474976 999.9979999999923 5.271999999997206 5762.0 3250.0 3230.0 3250.0 20.0 4318915.0 3052.0 15.0 3052.0 3037.0 0.0
130000.0 140000.0 4320.814908203116 518.7232810724447 497.70541088196643 999.5780000000086 5.035999999992782 2030.7351565604276 3401.8310435575027 3387.9109522529216 3401.8310435575027 13.92009130458089 4567815.253683667 3227.668943552142 17.0 3227.668943552142 3210.668943552142 0.0
140000.0 150000.0 4083.9981933593517 399.133653776045 445.4030068872966 999.9219999999914 4.418000000005122 5377.253724046467 3595.786459629529 3578.140352858165 3595.786459629529 17.64610677136426 4769347.837621876 3366.8668346730287 16.0 3366.8668346730287 3350.8668346730287 0.0
150000.0 160000.0 2626.1127675781026 533.91345591518 466.02333603176197 999.7270000000135 7.5750000000116415 3245.011119393105 4424.730751045999 4404.296949121944 4426.730751045999 17.433801924054848 5895763.941092481 4166.569019042881 18.0 4166.569019042881 4145.569019042881 0.0
160000.0 170000.0 4564.085281250038 464.2114765624986 430.05229897327604 999.8669999999984 5.154999999998836 128978.0 3281.6517457669697 3165.6517457669697 3282.6517457669697 115.0 4196897.967601975 3023.8952027319483 60.0 3024.8952027319483 2961.8952027319483 0.0
170000.0 180000.0 4759.656949218712 583.6633389756995 495.00022625411356 999.994000000006 4.309999999997672 2044.0 3019.4923679579792 3005.4923679579792 3019.4923679579792 14.0 4024063.647302475 2836.305075141789 11.0 2836.305075141789 2825.305075141789 0.0
180000.0 190000.0 3899.6721718750196 364.57320888157886 415.47093143175624 999.9489999999932 4.537000000011176 9660.4257986124 3891.309374968701 3869.3437735765583 3891.309374968701 20.96560139214299 5147854.599839017 3637.0134603601286 19.827600232023833 3637.0134603601286 3616.1858601281047 0.0
190000.0 200000.0 4100.529916015657 737.4337604980428 310.1827876214692 999.3789999999863 172.3309804687451 1815.5589765271134 3812.6645055329877 3800.265727660134 3812.6645055329877 12.398777872853598 5009814.093242455 3522.0828971227693 6.7331296454756 3522.0828971227693 3515.3497674772943 0.0
200000.0 210000.0 3883.8441250000033 616.4612874999991 405.30089346789543 999.8759999999893 48.45699999999488 6422.961593240681 3628.7781558667816 3608.4327788391683 3629.7781558667816 20.34537702761352 4824849.310505646 3402.268825477329 9.149026415110674 3402.268825477329 3392.119799062218 0.0
210000.0 220000.0 3423.879978515586 602.695547407673 469.21990955147135 999.8090000000084 5.763000000006286 1946.0536316198054 3870.7555956735505 3857.4653519661606 3870.7555956735505 13.290243707389894 5132587.349110408 3618.3297418979846 14.290243707389894 3618.3297418979846 3604.0394981905943 0.0
220000.0 230000.0 3502.432994140603 408.3290588235301 463.00396154899147 999.9990000000107 5.3070000000006985 118872.0 4131.0 4022.0 4132.0 108.0 5327650.0 3812.0 57.0 3813.0 3752.0 0.0
230000.0 240000.0 5286.218802734365 340.8283571428578 449.300986361394 999.7870000000112 6.062999999994645 2068.0 2769.0 2752.0 2770.0 15.0 3647285.0 2585.0 16.0 2585.0 2567.0 0.0
240000.0 250000.0 2730.937910156208 481.76606811524107 458.66248488581704 999.960000000021 23.64000000001397 6758.0 4523.019639656286 4498.019639656286 4524.019639656286 24.0 6047654.04299547 4280.072158960413 16.0 4280.072158960413 4257.072158960413 0.0
250000.0 260000.0 3675.7691406250815 641.4332859374932 414.8301528354187 999.7829999999958 85.29599999997299 2044.0 3984.14986977611 3968.14986977611 3985.14986977611 14.0 5277097.373951957 3721.9674049794935 14.0 3721.9674049794935 3706.9674049794935 0.0
260000.0 270000.0 4192.1240078125265 650.424332465278 427.3975796770934 999.875 19.636999999987893 5433.0 3740.2653748817693 3722.2653748817693 3740.2653748817693 18.0 4949195.027891355 3487.5041649387913 9.0 3487.5041649387913 3478.5041649387913 0.0
270000.0 280000.0 4071.5799648437533 428.86400418526944 450.961341156462 999.7609999999986 5.954000000027008 2044.0 3308.5651156858353 3293.5651156858353 3308.5651156858353 14.0 4377582.555161219 3098.456271121302 19.0 3098.456271121302 3078.456271121302 0.0
280000.0 290000.0 6098.9220000000205 281.89564285714215 412.79414060868424 999.74099999998 0.0 116217.0 2047.0 1941.0 2048.0 105.0 2606166.0 1899.0 54.0 1900.0 1843.0 0.0
290000.0 300000.0 6104.793964843731 779.0412070312537 339.1288209218124 999.8780000000261 230.0119999999879 2320.8272058432194 1856.9590492805005 1841.2914155103608 1856.9590492805005 15.667633770139878 2494772.4529318535 1770.9213322450453 12.0 1770.9213322450453 1758.9213322450453 0.0
