ts te idle avg_span std_span max_span min_span c_bytes_all c_ack_cnt c_ack_cnt_p c_pkts_all c_pkts_data s_bytes_all s_ack_cnt s_ack_cnt_p s_pkts_all s_pkts_data videorate
0.0 10000.0 538.6343007811811 583.4150161040675 405.35247674374375 999.8300000000163 0.0 113956.18195261733 4722.186059442924 4555.99547906869 4735.186059442924 162.1905803742332 8305152.2855415605 6038.59998234167 120.73724148265975 6038.59998234167 5907.862740859009 0.0
10000.0 20000.0 5884.691085937491 581.9557500000046 401.60826049281434 999.1919999999809 7.994000000006054 16722.0 1639.0 1613.0 1640.0 25.0 2785977.0 1984.0 18.0 1984.0 1965.0 0.0
20000.0 30000.0 6400.854810546909 685.1609166666652 366.3581447571542 999.7910000000265 7.668999999994412 9475.0 1548.0 1536.0 1548.0 12.0 2779811.0 1964.0 12.0 1964.0 1952.0 0.0
30000.0 40000.0 6421.2886582030915 392.1852727272754 426.1064082642116 999.4000000000233 2.9020000000018626 12793.0 1603.0 1585.0 1603.0 16.0 2752677.0 1962.0 20.0 1962.0 1940.0 0.0
40000.0 50000.0 5526.817289062485 602.9628000000026 383.78095877116414 999.3389999999781 7.940000000002328 293748.0 1754.0 1530.0 1755.0 223.0 2739215.0 2115.0 180.0 2116.0 1932.0 0.0
50000.0 60000.0 6011.641595703084 353.7187600000016 415.22676647709005 999.6379999999772 0.0 13800.0 1697.0 1676.0 1698.0 20.0 2852756.0 2045.0 27.0 2045.0 2015.0 0.0
60000.0 70000.0 5436.7632480469765 609.7093888888808 429.7722657166189 999.9000000000233 0.0 11058.0 2038.0 2021.0 2039.0 14.0 3522990.0 2498.0 17.0 2498.0 2478.0 0.0
70000.0 80000.0 6001.459013671847 492.47647058823736 444.2530003736805 999.8240000000224 6.135999999998603 12847.0 1561.0 1544.0 1561.0 16.0 2754296.0 1961.0 18.0 1961.0 1942.0 0.0
80000.0 90000.0 6570.31012499996 651.6826923076878 415.0006472381232 999.564000000013 3.411000000021886 9475.0 1622.0 1610.0 1622.0 12.0 2753570.0 1947.0 12.0 1947.0 1935.0 0.0
90000.0 100000.0 6292.0847011719015 396.0046418340727 405.18322082472207 999.1269999999786 2.3319999999948777 17340.28470884002 1246.605453102995 1220.0582624879478 1248.605453102995 26.547190615047526 2161677.1477063983 1555.5539106597128 23.547190615047526 1555.5539106597128 1530.0067200446651 0.0
100000.0 110000.0 6257.18142578128 400.7546703869039 346.80201639480333 999.5669999999809 5.625 121155.27256750871 1525.5992743406503 1426.957230525227 1526.5992743406503 96.64204381542328 2513496.8741876823 1841.8617948493743 64.64204381542329 1841.8617948493743 1774.219751033951 0.0
110000.0 120000.0 5969.8779863281525 655.4971548177108 373.77821112820095 999.9290000000037 12.668000000005122 9361.254283902406 1825.635830835233 1813.78467818117 1825.635830835233 11.85115265406301 3151869.3670682944 2224.47491696767 11.85115265406301 2224.47491696767 2212.6237643136074 0.0
120000.0 130000.0 6532.024033203139 508.6740700683549 427.58030128311617 999.0489999999991 6.284999999974389 12780.188439748865 1503.1594417211218 1485.1998288056554 1503.1594417211218 16.959612915466185 2684119.6110376245 1906.1093775232425 15.959612915466185 1906.1093775232425 1889.1497646077764 0.0
130000.0 140000.0 6617.829019531258 643.7776153846152 419.6915241619981 999.4990000000107 0.0 9475.0 1537.0 1525.0 1537.0 12.0 2740707.0 1937.0 11.0 1937.0 1926.0 0.0
140000.0 150000.0 6275.297095703136 419.1748499999929 442.97359907920924 998.7569999999832 4.73499999998603 12888.0 1508.0 1492.0 1508.0 16.0 2693320.0 1918.0 22.0 1918.0 1896.0 0.0
150000.0 160000.0 6256.329343750025 640.5599285714312 424.5672490074609 999.8300000000163 5.590000000025611 9475.0 1573.0 1561.0 1573.0 12.0 2794567.0 1979.0 14.0 1979.0 1965.0 0.0
160000.0 170000.0 6089.242949218722 470.2513684210564 436.37696963229524 999.9969999999739 4.675999999977648 116930.0 1695.0 1596.0 1696.0 98.0 2826690.0 2057.0 56.0 2058.0 1999.0 0.0
170000.0 180000.0 6434.824874999991 616.6516923076974 392.4186884265288 998.939000000013 6.2810000000172295 13018.0 1605.0 1586.0 1606.0 19.0 2737012.0 1944.0 16.0 1944.0 1927.0 0.0
180000.0 190000.0 5211.082972656179 500.5286521739149 455.0323211548866 999.6869999999763 4.746999999973923 18811.0 2073.0 2051.0 2073.0 22.0 3434950.0 2442.0 24.0 2442.0 2418.0 0.0
190000.0 200000.0 6042.732328125043 689.887416666655 371.7377678069342 999.6870000000345 43.91899999999441 9475.0 1617.0 1603.0 1617.0 12.0 2857236.0 2027.0 13.0 2027.0 2012.0 0.0
200000.0 210000.0 6602.206046875101 651.0220833333248 411.7808110168672 999.9179999999469 51.817000000039116 12861.0 1530.0 1514.0 1530.0 16.0 2685809.0 1903.0 13.0 1903.0 1890.0 0.0
210000.0 220000.0 6292.310812500073 475.06499631075553 474.56635531681593 999.6929999999702 5.7079999999841675 11130.852119061095 1612.1408063895092 1598.0475587644323 1612.1408063895092 14.093247625077142 2768054.008409441 1966.18763740566 19.09324762507714 1966.18763740566 1947.094389780583 0.0
220000.0 230000.0 6374.227732421714 415.9192281044456 386.74843725737975 999.984000000055 0.0 129744.85236880768 1509.5733823708672 1399.4631892463779 1510.5733823708672 107.11019312448961 2441644.2070315653 1793.152593037201 59.11019312448959 1794.152593037201 1730.0423999127115 0.0
230000.0 240000.0 6415.475902343751 435.5491735733661 341.76094740958916 998.8340000000317 4.80970703123603 7420.693795095232 1480.4933004926493 1470.0934029222242 1480.4933004926493 9.39989757042507 2509128.4303623275 1781.7493763824107 16.39989757042507 1781.7493763824107 1764.3494788119856 0.0
240000.0 250000.0 6525.891865234356 352.12999763997504 361.12611782274206 999.8639999999432 0.0 11995.049932456113 1588.527502821632 1572.6242343938543 1588.527502821632 14.903268427777597 2692301.645259202 1918.2570637908316 13.903268427777597 1918.2570637908316 1898.353795363054 0.0
250000.0 260000.0 6664.233031249954 592.0292255859434 314.32268832231955 998.7029999999795 29.98291015625 7567.422449866694 1415.1339524120112 1405.5505837066023 1415.1339524120112 9.583368705408944 2511126.9434514623 1775.2018156632275 9.583368705408944 1775.2018156632275 1765.6184469578188 0.0
260000.0 270000.0 6548.518199218786 571.4872207031169 434.24805805859876 999.7800000000279 47.23400000005495 12820.12933471319 1558.1310555133311 1541.2210309665095 1558.1310555133311 15.910024546821655 2685305.7654860015 1909.4515137206686 14.910024546821655 1909.4515137206686 1892.541489173847 0.0
270000.0 280000.0 5906.931626953068 568.4474117647076 433.22657613656827 999.4459999999963 5.172000000020489 11058.0 1901.0 1887.0 1901.0 14.0 3370936.0 2385.0 18.0 2385.0 2367.0 0.0
280000.0 290000.0 6698.400287109427 553.3103999999972 382.6456577263537 998.9910000000382 19.511999999987893 123687.0 1654.0 1551.0 1655.0 103.0 2706269.0 1968.0 54.0 1969.0 1912.0 0.0
290000.0 300000.0 6251.139083984308 669.0293846153922 411.5388848483804 999.9329999999609 82.82400000002235 9475.0 1619.0 1607.0 1619.0 12.0 2806933.0 1982.0 12.0 1982.0 1970.0 0.0
