ts te idle avg_span std_span max_span min_span c_bytes_all c_ack_cnt c_ack_cnt_p c_pkts_all c_pkts_data s_bytes_all s_ack_cnt s_ack_cnt_p s_pkts_all s_pkts_data videorate
0.0 10000.0 1001.7963203125 652.3061748599644 393.01229517836094 999.9919999999984 0.0 125404.98185831061 4857.091289239721 4674.5721364206 4870.233971454265 179.5191528191212 8255173.828101493 6012.467049810963 119.99171705182506 6012.467049810963 5881.332650544593 0.0
10000.0 20000.0 7174.780457031251 566.0108181818181 379.82495359384154 999.8580000000002 47.353000000002794 11180.0 1241.0 1227.0 1241.0 14.0 2149021.0 1525.0 12.0 1525.0 1513.0 0.0
20000.0 30000.0 6110.616447265624 812.0973846153848 280.89429679790584 999.8099999999977 6.993999999998778 11058.0 1903.0 1889.0 1903.0 14.0 3354251.0 2369.0 13.0 2369.0 2356.0 0.0
30000.0 40000.0 6434.950304687496 509.8725294117651 414.20793936275504 999.5869999999995 5.165000000000873 23329.0 1762.0 1733.0 1763.0 29.0 2931259.0 2094.0 25.0 2094.0 2068.0 0.0
40000.0 50000.0 6479.794998046877 406.1017000000011 408.57010442635004 999.7830000000031 5.85899999999674 246990.0 1666.0 1464.0 1668.0 199.0 2609621.0 1954.0 109.0 1954.0 1842.0 0.0
50000.0 60000.0 6127.483980468751 422.98909523809425 426.8187729468924 999.9750000000058 0.0 12792.0 1621.0 1605.0 1621.0 16.0 2783377.0 1983.0 21.0 1983.0 1961.0 0.0
60000.0 70000.0 5529.234185546884 584.3975999999985 410.52789007217706 998.4159999999974 0.0 9475.0 1603.0 1589.0 1603.0 12.0 2866480.0 2035.0 14.0 2035.0 2018.0 0.0
70000.0 80000.0 5948.808234375014 748.709071428569 338.07691440454965 999.6450000000041 7.10899999999674 14450.0 1963.0 1945.0 1963.0 18.0 3371355.0 2387.0 16.0 2387.0 2371.0 0.0
80000.0 90000.0 6360.903589843758 610.9846446814895 365.9955518644473 998.2890000000043 7.653999999994994 9372.726734938078 1382.3999776148012 1370.5291105252327 1382.3999776148012 11.870867089568282 2448594.0747441105 1732.8198044128974 13.87086708956828 1732.8198044128974 1718.9489373233291 0.0
90000.0 100000.0 6812.923390625016 306.955094296874 385.0235312903001 999.4539999999979 4.379000000000815 12449.109721113637 1523.4008943679498 1506.9058063362406 1523.4008943679498 15.495088031709138 2605348.0945746023 1857.0513507907465 20.673161322534003 1857.0513507907465 1835.3781894682124 0.0
100000.0 110000.0 6056.051816406252 540.5988166503903 355.4819840759775 999.7419999999984 7.634999999994761 128669.36120231927 1740.0442147531103 1631.7574842009567 1741.0442147531103 107.28673055215343 2806832.673623507 2040.1220337751104 58.10865726132857 2041.1220337751104 1980.0133765137819 0.0
110000.0 120000.0 6777.095443359372 537.428100306917 330.90166144963837 999.304999999993 47.57399999999325 11224.37727222568 1458.1468459637088 1444.212471381561 1458.1468459637088 13.93437458214794 2513644.626743642 1783.4267350719558 11.93437458214794 1783.4267350719558 1771.4923604898079 0.0
120000.0 130000.0 6857.19545898441 472.5667667236303 356.1337810760107 998.2300000000105 5.046999999991385 7900.4289807407 1373.0364939103665 1363.0305530223497 1373.0364939103665 10.00594088801694 2404127.327522692 1700.6535602403392 12.00594088801694 1700.6535602403392 1688.6476193523224 0.0
130000.0 140000.0 6704.4929765625275 602.131194110577 394.6147367726342 999.4130000000005 4.905999999988126 9008.996088662645 1467.9715733900632 1456.564574533659 1467.9715733900632 11.406998856404268 2632587.202791446 1863.9265157089505 13.406998856404268 1863.9265157089505 1850.5195168525463 0.0
140000.0 150000.0 6631.73460742188 502.3961764705891 435.97713050474596 999.8630000000121 5.046999999991385 12852.0 1697.0 1681.0 1697.0 16.0 2863912.0 2034.0 16.0 2034.0 2018.0 0.0
150000.0 160000.0 6511.718703124992 610.3730833333344 425.4451520815831 998.9619999999995 3.687999999994645 9475.0 1589.0 1577.0 1589.0 12.0 2797009.0 1979.0 14.0 1979.0 1965.0 0.0
160000.0 170000.0 6027.229144531244 644.873647058826 371.1289878115091 999.9610000000102 5.345999999990454 122724.0 1959.0 1855.0 1960.0 104.0 3289727.0 2381.0 57.0 2382.0 2322.0 0.0
170000.0 180000.0 6356.373878906248 569.372133333333 441.53228128851305 998.8539999999921 0.0009999999892897904 9475.0 1614.0 1602.0 1614.0 12.0 2790058.0 1977.0 15.0 1977.0 1962.0 0.0
180000.0 190000.0 5912.515775390639 496.67473684210563 418.32359950745257 999.0050000000047 5.288000000000466 17200.0 1676.0 1656.0 1676.0 20.0 2819902.0 2007.0 22.0 2007.0 1985.0 0.0
190000.0 200000.0 6394.643792968767 561.3556000000002 406.8361846694586 999.8889999999956 4.10999999998603 10620.0 1532.0 1513.0 1534.0 16.0 2751979.0 1961.0 16.0 1961.0 1940.0 0.0
200000.0 210000.0 7293.3450585937535 553.2928181818147 364.79047219323496 999.3949999999895 50.40299999999115 11242.0 1233.0 1219.0 1233.0 14.0 2197042.0 1558.0 12.0 1558.0 1546.0 0.0
210000.0 220000.0 5459.575123046932 489.0813809523783 437.858200874493 999.7980000000098 5.60999999998603 13997.0 2081.0 2059.0 2083.0 20.0 3417014.0 2436.0 25.0 2436.0 2407.0 0.0
220000.0 230000.0 6449.0368144531385 509.3537777777771 423.67051916256594 999.4759999999951 6.215999999985797 125012.0 1768.0 1663.0 1769.0 103.0 2871860.0 2101.0 69.0 2101.0 2028.0 0.0
230000.0 240000.0 5799.975314453128 556.9112222222224 443.21373935203786 999.3509999999951 5.222999999998137 11058.0 1863.0 1848.0 1863.0 14.0 3356318.0 2380.0 20.0 2380.0 2359.0 0.0
240000.0 250000.0 6532.999966796837 430.01642105263033 436.09406114854625 999.8240000000224 0.0 12820.0 1520.0 1503.0 1520.0 16.0 2721788.0 1937.0 14.0 1937.0 1918.0 0.0
250000.0 260000.0 6939.311349609343 740.1736044921912 292.62256016041425 999.4490000000224 124.92300000000978 9347.42883776091 1397.259888650973 1385.4209633507696 1397.259888650973 11.838925300203169 2490029.538793217 1761.5882847845323 10.838925300203169 1761.5882847845323 1750.749359484329 0.0
260000.0 270000.0 6727.990906250023 501.73898164062604 386.43029484706057 999.9699999999721 13.099999999976717 12803.016300608413 1411.3063386213855 1395.3694493529406 1411.3063386213855 15.936889268444965 2492577.2194600264 1771.208428383276 14.936889268444965 1771.208428383276 1756.2715391148313 0.0
270000.0 280000.0 6675.7362363280845 466.10331030273665 411.99181413036854 999.5389999999898 5.1639999999897555 8646.867750277466 1443.1728181287626 1431.2186270230188 1443.1728181287626 10.954191105743792 2544812.2613637643 1806.1764071803148 13.954191105743792 1806.1764071803148 1791.222216074571 0.0
280000.0 290000.0 6337.328621093766 462.9211295955842 356.581665082452 997.994000000006 9.629000000015367 123383.91803916552 1675.6715760079478 1570.827133737018 1676.6715760079478 103.84444227092968 2731581.5534320776 1987.6331790912313 55.844442270929676 1988.6331790912313 1929.7887368203017 0.0
290000.0 300000.0 6106.489712890645 580.4403756103529 340.39598821115175 998.6819999999716 128.06790429685498 9380.688054083368 1721.533681586539 1708.4321617593162 1721.533681586539 11.874718465083367 2936444.3443092955 2074.9067541875056 11.874718465083367 2074.9067541875056 2063.0320357224223 0.0
