ts te idle avg_span std_span max_span min_span c_bytes_all c_ack_cnt c_ack_cnt_p c_pkts_all c_pkts_data s_bytes_all s_ack_cnt s_ack_cnt_p s_pkts_all s_pkts_data videorate
0.0 10000.0 1882.9260878906207 489.8333628906251 383.3432620499515 999.9160000000011 42.564119140624825 86777.44422219973 3846.0603526180726 3689.277484919492 3851.926778328109 156.78286769858065 5928725.884589013 4337.157437715553 92.36187590635947 4337.157437715553 4238.929136099157 0.0
10000.0 20000.0 5582.194000000003 589.0131250000004 442.28080868846746 999.8770000000004 46.38900000000285 6398.0 2151.0 2126.0 2151.0 25.0 3355370.0 2381.0 13.0 2381.0 2368.0 0.0
20000.0 30000.0 7193.9833125000005 579.7551999999996 395.6647196183916 999.7359999999971 136.0639999999985 3094.0 1517.0 1503.0 1517.0 14.0 2163976.0 1530.0 5.0 1530.0 1525.0 0.0
30000.0 40000.0 2838.360999999997 536.1129285714289 456.850429374776 999.6240000000034 5.849000000001979 17604.0 4021.0 3985.0 4022.0 36.0 5933328.0 4200.0 27.0 4200.0 4172.0 0.0
40000.0 50000.0 6138.4800000000105 268.7363999999987 394.8152667886591 999.7449999999953 5.216999999996915 239983.0 1945.0 1748.0 1946.0 195.0 2728752.0 2041.0 109.0 2041.0 1929.0 0.0
50000.0 60000.0 6009.012000000017 451.9999999999984 468.12145017906045 999.8509999999951 7.229000000006636 5385.0 1717.0 1699.0 1717.0 18.0 2660324.0 1892.0 14.0 1892.0 1877.0 0.0
60000.0 70000.0 5485.6499882812495 515.7851124131945 461.82927816257956 999.9850000000006 56.91000000000349 5791.0 2131.906746838052 2106.906746838052 2132.906746838052 23.0 2986422.652289532 2121.9716432995474 14.0 2121.9716432995474 2105.9716432995474 0.0
70000.0 80000.0 6476.924908203146 397.1108990885389 383.35230899126725 998.9719999999943 6.914999999993597 5389.0 1798.4899461193634 1779.4899461193634 1798.4899461193634 18.0 2612931.0861717057 1859.7316610579896 11.0 1859.7316610579896 1847.7316610579896 0.0
80000.0 90000.0 6267.884181640635 467.49672729491976 462.88402521337565 999.8549999999959 2.625 2044.0 1988.9640310465647 1974.9640310465647 1988.9640310465647 14.0 2999850.487345159 2122.391809803792 8.0 2122.391809803792 2113.391809803792 0.0
90000.0 100000.0 6650.339892578137 228.2182753906236 377.185290091026 999.9210000000021 5.81600000000617 5220.804135821861 1541.2268741499593 1524.251611515694 1541.2268741499593 16.975262634265377 2358654.820970082 1685.809325748788 20.146052195221145 1685.809325748788 1665.663273553567 0.0
100000.0 110000.0 6776.781169921873 304.6928027343754 353.4222017724652 999.4560000000056 0.0 121593.0285785761 1784.2453413623211 1678.173804582902 1785.2453413623211 105.0715367794192 2460764.348427178 1793.1734090338164 52.03023310026784 1793.1734090338164 1739.1431759335485 0.0
110000.0 120000.0 6694.613777343708 369.44236328125567 404.8112783898674 999.3820000000123 5.597000000008848 2523.6158583364327 1787.135775430318 1772.6211101066228 1787.135775430318 13.514665323695255 2671555.8084700103 1888.531000413288 6.8050110402099016 1889.531000413288 1879.7259893730777 0.0
120000.0 130000.0 6707.181105468771 410.90987196180504 401.2060821856146 999.0739999999932 9.959000000002561 5407.551427265618 1797.031285053421 1776.592749790801 1798.031285053421 20.43853526262016 2543908.7963263327 1810.391150642779 15.018703664301109 1810.391150642779 1794.372446978478 0.0
130000.0 140000.0 5419.603802734433 383.0622499999954 467.4115788413155 999.7319999999891 4.747000000003027 3355.0 2228.0 2208.0 2229.0 20.0 3332866.0 2368.0 16.0 2368.0 2351.0 0.0
140000.0 150000.0 6054.527999999962 443.9775555555599 452.24717292402823 999.939000000013 6.6710000000020955 5381.0 1974.0 1956.0 1974.0 18.0 2889755.0 2058.0 18.0 2058.0 2040.0 0.0
150000.0 160000.0 6687.167000000016 474.09099999999825 483.207392992218 999.0780000000086 5.804000000003725 2044.0 1813.0 1798.0 1813.0 14.0 2566731.0 1825.0 16.0 1825.0 1808.0 0.0
160000.0 170000.0 6939.935998046887 348.20544444444306 401.1917390921387 999.8699999999953 5.720000000001164 111943.0 1535.0 1433.0 1536.0 101.0 2227236.0 1635.0 51.0 1636.0 1582.0 0.0
170000.0 180000.0 5827.551000000007 597.9749999999975 441.89701202693414 999.68299999999 6.834000000002561 2376.0 2128.0 2112.0 2128.0 16.0 3361239.0 2376.0 13.0 2376.0 2363.0 0.0
180000.0 190000.0 5449.776654296846 371.7068571428598 426.7760460906224 999.8150000000023 5.423000000009779 9471.0 2186.0 2161.0 2186.0 24.0 3351202.0 2387.0 22.0 2387.0 2364.0 0.0
190000.0 200000.0 5604.226082031237 879.1547835937527 218.58881593365285 999.1080000000075 494.51500000001397 1712.0 2239.290198032323 2227.290198032323 2239.290198032323 12.0 3681521.4335117154 2593.229995456383 7.0 2593.229995456383 2586.229995456383 0.0
200000.0 210000.0 5775.285917968722 610.4650117187537 424.09978446992716 999.8990000000049 48.54099999999744 5720.0 2305.709801967677 2285.709801967677 2305.709801967677 20.0 3689039.5664882846 2596.770004543617 5.0 2596.770004543617 2591.770004543617 0.0
210000.0 220000.0 6710.276921875018 412.45313476562296 458.3303710809681 999.8239999999932 7.39100000000326 1950.073733014986 1553.9947820106433 1540.5606028960951 1553.9947820106433 13.434179114548108 2265353.9919189564 1606.7429915398855 15.0 1606.7429915398855 1591.7429915398855 0.0
220000.0 230000.0 6132.791089843755 223.07205447048668 365.8474712490912 999.9700000000012 6.364000000001397 127131.67320413429 2017.9541320920532 1902.0567537529223 2018.9541320920532 112.89737833913105 2965407.277392979 2162.407426189068 59.88859290894653 2163.407426189068 2098.5188332801213 0.0
230000.0 240000.0 6995.2850312499795 500.78582812500343 424.6538271423119 998.5270000000019 8.75800000000163 1839.6937452766178 1539.2932519503995 1525.8135718532162 1539.2932519503995 12.479680097183156 2262477.3965499215 1604.1806733386748 8.833719627383699 1604.1806733386748 1594.346953711291 0.0
240000.0 250000.0 6769.9399179687025 275.337590169278 373.4728905778208 999.704000000027 2.2600000000093132 5179.823705486508 1747.7810565917239 1727.9466476500356 1748.7810565917239 17.83440894168841 2549010.761233665 1818.744902259552 8.453149244063152 1818.744902259552 1804.291753015489 0.0
250000.0 260000.0 6647.2791093750275 558.7868151041621 444.88248651553545 999.8769999999786 10.39199999999255 1827.7356120875938 1626.97677735518 1612.6224238477307 1626.97677735518 13.354353507449273 2540437.5729044788 1799.9240066728198 9.824538219606623 1800.9240066728198 1788.0994684532131 0.0
260000.0 270000.0 6509.03014648438 407.79933333332883 452.0103438642246 997.454000000027 9.51699999999255 6403.0 1807.0 1783.0 1809.0 22.0 2754269.0 1965.0 13.0 1965.0 1950.0 0.0
270000.0 280000.0 6488.853999999934 355.8247000000032 456.1439586660844 999.4820000000182 6.677000000025146 2044.0 1806.0 1791.0 1806.0 14.0 2747442.0 1943.0 10.0 1943.0 1932.0 0.0
280000.0 290000.0 5984.547999999952 364.4178333333354 452.5684757325519 999.8369999999995 0.0 116208.0 2198.0 2090.0 2200.0 107.0 3285818.0 2378.0 51.0 2379.0 2324.0 0.0
290000.0 300000.0 7089.6720000000205 727.5819999999949 321.3505255584258 999.7390000000014 372.92599999997765 1712.0 1415.0 1403.0 1415.0 12.0 2304385.0 1633.0 8.0 1633.0 1625.0 0.0
