ts te idle avg_span std_span max_span min_span c_bytes_all c_ack_cnt c_ack_cnt_p c_pkts_all c_pkts_data s_bytes_all s_ack_cnt s_ack_cnt_p s_pkts_all s_pkts_data videorate
0.0 10000.0 155.28935546870343 694.1500533558296 383.9843830235897 999.8209999999963 1.2069999999948777 105195.7990778651 4215.695934901762 4048.414742226104 4221.690913882928 167.28119267565776 8051970.857773086 5855.618336740918 111.81448820000149 5855.618336740918 5737.80886955975 0.0
10000.0 20000.0 5306.866669921903 608.2611052631585 422.84605469733486 999.929999999993 4.643999999971129 18893.0 1835.0 1809.0 1835.0 26.0 3348079.0 2380.0 20.0 2380.0 2360.0 0.0
20000.0 30000.0 6265.555396484386 603.0525714285696 411.2866852300199 999.9029999999912 6.378000000026077 10859.0 1416.0 1402.0 1417.0 13.0 2749635.0 1948.0 13.0 1948.0 1934.0 0.0
30000.0 40000.0 6832.608904296823 369.4258750000008 395.13972727105806 999.6039999999921 7.245999999984633 11303.0 1013.0 999.0 1013.0 14.0 2192490.0 1563.0 18.0 1563.0 1545.0 0.0
40000.0 50000.0 4597.965013671899 575.7699473684188 415.5222239846707 999.7930000000051 6.690999999991618 301889.0 2141.0 1913.0 2143.0 227.0 3798004.0 2788.0 106.0 2789.0 2678.0 0.0
50000.0 60000.0 4693.057880859415 471.50272413792794 452.56471409661333 999.7339999999967 0.0 12793.0 2074.0 2056.0 2074.0 16.0 4202786.0 2984.0 23.0 2984.0 2959.0 0.0
60000.0 70000.0 4756.426873046905 705.5072066865772 350.94342671927654 999.6329999999725 104.59700000000885 10266.0 2107.041815013617 2093.041815013617 2107.041815013617 13.0 4517422.573463557 3195.9639565037864 16.0 3195.9639565037864 3178.9639565037864 0.0
70000.0 80000.0 2834.608855468803 596.914634840742 388.7328915780005 999.2459999999846 6.393999999971129 16525.0 2490.619777776499 2467.619777776499 2492.619777776499 21.0 4726082.8053748645 3350.5874400348116 22.0 3350.5874400348116 3326.5874400348116 0.0
80000.0 90000.0 6586.77895898436 389.9601450452312 396.63863407795156 999.5040000000154 0.0 9060.734857176854 1315.0240321613974 1303.5470942104164 1315.0240321613974 11.476937950980876 2415770.4377389383 1712.7797849163223 12.476937950980876 1712.7797849163223 1699.3028469653416 0.0
90000.0 100000.0 6647.648398437537 361.36945722656384 375.25139955272596 999.755999999994 0.0 12488.372902790137 1281.7415217132184 1266.2431761418657 1281.7415217132184 15.498345571352782 2264221.380383255 1616.7104305229002 19.498345571352782 1616.7104305229002 1597.2120849515472 0.0
100000.0 110000.0 3784.0282402344164 580.2141031788799 382.5266780631413 999.8499999999767 8.878000000026077 125424.04399379682 3110.0506646936497 3006.9086399684766 3111.0506646936497 102.14202472517324 5270163.803765363 3776.8329181505674 67.14202472517324 3777.8329181505674 3706.6908934253943 0.0
110000.0 120000.0 6168.563011718681 669.09836807529 308.59260414923403 999.984999999986 93.8349609375 7251.218883832586 1516.0775189297622 1506.8998157880228 1516.0775189297622 9.177703141739459 2881632.4315366037 2033.024262571216 9.177703141739459 2033.024262571216 2023.8465594294764 0.0
120000.0 130000.0 3889.8608574218815 619.3923654119267 452.0397392915557 999.6819999999716 5.25099999998929 12592.629362403613 2448.4446697118556 2431.7396811011017 2448.4446697118556 15.704988610753635 4535699.567737417 3208.1012073003967 16.704988610753635 3208.1012073003967 3190.396218689643 0.0
130000.0 140000.0 6105.255996093736 488.93917647058913 447.9996992128193 999.1900000000023 5.737000000022817 10486.0 1508.0 1490.0 1510.0 16.0 2741827.0 1950.0 18.0 1950.0 1930.0 0.0
140000.0 150000.0 5124.980183593754 537.8679047619004 448.0618412598767 999.6109999999753 5.262999999977183 14372.0 1906.0 1888.0 1906.0 18.0 3369296.0 2391.0 22.0 2391.0 2369.0 0.0
150000.0 160000.0 6354.338794921874 619.6440000000002 420.10142051781435 998.4490000000224 9.458999999973457 9475.0 1460.0 1448.0 1460.0 12.0 2680949.0 1897.0 14.0 1897.0 1883.0 0.0
160000.0 170000.0 6046.226048828161 516.3475882352967 431.0576633891416 999.4330000000191 12.03000000002794 127942.0 1676.0 1572.0 1677.0 103.0 2820079.0 2050.0 56.0 2050.0 1992.0 0.0
170000.0 180000.0 6347.825242187479 705.8186666666685 364.2422514012846 999.8119999999763 7.150000000023283 9475.0 1648.0 1636.0 1648.0 12.0 2877646.0 2033.0 13.0 2033.0 2020.0 0.0
180000.0 190000.0 5118.246761718765 599.7472201891452 406.66272756156 999.8460000000196 5.677000000025146 20883.13081627595 1974.9422356918858 1947.946509916703 1975.9422356918858 26.89157931347973 3250324.2578814626 2317.8272438485355 24.995725775182898 2317.8272438485355 2291.7273716116497 0.0
190000.0 200000.0 6477.558328124927 454.6750511259169 415.6972937532645 999.4239999999991 2.366720703081228 9560.869183724051 1478.217837946902 1465.213563722085 1478.217837946902 12.108420686520267 2614483.7687855433 1855.4145014390613 15.004274224817102 1855.4145014390613 1839.5143736759471 0.0
200000.0 210000.0 5219.704964843695 575.8339395752118 393.91790980568237 999.9050000000279 43.56299999996554 12093.0 2141.2872051696895 2126.2872051696895 2141.2872051696895 15.0 3861116.660159111 2726.2062146746694 12.0 2726.2062146746694 2714.2062146746694 0.0
210000.0 220000.0 4902.27300976566 584.9380854936157 396.3703888340395 999.1360000000568 4.3369140625 9676.094832474344 2311.929876399003 2299.676594356405 2311.929876399003 12.253282042598205 4019198.0147794588 2838.35241538999 16.253282042598205 2838.35241538999 2822.0991333473917 0.0
220000.0 230000.0 6566.717683593743 316.9086662016399 357.0939060348799 996.5679999999702 4.837999999988824 119659.65873800746 1514.2593810814471 1413.916523388159 1515.2593810814471 97.34285769328808 2479954.1365847094 1815.0499939232823 57.342857693288096 1815.0499939232823 1753.7071362299941 0.0
230000.0 240000.0 6013.168146484299 429.35961533203374 407.5818108088921 999.6169999999693 6.048999999999069 9219.494766621596 1737.901645014927 1725.2300401230877 1737.901645014927 11.671604891839284 2995376.8538935594 2122.151312581489 16.671604891839284 2122.151312581489 2104.4797076896493 0.0
240000.0 250000.0 4803.090966796968 567.8610694531166 419.06168009320265 999.9989999999525 0.0 11827.751662896604 2455.461818696145 2439.729563323871 2455.461818696145 14.73225537227442 4245016.307916157 3007.9983181429734 12.73225537227442 3007.9983181429734 2986.2660627706987 0.0
250000.0 260000.0 5813.675400390639 731.7710833333258 365.37183543280975 999.6829999999609 78.15700000000652 9475.0 1603.0 1591.0 1603.0 12.0 2789936.0 1971.0 12.0 1971.0 1959.0 0.0
260000.0 270000.0 5639.543664062512 694.8835999999894 416.40720309603216 998.8959999999497 43.824999999953434 14384.0 2028.0 2010.0 2028.0 18.0 3414320.0 2417.0 15.0 2417.0 2402.0 0.0
270000.0 280000.0 5914.61956054694 477.97299999999814 448.69157776709693 999.8479999999981 5.527000000001863 9475.0 1539.0 1527.0 1539.0 12.0 2733750.0 1938.0 17.0 1938.0 1921.0 0.0
280000.0 290000.0 6126.163925781264 452.42011764704466 439.4356362864458 999.8639999999432 4.03000000002794 125632.0 1772.0 1667.0 1774.0 105.0 2885503.0 2095.0 55.0 2096.0 2037.0 0.0
290000.0 300000.0 6361.67278125009 732.600166666661 361.5078445324918 999.4009999999544 182.87699999997858 9475.0 1722.0 1710.0 1722.0 12.0 2885212.0 2038.0 12.0 2038.0 2026.0 0.0
