ts te idle avg_span std_span max_span min_span c_bytes_all c_ack_cnt c_ack_cnt_p c_pkts_all c_pkts_data s_bytes_all s_ack_cnt s_ack_cnt_p s_pkts_all s_pkts_data videorate
0.0 10000.0 203.5590878906296 979.6440912109371 62.18866279439355 999.9199999999983 802.659912109375 8633.425004791745 5209.070799008793 5156.267033919687 5210.070799008793 52.803765089106896 8501611.096425554 5978.6247173848415 10.0 5978.6247173848415 5967.6247173848415 0.0
10000.0 20000.0 2976.0089121093697 780.4434542100701 386.42904950227813 999.8819999999978 27.997000000003027 2076.574995208255 3842.929200991207 3828.7329660803134 3842.929200991207 14.196234910893104 6062470.903574446 4261.3752826151585 7.0 4261.3752826151585 4254.3752826151585 0.0
20000.0 30000.0 3481.8099999999977 931.1700000000003 116.96455607006166 999.9490000000005 736.2540000000008 2044.0 3495.0 3481.0 3495.0 14.0 5237496.0 3691.0 13.0 3691.0 3678.0 0.0
30000.0 40000.0 3758.8669999999984 891.5904285714288 197.42351877613856 999.9789999999994 498.3090000000011 2044.0 3474.0 3460.0 3474.0 14.0 5226832.0 3679.0 11.0 3679.0 3668.0 0.0
40000.0 50000.0 3686.0809999999983 901.9884285714288 192.80129565078136 999.5690000000031 488.75599999999395 2044.0 3656.0 3642.0 3656.0 14.0 5263162.0 3702.0 10.0 3702.0 3692.0 0.0
50000.0 60000.0 3893.278062499987 872.3888482142876 230.1510044029867 999.8179999999993 416.5859375 2044.0 3360.536880607057 3346.536880607057 3360.536880607057 14.0 5133743.687883717 3609.663714973148 7.0 3609.663714973148 3602.663714973148 0.0
60000.0 70000.0 3853.559937500002 768.3050078124998 386.2383540362405 999.6440000000002 108.8680624999979 2376.0 3250.463119392943 3234.463119392943 3250.463119392943 16.0 4958937.312116283 3488.336285026852 6.0 3488.336285026852 3482.336285026852 0.0
70000.0 80000.0 6207.54800000001 758.4903999999981 331.8024815071479 999.9229999999952 343.778999999995 2044.0 1688.0 1674.0 1688.0 14.0 2678124.0 1899.0 10.0 1899.0 1889.0 0.0
80000.0 90000.0 5227.428078124998 954.5143843750004 97.0521248805636 999.2620000000024 780.919921875 1857.0234115800267 2445.876855995459 2433.187439559151 2445.876855995459 12.689416436308598 3651276.9988337997 2575.0031336196653 8.907847030257166 2575.0031336196653 2566.095286589408 0.0
90000.0 100000.0 4102.553648437519 737.1807939453101 305.7243510860845 999.3680000000022 218.2490781249944 1847.1755213753904 3372.374473758353 3359.829650927844 3372.374473758353 12.544822830509329 5107742.043368489 3592.660076087717 6.402323874612781 3592.660076087717 3586.257752213104 0.0
100000.0 110000.0 3961.3573789062357 754.8303276367205 290.84986503035714 999.5149999999994 242.56689453125 1819.9920866472435 3350.387089912864 3337.921390689253 3350.387089912864 12.465699223611256 5129314.304063447 3609.0610296899877 7.90407087400804 3609.0610296899877 3601.156958815979 0.0
110000.0 120000.0 2889.3578945312474 888.8302631835941 166.59893196812124 999.9629999999888 561.8530000000028 2127.8089803973394 3842.361580333323 3828.0615188237525 3842.361580333323 14.300061509570819 5958446.653734265 4186.275760602631 8.785758221122013 4186.275760602631 4177.490002381508 0.0
120000.0 130000.0 3405.4769999999844 942.0747142857165 101.0888998863782 999.8349999999919 755.7909999999974 2044.0 3582.0 3568.0 3582.0 14.0 5295576.0 3730.0 11.0 3730.0 3719.0 0.0
130000.0 140000.0 3602.8330000000424 799.6458749999947 381.62428991892665 999.9809999999998 27.446999999985565 2044.0 3459.0 3445.0 3459.0 14.0 5199812.0 3662.0 13.0 3662.0 3649.0 0.0
140000.0 150000.0 3474.0559999999823 932.2777142857168 157.51638559497263 999.6140000000014 576.7900000000081 2044.0 3594.0 3580.0 3594.0 14.0 5325984.0 3745.0 6.0 3745.0 3739.0 0.0
150000.0 160000.0 3405.384035156254 942.087994977678 108.49251259817365 1000.0 715.2229999999981 2357.1587259397716 3672.169042440166 3656.282544091131 3672.169042440166 15.886498349034769 5539410.864215802 3893.018438429356 7.0 3893.018438429356 3886.018438429356 0.0
160000.0 170000.0 3950.677908203157 756.1652614746054 312.7711996687618 999.2999999999884 113.44603515625931 1936.2738635455207 3238.9184847825454 3225.5674374117893 3238.9184847825454 13.351047370756149 5106343.458475579 3593.4712833433186 11.0 3593.4712833433186 3582.4712833433186 0.0
170000.0 180000.0 4179.09502343752 727.61312207031 293.580045283613 999.9750000000058 380.7559433593706 2170.5674105147077 3268.228823843114 3253.466369562905 3268.228823843114 14.762454280209083 4994256.672545375 3505.9492596683385 2.0 3505.9492596683385 3503.9492596683385 0.0
180000.0 190000.0 3752.5480800780933 694.1613244357674 367.7305213836654 999.5109999999986 62.001953125 2201.0 3333.2138314399167 3318.2138314399167 3333.2138314399167 15.0 5016496.947710014 3532.254255916668 9.0 3532.254255916668 3523.254255916668 0.0
190000.0 200000.0 2975.1589160156436 878.1051354980445 158.49471961006589 999.814000000013 642.484999999986 2044.0 3898.2316589276716 3884.2316589276716 3898.2316589276716 14.0 6057891.496806614 4258.377798884184 6.0 4258.377798884184 4252.377798884184 0.0
200000.0 210000.0 4210.237722656282 723.7202846679647 334.65215190660194 999.9809999999998 206.16796289061313 2044.0 2950.856627444932 2936.856627444932 2950.856627444932 14.0 4579053.914281936 3225.9586234467342 10.0 3225.9586234467342 3215.9586234467342 0.0
210000.0 220000.0 4583.781033203151 773.7455666852641 237.68503293512248 999.9370000000054 387.61328125 2079.0 2550.3004384722967 2535.3004384722967 2550.3004384722967 15.0 3812970.7949749236 2689.172537920978 10.0 2689.172537920978 2679.172537920978 0.0
220000.0 230000.0 3482.6752031250217 724.1471996527754 348.72528457195176 999.9679999999935 157.2060000000056 1855.0719290334328 3415.583924794207 3403.1519252802796 3415.583924794207 12.431999513927622 5581991.581340003 3923.6789158054667 8.451428224234014 3923.6789158054667 3915.2274875812327 0.0
230000.0 240000.0 4699.006078125036 757.2848459821378 334.11498548078936 999.984999999986 156.99299999998766 1874.9280709665672 2892.497167855151 2879.9291673690786 2892.497167855151 12.568000486072378 4490604.269649752 3159.1188865849554 7.548571775765984 3159.1188865849554 3151.5703148091898 0.0
240000.0 250000.0 5390.638119140582 768.2269801432363 317.23308122259294 999.4349999999977 336.577880859375 1844.308845933448 2234.9482821146744 2221.601627194232 2234.9482821146744 13.34665492044222 3535151.3866480403 2497.851406952524 12.336663730110555 2497.851406952524 2485.5147432224135 0.0
250000.0 260000.0 2546.543917968753 931.6820102539059 123.5640715987543 999.9710000000196 663.1671191406203 2444.691154066552 4079.5087647863343 4062.855419706776 4079.5087647863343 16.65334507955778 6362796.7901161 4469.413506048468 5.663336269889445 4469.413506048468 4463.750169778578 0.0
260000.0 270000.0 4126.167033203121 652.6481074218755 431.71143421466655 999.1660000000265 23.385999999998603 2044.0 3003.3545548993975 2989.3545548993975 3003.3545548993975 14.0 4640528.236613501 3271.6945746606716 12.0 3271.6945746606716 3259.6945746606716 0.0
270000.0 280000.0 4910.74394921877 727.0365786830329 378.57495429204033 999.369000000006 83.16907031252049 2044.0 2410.41563730975 2396.41563730975 2410.41563730975 14.0 3785204.378735482 2670.468938187862 12.0 2670.468938187862 2658.468938187862 0.0
280000.0 290000.0 5280.47586523433 589.9405168457088 441.4319407251755 999.9160000000265 124.318115234375 2376.0 2333.628475595186 2317.628475595186 2333.628475595186 16.0 3776696.7116173785 2666.427288855816 10.0 2666.427288855816 2656.427288855816 0.0
290000.0 300000.0 5587.344162109308 735.4426396484487 378.2122823694145 999.9920000000275 39.408884765638504 2044.0 2422.175568790719 2408.175568790719 2422.175568790719 14.0 3439410.1856615706 2428.467597193868 10.0 2428.467597193868 2418.467597193868 0.0
