ts te idle avg_span std_span max_span min_span c_bytes_all c_ack_cnt c_ack_cnt_p c_pkts_all c_pkts_data s_bytes_all s_ack_cnt s_ack_cnt_p s_pkts_all s_pkts_data videorate
0.0 10000.0 1223.916988281242 512.3719687500023 397.3070092595648 999.8159999999916 0.0 82384.90101825522 5434.621777778425 5283.116815747302 5439.495751136405 151.50496203112374 7055668.90029422 5063.3168146311455 78.84780832684116 5063.3168146311455 4979.595032946324 0.0
10000.0 20000.0 3654.0769687500433 710.0471145833274 391.2314029762532 999.8929999999818 44.50099999998929 9028.925515288704 3380.543717519611 3355.869633577032 3380.543717519611 24.674083942579273 4508494.685089845 3171.6740839425793 17.804450365547563 3171.6740839425793 3153.869633577032 0.0
20000.0 30000.0 4525.487999999954 613.5964444444528 426.8877088017666 999.9550000000163 10.570000000006985 2831.0 2836.0 2816.0 2836.0 19.0 3817971.0 2690.0 18.0 2690.0 2671.0 0.0
30000.0 40000.0 5379.769810546888 393.6020216471322 458.8880840928017 999.8499999999767 6.837999999988824 5458.0 2565.5751339297503 2547.5751339297503 2565.5751339297503 18.0 3445832.0910336403 2423.7130918682597 20.0 2423.7130918682597 2403.7130918682597 0.0
40000.0 50000.0 3828.8303984374506 403.72477446546117 425.6727672032819 999.890000000014 5.180999999982305 249352.0 3799.4332679890026 3586.4332679890026 3800.4332679890026 213.0 4828193.308116715 3519.92190754171 148.0 3520.92190754171 3369.92190754171 0.0
50000.0 60000.0 6123.603896484361 367.34719122869006 406.9554195070001 998.3800000000047 2.9589999999734573 5255.324572211155 1971.5632270355861 1953.595250513592 1971.5632270355861 16.96797652199421 2622204.7552187545 1855.1674464392167 16.11540844742361 1855.1674464392167 1837.0520379917932 0.0
60000.0 70000.0 3068.088275390677 595.7959012044254 422.9746824125418 999.9949999999953 24.902000000001863 1767.1528052739816 4201.804841244926 4188.933023064922 4201.804841244926 11.871818180004409 5600102.932929783 3911.933203158073 10.72438625457501 3911.933203158073 3899.2088169034982 0.0
70000.0 80000.0 3864.3688925781753 614.804910742183 449.89002837675866 999.7849999999744 5.120999999984633 1781.5226225148635 3501.623529800735 3489.463324502734 3501.623529800735 12.16020529800138 4700747.912701106 3290.2643509927407 13.16020529800138 3290.2643509927407 3277.104145694739 0.0
80000.0 90000.0 6220.938000000024 491.48449999999866 469.25770062970594 999.8829999999725 4.7079999999841675 5430.0 2092.0 2073.0 2092.0 18.0 2818707.0 1990.0 16.0 1990.0 1973.0 0.0
90000.0 100000.0 3585.1840000000084 408.3054999999986 470.8012074190127 999.9230000000098 5.407000000006519 2044.0 3920.0 3906.0 3920.0 14.0 5200529.0 3642.0 18.0 3642.0 3624.0 0.0
100000.0 110000.0 3540.9526914062444 457.9305624999979 427.3764498506369 999.9120000000112 0.0 126733.0 4011.0 3893.0 4013.0 115.0 5208573.0 3704.0 59.0 3704.0 3642.0 0.0
110000.0 120000.0 5949.264999999956 535.3483750000087 447.77399195957014 999.50900000002 9.737000000022817 3118.0 2052.0 2029.0 2055.0 20.0 2747604.0 1946.0 15.0 1946.0 1928.0 0.0
120000.0 130000.0 5667.0079999999725 487.11444444444754 466.5027053595419 999.9199999999837 5.782999999995809 5443.0 2410.0 2390.0 2410.0 19.0 3226371.0 2273.0 15.0 2274.0 2257.0 0.0
130000.0 140000.0 4697.729697265604 483.4009939630738 475.26457434330416 999.9430000000284 5.065000000002328 1979.9663760138894 2886.5363543222074 2872.9220990450153 2886.5363543222074 13.614255277192104 3928097.8046712074 2753.7523140766416 18.614255277192104 2753.7523140766416 2735.13805879945 0.0
140000.0 150000.0 4332.320980468707 479.03000341797207 455.41970459444076 999.9569999999949 5.342000000004191 5753.929649685699 3108.0674579709157 3087.947399840279 3108.0674579709157 20.120058130636743 4155410.111890863 2918.6191557581296 16.385744722807896 2918.6191557581296 2902.2334110353213 0.0
150000.0 160000.0 3948.1400292969774 553.8840882457284 456.8264275474817 999.7849999999744 1.338999999978114 1976.576381532468 3697.5984047611773 3684.004571137488 3697.5984047611773 13.593833623689568 4885180.538706047 3414.0330129903114 11.0 3414.0330129903114 3403.0330129903114 0.0
160000.0 170000.0 3511.8850566406036 472.53906738281614 445.2002405721502 999.8180000000284 6.239999999990687 119457.52759276795 3728.8020595509324 3620.1302065824507 3729.8020595509324 107.67185296848159 4889052.2539998675 3472.0473986110187 54.0 3473.0473986110187 3416.0473986110187 0.0
170000.0 180000.0 4845.798994140583 644.2751257324271 415.23555126293434 999.75900000002 6.467000000004191 1714.3203984417892 3198.277852149639 3186.519770983862 3198.277852149639 11.758081165776984 4242922.277841814 2962.8302473187705 7.078355284951701 2962.8302473187705 2955.751892033819 0.0
180000.0 190000.0 4363.211587890575 385.56057446289196 414.6824228321853 999.6439999999711 4.966000000014901 8997.379649033386 3328.869179308443 3307.381699393786 3328.869179308443 20.487479914656483 4415616.702428259 3102.0008376877927 20.544425255265033 3102.0008376877927 3080.456412432528 0.0
190000.0 200000.0 5887.9130859375 685.3478190104166 418.78718299502447 999.4549999999581 59.040999999968335 1864.2999525248256 2472.848691936685 2460.0942530171187 2472.848691936685 12.754438919566534 3291398.310461941 2298.7170335573355 3.3772194597832668 2298.7170335573355 2295.3398140975523 0.0
200000.0 210000.0 5397.771000000066 664.4567142857039 450.1823040423748 999.890999999945 48.96799999999348 5459.0 2729.0 2711.0 2729.0 18.0 3622011.0 2542.0 11.0 2542.0 2531.0 0.0
210000.0 220000.0 3581.707000000286 539.7907499999759 490.2308673398007 999.9599999999627 4.9329999999608845 2042.0 3886.0 3872.0 3886.0 14.0 5232850.0 3653.0 11.0 3653.0 3642.0 0.0
220000.0 230000.0 3323.336121093831 375.5740000000101 450.26856820036835 999.9159999999683 5.052999999956228 121741.0 4105.0 3991.0 4106.0 112.0 5348336.0 3807.0 62.0 3808.0 3741.0 0.0
230000.0 240000.0 4598.487353515695 515.6315454545388 471.44900006241926 999.7399999999907 6.184000000008382 5919.0 3273.0 3249.0 3274.0 23.0 4353143.0 3056.0 15.0 3056.0 3039.0 0.0
240000.0 250000.0 5783.637000000104 426.4737999999896 465.1696130217806 999.9699999999721 2.312000000034459 5427.0 2509.0 2490.0 2509.0 18.0 3320912.0 2335.0 7.0 2335.0 2322.0 0.0
250000.0 260000.0 4216.484085937496 826.2165591517862 303.0319981510805 999.7480000000214 278.8369140625 2044.0 3503.55746017749 3489.55746017749 3503.55746017749 14.0 4700114.338254377 3278.976980524964 7.0 3278.976980524964 3271.976980524964 0.0
260000.0 270000.0 5253.814914062503 684.6152979910673 348.37639545028264 999.8279999999795 46.12199999997392 5400.0 2743.44253982251 2725.44253982251 2743.44253982251 18.0 3645409.6617456223 2556.023019475036 10.0 2556.023019475036 2546.023019475036 0.0
270000.0 280000.0 3966.8960000001825 504.2304166666484 503.3954147319625 999.7879999999423 5.2269999999552965 2044.0 3640.0 3626.0 3640.0 14.0 4862793.0 3404.0 14.0 3404.0 3390.0 0.0
280000.0 290000.0 6084.887734375196 348.0941888020704 410.6071013898061 999.4399999999441 0.0 115279.0 2096.8573230431334 1988.8573230431334 2097.8573230431334 107.0 2700565.8947363165 1959.8124824536176 57.0 1960.8124824536176 1900.8124824536176 0.0
290000.0 300000.0 3900.744308593683 871.3222416294739 164.80878128116808 999.7120000000577 622.0617343749618 2376.0 3708.126643793542 3692.126643793542 3708.126643793542 16.0 4960437.955194346 3461.308246664897 9.0 3461.308246664897 3452.308246664897 0.0
