ts te idle avg_span std_span max_span min_span c_bytes_all c_ack_cnt c_ack_cnt_p c_pkts_all c_pkts_data s_bytes_all s_ack_cnt s_ack_cnt_p s_pkts_all s_pkts_data videorate
0.0 10000.0 1462.9439374999965 477.07369902343754 377.77409202158924 999.9069999999992 27.078017578125582 87125.16054146973 5526.5891947892915 5368.282475746102 5531.372937739322 158.30671904319053 7125990.174921111 5157.504133506617 84.67035013385112 5157.504133506617 5068.050040422736 0.0
10000.0 20000.0 6466.380994140622 461.10199999999986 459.3807401771597 999.4360000000015 36.46399999999994 6253.0 2152.0 2128.0 2154.0 22.0 2827784.0 2009.0 10.0 2009.0 1996.0 0.0
20000.0 30000.0 6442.871999999996 711.4256000000008 399.93728910142886 999.987000000001 188.34700000000157 2044.0 2021.0 2007.0 2021.0 14.0 2668070.0 1880.0 4.0 1880.0 1876.0 0.0
30000.0 40000.0 4782.236000000004 355.76062500000035 438.57748528257014 999.864999999998 5.2520000000004075 20706.0 3024.0 2980.0 3027.0 42.0 3945079.0 2822.0 31.0 2822.0 2786.0 0.0
40000.0 50000.0 4034.289939453134 382.2345037841783 439.8740379778786 999.7960000000021 5.021999999997206 241854.0 3743.785288531764 3546.785288531764 3744.785288531764 195.0 4699428.427011889 3409.221441774146 102.0 3409.221441774146 3305.221441774146 0.0
50000.0 60000.0 3886.499996093742 425.3845477864592 444.6666417915132 999.9279999999999 5.4320000000006985 5431.0 3823.7323316628926 3805.7323316628926 3823.7323316628926 18.0 5044882.480300186 3561.1940639971517 11.0 3561.1940639971517 3549.1940639971517 0.0
60000.0 70000.0 5510.909298828119 498.78785568576455 440.8026039319248 999.5920000000042 2.797000000005937 2014.24036344516 2403.578576296439 2387.757851215444 2403.578576296439 13.82072508099494 3446005.6928417585 2437.848546065464 9.0 2437.848546065464 2425.848546065464 0.0
70000.0 80000.0 2575.0718593749916 622.730678385417 436.62414481099637 999.7140000000072 10.561000000001513 9127.75963655484 4154.025441228871 4127.846166309866 4155.025441228871 26.17927491900506 6095643.528348662 4304.277525038543 14.0 4304.277525038543 4289.277525038543 0.0
80000.0 90000.0 4007.3662304687605 600.7765769531237 475.7279517151369 999.7719999999972 6.760999999998603 2044.0 3030.9066964316444 3016.9066964316444 3030.9066964316444 14.0 4472030.720931883 3151.5193258441227 14.0 3151.5193258441227 3137.5193258441227 0.0
90000.0 100000.0 4623.951916015634 303.5518935546877 434.0455382810844 999.653999999995 5.043000000005122 5610.104925577369 2981.0599006900693 2961.8002324636996 2981.0599006900693 19.25966822636969 4445723.825860758 3141.6460986099128 17.0 3141.6460986099128 3124.6460986099128 0.0
100000.0 110000.0 6548.659966796884 317.4249121093744 399.0435339491091 999.8859999999986 0.0 117946.44523206208 1828.4178192328372 1722.6946592514537 1829.4178192328372 104.72315998138339 2498495.929341963 1822.7704330914323 55.98282820775308 1823.7704330914323 1764.7876048836793 0.0
110000.0 120000.0 4756.716976562515 661.626377929686 427.02368924656366 999.18299999999 2.8569941406312864 5419.157408088765 2983.0533843002922 2965.5108182222357 2983.0533843002922 17.542566078056538 4580734.17066207 3226.1835810972752 8.54256607805654 3226.1835810972752 3217.6410150192187 0.0
120000.0 130000.0 6054.74908789061 394.52509121093897 424.5867709972042 998.6510000000126 6.24100000000908 5530.976911621784 2087.421637652403 2066.5637295268816 2088.421637652403 20.857908125522073 3041631.571453671 2157.5142472702623 12.166256919856227 2157.5142472702623 2144.3479903504062 0.0
130000.0 140000.0 5091.778011718707 411.37466959635884 431.09078048816224 999.7550000000047 4.8360000000102445 1706.0612055435677 2643.6862386365074 2632.0549685041924 2643.6862386365074 11.631270132314727 4017728.272336042 2830.4920518754097 10.322921337980574 2830.4920518754097 2820.1691305374293 0.0
140000.0 150000.0 3879.3529765625135 565.7341839488654 448.0847133480579 999.9729999999981 4.777000000001863 5288.254317106444 3454.332685336279 3437.3472578799256 3454.332685336279 16.98542745635358 5155011.380911117 3639.332685336279 15.98542745635358 3639.332685336279 3623.3472578799256 0.0
150000.0 160000.0 3593.042000000016 645.0789999999979 444.07619754872144 999.5240000000049 5.611999999993714 3072.0 3393.0 3376.0 3394.0 17.0 5319848.0 3744.0 7.0 3744.0 3736.0 0.0
160000.0 170000.0 3950.7759999999835 500.78900000000095 445.25393662268687 999.820000000007 5.369000000006054 120152.0 3446.0 3336.0 3447.0 109.0 5107781.0 3653.0 51.0 3654.0 3598.0 0.0
170000.0 180000.0 5573.700000000012 493.0308888888879 490.08923439243654 999.8559999999998 5.269000000000233 2044.0 2527.0 2513.0 2527.0 14.0 3717341.0 2615.0 5.0 2615.0 2610.0 0.0
180000.0 190000.0 3482.665697265649 450.59668684895735 467.3044193941678 999.9409999999916 6.407999999995809 9225.0 3493.516584648155 3470.637438486116 3493.516584648155 22.0 5293128.694254477 3733.516584648155 11.879146162038673 3733.516584648155 3720.758292324077 0.0
190000.0 200000.0 4460.096302734397 615.5448552517337 475.6341392565469 999.7909999999974 5.3866972656105645 2400.0 2955.4834153518455 2937.362561513884 2956.4834153518455 17.0 4259348.305745523 3008.483415351845 12.120853837961327 3008.483415351845 2995.2417076759225 0.0
200000.0 210000.0 4235.812957031245 726.8856303710927 409.0530267514376 999.7859999999928 50.897999999986496 5431.0 3044.5714519983576 3026.5714519983576 3044.5714519983576 18.0 4549176.18988144 3205.188783182286 10.0 3205.188783182286 3195.188783182286 0.0
210000.0 220000.0 4463.179042968695 463.12274641927553 468.9698356094638 999.94200000001 6.502999999996973 2044.0 2985.428548001643 2970.428548001643 2985.428548001643 14.0 4519582.81011856 3188.811216817714 14.0 3188.811216817714 3173.811216817714 0.0
220000.0 230000.0 5915.513291015639 244.36076470588074 387.53006442122313 999.7280000000028 4.592000000004191 121628.0 1975.0 1863.0 1976.0 110.0 2670112.0 1959.0 64.0 1960.0 1891.0 0.0
230000.0 240000.0 4578.769031250005 779.220852678571 363.07000369216115 999.9189999999944 33.31500000000233 2044.0 2777.278424482302 2761.278424482302 2777.278424482302 14.0 4143114.5828433344 2923.386262495332 13.0 2923.386262495332 2909.386262495332 0.0
240000.0 250000.0 3881.5009531250107 477.67431129808 452.9361017840394 999.8389999999781 2.6630000000004657 5233.49697575906 3493.0121408387286 3474.8284241172883 3493.0121408387286 17.18371672144012 5013438.305358389 3536.559872669224 7.0 3536.559872669224 3525.559872669224 0.0
250000.0 260000.0 4307.2637226562365 813.2480396205376 247.0294614476685 999.9760000000242 344.1930000000284 2249.248538748796 3002.654206297699 2987.497200317031 3002.654206297699 15.15700598066848 4683211.089862818 3296.2811838675543 8.434905173235943 3296.2811838675543 3287.8462786943187 0.0
260000.0 270000.0 5564.3812968750135 562.2157128906183 439.78290351041767 998.7469999999739 13.588999999978114 5091.894585912446 2307.1008752752205 2291.1193542827946 2307.1008752752205 15.981520992426223 3449758.6402997905 2440.405626145346 9.887338521298881 2440.405626145346 2430.518287624047 0.0
270000.0 280000.0 4987.017044921813 390.14661192909205 436.7407366565049 999.8080000000191 6.601000000024214 1969.3188226575949 2532.481023487546 2518.3315924876097 2532.481023487546 13.149430999936413 4101505.8112188233 2897.8937252040387 13.149430999936413 2897.8937252040387 2883.7442942041025 0.0
280000.0 290000.0 6434.405951171881 339.38258740234596 386.853312142328 999.9830000000075 0.0 122919.0410769221 1776.4733296185038 1664.945004312975 1777.4733296185038 109.52832530552877 2528028.5704168444 1852.4733296185038 56.52832530552877 1853.4733296185038 1793.945004312975 0.0
290000.0 300000.0 4739.3429999999935 876.7761666666678 212.05748298742813 999.9610000000102 483.4220000000205 2044.0 2588.0 2574.0 2588.0 14.0 4234722.0 2982.0 8.0 2982.0 2974.0 0.0
