ts te idle avg_span std_span max_span min_span c_bytes_all c_ack_cnt c_ack_cnt_p c_pkts_all c_pkts_data s_bytes_all s_ack_cnt s_ack_cnt_p s_pkts_all s_pkts_data videorate
0.0 10000.0 923.6867421875359 504.999945617672 400.19586195946795 999.9610000000102 4.191999999980908 83656.36826617786 5374.523093431092 5215.056915024369 5378.489674199343 159.46617840672292 6981553.911497515 5064.090646640655 89.25187068375774 5064.090646640655 4970.8721951886455 0.0
10000.0 20000.0 3974.007091796957 675.0071009114488 446.88553230882104 999.9639999999781 11.678000000014435 8711.10763236329 3182.3041647302853 3158.7216658921143 3182.3041647302853 23.582498838171198 4242223.404867551 3006.582498838171 15.860832946057066 3006.582498838171 2990.7216658921143 0.0
20000.0 30000.0 3358.843714843737 948.7366121651804 127.34022179412871 999.99099999998 660.21728515625 2376.0 3761.9367148053807 3745.9367148053807 3761.9367148053807 16.0 5047781.984248057 3563.1764761132363 14.0 3563.1764761132363 3549.1764761132363 0.0
30000.0 40000.0 3761.0123886718648 399.09997570800624 457.96780861585404 999.9629999999888 4.585000000020955 5290.0 3405.4233521795736 3388.4233521795736 3405.4233521795736 17.0 4558538.416813086 3227.918342557032 22.0 3227.918342557032 3205.918342557032 0.0
40000.0 50000.0 4260.633353515645 333.3889453124979 400.9196998668169 999.2640000000247 5.48499999998603 269532.3267039433 3110.8544209489214 2895.412693816733 3112.8544209489214 214.4417271321887 3874593.6947491383 2860.6103080164003 118.44172713218869 2862.6103080164003 2738.1685808842117 0.0
50000.0 60000.0 3654.5006445312174 418.3144597167957 456.35008777715643 999.7760000000126 2.9280000000144355 5419.842712662307 3614.530587771389 3595.8913771020875 3614.530587771389 17.63921066930138 4773737.829750221 3382.8341997421726 18.63921066930138 3382.8341997421726 3362.1949890728715 0.0
60000.0 70000.0 5711.577320312441 486.682078125007 430.4304769194925 999.954000000027 9.922000000020489 1760.6062240931985 2441.1088932321513 2428.273559522006 2441.1088932321513 11.83533371014574 3272358.8529366115 2315.409654800939 9.46656834469159 2315.409654800939 2303.9430864562473 0.0
70000.0 80000.0 3729.3599707030226 641.1247029296995 425.33888761909697 999.560999999987 5.777000000001863 1764.2243593011717 3873.1460310625835 3860.062302574219 3873.1460310625835 12.08372848836419 5153821.221502887 3629.05101877022 10.45249385381834 3629.05101877022 3617.5985249164014 0.0
80000.0 90000.0 2332.3760000001057 705.0484545454489 440.57966042074776 999.8869999999879 5.585000000020955 5729.0 4711.0 4690.0 4711.0 20.0 6229959.0 4396.0 15.0 4396.0 4380.0 0.0
90000.0 100000.0 3561.2557792969164 408.82218749999447 471.1639386659765 999.7669999999925 5.148999999975786 2044.0 3901.0 3887.0 3901.0 14.0 5213239.0 3680.0 21.0 3680.0 3659.0 0.0
100000.0 110000.0 3309.703999999969 496.3992142857169 469.05593996996174 999.6849999999977 0.0 117713.0 4069.0 3963.0 4070.0 105.0 5273880.0 3776.0 58.0 3776.0 3716.0 0.0
110000.0 120000.0 5252.199000000022 791.3001666666629 354.62940851170384 999.875 140.3310000000056 2044.0 2773.0 2759.0 2773.0 14.0 3685545.0 2600.0 12.0 2600.0 2588.0 0.0
120000.0 130000.0 3158.2707265624776 626.3210248579588 477.26282087817407 999.9930000000168 5.319000000017695 5756.0 4156.137854674661 4136.137854674661 4156.137854674661 20.0 5549332.369064299 3915.9739201939697 16.0 3915.9739201939697 3899.9739201939697 0.0
130000.0 140000.0 3800.30336914066 519.0778859049411 468.266138416154 999.7380000000121 5.259000000020023 2044.0 3337.248409005807 3323.248409005807 3337.248409005807 14.0 4500116.743013674 3176.075878179962 17.0 3176.075878179962 3159.075878179962 0.0
140000.0 150000.0 3919.2419531249907 514.7268372395823 435.269797277192 999.8740000000107 5.132999999972526 5393.429215636677 3514.6017646997957 3496.7317091839122 3514.6017646997957 17.870055515883596 4705238.584345066 3317.8252876645015 12.0 3317.8252876645015 3305.8252876645015 0.0
150000.0 160000.0 2559.9376914062886 623.6053590494752 441.5448160064255 999.8919999999925 6.505999999993946 2065.570784363323 4484.626436234034 4470.496491749917 4484.626436234034 14.129944484116404 5982226.1633228855 4212.106608461515 14.0 4212.106608461515 4198.106608461515 0.0
160000.0 170000.0 3969.079384765646 499.388212740381 429.1232659924207 999.7229999999981 5.1049999999813735 120122.64928041323 3740.4483758324086 3634.0124218569754 3741.4483758324086 106.4359539754331 4865900.006552169 3483.5058685989065 52.90112313232847 3484.5058685989065 3428.6047454665777 0.0
170000.0 180000.0 3920.10302734375 568.8334520596599 409.8001858780199 999.9259999999776 5.597000000008848 2706.24363262846 3714.024299048941 3696.413041291212 3716.024299048941 15.61125775772918 4924365.065815155 3477.722199939723 14.146088600833806 3477.722199939723 3461.576111338889 0.0
180000.0 190000.0 3218.268021484313 482.958133463546 466.7325554103959 999.9160000000265 5.10899999999674 8858.107086958307 3865.912860504353 3845.9600722375153 3865.912860504353 19.952788266837725 5145849.06788675 3642.7902369614226 21.952788266837725 3642.7902369614226 3620.837448694585 0.0
190000.0 200000.0 2522.4279999999562 830.8413333333382 328.0643760133062 999.8320000000531 39.36999999999534 2376.0 4348.0 4330.0 4348.0 16.0 5808340.0 4092.0 13.0 4092.0 4077.0 0.0
200000.0 210000.0 3981.9100000000326 758.0218749999913 411.5418359307777 999.8810000000522 46.08499999996275 5460.0 3495.0 3477.0 3495.0 18.0 4659275.0 3297.0 14.0 3297.0 3283.0 0.0
210000.0 220000.0 5087.903999999864 493.01170000000855 474.7155176707095 999.7120000000577 5.71999999997206 2044.0 2807.0 2793.0 2807.0 14.0 3734462.0 2638.0 16.0 2638.0 2622.0 0.0
220000.0 230000.0 2713.1837031251052 393.7724899259874 468.12360722510795 999.8889999999665 5.021999999997206 120477.0 4212.5718514526125 4096.5718514526125 4214.5718514526125 113.0 5565723.41029657 3993.0198003421424 64.0 3994.0198003421424 3924.0198003421424 0.0
230000.0 240000.0 4271.126367187477 502.5045120192405 425.6377371580503 999.7700000000186 4.339000000036322 2807.9934900353096 3393.8713215235666 3374.196661945041 3396.8713215235666 17.67465957852596 4504201.146313194 3185.4130107574206 13.0 3186.4130107574206 3169.4130107574206 0.0
240000.0 250000.0 4152.587683593854 465.0937935697058 425.35631337556816 999.5239999999758 26.256999999983236 5442.006509964691 3435.9421025140105 3416.616762092536 3435.9421025140105 18.32534042147404 4579530.083672195 3237.4745000222565 9.0 3237.4745000222565 3223.4745000222565 0.0
250000.0 260000.0 2596.101291015744 740.3898708984256 336.41077906799256 999.6600000000326 18.194999999948777 2068.0 4492.1910610680125 4476.1910610680125 4492.1910610680125 15.0 6020403.419408817 4242.410945288041 12.0 4242.410945288041 4229.410945288041 0.0
260000.0 270000.0 3980.8850859374506 674.1424348958406 382.25742909237334 999.9340000000084 48.16700000001583 5425.0 3480.086615625576 3462.086615625576 3480.086615625576 18.0 4663958.975886016 3289.2819085598812 9.0 3289.2819085598812 3280.2819085598812 0.0
270000.0 280000.0 3635.096958984388 582.8786400923273 459.5693953668231 999.6289999999572 4.8360000000102445 1923.734279438535 3829.650368612383 3816.4933526350096 3829.650368612383 13.157015977372907 5103699.90271873 3599.8371345232545 15.157015977372907 3599.8371345232545 3584.6801185458817 0.0
280000.0 290000.0 5205.378945312463 351.48636104910736 419.1689189321095 999.8129999999655 0.0 121879.91328904526 2798.877469250238 2690.42731010101 2799.877469250238 107.45015914922844 3600728.248661215 2598.9932081030847 54.38891621974196 2599.9932081030847 2542.6042918833427 0.0
290000.0 300000.0 3860.2650527341757 767.466868408228 309.36399910485744 999.8830000000307 171.345947265625 1819.172899282834 3684.9403776980844 3671.510365727663 3684.9403776980844 13.43001197042135 4898756.863984741 3448.904176277123 8.593012964268649 3448.904176277123 3440.3111633128547 0.0
