ts te idle avg_span std_span max_span min_span c_bytes_all c_ack_cnt c_ack_cnt_p c_pkts_all c_pkts_data s_bytes_all s_ack_cnt s_ack_cnt_p s_pkts_all s_pkts_data videorate
0.0 10000.0 1582.294320312496 566.2865797991074 387.37973550322664 999.987000000001 32.52592187499977 87786.54001785221 4402.607130049169 4241.305407971863 4407.9585652814085 161.3017220773064 6780242.592340406 4898.41046216272 79.25951735293629 4898.41046216272 4813.799509577546 0.0
10000.0 20000.0 4946.620999999992 729.5210000000006 372.03111900037067 999.9890000000014 53.26799999999639 5207.0 2726.0 2708.0 2726.0 18.0 4162889.0 2938.0 10.0 2938.0 2928.0 0.0
20000.0 30000.0 6556.85893359375 578.2946666666661 470.5872293714158 999.9300000000003 23.991000000001804 4088.0 1771.0 1755.0 1771.0 16.0 2686977.0 1897.0 7.0 1897.0 1890.0 0.0
30000.0 40000.0 5508.849740234378 401.1452499999996 438.8807517420409 999.8099999999977 5.879000000000815 19676.0 2620.0 2582.0 2621.0 38.0 3740185.0 2659.0 20.0 2659.0 2638.0 0.0
40000.0 50000.0 3918.4509960937503 367.91847081801484 443.2440323419845 999.8029999999999 5.7189999999973224 248792.0 3241.0858324660467 3043.0858324660467 3242.0858324660467 196.0 4724595.351966373 3433.814374349535 105.0 3433.814374349535 3325.814374349535 0.0
50000.0 60000.0 6743.741992187468 306.51154509943444 383.8874821787141 999.3990000000049 5.889999999999418 6465.0 1614.9141675339533 1597.9141675339533 1614.9141675339533 17.0 2216279.6480336273 1579.185625650465 11.0 1579.185625650465 1567.185625650465 0.0
60000.0 70000.0 5747.7270000000135 626.164714285713 405.5429088134844 999.9719999999943 108.55000000000291 2376.0 2248.0 2230.0 2248.0 16.0 3326365.0 2352.0 9.0 2352.0 2341.0 0.0
70000.0 80000.0 4408.228041015609 705.987369873048 427.5659757584012 998.9640000000072 5.938999999998487 5427.0 2985.0262865924306 2967.0262865924306 2985.0262865924306 18.0 4576106.660714602 3230.0613870550433 13.0 3230.0613870550433 3217.0613870550433 0.0
80000.0 90000.0 4176.9109902343625 583.4109009765641 412.3468472364954 999.8540000000066 5.497000000003027 2044.0 3378.692207234924 3364.692207234924 3378.692207234924 14.0 5014422.793497217 3532.5397713565944 10.0 3532.5397713565944 3522.5397713565944 0.0
90000.0 100000.0 4073.0480273437424 307.48664306640785 400.9854580020588 999.301999999996 5.267000000007101 5622.459450320966 3368.37371352078 3349.051668639328 3368.37371352078 19.32204488145161 5116836.901552469 3615.1019213493996 21.594355632007723 3615.1019213493996 3593.507565717392 0.0
100000.0 110000.0 5504.158966796895 410.17310404829385 420.8247683221231 999.2639999999956 0.0 118230.6793425807 2399.4130111661675 2293.5836175361633 2400.4130111661675 104.8293936300042 3567614.508435169 2568.8596792114968 50.405644367992274 2569.8596792114968 2516.454034843505 0.0
110000.0 120000.0 6481.994999999995 594.7063333333354 446.2609211911192 999.5620000000054 2.8399999999965075 5420.868499464162 2001.9850479109446 1983.9775568030136 2001.9850479109446 18.00749110793082 2917073.0375004644 2066.3766252498094 8.719643206462212 2066.3766252498094 2056.656982043347 0.0
120000.0 130000.0 6807.07971679687 456.13146902901855 413.8723975083275 998.8310000000056 7.26500000001397 1865.5496158153649 1744.5800915862853 1731.8309120361773 1744.5800915862853 12.749179550107698 2506834.742261029 1776.6634039219502 11.188465963032122 1776.6634039219502 1765.474937958918 0.0
130000.0 140000.0 6893.2576191406115 288.26569744318573 365.6045458531767 999.0570000000007 5.423999999999069 5218.591228477314 1770.9439139232018 1754.446779144155 1770.9439139232018 16.497134779046593 2575469.9445816763 1826.424593661792 12.29451280477613 1826.424593661792 1814.1300808570159 0.0
140000.0 150000.0 6507.027929687465 373.580407031253 400.0806700847709 999.0769999999902 4.855999999999767 2712.851863341494 1729.9857280652666 1712.3909720138076 1731.9857280652666 15.594756051459072 2468280.411457374 1760.9726181939143 14.797378025729536 1760.9726181939143 1744.1752401681847 0.0
150000.0 160000.0 6076.20594726564 509.4616249999999 445.69245773128415 999.5480000000098 10.49100000000908 2044.0 1815.0 1801.0 1815.0 14.0 2742175.0 1943.0 14.0 1943.0 1929.0 0.0
160000.0 170000.0 5233.12599999996 426.051833333336 464.31485175683486 999.9770000000135 0.0 116157.0 2563.0 2458.0 2564.0 105.0 3847777.0 2769.0 54.0 2770.0 2713.0 0.0
170000.0 180000.0 4693.649000000005 590.6933333333322 487.11130665074774 999.2019999999902 4.840999999985797 2376.0 2695.0 2679.0 2695.0 16.0 4212505.0 2970.0 9.0 2970.0 2961.0 0.0
180000.0 190000.0 6406.374687500007 293.12354732571896 389.94448718381966 997.9679999999935 4.318115234375 9193.0 1864.500476962723 1842.3002861776338 1864.500476962723 22.0 2713475.707345226 1930.500476962723 16.10009539254459 1930.500476962723 1914.200190785089 0.0
190000.0 200000.0 4302.177851562505 813.974592633928 354.4887433379687 999.6549999999988 38.82188476563897 2044.0 3015.506559751968 2999.706750537057 3015.506559751968 14.0 4678142.394741645 3300.059818616318 11.89990460745541 3300.059818616318 3286.360104793952 0.0
200000.0 210000.0 6432.89026367187 451.3439670410153 466.61779616920006 999.948000000004 43.162000000011176 5398.0 1896.992963285309 1878.992963285309 1896.992963285309 18.0 2801541.8979131295 1982.439704420959 9.0 1982.439704420959 1973.439704420959 0.0
210000.0 220000.0 6498.6449999999895 364.468200000003 450.69197723470853 999.5709999999963 5.358000000007451 3187.0 1938.0 1919.0 1940.0 17.0 2772682.0 1969.0 13.0 1969.0 1954.0 0.0
220000.0 230000.0 4884.052703125024 289.1802942708309 411.55733606601814 999.9720000000088 5.663000000000466 121828.0 2778.7149777108734 2668.7149777108734 2779.7149777108734 108.0 4018631.5167975817 2896.792209927118 59.0 2897.792209927118 2833.792209927118 0.0
230000.0 240000.0 4327.78237500001 709.0272031249988 394.8636994247633 999.3369999999995 9.147999999986496 2352.5209115250864 3043.8451679546474 3026.986608246665 3043.8451679546474 15.858559707982447 4643052.301732739 3274.1103240577013 11.0 3274.1103240577013 3262.1103240577013 0.0
240000.0 250000.0 5809.600894531293 352.4800060096089 396.1666885078265 999.7249999999767 22.35999999998603 7963.479088474914 2432.439854334479 2408.2984140424614 2433.439854334479 23.141440292017553 3467780.181469679 2466.097466015181 10.0 2466.097466015181 2451.097466015181 0.0
250000.0 260000.0 6616.5166796874255 571.9467200520934 462.6874078276315 999.9170000000158 48.196999999985565 3733.695736445138 1713.7153381363719 1694.4219903264616 1714.7153381363719 18.293347809910472 2538284.0205611633 1806.4492505327908 13.0 1806.4492505327908 1791.4492505327908 0.0
260000.0 270000.0 6822.309218750044 462.2095401785669 412.9457297093173 999.7619999999879 6.150000000023283 5263.607469053799 1740.5274081669295 1723.2981312816414 1740.5274081669295 17.229276885287728 2505904.2903659814 1782.611853435885 13.659017639427285 1782.611853435885 1768.9528357964577 0.0
270000.0 280000.0 6275.590048828162 314.6999125976533 433.0054221390478 999.744000000006 5.043000000005122 1841.4431127342586 2096.776830991277 2083.3713272876444 2096.776830991277 12.405503703632611 3008010.92276517 2126.7818955311636 10.80504655998812 2126.7818955311636 2114.9768489711755 0.0
280000.0 290000.0 6601.0184687500005 290.33952704327214 361.8397039762019 999.6699999999837 0.0 121923.73187947567 1812.2591284069322 1702.91000887625 1813.2591284069322 107.34911953068203 2494923.0407630303 1820.0991937787476 53.733970035950904 1821.0991937787476 1764.3652237427968 0.0
290000.0 300000.0 6436.577904296864 712.6844191406271 411.83200363292866 999.0929999999935 7.778999999980442 2003.5218022911263 1805.7212942984897 1791.9985422280026 1805.7212942984897 13.722752070487164 2618001.7255446548 1853.0578067214128 11.801965764633689 1853.0578067214128 1841.2558409567791 0.0
