ts te idle avg_span std_span max_span min_span c_bytes_all c_ack_cnt c_ack_cnt_p c_pkts_all c_pkts_data s_bytes_all s_ack_cnt s_ack_cnt_p s_pkts_all s_pkts_data videorate
0.0 10000.0 1500.2439999999478 944.4173333333391 163.70508201411545 999.9619999999995 507.88400000002 9210.0 4614.0 4567.0 4615.0 47.0 6975775.0 4925.0 13.0 4925.0 4911.0 1168.9655172413793
10000.0 20000.0 4693.165999999968 884.4723333333386 276.69398567924156 999.5129999999772 319.7270000000135 1712.0 2804.0 2792.0 2804.0 12.0 4269489.0 3010.0 10.0 3010.0 3000.0 2000.0
20000.0 30000.0 2979.17793164053 781.09134092883 371.82775827623465 999.7249999999767 9.0 2376.0 3766.128682928077 3750.128682928077 3766.128682928077 16.0 5888659.936243477 4139.138478325845 6.0 4139.138478325845 4133.138478325845 2000.0
30000.0 40000.0 3986.588068359357 751.6764914550804 365.7733782953905 999.8869999999879 191.02600000001257 2376.0 3157.871317071923 3141.871317071923 3157.871317071923 16.0 4753603.063756523 3352.8615216741546 14.0 3352.8615216741546 3338.8615216741546 1428.5714285714287
40000.0 50000.0 4855.932093749987 857.3446510416688 198.24172617055146 999.1790000000037 506.37890625 2044.0 2457.9407444477065 2443.9407444477065 2457.9407444477065 14.0 4024198.5393009083 2836.2724569433044 12.0 2836.2724569433044 2824.2724569433044 2000.0
50000.0 60000.0 2487.092992187536 751.2907007812464 384.9637674166467 999.99099999998 37.57900000002701 2044.0 3936.9794842450556 3922.9794842450556 3936.9794842450556 14.0 5973003.59526279 4202.042987068024 12.0 4202.042987068024 4190.042987068024 2333.3333333333335
60000.0 70000.0 3787.4789941406925 887.5030008370439 149.3953435698421 999.7970000000205 627.6600859374739 2044.0 3090.746716589748 3076.746716589748 3090.746716589748 14.0 4913546.770918515 3461.503117250725 12.0 3461.503117250725 3449.503117250725 2181.818181818182
70000.0 80000.0 3931.611642578151 607.3174357421871 459.0766354740784 1000.0 4.786000000021886 2216.879564667492 2976.7538046278105 2961.7123614671627 2976.7538046278105 15.041443160647542 4725076.577174482 3329.829391034316 13.0 3329.829391034316 3316.829391034316 2153.846153846154
80000.0 90000.0 5745.986277343705 709.0022871093825 372.7814761839993 999.2249999999767 65.16100000002189 1787.6655626073812 2169.362439060424 2157.112477239737 2169.362439060424 12.249961820687204 3416539.9277876383 2413.670726658376 9.535489984001213 2413.670726658376 2404.135236674375 1538.4615384615386
90000.0 100000.0 6616.247880859359 563.9586865234402 350.4572484864976 999.329000000027 238.1369999999879 1768.9507964813472 1794.343181639147 1782.227080293384 1794.343181639147 12.116101345762655 2530427.2583422605 1786.1359176911835 5.385229724939417 1786.1359176911835 1780.7506879662442 1090.909090909091
100000.0 110000.0 4292.388193359424 634.1790896267307 408.6485580448447 999.7989999999991 9.917000000015832 1564.550843178693 2829.6171857405993 2817.901084074992 2829.6171857405993 10.716101665607486 4523365.467126612 3188.209098901774 10.185229999092131 3188.209098901774 3177.0238689026814 1800.0
110000.0 120000.0 3227.1469257812714 967.5504391741041 49.89399984969084 999.7750000000233 876.9409999999916 2357.9532330650864 1994.256443649509 1978.380051642214 1994.256443649509 15.876392007295113 5472740.864086794 3854.336304452297 11.89405029196724 3854.336304452297 3842.44225416033 1666.6666666666667
120000.0 130000.0 4654.371000000101 890.9381666666499 188.97435570194625 999.8769999999786 535.5769999999902 2044.0 1474.0 1460.0 1474.0 14.0 4040626.0 2850.0 12.0 2850.0 2838.0 1600.0
130000.0 140000.0 3552.8150000000023 921.0264285714283 144.44349165776399 999.994000000006 632.9739999999874 2044.0 1915.0 1901.0 1915.0 14.0 5327814.0 3746.0 9.0 3746.0 3737.0 2000.0
140000.0 150000.0 2958.8979999999865 880.1377500000017 236.1846610349921 999.6030000000028 355.5590000000084 2376.0 2132.0 2116.0 2132.0 16.0 5841636.0 4114.0 13.0 4114.0 4101.0 1833.3333333333333
150000.0 160000.0 4123.6289570312365 839.4815775669662 295.8000829472966 999.9689999999828 238.39404296875 2044.0 1638.1080075172415 1624.1080075172415 1638.1080075172415 14.0 4503749.554178682 3181.295052343082 12.0 3181.295052343082 3169.295052343082 2000.0
160000.0 170000.0 4083.482042968739 845.2168510044659 225.7994857116515 999.8460000000196 406.1469999999972 1712.0 1771.8919924827585 1759.8919924827585 1771.8919924827585 12.0 4805318.445821318 3386.704947656918 12.0 3386.704947656918 3374.704947656918 2000.0
170000.0 180000.0 3702.7849335937062 899.6021523437563 252.1673869527114 999.8310000000056 328.01806640625 2376.0 1870.9591842560403 1854.9591842560403 1870.9591842560403 16.0 5151994.654240259 3625.3555001682485 9.0 3625.3555001682485 3616.3555001682485 2000.0
180000.0 190000.0 2698.4111875000526 811.2876458333275 319.8872703415688 999.9139999999898 82.1480000000447 2393.0 2191.277285123024 2174.277285123024 2191.277285123024 17.0 6071192.844947219 4272.187566489649 13.0 4272.187566489649 4259.187566489649 2153.846153846154
190000.0 200000.0 5072.205761718797 703.9706054687433 364.5192343265776 999.6369999999879 11.683121093781665 2012.6726977017445 1497.807394221318 1483.9961129098617 1497.807394221318 13.811281311456291 4137645.716978657 2916.6769726741295 12.0 2916.6769726741295 2904.6769726741295 2181.818181818182
200000.0 210000.0 3555.685113281128 716.034987413208 345.8440158317742 999.9660000000149 188.56488281255588 2075.3273022982557 1898.9359137676522 1884.7471950791085 1898.9359137676522 14.188718688543709 5227713.952008285 3682.588498410222 12.0 3682.588498410222 3670.588498410222 1692.3076923076924
210000.0 220000.0 6642.4131035156315 559.5978160807281 483.0635285829026 999.5509999999776 65.847900390625 2220.9548521395504 887.7319476555322 872.6659545703541 887.7319476555322 15.065993085178013 2380688.2322314717 1685.42703677168 12.0 1685.42703677168 1673.42703677168 1333.3333333333333
220000.0 230000.0 3913.3957851561718 869.5148878348326 186.6013478031025 999.3120000000345 517.693115234375 1540.38424109019 1795.2922988518394 1784.7326817094165 1795.2922988518394 10.559617142422947 4979540.6801024 3505.0750857363673 9.107665909372251 3505.0750857363673 3495.9674198269954 2333.3333333333335
230000.0 240000.0 3935.5272050779313 758.0590993652586 293.0265873930387 999.8220000000438 242.23291015625 1763.0607937687987 1801.1689451546022 1789.093186293172 1801.1689451546022 12.075758861430128 4970998.520225398 3501.361697812671 10.107597725649953 3501.361697812671 3491.2541000870215 2000.0
240000.0 250000.0 3856.876910156221 877.5890128348256 170.9381854118637 999.8969999999972 561.4320000000298 1795.600113001461 1863.827030969992 1851.528400059023 1863.827030969992 12.298630910968912 5161837.399266312 3637.3276419370327 9.784736364977794 3637.3276419370327 3627.5429055720547 2000.0
250000.0 260000.0 2987.976999999839 876.5028750000201 334.99960592489214 999.9960000000428 47.87100000004284 2376.0 1935.0 1919.0 1935.0 16.0 5290740.0 3727.0 12.0 3727.0 3715.0 1666.6666666666667
260000.0 270000.0 4351.800999999978 806.8855714285746 359.89063650586763 999.9590000000317 70.80500000005122 2044.0 1516.0 1502.0 1516.0 14.0 4186112.0 2954.0 14.0 2954.0 2940.0 1600.0
270000.0 280000.0 3388.0490000001155 944.5644285714121 92.98071944739408 999.9949999999953 792.6899999999441 2044.0 1928.0 1914.0 1928.0 14.0 5319626.0 3744.0 9.0 3744.0 3735.0 2000.0
280000.0 290000.0 2969.802111328114 878.7747360839858 327.8136894072525 999.9810000000289 68.035888671875 2376.0 1968.2560841891245 1952.2560841891245 1968.2560841891245 16.0 5452832.02263332 3842.469969820024 12.0 3842.469969820024 3830.469969820024 1833.3333333333333
290000.0 300000.0 5311.176773437532 781.4705377604114 280.04221581741524 999.7970000000205 356.88111132814083 2094.189129042509 1211.048655422479 1193.8811541397317 1211.048655422479 17.167501282747164 3293642.3647489017 2331.1345017067006 13.041875320686792 2331.1345017067006 2318.0926263860138 1636.3636363636363
