ts te idle avg_span std_span max_span min_span c_bytes_all c_ack_cnt c_ack_cnt_p c_pkts_all c_pkts_data s_bytes_all s_ack_cnt s_ack_cnt_p s_pkts_all s_pkts_data videorate
0.0 10000.0 1014.948906250007 572.1386481854865 403.41782631246247 999.9949999999953 22.854999999981374 87268.8581870363 4577.595876954069 4414.895288844379 4581.496986562927 162.70058810969073 7328718.814023112 5255.676706092926 88.27897618330196 5255.676706092926 5163.496620300767 0.0
10000.0 20000.0 4658.809999999998 769.5529999999978 367.41788705097906 999.9430000000284 45.680999999982305 5339.0 2662.0 2644.0 2662.0 18.0 4278068.0 3000.0 13.0 3000.0 2987.0 0.0
20000.0 30000.0 4582.131099609367 773.9812714843762 396.5403720474884 999.835000000021 7.402000000001863 2039.735947310453 2718.8721145828267 2704.897801647221 2718.8721145828267 13.97431293560514 4290924.737690068 3005.6887141092634 14.97431293560514 3005.6887141092634 2990.714401173658 0.0
30000.0 40000.0 3658.490167968732 402.6088187255882 478.8891399415074 999.9820000000182 5.090000000025611 5766.264052689547 3126.1278854171737 3106.102198352779 3126.1278854171737 20.02568706439486 4768588.262309932 3348.311285890737 18.02568706439486 3348.311285890737 3330.285598826342 0.0
40000.0 50000.0 4597.92599023442 346.9055232077166 421.6714870497317 999.8989999999758 4.938000000023749 251765.56153151498 2546.2568343075636 2336.3859817080756 2548.2568343075636 207.87085259948785 3601664.672458217 2670.733105873762 149.0 2671.733105873762 2518.733105873762 0.0
50000.0 60000.0 2825.856000000029 510.39020000000016 436.98000528045225 999.8910000000033 2.6460000000079162 8857.438468485016 3852.2991514261453 3827.1700040256333 3853.2991514261453 25.129147400512146 5835931.439057853 4098.180062621794 20.0 4098.180062621794 4076.1800626217932 0.0
60000.0 70000.0 4063.817787109292 622.191221289069 391.89508038392444 999.7750000000233 28.81199999997625 2111.4272877714498 2768.960953727967 2751.6361092911766 2768.960953727967 14.324844436790752 4386269.673684249 3077.060558250214 12.51774602627911 3077.060558250214 3061.542812223935 0.0
70000.0 80000.0 3933.631111328199 507.6904907226514 463.67803600767445 999.9639999999781 7.259000000020023 1274.5066278367033 3271.72348332864 3262.993985877704 3271.72348332864 8.729497450936323 5046297.572934413 3524.948329797987 10.38597559177267 3524.948329797987 3514.5623542062144 0.0
80000.0 90000.0 3221.9829960937495 683.3128003906284 453.07779840884274 999.8570000000182 7.5310000000172295 5283.066084391847 3349.759577209684 3332.8139190974107 3349.759577209684 16.945658112272923 5296658.641865268 3706.0779434562437 14.09627838194822 3706.0779434562437 3691.9816650742955 0.0
90000.0 100000.0 2510.4430234375177 423.2094999999972 479.1291535959378 999.6759999999776 4.7299999999813735 2376.0 3562.0 3546.0 3562.0 16.0 5720707.0 4004.0 22.0 4004.0 3982.0 0.0
100000.0 110000.0 5896.336675781233 304.4686428571461 391.95176349678917 999.7660000000033 0.0 120250.0 1937.0 1829.0 1938.0 106.0 2767755.0 2014.0 62.0 2014.0 1948.0 0.0
110000.0 120000.0 3725.895927734382 896.3005817522311 180.6348651523157 999.9139999999898 568.924072265625 2376.0 2925.548281503863 2909.548281503863 2925.548281503863 16.0 4600068.218029361 3217.740429187056 13.0 3217.740429187056 3204.740429187056 0.0
120000.0 130000.0 3832.2639648437616 565.2168213778376 427.6832882266003 999.8670000000275 6.869999999995343 5397.0 3332.257070258678 3314.257070258678 3332.257070258678 18.0 5000958.572465283 3500.214980878669 15.0 3500.214980878669 3485.214980878669 0.0
130000.0 140000.0 3900.9702207030496 509.8660649414135 459.01872922778676 999.9830000000075 5.26600000000326 2028.3064095131813 3193.5107639197713 3179.605303621499 3193.5107639197713 13.905460298272176 4904035.380586411 3436.106419038835 17.905460298272178 3436.106419038835 3418.200958740563 0.0
140000.0 150000.0 3579.986818359408 441.15901210937494 441.081637321143 999.7579999999725 6.4280000000144355 6341.693590486819 3268.120514446732 3244.0259747450045 3269.120514446732 22.094539701727822 4972792.616844345 3494.7237379654043 19.094539701727822 3494.7237379654043 3472.6291982636767 0.0
150000.0 160000.0 4995.341111328045 556.0732098524394 484.80239919870706 999.4689999999828 7.482000000018161 2044.0 2346.651040222377 2332.651040222377 2346.651040222377 14.0 3772541.740137707 2647.3800774183046 14.0 2647.3800774183046 2633.3800774183046 0.0
160000.0 170000.0 3464.3539960937924 442.0967341406224 378.60059755191566 999.7889999999898 5.01600000000326 130910.38956234876 3619.508904852707 3451.232809789515 3636.508904852707 161.27609506319223 5345390.362341746 3916.891089154514 122.27609506319223 3917.891089154514 3776.614994091322 0.0
170000.0 180000.0 3868.6173164062784 613.7862683593703 440.7546680512345 999.9039999999804 6.4799999999813735 1649.5741278576122 3150.5314560928196 3139.278828763212 3150.5314560928196 11.252627329607554 4986433.620087991 3481.3493764895243 10.252627329607554 3481.3493764895243 3471.0967491599167 0.0
180000.0 190000.0 3927.4059199218173 494.4926432756765 440.8490559009176 999.2660000000033 5.788000000000466 9059.036309793632 2861.8719687030516 2840.4006910958515 2861.8719687030516 21.47127760720022 4182466.4895071574 2939.593889867693 21.47127760720022 2939.593889867693 2918.122612260493 0.0
190000.0 200000.0 2077.796999999904 723.3650000000118 438.809920710779 999.9939999999478 34.81200000003446 2397.0 4111.0 4091.0 4112.0 17.0 6315066.0 4415.0 14.0 4415.0 4398.0 0.0
200000.0 210000.0 3421.1079960938077 736.18811154513 423.8184399496991 999.9459999999963 10.013999999966472 5373.0 3043.9128222527706 3025.9128222527706 3043.9128222527706 18.0 4906863.166229384 3436.8696469579727 13.0 3436.8696469579727 3423.8696469579727 0.0
210000.0 220000.0 5408.998318359489 461.10669960936065 453.0074184632381 999.5910000000149 4.792999999946915 2041.0 2365.0871777472294 2351.0871777472294 2365.0871777472294 14.0 3445754.8337706155 2417.1303530420273 11.0 2417.1303530420273 2406.1303530420273 0.0
220000.0 230000.0 4889.681097656256 289.3365501302113 407.5976491728441 999.9379999999655 5.88800000003539 119644.90743927156 2262.516284267638 2152.131299693713 2263.516284267638 107.38498457392502 3475308.2721834932 2505.8501890163147 64.0 2506.8501890163147 2437.8501890163147 0.0
230000.0 240000.0 4043.484822265571 596.2917177734431 424.97351432949876 999.9109999999637 6.402000000001863 2055.8852355234726 2970.9722779538984 2955.8826078603834 2970.9722779538984 14.089670093514894 4670703.150696493 3268.089995229579 14.0 3268.089995229579 3253.089995229579 0.0
240000.0 250000.0 3796.131101562525 436.46579322915835 427.96288798688755 999.8479999999981 19.489999999990687 6260.617277882626 3480.584126761377 3455.2008901476265 3482.584126761377 21.383236613750753 5190711.789157932 3656.0113518915496 19.0 3656.0113518915496 3631.0113518915496 0.0
250000.0 260000.0 2818.407884765649 718.159211523435 393.8280759663952 999.984000000055 2.449999999953434 2233.5900473223483 3930.654111456227 3915.512002737418 3930.654111456227 15.142108718809327 5928533.433669298 4141.253078937013 12.0 4141.253078937013 4129.253078937013 0.0
260000.0 270000.0 3877.39313085936 685.8379854600773 397.69398588500803 999.560999999987 49.93500000005588 5093.419925859305 3240.293636016365 3224.6528421435187 3240.293636016365 15.640793872845599 4861326.844480662 3400.029419338665 11.640793872845599 3400.029419338665 3388.388625465819 0.0
270000.0 280000.0 3868.2010624998948 516.032578125014 466.83416871041004 998.9599999999627 5.393000000040047 1567.8109018333384 3333.7666194361245 3323.1043934886948 3333.7666194361245 10.662225947429944 4973234.839710037 3473.9872461082987 9.662225947429944 3473.9872461082987 3464.325020160869 0.0
280000.0 290000.0 3405.7882675779983 528.7858733072954 433.9211930233614 999.9560000000056 0.0 116510.76917230735 3492.21294410837 3384.5159639286458 3494.21294410837 105.69698017972446 5312003.670102085 3769.7787194785806 59.696980179724456 3770.7787194785806 3707.081739298856 0.0
290000.0 300000.0 3502.5209999998333 817.9585000000225 334.8523436659427 999.9200000000419 46.18900000001304 5756.0 3364.0 3344.0 3364.0 20.0 5092724.0 3564.0 13.0 3564.0 3551.0 0.0
