ts te idle avg_span std_span max_span min_span c_bytes_all c_ack_cnt c_ack_cnt_p c_pkts_all c_pkts_data s_bytes_all s_ack_cnt s_ack_cnt_p s_pkts_all s_pkts_data video_rate
0.0 10000.0 9971.008056640625 28.991943359375  28.991943359375 28.991943359375 139.32486844132848 0.48703636136563205 0.3246909075770881 0.5195054521233409 0.16234545378854404 660.7784660101319 0.8117272689427201 0.19481454454625283 0.8117272689427201 0.5844436336387585 0.0
10000.0 20000.0 336.22918359375035 774.4005835597823 289.57289692128785 999.7669999999998 67.20999999999913 25253.362071996235 447.603775329439 417.3956350885403 452.5713062386813 29.208140240898715 936566.368216247 681.893797212818 34.17567115014101 681.893797212818 643.7505951534346 336.0
20000.0 30000.0 19.305873046876513 759.4102765246977 314.2760122131703 997.349000000002 107.37868359374988 21521.076130066667 645.1709335798267 619.9748130523426 646.1709335798267 25.196120527484165 1135097.2470724827 838.8638757498807 25.691573684333992 838.8638757498807 812.1723020655467 288.0
30000.0 40000.0 48.956023437502154 730.0849388230849 360.0993965578213 999.0140000000029 0.0 16211.236929495772 554.2125514494992 534.7791576716706 554.2125514494992 19.433393777828574 958451.7665404252 714.9478571220482 19.937940620978747 714.9478571220482 695.0099165010694 735.1111111111111
40000.0 50000.0 199.62980468750175 612.5195967339403 349.4793716100453 998.8169999999955 23.096923828125 24793.0 557.7234864662139 525.3563214491286 567.7234864662139 28.0 1062625.5205913277 799.6484297876254 36.367165017085256 799.6484297876254 753.914099753455 690.4
50000.0 60000.0 807.8635859375063 691.5923543294284 348.2807718714328 999.6959999999963 0.0 17619.196692139412 463.3887931367995 440.252751623398 465.3887931367995 20.503206530486814 816886.1706451641 604.9882263220522 24.136041513401555 604.9882263220522 578.2193498257359 288.0
60000.0 70000.0 19.46307031250035 798.6903333333327 278.3577569378191 998.8899999999994 211.72999999999593 15212.047797140342 520.4207190400393 502.19949692691176 520.4207190400393 18.221222113127638 913123.0364649573 679.7140066064003 18.221222113127638 679.7140066064003 661.4927844932728 312.0
70000.0 80000.0 124.9682597656356 776.2467309126415 296.3628227882869 999.6940000000031 176.98399999999674 12736.755510720246 526.113778168074 510.83820681168845 526.113778168074 15.27557135638555 952439.515535898 707.2773681677413 15.27557135638555 707.2773681677413 692.0017968113558 480.0
80000.0 90000.0 1541.155148437494 768.1632467773437 296.9861475945196 997.8629999999976 87.89599999999336 11186.770824918864 359.40315732903673 345.97128729937145 359.40315732903673 13.431870029665314 653550.3611323247 488.12951294910374 13.431870029665314 488.12951294910374 474.6976429194384 364.8
90000.0 100000.0 3830.982568359381 572.019863867187 347.49481066228213 992.6140000000014 157.78800000000047 15124.181702441241 392.01661292788526 373.89345282225844 392.01661292788526 18.12316010562681 713425.4521700777 530.256585036825 18.12316010562681 530.256585036825 512.1334249311982 312.0
100000.0 110000.0 5119.900121093757 705.9277270507797 306.00818394195477 931.0 38.896999999997206 13490.862835181459 533.9018504044876 517.7222606081014 533.9018504044876 16.179589796386317 1196069.9947501188 855.3962234600061 16.179589796386317 855.3962234600061 839.2166336636199 737.1428571428571
110000.0 120000.0 1401.3582148437563 637.8321947916683 378.8749194985156 999.6870000000054 26.39000000001397 13330.221918955238 997.2553515927664 981.265461688938 997.2553515927664 15.989889903828457 1790394.6619938305 1274.3322016606758 15.989889903828457 1274.3322016606758 1258.3423117568473 1311.4285714285713
120000.0 130000.0 573.6908359375084 744.2911192491317 329.5522331725928 999.6130000000121 131.3289999999979 12957.012678679615 1304.8882356598642 1289.3573417421926 1304.8882356598642 15.53089391767175 2650275.0295496318 1887.4603399043588 15.53089391767175 1887.4603399043588 1871.929445986687 1766.6666666666667
130000.0 140000.0 149.68812499998603 691.8849880642374 331.99434301758254 999.9549999999872 68.72200000000885 12770.694771391785 1424.6163588980219 1409.305399875524 1424.6163588980219 15.310959022497787 3162227.192521702 2234.8897824786072 15.310959022497787 2234.8897824786072 2219.5788234561096 2300.0
140000.0 150000.0 16.085054687486263 773.5655173611093 308.54090280331815 999.2399999999907 115.84299999999348 13421.806132680074 1670.416902080484 1654.3267513348694 1670.416902080484 16.090150745614654 3216585.6470484007 2271.3480050747326 16.090150745614654 2271.3480050747326 2255.257854329118 2300.0
150000.0 160000.0 110.9764238280768 804.9091600413616 284.5822746643114 999.9679999999935 125.99199999999837 12804.449135751722 1426.7466026100947 1411.4031161313856 1426.7466026100947 15.343486478708913 3215375.7137800464 2285.987488453969 15.343486478708913 2285.987488453969 2270.64400197526 2300.0
160000.0 170000.0 893.4891992187768 749.6845010850666 323.14802619473625 999.8369999999995 23.26600000000326 12074.621135600832 1447.0969217167844 1432.613998752888 1447.0969217167844 14.482922963896474 2936241.0382738123 2087.7368617871316 14.482922963896474 2087.7368617871316 2073.253938823235 2300.0
170000.0 180000.0 15.35761914064642 820.9624581054668 248.2242024154524 999.752999999997 314.5780000000086 13787.378864399168 1526.2325579893948 1509.7154809532913 1526.2325579893948 16.517077036103526 3412586.384638795 2372.205613202045 16.517077036103526 2372.205613202045 2355.6885361659415 2300.0
180000.0 190000.0 209.94176171874278 756.5773443359387 264.30424298262716 999.9780000000028 195.98600000000442 14679.0 1680.3043752599226 1662.3043752599226 1681.3043752599226 17.0 3608488.1206087484 2573.112097755037 19.0 2573.112097755037 2552.112097755037 2300.0
190000.0 200000.0 281.99680078128586 704.5977657180047 385.6269247909976 999.9519999999902 7.731999999989057 14135.44653350302 1469.7470940984788 1452.8031826123306 1469.7470940984788 16.943911486148217 3306336.7991081094 2279.169709770143 16.943911486148217 2279.169709770143 2262.2257982839947 2300.0
200000.0 210000.0 29.878419921878958 774.201641113279 294.4256011703938 999.984999999986 0.0 12566.55346649698 1448.0163634312607 1432.9602749174092 1448.0163634312607 15.056088513851783 3231766.4605616922 2294.8117163527477 15.056088513851783 2294.8117163527477 2279.755627838896 2300.0
210000.0 220000.0 94.07087304684683 827.2690657958992 228.62681127978772 999.5279999999912 323.6110000000044 12510.0 1429.6239736848345 1414.6239736848345 1429.6239736848345 15.0 3237045.951262315 2282.3201396584845 15.0 2282.3201396584845 2267.3201396584845 2300.0
220000.0 230000.0 44.21125585937989 653.8270575597434 388.261998347915 999.9349999999977 82.00800000000163 13219.332187756445 1464.5595277527577 1448.7049106590753 1464.5595277527577 15.854617093682466 3262516.6274007517 2287.6453931859564 15.854617093682466 2287.6453931859564 2271.790776092274 2300.0
230000.0 240000.0 16.537976562482072 731.806610568577 340.05013012665125 999.8930000000109 7.73499999998603 12897.43262743659 1476.6960647560584 1461.245735513407 1476.6960647560584 15.450329242651307 3223329.783516198 2296.5313423534303 15.450329242651307 2296.5313423534303 2281.0810131107787 2300.0
240000.0 250000.0 834.690009765618 681.5110805431531 339.86036706733614 999.8059999999823 115.79999999998836 12150.636520807468 1562.9311257979364 1548.3532244385713 1562.9311257979364 14.577901359365049 3173601.2605138524 2243.9675737319867 14.577901359365049 2243.9675737319867 2229.3896723726216 2300.0
250000.0 260000.0 16.612904296955094 780.5055294744274 265.5324642326292 999.5040000000154 236.23700000002282 13454.598663999497 1588.4216754592967 1572.3045231549956 1588.4216754592967 16.11715230430118 3428513.996129534 2387.2173744371257 16.11715230430118 2387.2173744371257 2371.1002221328245 2300.0
260000.0 270000.0 22.26788085937733 766.7641825195315 266.67278072733313 999.8589999999967 173.12300000002142 15058.770141310562 1537.4107955002364 1519.9866855718087 1538.4107955002364 17.424109928427516 3428488.865699237 2399.1231333327296 18.424109928427516 2399.1231333327296 2379.6990234043024 2300.0
270000.0 280000.0 45.999267578125 667.4558070312487 356.94662282232235 999.9309999999823 49.896000000007916 14968.289832910192 1484.9158904814135 1465.8097524857326 1485.9158904814135 17.294488615777652 3272436.5892779483 2329.780128022548 20.10613799568071 2329.780128022548 2306.862340646964 2300.0
280000.0 290000.0 18.896009765623603 673.2743144531269 370.5867815175679 999.8680000000168 29.820046874985565 12617.5686347109 1576.2224269826213 1560.8996050603416 1576.2224269826213 15.134471302182614 3338526.1611403963 2326.8700974486414 15.322821922279557 2326.8700974486414 2311.358924906265 2300.0
290000.0 300000.0 515.3204199218308 821.7136110026105 204.39591124054428 999.4050000000279 231.277099609375 12852.926469919888 1385.9468904699345 1370.5457280795943 1385.9468904699345 15.401162390340243 3074486.0461044796 2180.7475772906123 15.401162390340243 2180.7475772906123 2165.346414900272 2300.0
