ts te idle avg_span std_span max_span min_span c_bytes_all c_ack_cnt c_ack_cnt_p c_pkts_all c_pkts_data s_bytes_all s_ack_cnt s_ack_cnt_p s_pkts_all s_pkts_data video_rate
0.0 10000.0 6299.820865234375 682.9122663352272 272.6764974847898 993.6080000000002 171.17299999999886 22113.410883749002 433.13420345120073 408.2600964527876 437.13420345120073 24.87410699841309 987626.8815734236 642.6440402150704 42.64811171222159 642.6440402150704 595.9959285028488 480.0
10000.0 20000.0 224.9242851562558 671.4171397758153 363.9762589344571 999.6489999999976 0.0 18024.56758708691 1061.6597789300902 1038.0758407337687 1062.6888371561863 21.583938196321533 2703558.8432885082 1483.1841394250614 37.90858639945449 1483.1841394250614 1444.2464947995106 1533.3333333333333
20000.0 30000.0 2499.5999296875016 742.2793659667968 297.54365849210194 998.726999999999 71.6929999999993 15903.021529164089 594.2060176187092 575.6640628134438 595.176959392613 18.54195480526538 1537200.2751380687 817.1718203598682 33.443301888323916 817.1718203598682 782.7575766976404 840.0
30000.0 40000.0 3167.2598632812587 644.5014956752228 335.02403262862003 998.8059999999969 242.60199999999895 13045.579362206066 491.251674371057 475.59243124641546 491.251674371057 15.659243124641545 1260894.0 675.0 26.0 675.0 649.0 840.0
40000.0 50000.0 946.7899394531341 712.236270703125 326.2525254456391 996.3890000000029 269.5200000000041 11964.420637793934 459.748325628943 445.40756875358454 459.748325628943 14.340756875358455 1226868.0 628.0 25.0 628.0 603.0 840.0
50000.0 60000.0 2029.6120351562568 768.266714285713 292.69476793658464 998.3289999999979 84.50699999999779 13345.0 487.0 471.0 487.0 16.0 1250380.0 658.0 27.0 658.0 631.0 840.0
60000.0 70000.0 2419.682115234362 680.6567299479182 363.7811898083472 998.9030000000057 0.0 14553.778858587339 518.5210661765536 501.07822588927206 518.5210661765536 17.442840287281562 1403728.0044513256 717.2779899112139 29.664260430922344 717.2779899112139 687.6137294802916 840.0
70000.0 80000.0 2003.1952265625005 726.4732155412951 273.19189448772147 998.3300000000017 257.025999999998 12654.089988788453 501.36991741140656 486.18242983603477 501.36991741140656 15.187487575371843 1276169.9955486744 709.3523379514395 24.966067431731062 709.3523379514395 684.3862705197084 840.0
80000.0 90000.0 1996.758890625002 707.5011541748054 329.8928805763445 998.7090000000026 22.411999999996624 13968.27753127505 512.932622185913 496.2025205259198 512.932622185913 16.730101659993213 1472142.4545060748 731.7816136882612 28.909856187414213 731.7816136882612 702.871757500847 840.0
90000.0 100000.0 970.9459453125019 708.976267003676 327.50614443278266 999.929999999993 0.9016874999942956 13039.853621349157 893.4347587648493 877.7951882874959 893.4347587648493 15.63957047735338 2552158.1705583963 1293.4294092312778 26.459815949932377 1293.4294092312778 1266.9695932813454 1882.857142857143
100000.0 110000.0 2827.929718750005 642.4663351562505 349.77807150126415 998.9820000000036 88.25999999999476 12996.0 702.7416354612775 687.7416354612775 703.7416354612775 15.0 2108499.374935529 1027.1586492178076 27.0 1027.1586492178076 999.1586492178076 2008.0
110000.0 120000.0 1768.245396484388 706.4156315789472 381.27891704370705 999.7980000000098 40.720000000001164 15867.0 664.0 644.0 664.0 19.0 1718258.0 945.0 35.0 945.0 909.0 840.0
120000.0 130000.0 3375.591205078148 694.649637974331 342.5666766371164 998.8669999999984 118.71700000000419 11298.662682417418 596.8379222768798 583.2703378215039 596.8379222768798 13.567584455375954 1677408.538135938 875.1351689107519 23.851376683063933 875.1351689107519 851.283792227688 1535.0
130000.0 140000.0 200.08781054688734 780.2907276475695 317.6756942214428 999.2799999999988 119.4208984375 12586.073868642074 745.4342036120978 730.3448812808289 745.4342036120978 15.08932233126885 2143049.45034306 1073.142593186044 25.462436890225675 1073.142593186044 1047.6801562958183 1500.0
140000.0 150000.0 162.48330468754284 830.3465768914443 217.45595677135552 999.2889999999898 142.03899999998976 14093.139348669618 931.244982393134 914.3544795459629 931.244982393134 16.890502847171184 2416350.2286302904 1264.4074787486038 29.23359606052638 1264.4074787486038 1235.1738826880774 1500.0
150000.0 160000.0 1676.366207031242 813.5150721261119 250.83031531700485 999.679999999993 301.62899999998626 10379.12410027089 621.4828917178884 609.0303013517043 621.4828917178884 12.452590366184012 1676881.7828907112 860.3147591546003 22.452590366184012 860.3147591546003 837.8621687884163 1500.0
160000.0 170000.0 1642.1643964843825 764.2039174107139 347.6109476501592 999.3649999999907 16.749267578125 15481.758394250764 899.0198938415585 880.4804258966781 899.0198938415585 18.53946794488044 2484399.048607608 1274.0130832834457 35.07893588976088 1274.0130832834457 1238.9341473936847 1500.0
170000.0 180000.0 1640.621445312514 713.2345463324665 326.76925054597666 999.4549999999872 44.95673242188059 12902.241605749236 923.8593744934964 908.3988424383768 923.8593744934964 15.460532055119561 2472368.4014770277 1313.1153110798748 27.921064110239122 1313.1153110798748 1285.1942469696355 1614.2857142857142
180000.0 190000.0 6864.00846875002 517.0359857700865 302.53021517834696 995.3949999999895 255.6710000000021 4962.0 249.12073166494508 243.12073166494508 249.12073166494508 6.0 707943.5499153641 352.87160563667953 11.0 352.87160563667953 341.87160563667953 2300.0
190000.0 200000.0 2514.513421874988 695.5927222222219 296.4912879916026 999.5 255.42499999998836 22984.0 606.0 578.0 607.0 27.0 1546140.0 903.0 50.0 903.0 851.0 505.2
200000.0 210000.0 2305.0680175781017 710.8793034855782 340.9727478387784 999.3949999999895 0.0 11347.037832366645 647.2972966300787 633.6643236637779 647.2972966300787 13.632972966300787 1968649.3954685512 955.1216207875983 21.632972966300787 955.1216207875983 933.4886478212975 1900.0
210000.0 220000.0 1477.2257148437784 751.112885569854 261.12773778076837 999.5329999999958 260.2030000000086 13668.962167633355 713.7027033699213 697.3356763362221 713.7027033699213 16.367027033699213 1922060.6045314488 1019.8783792124017 29.367027033699213 1019.8783792124017 990.5113521787025 1122.857142857143
220000.0 230000.0 560.3129042969085 748.9702063802048 317.4193062722578 999.8399999999965 249.81299999999464 13348.894649345331 488.04838524748465 472.0322568316564 488.04838524748465 16.016128415828213 1256639.0071660697 690.5241926237424 25.508064207914106 690.5241926237424 665.0161284158282 840.0
230000.0 240000.0 2341.6347832031315 698.880053193935 321.96080295888265 996.7060000000056 103.88099999999395 18949.105350654667 522.9516147525153 498.9677431683436 525.9516147525153 20.983871584171787 1317189.9928339305 770.4758073762576 38.4919357920859 770.4758073762576 725.9838715841718 840.0
240000.0 250000.0 3883.3369140625 588.5848571428588 344.89982640222144 998.9639999999781 76.07500000001164 12505.0 481.0 465.0 481.0 15.0 1204959.0 641.0 27.0 641.0 613.0 840.0
250000.0 260000.0 4165.896042968787 653.9250186197847 355.21875458668706 999.6660000000265 78.185302734375 15052.422654637196 572.0594383097014 554.5690070168691 573.0594383097014 17.490431292832312 1404321.9162000038 802.8124827114302 32.779778735656734 802.8124827114302 769.0327039757734 840.0
260000.0 270000.0 4230.235849609366 617.5730514787969 323.8480523407835 998.0630000000237 103.98700000002282 13775.577345362804 485.9405616902986 469.43099298313086 485.9405616902986 16.509568707167688 1409992.0837999964 700.1875172885698 29.22022126434326 700.1875172885698 670.9672960242266 840.0
270000.0 280000.0 3630.840925781231 678.2677692307625 329.07943134603187 999.2880000000005 86.73599999997532 12505.0 440.0 425.0 440.0 15.0 1246882.0 606.0 25.0 606.0 581.0 840.0
280000.0 290000.0 6638.291121093731 545.9676496582033 302.44544008200745 998.1610000000219 247.92499999998836 7336.181728073548 168.56272503354162 159.70876514516618 168.56272503354162 8.85395988837543 421589.2235368369 240.72603019886563 15.573177525372147 240.72603019886563 225.1528526734935 840.0
290000.0 300000.0 2465.293738281238 709.8702881433829 264.8885784021675 999.2420000000275 300.80300000001444 19356.81827192645 705.9995267400641 682.8534866284396 705.9995267400641 23.146040111624572 1887318.652623545 1030.2194288046276 43.426822474627855 1030.2194288046276 986.7926063299998 704.0
