ts te idle avg_span std_span max_span min_span c_bytes_all c_ack_cnt c_ack_cnt_p c_pkts_all c_pkts_data s_bytes_all s_ack_cnt s_ack_cnt_p s_pkts_all s_pkts_data video_rate
0.0 10000.0 5450.916064453126 547.6977915364585 356.848336666663 999.3770000000004 18.410888671875 20837.425809340428 681.3609401329682 658.0111783537642 685.3609401329682 23.349761779204005 1511707.1007935188 965.4011013614407 27.349761779204005 965.4011013614407 934.0513395822367 840.0
10000.0 20000.0 1811.1910097656219 653.253880289714 308.3303451261249 976.2430000000022 34.72699999999895 14708.574190659572 619.6390598670318 600.9888216462358 620.6390598670318 17.650238220795995 1057163.899206481 716.5988986385594 18.650238220795995 716.5988986385594 697.9486604177632 495.0
20000.0 30000.0 4351.533660156245 506.820452524039 327.84748291517093 998.0970000000016 28.207000000002154 16901.96917216291 635.3458323722255 615.1000257544549 635.3458323722255 20.245806617770675 1279451.5262079684 862.0161581098683 20.245806617770675 862.0161581098683 841.7703514920977 1078.0
30000.0 40000.0 38.432582031229686 555.2947188476577 434.5927420071247 999.9100000000035 60.822000000000116 12679.564761517868 929.92597218169 914.7245888544717 929.92597218169 15.20138332721837 2067890.922080903 1390.763400722908 15.20138332721837 1390.763400722908 1375.5620173956895 1500.0
40000.0 50000.0 26.97895898440038 817.3561619944834 254.5602170458948 999.8530000000028 176.87999999999738 13751.820908674657 967.8341266019902 951.3331516510701 967.8341266019902 16.500974950920018 2232298.201359666 1514.816718267218 16.500974950920018 1514.816718267218 1498.315743316298 1500.0
50000.0 60000.0 23.823919921866036 765.393488498264 319.58691856917056 999.9440000000031 51.76398632812197 13278.612154569422 997.7834116833435 981.8701705588611 997.7834116833435 15.913241124482326 2225683.615274996 1527.4385581321465 15.913241124482326 1527.4385581321465 1511.525317007664 1728.5714285714287
60000.0 70000.0 66.24203710939037 763.0002365451372 294.1407481201491 999.9330000000045 147.16999999999825 12859.350419701921 1453.498378846921 1438.0774747267983 1453.498378846921 15.420904120122795 3173597.1277922792 2182.917506735058 15.420904120122795 2182.917506735058 2167.496602614935 2300.0
70000.0 80000.0 16.997636718748254 608.8675654761901 376.44995542720585 999.8830000000016 64.18899999999849 15633.386277966229 1332.0704450080207 1313.9267412594693 1333.0704450080207 18.143703748551136 3179417.854565445 2211.438963630349 19.143703748551136 2211.438963630349 2191.295259881798 2300.0
80000.0 90000.0 486.7265878906328 577.6209988839282 391.63140591002633 999.9660000000003 56.47699999999895 12528.196298671675 1293.8566781195898 1277.8350673135662 1293.8566781195898 15.021610806023366 3038089.9453317067 2128.2097617742156 16.021610806023368 2128.2097617742156 2111.188150968192 2300.0
90000.0 100000.0 430.2265019531187 660.4562169921876 348.6635689921468 998.9799999999959 34.8579999999929 12937.28060643491 1459.8342107296346 1444.326751577099 1459.8342107296346 15.507459152535521 3335781.2193886624 2335.966540629322 15.507459152535521 2335.966540629322 2320.4590814767867 2300.0
100000.0 110000.0 195.6837597656122 808.4437299547702 298.76209930825877 999.6399999999994 44.88574414062896 12535.094504408145 1407.1588512870073 1392.1447852055699 1407.1588512870073 15.01406608143746 3247110.9118445325 2280.616395432134 15.01406608143746 2280.616395432134 2265.6023293506964 2300.0
110000.0 120000.0 373.4866542968957 752.0961853770398 302.1518523259719 999.9510000000009 191.7259999999951 15897.000353929758 1392.427171414708 1372.8874419904168 1393.427171414708 18.53972942429117 2968450.047130659 2115.3474898952327 20.53972942429117 2115.3474898952327 2092.8077604709415 2300.0
120000.0 130000.0 245.51816992188105 591.6262344637785 365.8820235277281 999.5689999999886 30.703000000008615 14566.657310777744 1494.9747027032317 1478.1071773430272 1496.9747027032317 16.867525360204443 3346175.4953162693 2380.244158560497 17.867525360204443 2380.244158560497 2359.3766332002924 2300.0
130000.0 140000.0 434.69768359378213 535.572354085285 390.21848397495916 999.7870000000112 19.380000000004657 12580.815966500362 1427.9120560406552 1412.827951567377 1427.9120560406552 15.084104473278341 3167884.9021386835 2239.6726241189117 15.084104473278341 2239.6726241189117 2224.588519645634 2300.0
140000.0 150000.0 543.5108847656229 780.2050562294439 281.30997999308386 999.2809999999881 15.456000000005588 12916.515852750545 1309.7088741827336 1294.226076257852 1309.7088741827336 15.482797924881883 3116989.112718345 2228.0430676707942 15.482797924881883 2228.0430676707942 2212.5602697459126 2300.0
150000.0 160000.0 119.97951367186033 740.5358783118212 377.3139007925783 999.7300000000105 27.519999999989523 12707.564371220154 1507.8195903094872 1492.5849532890356 1507.8195903094872 15.234637020451492 3398546.5412208578 2313.9621531691178 15.234637020451492 2313.9621531691178 2298.7275161486664 2300.0
160000.0 170000.0 910.936453125003 732.0984246961775 334.7760271852789 998.872000000003 24.687000000005355 13665.65812051867 1382.4474733362767 1366.079047492777 1382.4474733362767 16.368425843499637 3129806.641528604 2141.9688677994227 16.368425843499637 2141.9688677994227 2125.600441955923 2300.0
170000.0 180000.0 55.97728710938827 683.4640984374986 371.9791370918111 999.6179999999877 65.98800000001211 12711.214260477223 1393.0879523539556 1376.842515512187 1393.0879523539556 15.245436841768646 3263780.788149044 2248.8980329274473 15.245436841768646 2248.8980329274473 2232.652596085679 2300.0
180000.0 190000.0 1321.6560644531273 579.4673491210954 394.614299081749 998.8990000000049 64.53800000000047 12221.166719363475 1226.3576471624642 1211.7006795622704 1226.3576471624642 14.65696760019415 2912126.5349953086 2025.4200278403323 14.65696760019415 2025.4200278403323 2010.7630602401382 2300.0
190000.0 200000.0 765.3400957031408 755.2714411514943 317.5995130001179 999.7850000000035 166.9189999999944 15066.697649892463 1391.7822646398909 1374.2838113739854 1392.7822646398909 17.49845326590554 3282045.658464865 2307.435901684509 18.49845326590554 2307.435901684509 2287.9374484186033 2300.0
200000.0 210000.0 14.804146484384546 695.5828280362198 372.9981372063667 999.9640000000072 23.095999999990454 12829.366299620779 1514.0843380918443 1498.7042657644777 1514.0843380918443 15.380072327366491 3107271.7968810187 2099.0928442136333 14.707372338269955 2099.0928442136333 2084.3854718753632 2300.0
210000.0 220000.0 18.649826171866152 762.8352386718718 295.4722650134108 999.5899999999965 88.68900000001304 13300.108588433897 1644.618742117298 1628.6787730099204 1644.618742117298 15.939969107377781 3352083.217791309 2338.2537288162566 16.612669096474317 2338.2537288162566 2321.641059719782 2300.0
220000.0 230000.0 102.13286914065247 622.0962697482626 388.44289312280466 999.5940000000119 55.92300000000978 12664.109756144644 1306.7117180002783 1291.5286897863298 1306.7117180002783 15.18302821394851 3119957.264531736 2181.59518895124 15.18302821394851 2181.59518895124 2166.4121607372913 2300.0
230000.0 240000.0 16.02039453125326 773.6427796223967 308.17045135652836 999.252999999997 128.50400000001537 12932.995182498584 1367.4049183199784 1351.9025487445645 1367.4049183199784 15.502369575413995 3255373.7410738845 2269.8412902793425 15.502369575413995 2269.8412902793425 2254.3389207039286 2300.0
240000.0 250000.0 43.874591796891764 681.5532803199409 341.1261032203646 999.1290000000154 47.31406445312314 12595.999260218752 1468.7052492486923 1452.618708205023 1468.7052492486923 15.086541043669392 3238376.2511456697 2294.1857596460645 15.086541043669392 2294.1857596460645 2278.0992186023946 2300.0
250000.0 260000.0 35.488041015632916 722.1044301525246 328.2448872599425 999.8339999999735 55.035888671875 15088.803223748637 1524.609438806829 1507.1121580302615 1525.609438806829 17.497280776567422 3252641.242050175 2294.9376985947997 18.497280776567422 2294.9376985947997 2275.440417818232 2300.0
260000.0 270000.0 95.12430664058775 620.591409978695 365.0390859836659 999.1049999999814 0.0 14863.473112246025 1254.2184457082183 1236.0098487343525 1255.2184457082183 17.208596973865763 2934588.7679518997 2085.0046315136206 19.208596973865763 2085.0046315136206 2063.7960345397546 2300.0
270000.0 280000.0 735.9053105469211 631.5608653371701 352.33474884454125 999.7129999999888 60.367000000027474 13551.578867550548 1273.607615505516 1257.3527012072623 1273.607615505516 16.254914298253674 2954513.89703889 2092.792565513761 16.254914298253674 2092.792565513761 2076.537651215507 2300.0
280000.0 290000.0 22.469398437591735 805.3783325737814 247.79638919581328 999.8969999999972 168.8400000000256 12475.270203666178 1572.7179952270603 1557.7592420160552 1572.7179952270603 14.95875321100496 3207836.564465626 2220.04567179289 14.95875321100496 2220.04567179289 2205.0869185818847 2300.0
290000.0 300000.0 802.9468339844025 705.7387054036403 362.57249324034143 999.4409999999916 3.827999999979511 15070.729796333822 990.4959000004592 972.4546532114641 990.4959000004592 18.04124678899504 2166681.2115609953 1537.0742935789085 18.04124678899504 1537.0742935789085 1519.0330467899134 2300.0
