ts te idle avg_span std_span max_span min_span c_bytes_all c_ack_cnt c_ack_cnt_p c_pkts_all c_pkts_data s_bytes_all s_ack_cnt s_ack_cnt_p s_pkts_all s_pkts_data videorate
0.0 10000.0 6943.7720585937495 628.5621207031254 274.82781857441574 996.9670000000006 317.41300000000047 20254.713944241026 428.8029757923661 405.94883953871886 432.8029757923661 22.854136253647226 920126.7124958697 610.2821985314139 37.211317534149686 610.2821985314139 569.0708809972642 660.0
10000.0 20000.0 1304.0388046874941 667.7489917436088 361.1605727651944 999.6520000000019 103.82800000000134 20727.714425826634 1067.9743900388435 1043.1451196772086 1067.9743900388435 24.829270361635032 2474697.601657828 1456.549784062578 45.15549569641483 1456.549784062578 1411.394288366163 1141.8181818181818
20000.0 30000.0 59.22193750000588 727.2615010986324 330.488179992099 999.5190000000002 239.15499999999884 13237.31758651222 977.8091791098076 961.9321738720186 977.8091791098076 15.877005237789028 2716793.620437184 1411.3817697020263 26.134426379615753 1411.3817697020263 1385.2473433224106 1957.142857142857
30000.0 40000.0 574.6667382812448 813.8779417317705 229.21596151166855 999.8819999999978 305.8679121093737 14300.411960319903 1064.0541627266537 1046.9243632769935 1064.0541627266537 17.129799449660048 2553870.5236343937 1447.8396335355328 30.8791829952824 1447.8396335355328 1416.9604505402503 1500.0
40000.0 50000.0 66.06655273438082 700.1015606689452 357.0225250537011 999.8310000000056 225.4389999999985 12770.842083100215 971.3750850528843 956.0652963556156 971.3750850528843 15.309788697268665 2768738.121073769 1400.6417803423244 24.953273778917907 1400.6417803423244 1375.6885065634065 2166.6666666666665
50000.0 60000.0 98.5565371093544 628.8402294921891 393.14922392368885 999.7569999999978 0.0 12244.166299187355 1067.8366785191024 1053.1523955034404 1067.8366785191024 14.684283015661942 2976637.545059511 1518.7400218802031 25.034869646943303 1518.7400218802031 1492.70515223326 2300.0
60000.0 70000.0 1019.8968886718794 758.8072440185533 350.8287989444538 999.9339999999938 0.0 12775.833700812645 1008.1475287603424 992.8318117760043 1008.1475287603424 15.315716984338058 2666076.875641444 1430.5648119459215 26.631433968676117 1430.5648119459215 1403.9333779772453 1766.6666666666667
70000.0 80000.0 1321.3094785156281 781.5757822265617 306.59283035309574 999.7130000000034 246.07600000000093 11796.041536932878 754.0415064590687 739.8907672594635 754.0415064590687 14.150739199605162 2069016.2788027176 1105.524389938814 23.301478399210325 1105.524389938814 1082.2229115396037 1660.0
80000.0 90000.0 301.1196621093841 752.4139405381939 305.9276468019014 999.2519999999931 0.0 14650.297028356108 907.667620884303 890.1219959921159 907.667620884303 17.545624892186986 2463075.664112893 1308.8411315546314 30.091249784373968 1308.8411315546314 1278.7498817702574 1500.0
90000.0 100000.0 52.09396289064898 702.753543313419 331.24699080041086 999.7820000000065 225.0130000000063 12324.34599225644 1020.6501955937887 1005.8706872894461 1020.6501955937887 14.779508304342567 2792635.9852060485 1470.2150384388547 24.559016608685134 1470.2150384388547 1445.6560218301695 2166.6666666666665
100000.0 110000.0 619.1011464843759 774.1900117187489 246.46449270441963 999.9470000000001 366.35999999998603 12538.679931841825 1060.5095999074367 1045.4820252645975 1060.5095999074367 15.027574642839117 2717988.507379626 1442.3710918476688 26.303425766191317 1442.3710918476688 1416.0676660814777 1900.0
110000.0 120000.0 817.2303828125005 703.7124135742215 352.75931257210055 999.1520000000019 247.1130000000121 12692.97473893062 701.856726544715 686.632929844594 701.856726544715 15.22379670012103 1950527.8191244951 1023.22689073775 24.92656065882383 1023.22689073775 998.3003300789261 1500.0
120000.0 130000.0 3261.569400390639 646.4978424479164 324.0327509247675 999.4169999999867 218.74700000000303 12269.257981450546 785.1481480617905 770.441736609744 785.1481480617905 14.706411452046392 2163883.3006883846 1160.1347555315738 27.4687515694273 1160.1347555315738 1132.6660039621465 1500.0
130000.0 140000.0 47.70671484374907 692.0298363486838 324.3715805002463 999.814000000013 230.73300000000745 14397.145121722566 1004.6634422700881 987.4121303216914 1004.6634422700881 17.251311948396737 2818697.6512875655 1456.8017071604806 30.719451492364094 1456.8017071604806 1426.0822556681169 1842.857142857143
140000.0 150000.0 67.80397265625652 704.7700600585922 351.75455989673134 998.7719999999972 228.4899999999907 12517.480702242141 1047.2356218474301 1032.226737402962 1047.2356218474301 15.008884444468102 2846791.8576274347 1475.6967251593035 25.017768888936203 1475.6967251593035 1450.6789562703673 2300.0
150000.0 160000.0 1759.0325253906194 676.4607769097202 327.4003215938561 999.0599999999977 90.20699999999488 15177.34635453048 931.8785763601492 914.0687343361365 932.8785763601492 17.809842024012692 2638151.201729421 1352.680200956153 31.867837244015995 1352.680200956153 1319.8123637121366 1900.0
160000.0 170000.0 348.0730292968219 688.2734212582276 362.5437347521815 999.0650000000023 28.71799999999348 14346.501579073083 930.7511058769575 912.5611285023912 930.7511058769575 17.18997737456636 2629379.4604633846 1353.7739102788719 32.13180155314211 1353.7739102788719 1320.64210872573 1728.5714285714287
170000.0 180000.0 81.35696679688408 705.1692618408197 350.1572493107506 999.551999999996 222.80400000000373 12496.656962738132 1068.5346843727582 1053.5505312103614 1068.5346843727582 14.984153162396833 2994965.581189063 1580.27389040341 24.968306324793666 1580.27389040341 1555.3055840786164 2300.0
180000.0 190000.0 62.894740234391065 698.6366971435527 363.6883514374311 999.9489999999932 220.2719999999972 12524.352381237786 1042.7009667850846 1027.6839212016669 1042.7009667850846 15.017045583417797 2992028.4529676246 1478.485516388444 25.034091166835594 1478.485516388444 1453.4514252216086 2300.0
190000.0 200000.0 52.34482617184403 716.3252943115258 336.8355371113392 997.4159999999974 221.23600000000442 12503.748788208843 997.2310265913866 982.2384508334188 997.2310265913866 14.992575757967748 3012987.1224121056 1330.2785839364792 24.985151515935495 1330.2785839364792 1305.2934324205435 2300.0
200000.0 210000.0 33.663800781272585 741.3376765407997 316.16270123572707 999.070000000007 242.50500000000466 14047.604799996374 1171.0689754808195 1153.7139495745453 1171.0689754808195 16.822101925807964 3034545.128946719 1497.9016922442545 30.889430145528188 1497.9016922442545 1466.47933811826 1842.857142857143
210000.0 220000.0 116.41293164063245 693.8452202435651 340.72843986515727 998.8219999999856 244.21890429686755 12660.853677406238 930.7564215921299 915.1037770976884 930.7564215921299 15.185568474907727 2814583.722776115 1275.159540744127 25.125910655903194 1275.159540744127 1249.5665540686903 2166.6666666666665
220000.0 230000.0 55.13525781247881 717.0734002685567 336.7939469071158 997.4709999999905 195.04699999999139 12766.71242307594 1037.0158409802455 1021.7109568673286 1037.0158409802455 15.304884112916795 3060160.3741354235 1427.4141039880717 24.954116436812683 1427.4141039880717 1402.459987551259 2300.0
230000.0 240000.0 86.3471542969055 694.2690611572252 360.88396415655177 999.9130000000005 170.5 12258.845308041404 1022.3217122673689 1007.6199957495048 1022.3217122673689 14.7017165178639 2939900.93151234 1376.7422614955549 25.05908482474871 1376.7422614955549 1351.683176670806 2300.0
240000.0 250000.0 2049.9513593749725 724.2444778180798 293.921792767591 999.539999999979 284.6720000000205 10368.354348981593 765.4234677221008 752.9707106354554 765.4234677221008 12.45275708664525 2247059.453894096 1058.2341009231052 21.6264287909465 1058.2341009231052 1036.6076721321588 1980.0
250000.0 260000.0 620.4922675781418 763.5702688476507 241.17879272191973 999.7669999999925 278.790947265632 16464.68201958248 925.7046063554238 906.5499897650344 926.7046063554238 19.154616590389537 2546672.3705505677 1289.4039497640726 34.83515969790739 1289.4039497640726 1253.5687900661653 1500.0
260000.0 270000.0 43.28261718747672 733.2036534288231 329.5350289359487 999.9070000000065 133.24599999998463 14494.831600030404 1025.6210925068349 1008.2535636083419 1025.6210925068349 17.367528898493102 2871927.561515105 1474.4229543576726 30.48821666220188 1474.4229543576726 1443.9347376954709 1842.857142857143
270000.0 280000.0 40.26392968755681 720.4254959716745 329.8071554448618 999.1230000000214 223.64899999997579 12502.068370885889 1044.589798088868 1029.5992180759395 1044.589798088868 14.990580012928609 3001552.858216635 1423.8030765701048 24.981160025857218 1423.8030765701048 1398.8219165442474 2300.0
280000.0 290000.0 75.93719921878073 701.5442008056671 343.076928092253 999.4490000000224 225.9079999999958 12790.218352478227 1017.3479343095987 1002.0151334159191 1017.3479343095987 15.332800893679604 2983163.232580876 1408.1631472521815 25.103391428261475 1408.1631472521815 1383.05975582392 2300.0
290000.0 300000.0 29.14838671864709 726.04551086426 345.81410934717894 999.7970000000205 0.0 13478.132557898785 1100.7471098264423 1084.5996456852463 1100.7471098264423 16.14746414119615 3001324.962785485 1453.300791998699 25.597245240610977 1453.300791998699 1427.703546758088 2300.0
