ts te idle avg_span std_span max_span min_span c_bytes_all c_ack_cnt c_ack_cnt_p c_pkts_all c_pkts_data s_bytes_all s_ack_cnt s_ack_cnt_p s_pkts_all s_pkts_data videorate
0.0 10000.0 6457.990003906249 654.5573949819711 349.67911400425515 989.9759999999987 94.85205078125 25784.454760664743 595.6604892617005 565.6516207365308 599.6604892617005 30.00886852516962 1058476.5708630234 697.6422557696499 34.00886852516962 697.6422557696499 659.6333872444802 480.0
10000.0 20000.0 1379.172763671886 661.8568240559889 315.2724501380091 999.8059999999969 58.45999999999913 9662.545239335255 246.49585088437354 234.50471940954316 247.49585088437354 10.991131474830379 465363.30534148024 335.51408437642414 12.991131474830379 335.51408437642414 320.5229529015938 480.0
20000.0 30000.0 2847.6630917968796 604.9935461554269 285.440939328189 997.3499999999985 37.06399999999849 20410.940551030923 529.623857663833 505.17880821135617 529.623857663833 24.445049452476734 961644.442949466 697.623857663833 24.445049452476734 697.623857663833 673.1788082113562 456.0
30000.0 40000.0 1961.5963574218767 638.1969773437498 324.1745160948477 999.7320000000036 32.533000000003085 13437.846034544695 917.6925446499715 901.5842767386677 917.6925446499715 16.108267911303763 1635838.297431793 1138.179514738142 15.554950547523266 1138.179514738142 1122.6245641906187 1280.0
40000.0 50000.0 809.1746718749928 463.0159685724433 428.95406132514637 999.9630000000034 44.2109375 12779.517917245594 910.5498950770136 895.2291459789407 910.5498950770136 15.320749098072863 2032830.2974473892 1366.1327184160484 15.874066461853358 1366.1327184160484 1350.2586519541953 1500.0
50000.0 60000.0 781.3756367187307 712.4752958470398 372.10531937860225 999.9839999999967 44.65087890625 13457.69549717879 1028.9506400253429 1012.8247064871963 1028.9506400253429 16.12593353814664 2221014.478258914 1546.8708256839755 16.12593353814664 1546.8708256839755 1530.7448921458288 1500.0
60000.0 70000.0 46.19934375000594 831.3385962171045 283.15549331814344 999.6619999999966 152.04899999999907 12928.979937708229 985.010383678219 968.4994325346723 985.010383678219 15.51095114354662 2139288.4180100313 1488.7703087224209 14.529219638801736 1488.7703087224209 1473.241089083619 1500.0
70000.0 80000.0 1252.1084277343762 698.3170932074645 296.0000718014128 998.2690000000002 116.7719999999972 12921.020062291771 1097.807969554244 1082.3189206977906 1097.807969554244 15.48904885645338 2448273.9722767514 1722.7828168619837 16.470780361198265 1722.7828168619837 1706.3120365007853 1842.857142857143
80000.0 90000.0 250.11365039063094 536.1153863467251 375.34112059200544 999.7890000000043 49.554000000003725 15019.978612573555 1468.420108797392 1450.9379914014712 1469.420108797392 17.4821173959209 3322526.8005034197 2243.3734704861886 18.4821173959209 2243.3734704861886 2223.8913530902673 2300.0
90000.0 100000.0 420.57810937499744 582.210407714844 404.94465108138496 999.2890000000043 44.7060546875 12801.592332648785 1370.6315710844067 1355.2845442573025 1370.6315710844067 15.347026827104422 3188285.575951204 2139.3413308221557 15.347026827104422 2139.3413308221557 2123.9943039950513 2300.0
100000.0 110000.0 704.6047773437749 725.4308406032958 331.05617232120227 999.9229999999952 123.21499999999651 13495.42905477766 1223.4549153720527 1207.284059595078 1223.4549153720527 16.170855776974683 2903859.106769777 2023.4417652847378 16.170855776974683 2023.4417652847378 2007.270909507763 2300.0
110000.0 120000.0 1875.3118632812693 756.1331992187495 281.0079035265425 999.8789999999863 115.39600000000792 12488.492831280199 1324.8250369529724 1309.8386375318046 1324.8250369529724 14.98639942116764 2872029.6390419197 1999.3289879940949 14.515731508564656 1999.3289879940949 1984.8132564855302 2300.0
120000.0 130000.0 160.16115820311825 759.6972106584802 284.3058396945123 999.6089999999967 106.8070000000007 12066.967151797056 1454.7497104619351 1439.2757928305696 1454.7497104619351 14.4739176313656 3216390.9969420554 2255.2995713717937 14.944585543968584 2255.2995713717937 2239.354985827825 2300.0
130000.0 140000.0 305.9931464843685 783.044359888981 269.251450105199 999.8619999999937 244.74199999999837 12269.762534113397 1387.5225400726488 1372.82042003654 1387.5225400726488 14.70212003610836 3252374.7777512423 2222.896507625529 14.70212003610836 2222.896507625529 2208.194387589421 2300.0
140000.0 150000.0 346.4892519531131 760.2081263316769 292.13929723121197 999.7600000000093 58.1279296875 13312.575163715248 1618.7518531223486 1602.798002837737 1618.7518531223486 15.953850284611555 3545466.341072511 2485.4232984158216 15.953850284611555 2485.4232984158216 2469.4694481312104 2300.0
150000.0 160000.0 15.765041015634779 740.2827158203132 337.338710824604 999.1929999999993 24.94401953124907 16199.2023190941 1658.9908712285492 1639.1071586018022 1659.9908712285492 18.88371262674685 3663864.852047355 2487.2042567632843 20.88371262674685 2487.2042567632843 2464.320544136537 2300.0
160000.0 170000.0 3.560275390656898 891.3835559895864 184.83941544372595 999.8910000000033 535.47509765625 12510.0 1395.5690692624132 1380.5690692624132 1395.5690692624132 15.0 3226356.173243727 2153.102322459598 15.0 2153.102322459598 2138.102322459598 2300.0
170000.0 180000.0 43.16713867188082 846.6125440340918 196.8350508093983 999.622000000003 361.77999999999884 12841.274656567712 1477.857303158253 1462.4508453686271 1477.857303158253 15.406457789625748 3161412.5372063597 2190.0979177312297 15.406457789625748 2190.0979177312297 2174.691459941604 2300.0
180000.0 190000.0 61.54576757812174 719.256551649305 333.78684472161854 999.9670000000042 91.83588281250559 12910.654329850067 1416.787424331761 1401.3246077907243 1416.787424331761 15.462816541036698 3274913.74242386 2222.214541558827 15.462816541036698 2222.214541558827 2206.7517250177902 2300.0
190000.0 200000.0 35.49993750004796 675.6083544921828 387.00322383034353 999.7039999999979 40.4580078125 12703.260754005012 1269.0658541362363 1253.8360930616336 1269.0658541362363 15.22976107460278 3063866.3321712306 2137.96525408207 15.22976107460278 2137.96525408207 2122.735493007467 2300.0
200000.0 210000.0 18.4510429687507 804.6281862909202 278.8315890621323 999.8189999999886 159.97399999998743 13483.68811529382 1498.141247779114 1481.9707830053555 1498.141247779114 16.170464773758354 3201709.7862935346 2227.2769138088956 16.170464773758354 2227.2769138088956 2211.1064490351373 2300.0
210000.0 220000.0 1471.9771757812414 750.4055307360219 303.0926345508835 999.81700000001 186.7439980468771 12209.663572105443 1378.0791055494738 1363.433929818287 1378.0791055494738 14.645175731186757 3137101.0196111454 2160.6745297989887 14.11718988686636 2160.6745297989887 2146.5573399121226 2300.0
220000.0 230000.0 114.86708789062686 845.1698511718757 238.46712168741038 999.6350000000093 115.54000000000815 12483.61729696571 1528.0559850432915 1513.101113774419 1528.0559850432915 14.95487126887252 3432104.470557087 2381.144573605819 15.482857113192916 2381.144573605819 2365.661716492626 2300.0
230000.0 240000.0 3187.820240234345 594.6685733963831 358.85736804240594 999.1460000000079 33.53500000000349 12276.841275212235 1063.3057728524543 1049.1753200315372 1064.3057728524543 14.130452820917144 2269389.0658347243 1602.6983759584887 15.130452820917144 1602.6983759584887 1586.5679231375716 2300.0
240000.0 250000.0 1878.3872773437179 764.6223815918056 257.25674899230285 999.9820000000182 299.8670000000275 14638.57603256253 1082.9231286163736 1065.3914904823705 1082.9231286163736 17.53163813400301 2384923.855874289 1658.8716852227017 17.53163813400301 1658.8716852227017 1641.3400470886986 1500.0
250000.0 260000.0 77.43379882810405 861.2924442471624 262.13846475961736 999.4529999999795 221.71100000001024 15427.42396743747 1263.5028626481203 1245.0345007821234 1263.5028626481203 18.46836186599699 3107717.987537657 2206.6049020251658 18.46836186599699 2206.6049020251658 2188.136540159169 1800.0
260000.0 270000.0 23.64949414069997 875.4087068014607 144.23129085904685 999.5929999999935 623.5741210937267 12409.667917073293 1450.7982625562763 1435.9174217996572 1450.7982625562763 14.880840756619113 3252243.171982342 2258.857449372289 14.880840756619113 2258.857449372289 2243.97660861567 2300.0
270000.0 280000.0 3606.066480468726 626.9580046875053 348.0473630736412 999.329000000027 25.208999999973457 10730.848827991014 762.865404923473 748.9807863629136 762.865404923473 12.8846185605594 1829822.1699819053 1288.610740185508 12.8846185605594 1288.610740185508 1274.7261216249485 1660.0
280000.0 290000.0 19.584431640570983 608.9355073617771 427.00250837539556 999.7579999999725 3.892999999981839 17340.358438255163 1539.5342886131855 1519.3309587099852 1540.5342886131855 20.20332990320027 3270521.7365015866 2209.855003958027 21.20332990320027 2209.855003958027 2187.651674054827 1900.0
