ts te idle avg_span std_span max_span min_span c_bytes_all c_ack_cnt c_ack_cnt_p c_pkts_all c_pkts_data s_bytes_all s_ack_cnt s_ack_cnt_p s_pkts_all s_pkts_data videorate
0.0 10000.0 8856.084716796875 480.768967578125 285.15567824078704 713.7300000000032 68.657958984375 10814.220479966873 54.90813762809047 44.02242621397448 58.33596621472457 10.88571141411599 133383.7466679768 102.6232956945183 13.313540000750091 102.6232956945183 85.88192710713412 480.0
10000.0 20000.0 164.74211132812343 772.091428190104 300.7517881991484 999.7790000000023 48.09912109375 16871.280409521587 393.8649942646368 372.62410846773423 395.1152925079668 20.24088579690256 788953.8508868059 587.1237929417279 22.49118404023257 587.1237929417279 562.3823106581652 432.0
20000.0 30000.0 0.0 784.7118422526037 276.0572325624955 999.8479999999981 206.262999999999 14391.100248410514 887.6393861540927 870.5714360934217 887.9612593241285 17.06795006067107 1564217.4484000849 1140.1681744850596 17.389823230706956 1140.1681744850596 1122.4564780843166 771.0
30000.0 40000.0 0.0 737.3106950757576 334.7593173579484 998.6600000000035 13.93304492187599 17635.73719856992 924.8099671452827 903.6970717969012 924.8099671452827 21.11289534838159 1650769.1696571105 1213.8678037518011 21.11289534838159 1213.8678037518011 1192.7549084034194 640.0
40000.0 50000.0 53.687593750000815 767.6659757543096 272.00499515370234 999.851999999999 72.27007421875169 16805.070583439738 660.1507761786596 640.0101129416968 660.1507761786596 20.14066323696288 1147548.735578748 854.261129653344 19.692557379928793 854.261129653344 834.5685722734152 480.0
50000.0 60000.0 55.4045546874986 689.3929906249995 353.7957488241231 999.5090000000055 0.0 13320.596237568792 785.5091810720595 769.5387314505235 785.5091810720595 15.97044962153598 1423891.2225992035 1041.860911659212 16.41855547857007 1041.860911659212 1025.442356180642 737.1428571428571
60000.0 70000.0 1008.8577050781169 731.4378724524469 279.44651241390443 999.9670000000042 208.88099999999395 13345.068721891297 586.039220085201 570.0398304692845 586.039220085201 15.99938961591651 1051644.4713131567 773.777495459399 15.99938961591651 773.777495459399 757.7781058434824 480.0
70000.0 80000.0 481.5389511718822 854.6458742675768 239.36570159247856 997.8899999999994 28.687999999994645 15516.926120631273 512.0783374719772 493.4962825664637 512.0783374719772 18.582054905513424 870320.3548969137 651.3173963549384 18.582054905513424 651.3173963549384 632.735341449425 342.85714285714283
80000.0 90000.0 1926.0936972656345 824.1694161305153 251.81489752902272 999.6230000000069 144.17299999999523 11484.663829759997 344.68477115072886 330.90612875947437 344.68477115072886 13.77864239125451 591884.7262286983 444.50449157665565 13.77864239125451 444.50449157665565 430.72584918540116 288.0
90000.0 100000.0 43.604494140614406 744.7196452343773 321.5390953947127 998.698000000004 0.0 14188.909640985026 462.9013874263144 445.8985089564194 462.9013874263144 17.00287846989498 810262.3059759256 603.0405120438844 17.00287846989498 603.0405120438844 586.0376335739894 288.0
100000.0 110000.0 994.8278710937593 783.9186915039063 304.4080952894834 998.971000000005 116.94899999999325 13243.895589195092 405.88624637080926 389.0031446432289 405.88624637080926 15.883101727580327 709690.0007919945 533.2382498033404 15.883101727580327 533.2382498033404 515.3551480757601 288.0
110000.0 120000.0 7294.376671874983 380.0195999999996 230.40995449108777 803.6320000000123 108.43900000001304 12462.08931976638 242.71493585726824 227.7617720254196 242.71493585726824 14.953163831848654 547450.0240644099 396.9424182982625 14.953163831848654 396.9424182982625 381.9892544664138 380.0
120000.0 130000.0 5386.870718749997 524.3666638997407 307.05082327950515 999.676999999996 116.52400000000489 12474.08418604548 503.65976560453464 488.7018234691203 503.65976560453464 14.957942135414275 1210824.3691477734 870.2418342553093 14.957942135414275 870.2418342553093 855.283892119895 840.0
130000.0 140000.0 5459.189814453101 446.14716569010733 327.5960697715027 985.6689999999944 103.38800000000629 12550.911720955392 509.7917480210451 494.7364659970169 509.7917480210451 15.055282024028166 1183804.0095756524 824.8636870139173 15.055282024028166 824.8636870139173 809.8084049898893 840.0
140000.0 150000.0 2624.779923828115 548.4117697753918 393.04804933671323 999.3550000000105 19.59200000000419 15324.445713292633 690.9453510262556 672.5763616062765 690.9453510262556 18.368989419979087 1787674.1598111375 1254.5816773309307 17.94284474889743 1254.5816773309307 1236.638832582033 1387.5
150000.0 160000.0 82.03811914060498 667.7520397949247 396.0508401789456 999.2390000000014 93.93400000000838 12172.128624907804 1379.2376561666692 1364.6389285836433 1379.2376561666692 14.598727583025894 3115021.4914155044 2174.6575736814066 15.024872254107553 2174.6575736814066 2159.632701427299 2300.0
160000.0 170000.0 855.340294921858 709.9430653076179 346.4362815029252 998.6430000000109 122.89000000001397 13384.843573887112 1212.6720640552912 1196.618805654 1212.6720640552912 16.053258401291107 2631602.361421604 1847.1462623107889 15.70524438560811 1847.1462623107889 1831.4410179251809 1728.5714285714287
170000.0 180000.0 87.65107812499627 727.1787451171876 326.0890883727553 999.872000000003 238.82600000000093 12474.9517311763 939.5151651477881 924.5567901701442 939.5151651477881 14.95837497764406 2083769.8240927262 1473.997397822432 15.306388993327058 1473.997397822432 1458.6910088291052 1500.0
180000.0 190000.0 202.44933203124674 736.6037748161779 340.1723608406813 998.8839999999909 112.36100000000442 12838.076070028785 948.9175096273345 933.5278705892956 948.9175096273345 15.389639038038936 2112225.446750214 1472.462105711696 15.389639038038936 1472.462105711696 1457.0724666736573 1500.0
190000.0 200000.0 734.7182460937765 687.4821501850338 333.9293010506293 999.9159999999974 35.85699999998906 14686.345116641633 1077.6012391710362 1059.999879175025 1077.6012391710362 17.60135999601144 2496674.6955852276 1764.5957893536643 17.60135999601144 1764.5957893536643 1746.9944293576527 1875.0
200000.0 210000.0 170.31789062495227 760.5465725097674 309.0331085758562 999.5780000000086 226.77900000000955 12845.654883358367 1082.5455147626708 1067.1468747586823 1082.5455147626708 15.398640003988561 2453444.0472386754 1728.9123841078372 14.967377537229062 1728.9123841078372 1713.9450065706083 1750.0
210000.0 220000.0 185.2723691406427 781.1326295166 268.2261535460329 999.0849999999919 326.74609375 12081.106767899042 959.6178236771733 945.1284108582458 959.6178236771733 14.48941281892743 2232311.9204412056 1526.6577836701479 14.92067528568693 1526.6577836701479 1511.737108384461 1500.0
220000.0 230000.0 932.9200800781255 804.9808775634792 266.39759282360916 999.9789999999921 83.97412109375 12696.54912422386 918.1488776987848 902.926795408042 918.1488776987848 15.22208229074269 2048352.9046722513 1436.544599957697 15.22208229074269 1436.544599957697 1421.3225176669544 1500.0
230000.0 240000.0 585.8317792968883 722.1176604817706 322.56504876002583 998.9020000000019 48.4089999999851 12752.344107877096 917.1797848383155 901.8912799479856 917.1797848383155 15.288504890329877 2196700.5783932996 1545.7939479585611 15.288504890329877 1545.7939479585611 1530.5054430682312 1500.0
240000.0 250000.0 719.1185742187081 733.5947653952205 283.50729565960006 999.3859999999986 172.9089999999851 13901.109330846872 1185.7592500730393 1168.1047259271404 1185.7592500730393 16.654524145898897 2602951.899965318 1817.5419764717312 16.309048291797794 1817.5419764717312 1800.2329281799337 1500.0
250000.0 260000.0 157.37199414067436 679.4654378662053 376.2603416525349 999.3310000000056 122.2949999999837 12450.789224011052 955.088254818789 940.1585764054742 955.088254818789 14.92967841331479 2094216.5876844274 1478.138681895603 15.275154267415893 1478.138681895603 1462.863527628187 1500.0
260000.0 270000.0 178.9560410156846 703.6751849365173 339.53711425445357 999.7160000000149 166.9309999999823 12860.101445142076 992.326063216626 976.9102657758397 992.326063216626 15.415797440786314 2057847.0751623535 1454.4096109787406 15.415797440786314 1454.4096109787406 1438.993813537954 1500.0
270000.0 280000.0 913.7230644531664 718.8500550537028 358.0821191182287 999.4739999999874 152.98599999997532 12211.009096585767 1006.072463232101 991.427559316916 1006.072463232101 14.644903915184997 2235702.1107298043 1547.130183133653 14.289807830369993 1547.130183133653 1532.840375303283 1500.0
280000.0 290000.0 161.27775585936615 746.3556060431943 329.68189602637403 999.99099999998 182.6369999999879 13860.116740158204 1046.8156443059509 1030.2105328523985 1046.8156443059509 16.60511145355229 2345743.5861847373 1642.874514932916 16.960207538367293 1642.874514932916 1625.9143073945486 1500.0
