ts te idle avg_span std_span max_span min_span c_bytes_all c_ack_cnt c_ack_cnt_p c_pkts_all c_pkts_data s_bytes_all s_ack_cnt s_ack_cnt_p s_pkts_all s_pkts_data videorate
0.0 10000.0 6061.385986328125 696.3488206380201 295.9669976088329 999.2979999999989 250.29499999999825 23404.365777049225 374.92807913775243 348.59419699145735 378.92807913775243 26.333882146295053 857233.4525828733 512.2433899966056 46.83470536573763 512.2433899966056 461.40868463086804 352.0
10000.0 20000.0 275.0337753906206 656.7992767269739 358.52765506059285 999.4760000000024 68.36800000000221 16013.46769093839 637.350789876217 618.1556068176492 637.350789876217 19.19518305856789 1829333.5945564297 832.3320225833232 35.69435983912531 832.3320225833232 796.6376627441979 1045.5
20000.0 30000.0 341.3421171875016 715.6878596354169 350.5722669564239 999.9709999999977 262.36099999999715 12076.166532012387 677.7211309860305 663.2501961908935 677.7211309860305 14.470934795137058 1992095.952860697 880.4245874200711 24.470934795137058 880.4245874200711 855.9536526249341 1500.0
30000.0 40000.0 646.6180273437494 737.8065981770836 320.81694046005947 999.3380000000034 247.23300000000017 12940.895089927797 719.5798726530774 704.0543908360922 719.5798726530774 15.525481816985119 1964878.1558949149 955.003427202122 25.52548181698512 955.003427202122 929.4779453851369 1500.0
40000.0 50000.0 518.6020175781377 692.4313351562489 342.07727233877694 999.6990000000005 255.4190000000017 12079.104910072203 791.4201273469226 776.9456091639078 791.4201273469226 14.474518183014881 2123976.8441050854 1002.996572797878 24.47451818301488 1002.996572797878 978.5220546148631 1500.0
50000.0 60000.0 485.90461523436534 772.3478281250007 303.90414390044606 999.9609999999957 186.37890625 14507.444153162569 853.3653523000837 834.9857564479025 853.3653523000837 17.37959585218119 2342802.783089703 1100.7081813348154 30.569393778271785 1100.7081813348154 1069.1387875565435 1500.0
60000.0 70000.0 1213.5699218750087 671.5575414062488 338.90600854193434 999.1370000000024 247.66099999999278 12687.053348837177 647.6771173828214 632.4561065252468 647.6771173828214 15.221010857574598 1960706.1288091403 824.3342883480898 24.430606221728215 824.3342883480898 799.9036821263616 1500.0
70000.0 80000.0 250.65195117189432 706.6966280517572 337.3312214358244 998.3859999999986 250.0130000000063 12756.664081360857 661.6340238495256 646.3451461027705 661.6340238495256 15.288877746755166 2018635.2443409264 890.4076326539489 25.889484456510953 890.4076326539489 864.518148197438 1500.0
80000.0 90000.0 684.6447089843859 693.7078135416668 339.9508612487778 997.252999999997 254.0810000000056 12246.860183999092 741.383051784238 726.6920218903103 741.383051784238 14.691029893927697 2051178.56640908 976.1601846719188 24.6910298939277 976.1601846719188 951.4691547779912 1500.0
90000.0 100000.0 422.5618574218679 769.0440494384766 299.9634165689486 999.8000000000029 263.86299999999756 13514.520264783156 722.7944981980295 706.6042038455284 722.7944981980295 16.190294352501 2056632.5748226303 975.5459260456364 28.190294352501 975.5459260456364 947.3556316931355 1500.0
100000.0 110000.0 664.0741796875227 776.1432311580875 304.4230340754226 999.7989999999991 116.3350000000064 13551.457967857152 805.1459564853018 788.9167651882415 805.1459564853018 16.22919129706035 2431938.7025285196 1067.8437869455906 30.22919129706035 1067.8437869455906 1037.6145956485302 1500.0
110000.0 120000.0 621.2730156250473 710.5211989583312 357.00140497144304 999.1559999999881 247.87100000001374 12910.936873832165 661.0910540631587 645.6021066560463 661.0910540631587 15.488947407112397 1991912.5098801083 867.1573696204844 25.4889474071124 867.1573696204844 841.6684222133719 1500.0
120000.0 130000.0 322.875800781243 721.2741343750017 344.885040557759 998.5460000000021 258.7870000000112 12109.063126167835 703.9089459368413 689.3978933439537 703.9089459368413 14.511052592887603 2075618.4901198917 960.8426303795156 24.5110525928876 960.8426303795156 936.331577786628 1500.0
130000.0 140000.0 634.0319179686776 717.0940054687536 346.3525084204452 999.9150000000081 254.8409999999858 13319.381779206666 726.2976029345126 710.3236176406418 726.2976029345126 15.973985293870838 1977700.056139427 961.8886544059646 25.48699264693542 961.8886544059646 936.4016617590293 1500.0
140000.0 150000.0 258.7600800781511 665.1396510074004 350.4242107085195 999.5080000000016 9.88330078125 14709.378691371789 751.7707564075022 733.3839617315489 752.2243497307768 17.38679467595322 2211354.002154311 1014.9700111848729 29.129927457196196 1014.9700111848729 984.3864904044019 1500.0
150000.0 160000.0 814.847621093737 683.8821511948549 295.4873106359708 999.945000000007 260.1700000000128 13787.298505509605 852.7084106554244 836.460582117824 853.2548173321496 16.247828537600405 2352478.7496819766 1146.3955809734216 29.383079895868384 1146.3955809734216 1116.4660944008278 1500.0
160000.0 170000.0 289.7080273437605 691.3384357910145 347.8809224324994 999.9649999999965 261.5130000000063 12766.837290586196 627.5031332517817 612.2021192963009 627.5031332517817 15.30101395548078 2000364.8295883234 834.4775443704353 25.909622462905244 834.4775443704353 808.56792190753 1500.0
170000.0 180000.0 740.9333886718669 678.663196484374 331.6646491409691 999.9929999999877 247.79800000000978 12253.533499725465 662.3459492151536 647.6465109873275 662.3459492151536 14.699438227826127 2013855.763443347 908.5031222204112 24.090377537094756 908.5031222204112 884.4127446833164 1500.0
180000.0 190000.0 296.95691796872416 685.4643839111359 358.0040310927653 999.5810000000056 242.861083984375 12418.52931346984 716.0560886896831 701.1742238932068 716.0560886896831 14.881864796476288 2131538.12289022 981.7469378193096 25.736388230811485 981.7469378193096 956.0105495884981 1500.0
190000.0 200000.0 614.0345761718636 662.9147402343763 362.2984672330522 999.6460000000079 0.0 16392.323630582847 775.7106192686808 756.6658341333855 776.7106192686808 19.04478513529528 2285086.4394354713 1064.9464200708258 33.799322391691454 1064.9464200708258 1029.1470976791343 1500.0
200000.0 210000.0 189.02857031248277 695.4674018554706 350.1937592781159 996.7220000000088 251.01600000000326 12853.815832351747 752.637539266198 737.2308930381546 752.637539266198 15.40664622804358 2091000.2254365142 978.447687540416 24.93546780277032 978.447687540416 953.5122197376456 1500.0
210000.0 220000.0 3987.558382812451 639.1458801491509 309.82658325391395 997.6320000000123 275.2630000000063 8362.901457195841 390.9699003110637 380.9122571616102 390.9699003110637 10.05764314945348 1200858.8112304092 501.62404141434286 18.52882157472674 501.62404141434286 483.0952198396161 1500.0
220000.0 230000.0 2293.10952343751 714.5184276194863 325.6814500835567 999.9780000000028 0.0 14686.787360674174 894.2045503731963 876.6155178009651 894.2045503731963 17.589032572231158 2344822.492343533 1181.6839086677392 32.58903257223116 1181.6839086677392 1149.094876095508 1500.0
230000.0 240000.0 112.26032421877608 755.5293485814136 314.9871311237063 999.5380000000005 235.889892578125 14190.840351376464 839.5176641354178 822.5126802069864 839.5176641354178 17.004983928431464 2567104.502771331 1166.4742068368992 31.004983928431464 1166.4742068368992 1135.4692229084678 1500.0
240000.0 250000.0 704.8146406250889 763.7071384277297 288.4917071782582 998.2449999999953 286.46899999998277 14195.886107870323 772.0408907056931 755.0281830357203 772.0408907056931 17.012707669972695 2406426.0550450054 1077.2117138803042 30.40598349933738 1077.2117138803042 1046.8057303809667 1500.0
250000.0 260000.0 308.370808593696 692.6663244628944 344.61470349700164 999.7910000000265 270.0100000000093 12772.77873360638 642.2798896486638 626.9717009991699 642.2798896486638 15.308188649493852 1988167.7982334371 896.0986013773827 25.914912820129167 896.0986013773827 870.1836885572534 1500.0
260000.0 270000.0 792.8561308593489 687.283378255212 344.32920761424003 998.3530000000028 246.8850000000093 12238.099243278966 671.8841897736035 657.2035028415298 671.8841897736035 14.680686932073645 1987677.6488430046 921.0543536264521 24.085087179870833 921.0543536264521 896.9692664465813 1500.0
270000.0 280000.0 303.5342910155887 620.6989512803848 385.2198956212665 998.460000000021 0.0 12452.6672669762 770.7413250794817 755.8182015299005 770.7413250794817 14.92312354958119 2176442.770311743 1056.739341836199 25.518723301784 1056.739341836199 1030.2206185344148 1500.0
280000.0 290000.0 1003.5594746093266 746.5990732421888 303.14850902330835 999.5860000000102 263.46999999997206 12526.446681916445 687.2493904262215 672.2223750137384 687.2493904262215 15.02701541248301 1951653.5458031208 894.1069093460972 25.02701541248301 894.1069093460972 869.0798939336141 1500.0
290000.0 300000.0 307.8523359376122 749.8055866210925 337.8496589728381 999.6809999999823 150.13299999997253 18114.494254301047 902.0820998577226 881.6278385719896 904.0820998577226 20.454261285732986 2480150.1866488247 1193.6309644289267 37.45426128573298 1193.6309644289267 1154.1767031431937 1500.0
