ts te idle avg_span std_span max_span min_span c_bytes_all c_ack_cnt c_ack_cnt_p c_pkts_all c_pkts_data s_bytes_all s_ack_cnt s_ack_cnt_p s_pkts_all s_pkts_data video_rate
0.0 10000.0 7204.742580078124 642.1315614149308 262.2374766105073 990.1130000000012 319.59600000000137 19687.245241818284 383.6331162775407 361.67584816911597 387.6331162775407 21.957268108424717 823419.2573282875 558.1322672423706 34.73774041562251 558.1322672423706 519.3945268267481 564.0
10000.0 20000.0 63.48687499999869 676.1914784307065 347.0315130823452 999.9859999999971 96.89299999999639 21460.54211549097 1234.7935704616748 1208.1109485970483 1234.7935704616748 25.682621864626647 2852148.400210036 1693.4080379338243 48.542039530480224 1693.4080379338243 1643.8659984033443 1120.923076923077
20000.0 30000.0 65.10445507812256 718.7450642089843 332.5111677146444 999.627999999997 232.91799999999785 12516.677432679662 1106.4684323331812 1091.4605018905686 1106.4684323331812 15.007930442612427 2975152.590126924 1596.997883823995 25.015860885224853 1596.997883823995 1571.9820229387701 2300.0
30000.0 40000.0 3165.838599609371 682.8939346454331 282.38482299112064 998.4420000000027 230.6533203125 12174.56733013404 679.9579597309621 665.3518621322539 679.9579597309621 14.606097598708224 1610244.145286918 955.0935090790148 23.9531832478754 955.0935090790148 931.1403258311394 1083.3333333333333
40000.0 50000.0 3793.1659570312477 614.5393566894531 329.89508585879645 999.4989999999962 0.0 15042.560398511414 633.4720211473048 615.4413874768379 633.4720211473048 18.030633670466898 1764210.5438250457 943.051054646633 33.32027929047484 943.051054646633 909.7307753561581 1187.5
50000.0 60000.0 708.1778691406507 769.0706151041649 271.08715102069266 999.653999999995 232.423095703125 12255.824784933715 742.1199958619445 727.423499375886 742.1199958619445 14.696496486058422 2155559.8733109613 1087.6622451608514 24.392992972116843 1087.6622451608514 1063.2692521887345 1500.0
60000.0 70000.0 341.2052402343834 770.4463507582705 263.18441706381736 997.176999999996 233.297119140625 13232.186928115332 786.0873106490043 770.2283537821831 786.0873106490043 15.85895686682101 2118353.6252365345 1143.1170403781307 26.177491883162702 1143.1170403781307 1116.939548494968 1500.0
70000.0 80000.0 1251.3405449218844 730.5989415283202 279.2694481270538 999.4930000000022 44.4358808593679 11684.569993942623 773.3746754612055 759.3627046609733 773.3746754612055 14.011970800232078 2162163.558800333 1123.1768841407895 23.815170214703322 1123.1768841407895 1099.3617139260862 1500.0
80000.0 90000.0 1521.1983125000115 696.7523780381938 322.3494624750628 999.4170000000013 73.20699999999488 13469.825774373963 847.0929180771822 830.9448939151326 847.0929180771822 16.14802416204957 2220528.005874959 1206.3610775943907 28.045241560339292 1206.3610775943907 1178.3158360340515 1500.0
90000.0 100000.0 1875.7717871093773 753.5708310546861 304.26440587394507 999.9869999999937 47.23500000000058 13888.929643461846 822.3266623648321 805.6866034058513 822.3266623648321 16.640058958980816 2301040.9668128705 1203.570553657566 29.280117917961633 1203.570553657566 1174.2904357396042 1500.0
100000.0 110000.0 55.18124023437849 698.011349487304 359.27462839808226 998.2449999999953 225.42999999999302 12506.466009826307 1039.0857305997818 1024.0899277377553 1039.0857305997818 14.995802862026492 2790997.87062274 1468.5425158204353 24.991605724052985 1468.5425158204353 1443.5509100963823 2166.6666666666665
110000.0 120000.0 596.6161874999816 782.1239468994172 308.7390746235763 999.7010000000009 230.52700000000186 11849.234146660181 960.6421836832891 946.4350055786182 960.6421836832891 14.207178104670874 2513565.414931589 1349.602931135967 23.663037452600705 1349.602931135967 1325.9398936833663 1766.6666666666667
120000.0 130000.0 2088.879359375016 687.8025607910167 309.367477272572 999.2110000000102 235.72509765625 12669.19510371489 742.3344704941723 727.1389676608017 742.3344704941723 15.195502833370522 2060588.007626696 1063.5200898862256 25.866817454638827 1063.5200898862256 1037.6532724315869 1500.0
130000.0 140000.0 1480.6380585937586 674.1935214843758 374.4359288296781 999.2449999999953 0.0 14674.425356428634 877.8577161699516 860.2831351046631 877.8577161699516 17.57458106528842 2347905.8802690133 1284.3456069747117 31.4246690994201 1284.3456069747117 1252.9209378752917 1500.0
140000.0 150000.0 219.6542499999632 711.3440235595717 360.35223783087287 999.6000000000058 0.0 12512.896043881183 841.3942443431449 826.3908048611008 841.3942443431449 15.003439482044161 2370562.4058137015 1202.8199819503805 24.006878964088322 1202.8199819503805 1178.813102986292 1900.0
150000.0 160000.0 172.06257031252608 746.7933118896472 304.8285086122527 999.9700000000012 225.40100000001257 12084.494116613667 945.5877009891065 931.0943700883909 945.5877009891065 14.493330900715538 2560188.014428558 1284.0353106015582 23.986661801431076 1284.0353106015582 1260.048648800127 1766.6666666666667
160000.0 170000.0 393.4739003906143 713.3657028952216 316.29031534629524 999.5070000000123 236.510986328125 12895.637278217207 677.501838486558 662.0435449569835 677.501838486558 15.458293529574505 2004625.606962202 889.8594486085987 25.33306237314363 889.8594486085987 864.526386235455 1500.0
170000.0 180000.0 376.66017773436033 698.520948529413 315.7671196511259 998.6870000000054 179.74401367187966 12491.006889832832 701.7629959684265 686.7856068138636 701.7629959684265 14.977389154562895 2068477.4269009866 934.5567288513289 25.538302995131165 934.5567288513289 909.0184258561978 1500.0
180000.0 190000.0 40.56338671877165 793.193987072171 266.0697232081774 998.8850000000093 197.25371093751164 16418.300708612493 948.9080120035999 928.7628700144905 949.9080120035999 19.14514198910929 2747164.2624697755 1343.640930205976 34.29028397821858 1343.640930205976 1307.3506462277574 1500.0
190000.0 200000.0 124.00021093746182 699.6548018798858 345.85683875078144 998.8489999999874 246.28899999998976 12770.414702750764 918.6393794176031 903.3300982979465 918.6393794176031 15.30928111965649 2692553.297437964 1168.5775024040252 24.863463081275555 1168.5775024040252 1143.7140393227496 2166.6666666666665
200000.0 210000.0 1535.6759101562784 714.4372369290862 345.71593592248905 999.9629999999888 217.75 9146.0 679.9590654795344 668.9590654795344 679.9590654795344 11.0 2076334.8457239047 880.9283999032268 19.755099158037424 880.9283999032268 861.1733007451894 2300.0
210000.0 220000.0 2018.0240019531047 745.474130981449 309.21345037067283 999.5819999999949 189.29899999999907 13834.964979238139 747.773561071376 731.1975931625421 747.773561071376 16.575967908833896 2228841.090871427 1004.6285662452268 31.15193581766779 1004.6285662452268 973.476630427559 1500.0
220000.0 230000.0 722.5117285156448 709.0626059283078 287.0527696739929 999.7429999999877 233.289306640625 13869.460580548071 843.0928027588322 826.4776778329243 843.0928027588322 16.615124925907946 2509221.299345381 1125.808156665403 28.94673562014097 1125.808156665403 1096.8614210452622 1500.0
230000.0 240000.0 1963.1520429687516 696.7315804036464 368.72870684405325 999.823000000004 0.0 14785.139261055878 780.5893396120912 762.8833314696401 780.5893396120912 17.706008142451125 2235103.2253924925 1047.9985963612407 31.717228030415743 1047.9985963612407 1016.2813683308249 1500.0
240000.0 250000.0 2660.4644726562547 673.2237642463263 308.9697948625608 996.3670000000275 26.972097656223923 11728.426125409562 762.1915331885283 748.1273839409827 762.1915331885283 14.064149247545702 2205354.9653648026 1025.0916526413528 24.89308645256019 1025.0916526413528 1000.1985661887927 1500.0
250000.0 260000.0 3461.6428652343457 653.64288190105 300.6085321203435 999.7390000000014 227.031982421875 10900.001627233067 638.0925127503814 625.0073799025614 638.0925127503814 13.085132847819992 1799061.1997968259 843.0272839276112 25.36058868805329 843.0272839276112 817.6666952395578 1660.0
260000.0 270000.0 145.63041406247066 770.6591177300402 306.2374264582707 999.3919999999925 233.840087890625 14294.281931114674 913.9874711966282 896.8588534346378 913.9874711966282 17.12861776199042 2466297.4562501246 1238.0978407130788 30.28042706026017 1238.0978407130788 1207.8174136528187 1500.0
270000.0 280000.0 510.44314843742177 720.5929365808877 308.2206242158698 999.2540000000154 200.7269121093559 12670.807829489142 773.4402598315602 758.2496864588609 773.4402598315602 15.190573372699179 1998553.2988253995 1088.0154761346976 24.742422080647867 1088.0154761346976 1063.2730540540497 1500.0
280000.0 290000.0 39.80041992187034 797.8068118106629 271.88837279902066 999.8180000000284 239.62699999997858 14724.917665911467 1002.3810105486903 984.7465847559386 1002.3810105486903 17.634425792751745 2637352.287855231 1439.8487477285398 31.13338503582899 1439.8487477285398 1408.7153626927109 1728.5714285714287
290000.0 300000.0 75.97490624996135 635.224726345487 382.65470490251226 999.4839999999967 0.0 12192.4746030051 1021.1008944594247 1006.4780030069246 1021.1008944594247 14.622891452500117 2981146.8273603604 1463.7860718153674 25.01997411942523 1463.7860718153674 1437.766097695942 2300.0
