ts te idle avg_span std_span max_span min_span c_bytes_all c_ack_cnt c_ack_cnt_p c_pkts_all c_pkts_data s_bytes_all s_ack_cnt s_ack_cnt_p s_pkts_all s_pkts_data videorate
0.0 10000.0 0.0 0.0 0.0 0.0 0.0 0.0 0.0 0.0 0.0 0.0 0.0 0.0 0.0 0.0 0.0 0.0
10000.0 20000.0 3072.31578515625 721.5103642064147 335.1380665907324 999.8459999999977 29.10399999999936 17092.0 265.35173435911827 246.35173435911827 271.35173435911827 19.0 596714.9507331061 433.2263933807901 23.0 433.2263933807901 404.2263933807901 508.8
20000.0 30000.0 619.2589550781267 707.2595943287037 327.78350797361 995.6540000000023 0.0 11718.634631159926 257.83840456494994 243.37088480219577 259.83840456494994 13.467519762754153 473388.77680542145 345.89637784721003 14.488972652453349 345.89637784721003 330.4074051947567 288.0
30000.0 40000.0 128.8484628906299 783.032993765024 262.5573984345626 999.4309999999969 21.22602539062791 17756.475443051368 459.91199690937583 436.9527720968098 461.91199690937583 20.959224812566053 798909.339434119 614.4789932289236 24.937771922866858 614.4789932289236 587.5412213060567 288.0
40000.0 50000.0 111.24572460936906 749.4984877025471 312.1467313768885 999.8549999999959 0.0 12161.810765669903 317.80645788584405 303.2005157543307 317.80645788584405 14.605942131513348 647417.6644605094 477.94277238396495 14.605942131513348 477.94277238396495 463.33683025245153 288.0
50000.0 60000.0 118.57838671877107 845.4917285156242 252.7881911645791 999.5850000000064 120.67399999999907 14170.079160118805 425.0914062807119 408.1240929875454 425.0914062807119 16.967313293166445 740679.2685668439 554.4554631591114 16.967313293166445 554.4554631591114 537.4881498659449 288.0
60000.0 70000.0 104.46645117185835 792.8501942382812 304.37799322195804 996.8080000000045 11.687000000005355 13248.103474675632 374.4058037432753 358.49957999367086 374.4058037432753 15.906223749604429 688932.0862172064 519.9684612456488 15.906223749604429 519.9684612456488 504.0622374960443 288.0
70000.0 80000.0 190.71468164061662 680.3387776100849 353.72730354758653 996.997000000003 75.126953125 12838.48566214433 400.1392309697445 384.7649914612299 400.1392309697445 15.374239508514574 678319.4307914631 509.0613930920667 15.374239508514574 509.0613930920667 493.6871535835521 288.0
80000.0 90000.0 4323.338562499994 494.5084257812511 327.38750612420694 996.3080000000045 64.86100000000442 14529.16077181846 474.93163217202004 457.4881340711524 474.93163217202004 17.443498100867657 761558.3730129098 564.7202908936443 17.443498100867657 564.7202908936443 547.2767927927767 342.85714285714283
90000.0 100000.0 4702.5850468749995 549.48022391183 381.01484962811554 999.0409999999974 10.56298828125 12726.29141077808 524.4689775797087 509.2029367419833 524.4689775797087 15.266040837725484 1106830.9723890133 788.2225339455593 14.287444265420136 788.2225339455593 773.9350896801391 768.0
100000.0 110000.0 127.65126757809776 755.695290900736 342.6657196258282 999.2360000000044 21.324919921869878 13527.468935313284 966.8065087068586 950.5910768617276 966.8065087068586 16.215431845130972 1932354.2246781166 1364.5061144298063 16.591311396514758 1364.5061144298063 1347.9148030332915 1311.4285714285713
110000.0 120000.0 872.6791308593238 607.3694697840101 429.2479292187412 999.5450000000128 0.0 11509.489745270213 1059.2478468283928 1045.4532808702359 1059.2478468283928 13.794565958156884 2081548.9129112905 1459.5212063932747 14.397282979078442 1459.5212063932747 1445.1239234141963 1500.0
120000.0 130000.0 1072.426124999969 618.2374536132818 351.07020064264754 999.4750000000058 141.5439999999944 15099.482525555302 1096.231542045268 1078.118464921777 1096.231542045268 18.11307712349091 2377951.472067256 1680.9815112267067 18.11307712349091 1680.9815112267067 1662.8684341032156 1728.5714285714287
130000.0 140000.0 430.46597070310963 810.0207626378705 232.85457367226613 999.439000000013 171.52595507813385 13099.964695458682 1400.6300411442382 1384.9269167966281 1400.6300411442382 15.703124347610279 3139866.8988484563 2196.9716093564134 15.703124347610279 2196.9716093564134 2181.2684850088035 2300.0
140000.0 150000.0 711.7704277343873 722.3039473684192 324.1466206491287 999.2609999999986 87.80000585937523 11842.552778986013 1479.3521182566155 1465.1683197277166 1479.3521182566155 14.18379852889881 3264173.6236533723 2293.1461557192783 14.18379852889881 2293.1461557192783 2278.9623571903794 2300.0
150000.0 160000.0 14.868576171866152 728.5585617187505 340.26440455975956 999.448000000004 19.76096289063571 14615.0 1374.1096584763895 1357.1096584763895 1375.1096584763895 17.0 3108563.9249938983 2213.2939436233414 18.0 2213.2939436233414 2194.2939436233414 2300.0
160000.0 170000.0 119.20830468749045 597.0207786132829 388.9456072014026 999.7639999999956 66.70699999999488 13429.45336551862 1597.344783696717 1581.2504675184207 1597.344783696717 16.094316178296488 3280040.707645483 2317.59270373838 16.094316178296488 2317.59270373838 2301.4983875600838 2300.0
170000.0 180000.0 544.8994257812446 604.5760062705622 405.1565945023367 999.7870000000112 15.426000000006752 12935.69692076105 1392.7254207566432 1377.2197959773628 1392.7254207566432 15.505624779280316 3174256.774428228 2251.601027960354 15.505624779280316 2251.601027960354 2236.0954031810734 2300.0
180000.0 190000.0 739.9543085937621 758.8990531455615 323.8244845839366 999.2270000000135 0.0 12824.551111081224 1474.7134491776335 1459.339873036207 1474.7134491776335 15.373576141426632 3342440.0393828806 2354.1101179383445 15.373576141426632 2354.1101179383445 2338.7365417969177 2300.0
190000.0 200000.0 262.5251230468566 761.0218468750012 355.7851065125707 999.820000000007 26.432027343747905 12625.99739370877 1446.6366602790315 1431.49863119819 1446.6366602790315 15.138029080841402 3106252.9741892028 2200.512367082116 15.138029080841402 2200.512367082116 2185.3743380012747 2300.0
200000.0 210000.0 138.27480859376374 784.470939086912 311.79713516905093 999.7710000000079 86.36699999999837 13167.859789740653 1513.2389269808318 1497.4339383060296 1513.2389269808318 15.80498867480189 3351260.7664537653 2350.018814371777 15.80498867480189 2350.018814371777 2334.2138256969747 2300.0
210000.0 220000.0 531.5999589843559 677.2044289679279 349.0603811806854 999.9700000000012 80.88106445313315 13389.498986356033 1451.9528238492924 1434.9300044573126 1451.9528238492924 16.022819391979876 3152385.808718488 2250.1020259735383 16.022819391979876 2250.1020259735383 2233.0792065815585 2300.0
220000.0 230000.0 292.43812890624395 637.5780948539399 370.40193332434563 999.7479999999923 19.74900000001071 14339.358229598069 1576.114251188569 1559.441472659941 1577.114251188569 16.67277852862805 3459364.974970622 2435.6661369142475 17.67277852862805 2435.6661369142475 2416.99335838562 2300.0
230000.0 240000.0 1013.4475839843799 785.6687233758199 297.7829784949919 999.8879999999772 2.202999999979511 13250.51585975482 1422.0755812541151 1406.1634888055423 1422.0755812541151 15.912092448572874 3155040.7687803973 2228.2380336580145 15.912092448572874 2228.2380336580145 2212.325941209442 2300.0
240000.0 250000.0 184.13801953132497 778.4944134410497 314.46016728948365 999.545999999973 41.46500000002561 13644.947193928796 1507.501205635488 1491.13574974214 1507.501205635488 16.36545589334804 3032699.4113543723 2151.874019665469 16.36545589334804 2151.874019665469 2135.508563772121 2300.0
250000.0 260000.0 5.2910351562313735 765.0972532269054 359.51904179115485 999.6900000000023 29.93700585939223 12526.608292309731 1757.5609605870272 1742.5415110423032 1757.5609605870272 15.019449544724147 3520208.0805944568 2492.535051913969 15.019449544724147 2492.535051913969 2477.515602369245 2166.6666666666665
260000.0 270000.0 284.3528886718559 573.5851394361412 390.5339961671823 999.7179999999935 80.61300000001211 12234.627030993606 1567.03614302128 1552.3858567040313 1567.03614302128 14.650286317248552 3445594.814493495 2360.0993446046596 14.650286317248552 2360.0993446046596 2345.449058287411 2300.0
270000.0 280000.0 22.40539843746228 642.3190331143506 377.9243051599169 999.8030000000144 58.070999999996275 14058.670674319434 1622.8212020398307 1605.9634654495687 1622.8212020398307 16.857736590262164 3513868.554314284 2477.4870602815645 16.857736590262164 2477.4870602815645 2460.629323691302 2300.0
280000.0 290000.0 789.9083242187626 803.125372121711 261.5305895254718 999.2930000000051 239.60806835937547 12976.865343357033 1538.0248389862918 1522.4619313466442 1538.0248389862918 15.562907639647909 3256683.8113037637 2270.608534870064 14.582846430589568 2270.608534870064 2256.0256884394744 2300.0
290000.0 300000.0 193.64104101556586 757.815850097654 310.8042328532924 999.2449999999953 19.832058593747206 11706.349808572159 1502.9587382446755 1488.938799453734 1502.9587382446755 14.019938790941659 3362640.680898755 2299.9657196265903 15.0 2299.9657196265903 2284.9657196265903 2300.0
