ts te idle avg_span std_span max_span min_span c_bytes_all c_ack_cnt c_ack_cnt_p c_pkts_all c_pkts_data s_bytes_all s_ack_cnt s_ack_cnt_p s_pkts_all s_pkts_data video_rate
0.0 10000.0 6502.646113281251 514.064412388393 468.92923044007097 999.1130000000012 32.25800000000163 4323.0 27.660351966811227 22.660351966811227 31.660351966811227 5.0 57702.96940122822 54.66035196681123 9.0 54.66035196681123 41.66035196681123 840.0
10000.0 20000.0 52.37090624999837 828.4049662580815 292.1324603248503 998.9839999999967 0.0 26969.394603611567 511.36198352006465 480.4364251328928 514.3619835200647 30.925558387171897 1525777.5721501156 898.0964761019869 54.851116774343794 898.0964761019869 840.2453593276432 388.3636363636364
20000.0 30000.0 271.0480410156306 655.2186077769882 378.73830510510896 999.0570000000007 3.1779999999998836 14887.513395802627 412.8637864539126 395.0153757573578 412.8637864539126 17.848410696554847 1114814.4342889714 550.0155600415767 33.767348229310734 550.0155600415767 516.2482118122659 591.0
30000.0 40000.0 747.0890039062433 695.2938627485796 378.18660534711785 998.0849999999991 0.0 13668.884441614508 627.6854650238236 611.3015358423555 627.6854650238236 16.383929181467902 1603838.0565290172 879.9699578558184 30.697331526734775 879.9699578558184 849.2726263290836 840.0
40000.0 50000.0 1282.6281640624875 694.4205738636364 328.0609727440534 999.8070000000007 0.0 14857.577703534913 695.4871107128417 677.6766358847303 695.4871107128417 17.810474828111303 1791697.3200420532 905.7982601899463 34.62094965622261 905.7982601899463 871.1773105337237 2630.0
50000.0 60000.0 652.662705078139 755.6041545222358 305.5901026264185 999.5479999999952 31.44511523436813 22650.629855436386 1089.4816660501137 1060.4500391434199 1093.4816660501137 26.031626906694044 3062044.0287415236 1537.1474728574979 50.42567221646201 1537.1474728574979 1483.7218006410358 2536.0
60000.0 70000.0 698.6439667968662 685.4588358226097 310.9141451276674 998.528999999995 233.17799999999988 13103.607342110916 754.1932755270539 738.4866001197789 754.1932755270539 15.7066754072749 2148349.4720829506 981.8722618700837 28.63758159692608 981.8722618700837 953.2346802731576 1500.0
70000.0 80000.0 725.783132812503 729.6742875689336 313.1444993939532 999.773000000001 258.1689999999944 13598.392657889084 762.2663607453785 745.9730361526534 762.2663607453785 16.2933245927251 2402892.1467641406 995.4396591162789 32.0 995.4396591162789 963.4396591162789 1500.0
80000.0 90000.0 2722.3627148437517 707.3860079520091 322.4479436280715 998.7039999999979 270.20900000000256 13302.353149669647 737.5490012616862 721.605588969917 737.5490012616862 15.943412291769176 1916142.0210967562 970.757624810221 27.886824583538353 970.757624810221 942.8708002266826 1500.0
90000.0 100000.0 117.27443554686033 733.357764820772 337.1167787689542 999.2140000000072 56.35088867187733 13311.593160800965 912.1436610089605 896.1916501291494 912.1436610089605 15.952010879811123 2421927.9249795205 1176.9153496962801 26.904021759622246 1176.9153496962801 1150.0113279366578 1500.0
100000.0 110000.0 33.34682812500978 679.1535278033099 374.99730494913945 999.7979999999952 0.0 13351.121846871067 985.6273792346497 969.6141703903847 985.6273792346497 16.013208844264923 2791408.9925907473 1286.5355077118304 26.02641768852985 1286.5355077118304 1260.5090900233006 2185.714285714286
110000.0 120000.0 96.34890625000116 716.9749968261694 362.15771825995324 999.7630000000063 90.79291406250559 12563.927660915608 807.4942880203367 792.4302409171115 807.4942880203367 15.064047103225189 2500134.314477254 1072.513012070118 25.128094206450378 1072.513012070118 1047.3849178636679 1900.0
120000.0 130000.0 1333.1407519531203 643.2746647135419 391.1272139893111 998.7239999999874 27.285964843758848 12533.004181742712 782.1856704743669 767.1583495934374 782.1856704743669 15.027320880929587 2224282.7468557223 1060.2785057115505 27.054641761859173 1060.2785057115505 1033.2238639496913 1500.0
130000.0 140000.0 1009.5168007812463 747.3235579834 360.6330129503871 999.765000000014 0.0 14130.22931682274 737.8376040535751 720.9109659100802 737.8376040535751 16.92663814349494 2278903.1240934962 1008.8297679368677 28.853276286989882 1008.8297679368677 979.9764916498779 1633.3333333333333
140000.0 150000.0 35.23915820312686 728.6766871337913 351.4570304039182 998.5830000000133 73.24807226561825 12508.32859867212 1039.477012787845 1024.4789978250517 1039.477012787845 14.998014962793492 3115444.6740901563 1448.1352194510314 24.996029925586985 1448.1352194510314 1423.1391895254444 2300.0
150000.0 160000.0 162.86088281249977 720.4739484591992 381.99325214566403 999.7660000000033 5.593994140625 12578.143440256044 1015.0580516022491 999.9769713478656 1015.0580516022491 15.081080254383401 2565967.3087370456 1371.482214744504 27.15069378742313 1371.482214744504 1344.331520957081 1900.0
160000.0 170000.0 348.4790546875156 811.3774031249981 274.99767380987123 999.6559999999881 272.64000000001397 12505.298644249095 782.5075138009979 767.5132471616697 782.5075138009979 14.994266639328163 2113125.125631614 1110.2715040386379 24.688801822446674 1110.2715040386379 1085.5827022161911 1500.0
170000.0 180000.0 997.5055156250019 677.8170805989571 339.9742408920607 998.3759999999893 267.0119999999879 12496.667470694618 733.0430814218814 718.0589157797262 733.0430814218814 14.984165642155128 2038156.350973945 1059.2703303826602 25.263695104018712 1059.2703303826602 1034.0066352786416 1500.0
180000.0 190000.0 132.06908398435917 742.3463442095604 350.27488861836395 999.9429999999993 15.751749999995809 14125.034560861313 902.4474756736822 885.5270070740845 902.4474756736822 16.92046859959776 2482015.739937149 1312.8995121489154 29.85677155704039 1312.8995121489154 1283.042740591875 1614.2857142857142
190000.0 200000.0 119.50320898435893 710.4042425537118 347.0249756702658 999.6490000000049 94.68789843749255 12590.297968444069 1042.4506577916031 1027.355292033356 1042.4506577916031 15.095365758247114 2949529.150860279 1489.667472587045 25.19073151649423 1489.667472587045 1464.4767410705508 2300.0
200000.0 210000.0 17.541978515626397 741.3582479248016 287.3368612075728 997.9459999999963 272.44200000001 12510.0 1053.5958367070261 1037.5958367070261 1053.5958367070261 15.0 2809892.297861641 1450.0324868186344 26.0 1450.0324868186344 1423.0324868186344 2033.3333333333333
210000.0 220000.0 929.3070390625217 696.7239356770821 346.09480584492445 999.3299999999872 269.0450000000128 12510.0 732.2259903709665 717.2259903709665 732.2259903709665 15.0 2040937.0185156674 1021.9911669474283 24.692580629508107 1021.9911669474283 997.2985863179201 1500.0
220000.0 230000.0 968.6607656249544 701.3305310444098 362.02699505830714 999.5620000000054 3.72607421875 17784.06165418881 870.7712192230483 850.767485498428 871.7712192230483 20.003733724620496 2267970.910648873 1226.9729161881096 37.31115309511239 1226.9729161881096 1188.6617630929973 1500.0
230000.0 240000.0 324.7599765624909 805.0069052220359 230.83861081025194 999.8269999999902 301.4549999999872 18141.930624798773 1169.0476757625634 1148.1594946665336 1171.0476757625634 19.888181096029836 3167505.0875843144 1768.2082468319256 38.78009591668017 1768.2082468319256 1726.4281509152456 2033.3333333333333
240000.0 250000.0 1944.150423828105 712.9976720525592 311.7837092419123 999.9789999999921 108.05372656247346 17933.134159915717 977.6954151161169 955.6857545936517 978.6954151161169 21.009660522465225 2617408.639305859 1379.983340107152 36.01932104493045 1379.983340107152 1341.9640190622215 2157.1428571428573
250000.0 260000.0 268.89433007815387 752.5255198759191 329.9665375101082 999.7469999999739 98.23194140626583 13218.292573948316 824.576598950005 808.7333942723691 824.576598950005 15.843204677635825 2271680.487634906 1145.9857868928348 25.68640935527165 1145.9857868928348 1120.2993775375633 1750.0
260000.0 270000.0 269.3207363280817 736.2912352430544 325.1135638541763 998.3410000000149 97.64807617187034 15604.546148953026 737.7428872969243 719.0591373631464 737.7428872969243 18.68374993377795 2025241.373381773 1035.7642806904498 24.5429360472425 1035.7642806904498 1011.2213446432074 1500.0
270000.0 280000.0 1040.5701562499162 754.1037570082767 314.4271933674308 999.710000000021 0.0 13830.03483819536 788.5229794415151 771.9515093960445 788.5229794415151 16.57147004547067 2178299.710743281 1138.505754233804 29.967503911254738 1138.505754233804 1108.5382503225492 1500.0
280000.0 290000.0 2893.9244003906497 643.4617713694837 345.175838732535 998.314000000013 62.38400000002002 16625.723815269215 756.4040074185159 736.3002889544928 756.4040074185159 19.89990951932211 2000720.7985326822 1096.1956744399204 30.799819038644223 1096.1956744399204 1065.1920464565753 1413.3333333333333
290000.0 300000.0 1407.9271542968927 701.0543684082077 357.5842696994147 998.0869999999995 11.9580078125 11763.082589959418 847.788964103424 832.8798177993178 847.788964103424 14.112955248807216 2338638.5161996456 1212.2803219808648 24.225910497614436 1212.2803219808648 1187.258220427951 1813.3333333333333
