ts te idle avg_span std_span max_span min_span c_bytes_all c_ack_cnt c_ack_cnt_p c_pkts_all c_pkts_data s_bytes_all s_ack_cnt s_ack_cnt_p s_pkts_all s_pkts_data video_rate
0.0 10000.0 0.0 0.0 0.0 0.0 0.0 0.0 0.0 0.0 0.0 0.0 0.0 0.0 0.0 0.0 0.0 0.0
10000.0 20000.0 6472.337019531253 602.284520898437 351.64649508447127 999.1920000000027 0.0 14351.905295480155 58.22950202744738 44.50428764518798 63.22950202744738 13.725214382259399 145914.68000877407 115.58132466245058 17.7252143822594 115.58132466245058 92.85611028019119 480.0
20000.0 30000.0 104.84297070312459 687.9030617897729 346.4732381136294 999.5429999999978 0.0 20514.21865102569 601.2730467900859 574.0535335259526 602.2730467900859 26.219513264133187 1205231.31269301 867.5343176798308 28.219513264133187 867.5343176798308 837.3148044156976 322.90909090909093
30000.0 40000.0 315.4158749999988 783.4546289062508 301.36817436173715 999.8190000000031 106.06500000000233 18109.952264883443 676.3465997186142 654.6895720601444 676.3465997186142 21.65702765846983 1170269.8469437035 868.9545698522152 21.65702765846983 868.9545698522152 847.2975421937454 330.6666666666667
40000.0 50000.0 40.71771093751158 792.9661390787757 288.1226000615705 999.2149999999965 202.44500000000698 13384.071276776951 479.7222808945274 463.6604417016261 479.7222808945274 16.061839192901296 805050.5899295406 603.5104337428872 16.061839192901296 603.5104337428872 587.448594549986 352.0
50000.0 60000.0 127.90223046875326 871.376894531249 224.050370899542 999.8570000000036 108.34299999999348 15033.877188928207 437.34560459284853 419.35418279196824 437.34560459284853 17.9914218008803 751210.1528945154 567.3563681494799 17.9914218008803 567.3563681494799 549.3649463485996 288.0
60000.0 70000.0 920.7658574218804 748.1217569531256 268.29968762899284 996.9459999999963 154.78393945311836 13463.822447641453 440.5448682541923 424.3842173275486 440.5448682541923 16.160650926643676 756076.3025113959 570.3992205848189 16.160650926643676 570.3992205848189 554.2385696581752 288.0
70000.0 80000.0 1153.8609160156047 751.6433677014812 290.0414476051661 999.622000000003 139.85197851562407 13290.964071555956 375.8725403777462 359.92746224170236 375.8725403777462 15.945078136043849 701455.4657586676 527.8898794358926 15.945078136043849 527.8898794358926 511.9448012998487 862.8571428571429
80000.0 90000.0 36.03685937500268 759.7578310210129 301.1777269099707 999.7069999999949 0.0 8522.188803708143 1130.9012422054134 1120.661987566745 1130.9012422054134 10.239254638668466 2065174.4591138437 1485.4373215020328 10.239254638668466 1485.4373215020328 1475.1980668633644 2300.0
90000.0 100000.0 2316.518136718747 708.3881062911172 270.58121364836506 999.7350000000006 203.05899999999383 25999.921949586693 628.8616057335669 596.2930250714143 630.8616057335669 30.56858066215264 1350951.2610766725 958.0411132617425 30.78429033107632 958.0411132617425 926.2568229306661 706.1818181818181
100000.0 110000.0 1562.5647714843653 727.4828876378674 356.2673633101412 999.6089999999967 30.89100000000326 14212.222297389293 1140.887487508056 1123.8703861666743 1140.887487508056 17.01710134138178 2306810.830833504 1608.4668151357187 17.21570966892368 1608.4668151357187 1591.2511054667948 1326.857142857143
110000.0 120000.0 28.11665624997113 694.9322504882821 387.6293295759153 999.6959999999963 11.704999999987194 13303.605079688796 992.6957791785842 976.7311607885465 992.6957791785842 15.9646183900376 2025684.0093185084 1441.1600944547297 15.775150196786013 1441.1600944547297 1425.3849442579437 1500.0
120000.0 130000.0 28.49573632812826 648.339835286459 416.9461230747944 999.8289999999979 25.070999999996275 13137.934992017083 1249.4601247926225 1233.7128033297934 1249.4601247926225 15.747321462829145 2827940.477938208 2006.4038563797442 16.522471659615157 2006.4038563797442 1989.881384720129 2166.6666666666665
130000.0 140000.0 488.380683593743 645.3835617187502 360.4230000522765 999.8260000000009 22.70900000000256 17423.792706957764 1309.1970638752875 1288.8441039931038 1310.1970638752875 20.35295988218374 2695865.3767142524 1883.713589642466 21.35295988218374 1883.713589642466 1860.360629760282 1570.0
140000.0 150000.0 1913.0543964843964 642.8865737047714 397.9205577883863 999.685999999987 41.820000000006985 12495.522974360372 1079.6171325372957 1064.2677142758807 1080.6171325372957 14.349418261415089 2589426.3085023584 1808.5348361095757 16.34941826141509 1808.5348361095757 1790.1854178481608 2008.0
150000.0 160000.0 875.464105468709 740.2375377604197 363.33126720668236 999.5620000000054 38.74299999998766 12510.0 1496.0451215137118 1480.0451215137118 1496.0451215137118 15.0 3218709.925763046 2246.0162594064154 16.0 2246.0162594064154 2229.0162594064154 2300.0
160000.0 170000.0 1026.967871093715 736.6154285714313 333.93646725911043 999.9590000000026 155.89000000001397 12510.0 1111.0 1096.0 1111.0 15.0 2455881.0 1722.0 15.0 1722.0 1707.0 1660.0
170000.0 180000.0 1198.1216210937419 783.8535286458325 289.798993305319 999.7799999999988 195.12299999999232 15483.564499666238 1273.0319556993672 1254.4758538925405 1273.0319556993672 18.556101806826792 2766259.4035501825 1930.8173809949424 17.778050903413394 1930.8173809949424 1913.039330091529 1766.6666666666667
180000.0 190000.0 56.821160156221595 684.9085720214844 390.5523532049022 999.9830000000075 87.03800000000047 11874.10160401779 1287.7085944687642 1273.4651034662202 1287.7085944687642 14.243491002543971 3077888.0522727156 2131.900773688581 15.021541905957367 2131.900773688581 2116.8792317826237 2300.0
190000.0 200000.0 767.8227324218606 644.9865857077222 425.05022729415805 999.8250000000116 91.5400390625 13617.513915311454 1192.8820251499908 1176.584975079605 1192.8820251499908 16.29705007038576 2703610.4919507736 1886.3540638309466 16.29705007038576 1886.3540638309466 1870.057013760561 2300.0
200000.0 210000.0 41.79061328127864 866.3588574218738 213.42832978748814 999.6549999999988 384.42699999999604 13005.230354975922 1390.7878800033536 1375.1999499924077 1390.7878800033536 15.587930010945854 3048103.4531631395 2122.352006653696 15.587930010945854 2122.352006653696 2106.7640766427503 2300.0
210000.0 220000.0 120.61491406243294 708.4556473388693 368.44530965794627 999.9090000000142 129.59299999999348 13225.80615270595 1367.6854361493306 1350.8131216584939 1367.6854361493306 15.872314490836601 3148215.260328642 2174.1507382226537 15.093870800067112 2174.1507382226537 2157.0568674225865 2300.0
220000.0 230000.0 50.85909765627002 661.2327297363281 419.91332002287197 999.6510000000126 111.54000000000815 12499.924148311376 1370.174585109602 1355.18672468995 1370.174585109602 14.987860419652261 3149494.4704283685 2163.31420821937 15.76630411042175 2163.31420821937 2147.547904108948 2300.0
230000.0 240000.0 35.784486328135245 685.9799387207004 374.5479001628428 999.8940000000002 140.56299999999464 12193.76823027413 1254.808645055588 1240.1896471877878 1254.808645055588 14.618997867800157 2979356.172113576 2092.245533881225 14.618997867800157 2092.245533881225 2077.6265360134253 2300.0
240000.0 250000.0 66.89044921880122 770.2888517795072 360.45449049960246 999.7199999999721 0.0 14025.178880988167 1344.58980980435 1327.8902015087044 1344.7877954572346 16.69960829564551 3149173.3268736284 2225.2215119845146 16.89759394853024 2225.2215119845146 2208.1259323830996 2300.0
250000.0 260000.0 3083.4620019530994 606.788394990812 325.3008048670414 997.1959999999963 113.84272851562127 15522.912213748974 666.3310685596535 647.1944225242905 667.1330829067688 18.136646035363093 1422051.3693189747 1015.6437825240705 19.938660382478364 1015.6437825240705 993.9031077944769 917.7142857142857
260000.0 270000.0 5508.9554804687505 527.0092000000004 306.2575104921382 964.5569999999716 226.58500000002095 12505.0 511.0 496.0 511.0 15.0 1299598.0 870.0 15.0 870.0 855.0 840.0
270000.0 280000.0 243.71112890623044 723.5536874999991 361.2323208984279 999.3769999999786 95.42599999997765 13748.782729665634 845.6413850363274 829.1488757234772 845.6413850363274 16.49250931285016 2030193.6656071048 1449.1338943491776 16.49250931285016 1449.1338943491776 1432.6413850363274 1500.0
280000.0 290000.0 32.11088085937081 681.6073585205122 395.60745228751875 999.7050000000163 140.26500000001397 12595.911576511993 909.1068390363343 894.0033311128259 909.1068390363343 15.103507923508424 2106099.3557712147 1453.836234923512 14.305499305329132 1453.836234923512 1439.5307356181827 1500.0
290000.0 300000.0 30.619875000033062 760.8601977539016 332.8867202292573 999.8869999999879 128.7029999999795 15036.305693822374 1164.1860317171815 1146.7820489535402 1165.1860317171815 17.403982763641416 2827641.6030278103 1972.6339151985158 19.201991381820708 1972.6339151985158 1952.4319238166954 1900.0
