ts te idle avg_span std_span max_span min_span c_bytes_all c_ack_cnt c_ack_cnt_p c_pkts_all c_pkts_data s_bytes_all s_ack_cnt s_ack_cnt_p s_pkts_all s_pkts_data video_rate
0.0 10000.0 6890.437992187501 613.3283361545137 281.6008827619909 994.1049999999996 259.29799999999886 19576.205440251197 341.7849378986421 319.8082210348636 345.7849378986421 21.97671686377851 845781.2573269866 536.3591481089967 35.061998003862314 536.3591481089967 497.2971501051344 696.0
10000.0 20000.0 1181.8523300781308 608.1027858072916 348.3312127083864 997.0460000000021 50.027015625000786 23466.565494926712 862.0008291425789 833.5242472740028 863.0008291425789 27.476581868576147 2224042.1845110534 1151.3469303410325 52.938001996137686 1151.3469303410325 1096.4089283448948 820.0
20000.0 30000.0 186.95106054687494 800.4703359374996 269.5516735065592 999.989999999998 57.830000000001746 13777.624147805127 902.0635068664226 884.5567164265883 902.0635068664226 16.506790439834226 2412053.6360609196 1238.8283674445697 34.92017834437776 1238.8283674445697 1202.9081891001917 1500.0
30000.0 40000.0 2258.5571250000066 603.2283348524301 368.0766884240869 999.3039999999964 39.821068359371566 13204.754867847576 680.5197250806884 664.6803487530784 680.5197250806884 15.839376327609948 1760273.2725277548 884.4121040852841 30.678752655219895 884.4121040852841 853.7333514300642 1728.5714285714287
40000.0 50000.0 43.58320507814642 796.3716081112104 305.3696850210097 999.7010000000009 199.9870410156218 13325.198363181442 1131.689759019969 1115.7197622411818 1131.689759019969 15.969996778786953 3220191.4012269303 1578.197569321394 26.939993557573906 1578.197569321394 1551.2575757638201 2300.0
50000.0 60000.0 14.514724609383848 849.2824909179683 232.9695402595902 999.9309999999969 229.69971679688024 12703.651685987945 1072.0486211156735 1056.8180833942592 1072.0486211156735 15.230537721414219 3167961.177359217 1494.137056469566 27.461075442828438 1494.137056469566 1466.6759810267376 2300.0
60000.0 70000.0 1761.4020136718755 810.9457447509767 222.3805586482357 998.7620000000024 261.5130000000063 12337.53152214996 941.3978736683623 926.6027055897995 941.3978736683623 14.795168078562899 2737893.5702398936 1314.1631532638905 26.590336157125797 1314.1631532638905 1287.572817106765 2300.0
70000.0 80000.0 76.01219335939095 721.0613256293395 334.2157387807613 999.903999999995 204.03696875000605 13346.067836260241 1096.1208129910797 1080.1278583161861 1096.1208129910797 15.992954674893397 3037873.9509752034 1587.104733695692 28.985909349786795 1587.104733695692 1558.1188243459053 1957.142857142857
80000.0 90000.0 56.550248046871275 704.7643189697264 360.99231988248505 999.9290000000037 210.84010742187093 12522.59107023084 1149.2754067444812 1134.2604529793614 1149.2754067444812 15.014953765119762 3044501.9957487993 1630.5370009120356 25.029907530239523 1630.5370009120356 1605.507093381796 2300.0
90000.0 100000.0 143.4685078125185 819.0054989149293 276.711068677166 999.7229999999981 196.63400390624884 13313.405457642577 1179.420552817461 1163.4645866142705 1179.420552817461 15.955966203190155 3188746.6988132168 1681.9756995878772 28.670975128146523 1681.9756995878772 1653.3047244597308 2300.0
100000.0 110000.0 168.713517578115 765.96071809896 287.18606074185413 999.023000000001 205.29511914063187 13463.861620617114 1186.3226339187318 1170.189209292635 1186.3226339187318 16.13342462609689 3333936.1416617986 1761.9589919918656 30.50780653042757 1761.9589919918656 1731.451185461438 2300.0
110000.0 120000.0 106.41535546878004 712.5694611816398 358.4944015122428 998.8910000000033 107.41909765623859 12428.802389210707 1171.5308857286939 1156.6273199457833 1171.5308857286939 14.90356578291058 3040634.60635313 1659.3445457015857 24.80713156582116 1659.3445457015857 1634.5374141357645 2300.0
120000.0 130000.0 108.48679492186056 709.8906878446733 326.42340266110523 999.7229999999981 203.21871874999488 12681.74010388856 1134.2218216412582 1119.0178547720318 1134.2218216412582 15.203966869226317 3000189.4906578297 1622.2662966315804 26.407933738452634 1622.2662966315804 1595.8583628931278 2300.0
130000.0 140000.0 48.1002265624702 766.1222680989595 298.6816258511948 998.8120000000054 224.67900000000373 12334.335205794783 1084.5743432903037 1069.7829713119252 1084.5743432903037 14.791371978378603 3084264.769557797 1554.1463343798077 24.582743956757206 1554.1463343798077 1529.5635904230505 2300.0
140000.0 150000.0 28.135220703145023 796.1994600585938 321.7302590196637 999.7799999999988 48.39900000000489 13330.31266369067 1181.808667444705 1165.8326014832198 1181.808667444705 15.976065961485032 3241812.7969668796 1705.415203742116 29.719569862833698 1705.415203742116 1675.6956338792825 2300.0
150000.0 160000.0 24.173662109358702 761.8620440995054 273.44252593118216 999.9580000000133 212.31171874998836 13357.973872313145 1195.5032282386196 1179.495580974447 1195.5032282386196 16.007647264172704 3368008.8350101877 1728.3949005402665 28.24785658848177 1728.3949005402665 1700.1470439517848 2300.0
160000.0 170000.0 35.45196289062733 753.9315579833965 307.85145199015375 999.81700000001 224.79896484373603 12491.203167372352 1038.453855424042 1023.476179453291 1038.453855424042 14.977675970751012 2922552.7180961245 1558.78748355352 25.955351941502023 1558.78748355352 1532.8321316120177 2300.0
170000.0 180000.0 64.23037304691388 724.4601274414017 339.25700263952484 999.8610000000044 226.6009999999951 12556.119815368716 1162.555786780223 1147.5010126527065 1162.555786780223 15.05477412751629 3112118.673160551 1611.6753404113247 25.109548255032582 1611.6753404113247 1586.5657921562922 2300.0
180000.0 190000.0 107.21231445312151 710.6113284912099 352.01012849711395 998.7669999999925 179.2939999999944 12501.848869941161 1162.0664702187687 1147.0761508957983 1162.0664702187687 14.990319322970498 2972741.1784825595 1574.945809369134 24.980638645941 1574.945809369134 1549.965170723193 2300.0
190000.0 200000.0 47.869349609391065 826.8657816611812 281.15475390315055 999.185999999987 116.44200000001001 14362.206405519173 1311.9561310515614 1294.7539856768358 1311.9561310515614 17.20214537472586 3469538.5236357856 1878.6959737517109 31.404290749451718 1878.6959737517109 1847.291683002259 2300.0
200000.0 210000.0 285.9218847656448 726.778951976099 330.9093322575527 999.3969999999972 0.0 12339.171195901026 1098.4678085098687 1083.6706930753069 1098.4678085098687 14.797115434561789 3210591.2293897304 1609.946786016974 24.594230869123578 1609.946786016974 1585.3525551478506 2300.0
210000.0 220000.0 121.95593359373743 702.052737060545 353.55694172022726 999.8440000000119 201.8817070312507 12474.498210134449 1168.5926783445595 1153.6348419904807 1168.5926783445595 14.957836354078918 2975178.039187126 1616.2988693008347 24.915672708157835 1616.2988693008347 1591.3831965926768 2300.0
220000.0 230000.0 456.62837890625815 684.026820033481 356.6956332462279 999.3260000000009 0.0 12716.330593964525 1228.1121022641223 1212.867054052763 1228.1121022641223 15.245048211359293 3339783.8936266387 1745.1455148600842 29.490096422718587 1745.1455148600842 1715.6554184373656 2300.0
230000.0 240000.0 104.0676132812223 837.595319568454 250.932533476519 999.8099999999977 59.89300000001094 13780.704422756788 1208.028930662636 1191.520700732132 1208.028930662636 16.50822993050404 3150672.019035072 1689.215171659261 33.01645986100808 1689.215171659261 1656.1987117982528 2300.0
240000.0 250000.0 1689.9075273437193 751.11829882812 329.1534533272177 999.2540000000154 99.3719179687323 11656.908802374446 960.4980778982299 946.5110147365586 960.4980778982299 13.987063161671319 2655808.507633649 1404.0997686016785 27.073220227941956 1404.0997686016785 1377.026548373737 2300.0
250000.0 260000.0 120.66154492192436 729.4501143465856 334.5786246953675 998.1930000000284 98.66968359373277 13774.386774868766 1216.1170433228208 1199.6123364149962 1216.1170433228208 16.50470690782464 3592564.5109164407 1743.3687094299264 28.247471469119652 1743.3687094299264 1715.1212379608066 2300.0
260000.0 270000.0 482.43057031248463 682.791560901993 330.9823714536597 999.6329999999725 0.0 14851.084626996957 1159.632813233061 1141.3517601056838 1160.632813233061 17.28105312737733 3370980.912661489 1784.55994640031 34.943901569307634 1784.55994640031 1747.6160448310022 2300.0
270000.0 280000.0 1523.9040039062384 821.0605220424103 200.41382223578262 999.9060000000172 270.9892578125 10747.162455478596 723.4549480628107 710.5501396290887 723.4549480628107 12.904808433721964 2004091.0026438273 1062.6488852662253 23.177398613661254 1062.6488852662253 1039.471486652564 2300.0
280000.0 290000.0 1212.6056601562304 712.7134624794431 302.34162698947614 999.6959999999963 26.731697265640832 15615.220168266766 939.7285075279109 921.0330832447422 939.7285075279109 18.69542428316856 2497732.27575243 1454.2172165839243 36.2608134029201 1454.2172165839243 1417.956403181004 1387.5
290000.0 300000.0 37.09279882814735 782.8305645680144 277.5527843528746 998.9089999999851 56.64974218752468 12445.020679758047 1175.1853142580253 1160.260794959181 1175.1853142580253 14.924519298844217 3184138.8886884246 1796.5991680496966 28.89234514226546 1796.5991680496966 1767.7068229074312 2300.0
