ts te idle avg_span std_span max_span min_span c_bytes_all c_ack_cnt c_ack_cnt_p c_pkts_all c_pkts_data s_bytes_all s_ack_cnt s_ack_cnt_p s_pkts_all s_pkts_data video_rate
0.0 10000.0 8140.823105468749 525.5866031901041 266.5669107672294 998.6100000000006 314.247314453125 13292.32710471528 188.9372665018465 174.66360692532976 192.9372665018465 14.273659576516698 398063.7352546292 259.71876682898494 23.19183737415782 259.71876682898494 232.52692945482715 840.0
10000.0 20000.0 129.89908593750442 824.8581408691404 211.91559674457534 998.1929999999993 266.42199999999866 23664.67289528472 984.0627334981535 955.3363930746702 985.0627334981535 27.726340423483304 2930942.2647453705 1419.281233171015 56.808162625842186 1419.281233171015 1359.473070545173 840.0
20000.0 30000.0 1836.4257500000022 681.8467854646384 320.577784865363 999.6429999999964 52.171000000002095 16299.164534518755 764.0058283067888 743.4877094681428 764.0058283067888 19.518118838646046 2233509.1702459212 1015.6442450200556 38.03623767729209 1015.6442450200556 975.6080073427635 1500.0
30000.0 40000.0 741.4561093750017 673.2681978236602 360.7618556714001 999.2880000000005 27.62603515625233 14235.187064815933 870.8233008925386 853.7434299758984 870.8233008925386 17.07987091664016 2660494.18859152 1131.5768432004168 29.963762322707908 1131.5768432004168 1101.6130808777089 1957.142857142857
40000.0 50000.0 243.14475976562244 844.0542181555711 223.57771005815007 999.862000000001 275.95700000000215 13701.648400665312 1223.0867780171077 1206.684767772394 1223.0867780171077 16.402010244713793 3563751.4087757664 1621.7159323979938 33.781579896906734 1621.7159323979938 1587.9343525010872 2300.0
50000.0 60000.0 20.43398437499127 817.7368928710945 262.4191568742177 999.2989999999991 217.5379042968707 12510.0 1068.9601441790683 1053.9601441790683 1068.9601441790683 15.0 3210264.381196619 1441.7648758203406 30.218420103093266 1441.7648758203406 1411.5464557172475 2300.0
60000.0 70000.0 62.636894531256985 796.5215065917964 252.1941033980743 999.5770000000048 277.0350468749966 12510.0 1002.2480835239573 987.2480835239573 1002.2480835239573 15.0 3003651.9469487146 1316.1750743098914 28.0 1316.1750743098914 1288.1750743098914 2300.0
70000.0 80000.0 53.09016015623638 751.7266828613292 280.26278814409244 997.619000000006 303.9159414062451 12856.338568517174 931.6614416375394 916.250113171367 931.6614416375394 15.411328466172417 2941206.1186100137 1240.957832064095 25.411328466172417 1240.957832064095 1215.5465035979228 2300.0
80000.0 90000.0 1746.1196718749998 730.7033208333335 253.497652831871 999.0329999999958 272.224000000002 11887.678665752233 759.8363346554046 745.5746343055611 759.8363346554046 14.261700349843526 2531056.4177212515 1001.6818726148902 25.261700349843526 1001.6818726148902 976.4201722650466 2300.0
90000.0 100000.0 163.63584179685859 688.3313755139802 321.8790620774956 998.0690000000031 19.46600000000035 14447.73002425093 877.0831873081153 859.7767063159123 877.0831873081153 17.306480992202985 2410085.1132942303 1142.0819527366586 35.285990800421914 1142.0819527366586 1106.7959619362368 1352.5
100000.0 110000.0 421.69298242188233 817.0187084099264 311.4793333716131 999.7639999999956 20.44406835937116 12842.193111618724 779.0804768036282 763.6859481675015 779.0804768036282 15.39452863612675 2312483.565232127 965.4234853806455 28.040980383562143 965.4234853806455 937.3825049970834 1766.6666666666667
110000.0 120000.0 148.01699414060568 765.9183511029422 307.7591615208464 999.8539999999921 88.53299999999581 14364.646025286365 948.8923275493473 931.6717484382962 948.8923275493473 17.22057911105118 3084369.2168274475 1236.4127297716827 28.0 1236.4127297716827 1208.4127297716827 2300.0
120000.0 130000.0 446.1050273437577 775.6612697753881 271.66472036142835 999.1119999999937 288.041259765625 12022.413604574573 860.8582266055863 846.4528441609832 860.8582266055863 14.405382444603138 2715591.272659854 1166.2170441291569 25.0 1166.2170441291569 1141.2170441291569 2300.0
130000.0 140000.0 10.275031249999302 744.1490415039103 325.2299425488671 999.9280000000144 89.41099999999278 13373.80588758178 1069.4064141448075 1053.3713796940574 1069.4064141448075 16.035034450750295 3493552.7303719167 1418.056479498954 31.070068901500587 1418.056479498954 1386.9864105974534 2300.0
140000.0 150000.0 214.00585351561313 831.9079848632813 214.09980340966945 997.3070000000007 328.2380000000121 13328.19411241822 1109.728049897758 1093.763084348508 1109.728049897758 15.964965549249706 3315614.1426567486 1469.867263266581 31.929931098499413 1469.867263266581 1437.9373321680814 2300.0
150000.0 160000.0 1395.5736386718636 767.3191364583307 317.50039654574795 999.8479999999981 128.33400000000256 10828.0 932.3294064783527 919.3294064783527 932.3294064783527 13.0 2628311.32686787 1168.4243697886377 25.0 1168.4243697886377 1143.4243697886377 2300.0
160000.0 170000.0 461.7967832031427 800.2186611328119 288.2261323921701 999.5849999999919 272.54099999999744 14192.0 980.8061482815338 963.8061482815338 980.8061482815338 17.0 2948324.353098564 1311.5578815085344 30.0 1311.5578815085344 1281.5578815085344 1900.0
170000.0 180000.0 27.716593750024913 802.943884535845 269.15226529118564 999.1289999999863 122.3359375 12647.570846772307 984.4477870010353 969.2844011972677 984.4477870010353 15.163385803767586 3069065.9573300807 1284.0425105589643 27.163385803767586 1284.0425105589643 1256.8791247551967 2300.0
180000.0 190000.0 39.35628320314572 710.9366241861972 329.48695491099295 999.6909999999916 29.679000000003725 15636.172419733735 1196.3662703399928 1177.225804805355 1197.3662703399928 18.140465534637798 3341777.9548658514 1586.1476669774786 35.44431687304319 1586.1476669774786 1548.7033501044352 2300.0
190000.0 200000.0 46.89063476561569 858.346230674342 180.9004431225532 999.9090000000142 454.447265625 13483.238785211239 1059.572067870567 1043.4052093898051 1059.572067870567 16.166858480762027 3312338.5438268185 1405.8671446833932 31.86300714235664 1405.8671446833932 1374.0041375410367 2300.0
200000.0 210000.0 56.780705078097526 784.6108121553312 254.84079745681132 999.9020000000019 397.9069648437435 12124.017948282719 981.1197110902641 966.5904209094315 981.1197110902641 14.529290180832586 2968260.706987136 1267.9594455232402 25.529290180832586 1267.9594455232402 1242.4301553424075 2300.0
210000.0 220000.0 61.73417773438268 756.8665563151039 322.83608252724474 999.0890000000072 127.60500000001048 13396.819796326807 941.7859316215036 925.71780887241 941.7859316215036 16.068122749093572 2940190.7788144527 1273.7984697410452 26.569979927726312 1273.7984697410452 1247.228489813319 2300.0
220000.0 230000.0 55.513019531266764 710.8973855298904 317.85377631978105 999.4860000000044 0.0 18378.49691434512 971.7191972315306 952.2587308094919 972.7191972315306 19.4604664220387 3071509.227044706 1270.7724321969697 32.487198414538234 1270.7724321969697 1237.2852337824313 2300.0
230000.0 240000.0 20.591140625008848 746.6007010271984 334.884700539754 999.9610000000102 11.200015625014203 16339.457119966519 1079.6120925235675 1060.0301108144126 1079.6120925235675 19.581981709155013 3383772.543114687 1450.91370145663 32.608677978166384 1450.91370145663 1418.3050234784635 2300.0
240000.0 250000.0 16.24555273441365 755.652044609373 300.1062959020269 999.7060000000056 73.4780000000028 14400.65026675066 1263.1646987297497 1245.9323158676004 1263.1646987297497 17.232382862149226 3171734.02873981 1631.499344394782 28.020051164442094 1631.499344394782 1603.4792932303399 2056.6666666666665
250000.0 260000.0 19.789201171894092 689.6919096235783 333.9719929765314 999.5349999999744 0.0 16550.69167097944 962.6233108679767 941.8125553623554 963.6233108679767 19.81075550562128 2760406.3600917393 1256.962477462302 30.62151101124256 1256.962477462302 1226.3409664510596 1882.857142857143
260000.0 270000.0 34.12249609368155 774.012828247076 308.5317916492233 998.3510000000242 0.0 12380.884231631457 1086.3618716203691 1071.5155808684272 1086.3618716203691 14.84629075194221 3027027.2771315817 1483.2635185915078 25.69258150388442 1483.2635185915078 1457.5709370876234 2300.0
270000.0 280000.0 36.72598437505076 775.3275153952212 247.27251383782894 999.5690000000177 427.5140000000247 12945.067986307877 1151.4621687149606 1135.9442306360227 1151.4621687149606 15.517938078937949 3071774.342360746 1583.2514434020627 28.035876157875897 1583.2514434020627 1555.2155672441868 2300.0
280000.0 290000.0 13.149744140624534 693.8367227260044 338.53448632390825 999.74099999998 41.95100000000093 16345.680007487324 1221.203694187792 1202.1707200791748 1222.203694187792 19.032974108617175 3523240.8296786943 1734.0089478685125 36.06594821723435 1734.0089478685125 1696.9429996512781 2300.0
