ts te idle avg_span std_span max_span min_span c_bytes_all c_ack_cnt c_ack_cnt_p c_pkts_all c_pkts_data s_bytes_all s_ack_cnt s_ack_cnt_p s_pkts_all s_pkts_data video_rate
0.0 10000.0 6056.857826171876 719.7751544596352 319.51318865427396 999.9569999999985 48.0570000000007 26514.892654255586 453.9658038886375 423.7121545341958 457.9658038886375 30.253649354441702 969189.9680717804 622.2193917460071 48.93006813197695 622.2193917460071 569.2893236140301 345.6
10000.0 20000.0 1850.7322910156217 631.8728978630517 298.72366316343346 998.6759999999995 228.4890000000014 15059.869415984647 534.055743713971 515.0060652729425 534.055743713971 18.04967844102846 1470157.2904014592 776.8021558566014 32.721595765758124 776.8021558566014 743.0805600908433 980.5714285714286
20000.0 30000.0 162.93193749999773 697.9423746337893 347.92435339722886 999.6229999999996 251.3989999999976 12397.451363767792 756.0564406370117 741.193446610571 756.0564406370117 14.86299402644082 2033928.9276112209 1049.3911533493679 25.5146579241759 1049.3911533493679 1023.8764954251919 1500.0
30000.0 40000.0 820.1099492187423 686.4377238281261 346.70738053755036 999.9789999999994 255.58699999999953 12111.547809145191 793.1166271798521 778.5868987052348 793.1166271798521 14.529728474617334 2067553.2508489203 1087.6056126883263 24.529728474617336 1087.6056126883263 1063.0758842137088 1500.0
40000.0 50000.0 1146.1697558593587 619.013356962317 373.9711595426368 999.8929999999964 0.0 12530.085201372713 780.7887956959117 765.7643015478961 780.7887956959117 15.024494148015503 1988288.0640986504 1085.5678196978006 25.303949703471684 1085.5678196978006 1060.263869994329 1500.0
50000.0 60000.0 706.50889453126 731.5986226806644 345.22949293121104 998.8999999999942 250.0130000000063 13601.15355547407 896.0165888846159 879.7371333291596 896.0165888846159 16.27945555545618 2471087.498967969 1283.413866661897 30.0 1283.413866661897 1253.413866661897 1500.0
60000.0 70000.0 446.26870507810963 731.7029529947933 340.9178740126911 999.5080000000016 247.19599999999627 13066.942444706945 815.8471222353472 800.1679241320461 815.8471222353472 15.679198103301152 2054546.2881032662 1104.2055184419496 25.679198103301154 1104.2055184419496 1078.5263203386485 1500.0
70000.0 80000.0 292.317367187512 687.0641645220577 370.89942848668466 998.4060000000027 101.42299999999523 12691.231339735754 722.9294693036244 707.7203716374397 722.9294693036244 15.209097666184645 2065903.5146849898 1012.1269252122792 25.209097666184643 1012.1269252122792 986.9178275460945 1500.0
80000.0 90000.0 823.0336562500015 691.329998958333 338.78065288278697 999.8549999999959 255.26399999999558 12342.971951730065 669.9050609364843 655.0968375155156 669.9050609364843 14.80822342096879 1969363.4437076133 938.5979401548631 24.80822342096879 938.5979401548631 913.7897167338942 1500.0
90000.0 100000.0 194.0141210937436 707.7829928768384 344.49900180183425 997.7670000000071 251.99099999999453 12943.204510308939 839.0517155395455 822.5396303419355 839.0517155395455 15.512085197610034 2060538.3305528732 1094.1556600715544 24.907783003577723 1094.1556600715544 1068.2478770679768 1500.0
100000.0 110000.0 447.52202148438664 735.8363358289935 322.9204280412193 999.573000000004 250.25500000000466 15388.649753518299 899.2666319849984 880.475236373063 900.2666319849984 17.79139561193538 2483039.4229512573 1275.9139561193538 34.395697805967686 1275.9139561193538 1239.518258313386 1500.0
110000.0 120000.0 407.29772460935055 731.2985516927108 342.91653698135843 999.7850000000035 265.5450000000128 13069.78690822168 712.4026802173138 696.7200132560678 712.4026802173138 15.682666961245951 1982188.7638383808 995.1333480622975 25.68266696124595 995.1333480622975 969.4506811010516 1500.0
120000.0 130000.0 2138.688099609397 707.2241994977687 326.54683812608596 999.3520000000135 255.00200000000768 13369.271898140316 569.7227140376472 553.6821385521102 569.7227140376472 16.04057548553697 1622211.2361616192 835.8666519377025 25.31733303875405 835.8666519377025 810.5493188989484 1060.0
130000.0 140000.0 3395.461074218765 612.1527014508922 352.4383471402352 999.9899999999907 247.3649999999907 14165.446607799919 509.346540968095 492.3804331269045 509.346540968095 16.966107841190485 1338374.2837611937 713.4630935742846 30.034025431960107 713.4630935742846 683.4290681423246 840.0
140000.0 150000.0 2310.0908417968603 653.7373606770823 284.849281848286 999.5679999999993 254.20699999999488 14966.494585838087 917.5241015759332 900.2134518639066 918.5241015759332 17.310649712026596 2415229.7758234967 1306.4668198989489 29.96597456803989 1306.4668198989489 1275.500845330909 1674.2857142857142
150000.0 160000.0 32.92965820309473 707.9828131103532 349.9996711603946 999.9700000000012 223.91300000000047 13584.120151823377 1238.2981864706715 1222.004065805824 1238.2981864706715 16.29412066484744 3051008.546506702 1746.952551126122 25.64706033242372 1746.952551126122 1721.3054907936983 2300.0
160000.0 170000.0 127.59723046878935 697.6504855956991 354.28782780659856 999.929999999993 243.86100000000442 12427.81255943524 821.2075300690983 806.3079892282194 821.2075300690983 14.899540840878931 2142494.428178689 1123.2636581993188 25.546601173302655 1123.2636581993188 1097.7170570260162 1660.0
170000.0 180000.0 987.8745332031394 670.3672615885386 334.6738775667464 999.4469999999856 253.4899999999907 12088.729478651274 800.9842726581643 786.4820046640006 800.9842726581643 14.502267994163736 2016235.5617695807 1085.4213132004465 24.502267994163738 1085.4213132004465 1060.919045206283 1500.0
180000.0 190000.0 1384.5469667968864 743.5615332031234 333.5142742697348 999.1199999999953 250.2960000000021 11939.33781009011 794.5139740030769 780.209903502967 794.5139740030769 14.304070500109889 2097039.4039603379 1160.4325640008792 25.304070500109887 1160.4325640008792 1135.1284935007693 1500.0
190000.0 200000.0 413.80503515619785 727.4401710707735 347.4909026191953 999.640000000014 118.58699999999953 15241.5143266686 896.4164528881389 877.1534994264439 896.4164528881389 18.262953461695062 2401762.9598943815 1316.0479296189865 30.63147673084753 1316.0479296189865 1284.416452888139 1500.0
200000.0 210000.0 713.6348593750445 690.1972727864573 347.5807365607207 999.9679999999935 255.6710000000021 11460.4856733314 717.5835471118611 703.8465005735561 717.5835471118611 13.737046538304936 2023304.0401056185 1022.9520703810135 24.36852326915247 1022.9520703810135 998.5835471118611 1500.0
210000.0 220000.0 444.64211523439735 726.3000589843742 349.6285207925935 999.2039999999979 255.65499999999884 13542.741111921981 740.6126126672896 724.3698435795375 740.6126126672896 16.242769087752084 2000718.208961944 1039.8843054040333 26.242769087752084 1039.8843054040333 1013.6415363162812 1500.0
220000.0 230000.0 862.3427890625026 686.9884721354174 349.9891801076444 998.7259999999951 259.76500000001397 12042.265820339882 707.5035368804729 693.0572731240032 707.5035368804729 14.446263756469701 2013678.8506606822 979.8963514804025 24.4462637564697 979.8963514804025 955.4500877239327 1500.0
230000.0 240000.0 1639.9954648437852 669.9606243896451 345.3411449016582 998.5 255.37899999998626 12514.99308271962 825.6277542249794 810.6216650997117 825.6277542249794 15.006089125267831 1977270.1386372154 1076.8291006747336 26.00608912526783 1076.8291006747336 1050.8230115494657 1500.0
240000.0 250000.0 112.69270312495064 716.5017978001698 324.4857897550306 999.6780000000144 233.79999999998836 17013.725024047064 970.2485075719951 949.2488429085231 971.2485075719951 19.999664663472032 2559725.2284237407 1369.6035072537213 35.99966466347203 1369.6035072537213 1331.6038425902493 1500.0
250000.0 260000.0 124.88040429691318 745.0095571289057 338.59002730555426 997.5100000000093 265.08699999999953 12463.610938547157 795.6865246116547 780.7430966378167 795.6865246116547 14.943427973837998 2091740.677288052 1126.8070958619055 24.943427973838 1126.8070958619055 1101.8636678880675 1500.0
260000.0 270000.0 230.9831367189181 681.2041799316321 346.4023732302808 999.9369999999763 248.875 12574.268434899122 849.1494848016098 834.080594218909 849.1494848016098 15.068890582700753 2086099.4411842786 1143.3938497042047 25.42244317745095 1143.3938497042047 1117.9714065267538 1500.0
270000.0 280000.0 672.3766113281599 710.6856134114593 330.9874237473425 999.3389999999781 260.56099999998696 12491.181021816357 829.9345402388678 814.9480046548424 829.9345402388678 14.986535584025441 2006695.981835675 1135.4296729384462 24.63298298927524 1135.4296729384462 1110.7966899491707 1500.0
280000.0 290000.0 158.2478496094118 698.6590718994157 353.3796114096376 998.9309999999823 247.6940000000177 12965.171572894087 744.7293081420997 729.1907503510224 744.7293081420997 15.53855779107738 2049864.47677532 1074.0942016108868 24.92245850877577 1074.0942016108868 1049.1717431021111 1500.0
290000.0 300000.0 522.6242539062514 683.1592494860188 344.24798725785 999.6969999999856 215.0439999999944 15369.042992814726 1086.5077308610307 1068.739929425634 1087.5077308610307 17.767801435396784 2769221.9962330926 1575.0619150716661 33.383900717698396 1575.0619150716661 1540.6780143539677 1500.0
