ts te idle avg_span std_span max_span min_span c_bytes_all c_ack_cnt c_ack_cnt_p c_pkts_all c_pkts_data s_bytes_all s_ack_cnt s_ack_cnt_p s_pkts_all s_pkts_data videorate
0.0 10000.0 7044.826712890626 605.1378025390622 321.39438045143925 958.5279999999984 0.0 19224.490218534207 253.19670715063353 230.5985566749391 257.19670715063353 22.59815047569448 546478.4835971042 363.72117523097563 36.19630095138896 363.72117523097563 323.5248742795867 480.0
10000.0 20000.0 1397.9223300781305 634.6535025745735 373.9783574263703 999.7099999999991 0.0 20083.01402161122 834.7711109180312 809.7380212035291 834.7711109180312 24.03308971450199 2110246.983447008 1216.3336131082986 44.06617942900398 1216.3336131082986 1171.2674336792945 850.9090909090909
20000.0 30000.0 84.17880078123562 699.7106165771493 355.11894994338735 998.586000000003 234.44000000000233 12518.6877167512 763.0399267609837 748.0296088075975 763.0399267609837 15.010317953386224 2084470.1688515525 1097.2204683975801 25.020635906772448 1097.2204683975801 1072.1998324908077 1500.0
30000.0 40000.0 119.68488476562197 688.5846876220708 358.0580619724641 999.7850000000035 236.37400000000343 12811.80804310337 771.8288538312418 756.4704119748245 771.8288538312418 15.358441856417306 1961050.757190952 1064.2704915892584 25.716883712834612 1064.2704915892584 1038.553607876424 1500.0
40000.0 50000.0 34.7091054687553 751.1069963107628 317.26811890197064 999.9860000000044 221.62699999999313 14715.882859131048 1035.4438868168245 1017.8074463665503 1035.4438868168245 17.636440450274403 2666659.5137492055 1450.1050563254753 31.272880900548806 1450.1050563254753 1418.8321754249264 1800.0
50000.0 60000.0 76.50868164062558 712.7468782958986 340.65158568485947 999.7970000000059 236.83000000000175 12516.663391867716 1310.284750732295 1295.2768369652313 1310.284750732295 15.007913767063798 2938291.479098854 1732.4208508600082 25.015827534127595 1732.4208508600082 1707.4050233258808 2300.0
60000.0 70000.0 136.5290039062529 718.3197492675772 332.41203686600835 999.6290000000008 244.22000000000116 12809.453749001235 835.3034451981 819.9477994154382 835.3034451981 15.3556457826618 2164901.2425507014 1135.2126922118678 26.071532585559815 1135.2126922118678 1109.1411596263079 1633.3333333333333
70000.0 80000.0 831.6654160156177 698.6741570312511 338.1554371902893 998.9850000000006 246.1889999999985 12226.52599015827 770.1279041096874 755.4645715798082 770.1279041096874 14.663332529879181 2102631.2250785707 1081.1455148858759 24.966424039522146 1081.1455148858759 1056.1790908463538 1500.0
80000.0 90000.0 201.08942382813257 670.2140001220696 350.8947439495919 998.5639999999985 257.8819999999978 13096.633308344051 839.8907887854888 824.1940746425623 839.8907887854888 15.696714142926426 1971341.896544875 1092.2995652973927 26.033381613047247 1092.2995652973927 1066.2661836843456 1500.0
90000.0 100000.0 569.6085820312583 741.4962725183825 297.30414318036503 999.5529999999999 252.57600000000093 13563.383042036166 1135.4348162915467 1118.1813922511237 1135.4348162915467 16.253424040423 2740928.4962295773 1562.3761247537882 28.866894753651607 1562.3761247537882 1532.5092300001368 1728.5714285714287
100000.0 110000.0 35.19327734375838 703.4828975830069 358.6332830251779 999.8570000000036 219.64500000000407 12422.89542117939 1194.3510348253549 1179.4609703259266 1194.3510348253549 14.890064499428284 3065652.5411431645 1683.4679192975846 25.028361392528122 1683.4679192975846 1658.4395579050565 2166.6666666666665
110000.0 120000.0 324.49830664059846 669.8600607910157 351.12855450284644 999.6229999999923 247.79972460938734 12922.562238282122 747.1188263261512 731.622361538808 747.1188263261512 15.496464787343108 1944435.4937717763 1036.7227863173566 25.11816814973774 1036.7227863173566 1011.6046181676188 1500.0
120000.0 130000.0 3923.370054687519 640.7954672851532 295.526485429694 998.252999999997 257.39400000000023 9874.81880890578 519.6257886573468 507.76610335584417 519.6257886573468 11.859685301502585 1421854.2100718273 707.0708188324454 21.34589963428209 707.0708188324454 685.7249191981634 1500.0
130000.0 140000.0 106.45363085938152 672.3638869735042 305.48755083243566 999.4530000000086 186.7330253906257 20745.14808344243 1273.939390662557 1249.1459086334796 1275.939390662557 23.793482029077236 3099124.029660892 1818.2435404047203 44.58696405815447 1818.2435404047203 1770.6565763465658 1500.0
140000.0 150000.0 3893.332242187491 567.8575981069723 415.42936360598264 998.4500000000116 0.0 11536.69236308494 600.870458486871 587.0165105189161 600.870458486871 13.853947967954978 1438804.4263487603 796.5556274516575 20.95433828664256 796.5556274516575 775.6012891650149 1193.3333333333333
150000.0 160000.0 3174.765316406236 657.3261476004471 302.0423506753917 999.9819999999891 245.55096875000163 15128.860190553201 576.288363638021 558.1606577417978 576.288363638021 18.127705896223336 1467932.0083600108 849.0908679647558 30.008969441714072 849.0908679647558 819.0818985230417 934.2857142857143
160000.0 170000.0 51.32351757813012 698.7882393798827 358.1073444983105 999.4759999999951 232.91800000000512 12507.060706227065 840.6629008838105 825.6663917315218 840.6629008838105 14.996509152288676 2138639.960906373 1151.2209743980402 24.99301830457735 1151.2209743980402 1126.2279560934628 1500.0
170000.0 180000.0 5219.316714843764 587.4170944010426 309.7220524830943 999.7250000000058 0.0 11912.249292607652 473.0628274460468 459.05303018641774 474.0628274460468 14.009797259629039 1184743.319274003 664.5136058078132 24.019594519258078 664.5136058078132 639.494011288555 1500.0
180000.0 190000.0 761.2832304687472 731.3201539884858 308.05704688668703 999.9230000000098 253.38899999999558 15946.350588489742 1014.8332094905154 994.7472824258007 1014.8332094905154 19.08592706471466 2778225.264807514 1486.4336328314337 35.89890880081983 1486.4336328314337 1449.534724030614 1500.0
190000.0 200000.0 255.6348710937309 727.0843299696184 347.76240701659685 999.0909999999858 77.34299999999348 14148.964425731294 931.9726614187089 915.0237725520446 931.9726614187089 16.948888866664245 2464305.567431971 1342.8827128993921 30.17072306193798 1342.8827128993921 1312.7119898374542 1614.2857142857142
200000.0 210000.0 44.27595117184683 725.4175635986358 327.8828525028185 999.8260000000009 254.88300000000163 12782.855540957895 1035.4928590067293 1020.168802544784 1035.4928590067293 15.324056461945244 2850325.8559875926 1423.2584379896737 24.889276605370206 1423.2584379896737 1398.3691613843034 2033.3333333333333
210000.0 220000.0 177.0559960937244 723.2886977539074 322.13384114351254 999.5780000000086 257.8880000000063 12510.0 888.6164658878306 873.6164658878306 888.6164658878306 15.0 2111988.8354508383 1159.1642012611464 25.28978707660632 1159.1642012611464 1133.87441418454 1500.0
220000.0 230000.0 778.5647949218692 715.6766947380486 327.6118597595595 999.8539999999921 250.34599999999045 13599.699826849179 877.1377690157449 860.8418072310357 877.1377690157449 16.295961784709235 2357993.0425374783 1245.1122708695543 28.606936658043708 1245.1122708695543 1216.5053342115107 1500.0
230000.0 240000.0 2036.0523359375075 665.0814696691181 361.0367526209662 998.0780000000086 0.0 12802.065252842365 809.257061559634 793.909596883902 809.257061559634 15.347464675732029 2110321.2535199313 1171.880181936123 27.14896550475278 1171.880181936123 1144.7312164313703 1500.0
240000.0 250000.0 1119.1730527343461 676.6279393229167 343.46710930416447 997.4629999999888 235.6350000000093 12504.714306226806 812.4373813678637 797.4436589139126 812.4373813678637 14.993722453951076 2211293.415897025 1168.5921845244795 24.98744490790215 1168.5921845244795 1143.6047396165775 1766.6666666666667
250000.0 260000.0 189.78172070311848 716.507249267579 336.4331254256109 999.460000000021 260.51500000001397 12815.52061408165 900.3633626711958 885.0005115855881 900.3633626711958 15.36285108560766 2328370.74708693 1274.6045719563947 26.011305832401213 1274.6045719563947 1248.5932661239935 1766.6666666666667
260000.0 270000.0 53.385441406222526 758.6801143152646 310.7851084334143 999.4079999999958 188.11999999999534 14192.0 1053.1103183414878 1036.1103183414878 1053.1103183414878 17.0 2588799.570679666 1498.21585556305 31.086771308754887 1498.21585556305 1467.1290842542949 1728.5714285714287
270000.0 280000.0 31.432160156255122 739.389597771138 292.2356857010518 999.2949999999837 123.5690000000177 12510.0 1132.546272838846 1116.546272838846 1132.546272838846 15.0 2990964.089767528 1665.864989646175 24.924571460680696 1665.864989646175 1639.9404181854943 2300.0
280000.0 290000.0 32.34869140619412 795.3220111084011 266.15996198362234 999.9959999999846 317.9400000000023 12195.622670513161 1252.2674701319052 1237.6408398818894 1252.2674701319052 14.62663025001563 3151224.070182685 1785.8606536399493 24.95631406940979 1785.8606536399493 1760.9043395705394 2300.0
290000.0 300000.0 103.53419531247346 773.0863972886034 310.516654223157 998.8950000000186 130.05099999997765 12824.377329486839 1002.3031790080838 986.9298092580996 1002.3031790080838 15.37336974998437 2521433.4408412264 1397.9524483069192 26.339576019865884 1397.9524483069192 1371.6128722870533 1900.0
