ts te idle avg_span std_span max_span min_span c_bytes_all c_ack_cnt c_ack_cnt_p c_pkts_all c_pkts_data s_bytes_all s_ack_cnt s_ack_cnt_p s_pkts_all s_pkts_data videorate
0.0 10000.0 0.0 0.0 0.0 0.0 0.0 0.0 0.0 0.0 0.0 0.0 0.0 0.0 0.0 0.0 0.0 0.0
10000.0 20000.0 5742.955999999998 569.1591531575517 440.12271338712 995.4760000000024 0.0 13274.021838897468 122.03064418461246 108.00866633229847 127.03064418461246 14.021977852313988 270699.55350977427 222.31524591439546 18.021977852313988 222.31524591439546 198.29326806208144 840.0
20000.0 30000.0 12.787853515619645 648.7511433863145 354.53535386587964 999.4830000000002 0.0 12296.868614364701 409.2559943889536 393.49204361712054 409.2559943889536 14.763950771832976 864666.2528853229 605.8965785156878 15.763950771832976 605.8965785156878 590.1326277438546 349.3333333333333
30000.0 40000.0 0.0 712.7248572771991 360.0522908131269 999.7909999999974 19.90087890625 15129.883548858827 419.15517492148905 401.03000506473563 419.15517492148905 18.1251698567534 724649.1541284239 549.0671447149101 18.1251698567534 549.0671447149101 530.9419748581566 288.0
40000.0 50000.0 310.4779667968687 745.3047771267369 290.994211871298 999.1199999999953 21.008056640625 14860.190160275793 501.66284050790637 483.8595822896017 501.66284050790637 17.803258218304666 851049.8893932193 637.964472778208 17.803258218304666 637.964472778208 620.1612145599033 288.0
50000.0 60000.0 185.08034374999988 694.5102124023454 362.10808952251983 998.1999999999971 27.19199999999546 21595.725387885395 607.781871897323 582.0594576523208 610.781871897323 24.722414245002184 1107525.9716022457 813.7935237748418 26.722414245002184 813.7935237748418 785.0711095298396 868.8
60000.0 70000.0 245.56902734375035 749.744620361329 318.2845749241332 999.375 22.8759765625 14710.067584976208 557.4354604880909 538.8171023536736 557.4354604880909 17.618358134417356 1096734.1425598087 804.5732697861708 18.618358134417356 804.5732697861708 784.9549116517535 416.0
70000.0 80000.0 793.7988085937541 798.3309557574742 291.38587373409433 996.5449999999983 15.513000000006286 14732.025349273405 409.2256712192227 391.5591143411011 409.2256712192227 17.666556878121526 706273.2351349248 534.6862783499918 17.666556878121526 534.6862783499918 517.0197214718703 288.0
80000.0 90000.0 23.29668749999837 733.5563738281256 355.5665782243182 999.8390000000072 6.620039062501746 16412.03310658586 457.16950584234274 438.08084561458594 459.16950584234274 19.088660227756733 816310.1893866018 616.8351692127466 20.088660227756733 616.8351692127466 594.7465089849899 288.0
90000.0 100000.0 665.5166855468706 681.1564453755043 364.9368850326431 999.6849999999977 21.485107421875 13381.077875571023 424.0881650409997 407.04368031107344 424.11710394085804 16.04448472992621 762253.7568496709 575.4362383653202 17.073423629784614 575.4362383653202 556.3338758356772 288.0
100000.0 110000.0 114.4581093750021 752.7803064630672 292.3490503781328 999.8070000000007 109.10899999999674 16533.33054418197 406.96489611141374 386.0840879881956 409.9359572115553 18.88080812321809 710962.4331608316 543.8459128136103 22.85186922335969 543.8459128136103 518.022982490109 288.0
110000.0 120000.0 3482.5297011718794 570.4362024054266 372.21388986352395 994.7829999999958 21.98388671875 16542.907451278217 410.4116388881997 390.61426507087225 410.4116388881997 19.79737381732749 751702.6656600004 567.443893955543 19.79737381732749 567.443893955543 547.6465201382155 326.4
120000.0 130000.0 5843.2189062499965 421.1478762207007 318.94856957640934 958.2110000000102 53.29911328124581 14003.752648169053 536.8228435417244 520.0156092835803 536.8228435417244 16.807234258144227 1158023.4588156918 827.5563586924067 16.807234258144227 827.5563586924067 810.7491244342624 874.2857142857143
130000.0 140000.0 23.338927734381286 791.1436732855897 299.8505148805972 999.3699999999953 123.01699999999255 12634.095244848462 1035.1564869802562 1020.0097332797552 1035.1564869802562 15.146753700500819 2049105.9208753598 1437.8281634772493 15.146753700500819 1437.8281634772493 1422.6814097767483 1500.0
140000.0 150000.0 776.3072265624942 577.1311080386544 406.4105485265688 999.8669999999984 15.431000000011409 12152.145349472616 1017.3254735818614 1002.7701554742292 1017.3254735818614 14.555318107632129 2208694.8847285314 1543.3713740070693 14.555318107632129 1543.3713740070693 1528.8160558994373 1500.0
150000.0 160000.0 16.426867187488824 781.009634535847 354.32011570556955 999.3990000000049 16.921000000002095 14069.746550088892 1440.44571114627 1423.5552602446828 1440.44571114627 16.890450901587084 3152317.1265428984 2213.890015347298 16.890450901587084 2213.890015347298 2196.9995644457103 2300.0
160000.0 170000.0 336.4939101562777 623.9948327907963 392.5020688710638 999.984999999986 11.790999999997439 13424.199553631923 1407.6248800780045 1391.5400274168105 1407.6248800780045 16.084852661193857 3251423.0934706484 2241.9834874928233 15.89245826100123 2241.9834874928233 2226.0910292318217 2300.0
170000.0 180000.0 22.339253906247905 792.0559503676469 287.18070600164043 999.127999999997 45.497042968752794 13255.972813060784 1449.0751266086327 1433.1854676210744 1449.0751266086327 15.889658987558331 3199029.536300062 2255.3988607156302 16.08205338775096 2255.3988607156302 2239.31680732788 2300.0
180000.0 190000.0 16.02223437500652 669.9153336123508 413.17021963649944 999.9610000000102 7.769999999989523 11786.54172162198 1397.1352022677756 1383.0185991746807 1397.1352022677756 14.116603093094987 3267169.9961732607 2274.8900740658964 14.116603093094987 2274.8900740658964 2260.7734709728015 2300.0
190000.0 200000.0 53.73576562499511 860.9604238281256 219.54451095548666 999.8999999999942 172.70900000000256 13254.851046565916 1329.5055847786612 1313.5972298438248 1329.5055847786612 15.908354934836483 2875998.727246689 2004.0556020049228 15.908354934836483 2004.0556020049228 1988.147247070086 2033.3333333333333
200000.0 210000.0 164.1250683593389 752.8984100260442 345.42749560453433 999.7950000000128 37.41389257812989 13245.744627998163 1385.7885420944676 1369.9133345848254 1385.7885420944676 15.875207509642093 3076282.6453549545 2143.282714271361 15.875207509642093 2143.282714271361 2127.4075067617187 2300.0
210000.0 220000.0 29.793015625007683 568.228111667799 375.42184104890856 999.9599999999919 67.78200000000652 15482.994974986654 1399.5452828738605 1380.6296262774913 1400.5452828738605 17.915656596369463 3207202.7043182678 2261.814483160288 19.915656596369463 2261.814483160288 2239.8988265639186 2300.0
220000.0 230000.0 211.60092382808216 717.3293245271412 351.45443867670446 999.7950000000128 15.510999999998603 12356.166095044662 1453.8546924642474 1439.0379565056219 1453.8546924642474 14.816735958625488 3206106.340391461 2252.1883057533537 14.644137112462191 2252.1883057533537 2237.5441686408913 2300.0
230000.0 240000.0 190.90748828128562 715.2232123766398 356.97946981187096 998.7099999999919 21.8779296875 12120.315718645179 1395.22131721178 1380.704942551502 1395.22131721178 14.516374660277936 3116476.117824546 2156.2211987551514 14.68897350644123 2156.2211987551514 2141.5322252487103 2300.0
240000.0 250000.0 131.69907031249022 859.433672991074 240.03948947036412 999.8360000000102 5.284902343759313 13211.608441452387 1505.3669879720412 1489.510682382167 1505.3669879720412 15.8563055898741 3222903.591378219 2306.917154893283 15.8563055898741 2306.917154893283 2291.0608493034088 2300.0
250000.0 260000.0 20.336505859391764 597.02828924851 403.46426804363176 999.6020000000135 54.14199999999255 13538.788469957462 1485.681495617825 1469.4560713298074 1485.681495617825 16.225424288017326 3172105.992437629 2239.458916218503 16.225424288017326 2239.458916218503 2223.2334919304853 2300.0
260000.0 270000.0 473.5265175780514 580.5415550781269 373.4429519373746 999.9270000000251 36.73601367184892 11766.07293395751 1276.6607030202463 1262.5613088872738 1276.6607030202463 14.099394132972378 2980796.576536818 2094.503351367275 14.099394132972378 2094.503351367275 2080.403957234302 2300.0
270000.0 280000.0 505.3937773437938 661.4710826822917 349.6363576188872 999.8520000000135 22.174072265625 13193.410286410566 1445.795730322675 1429.9909491213161 1445.795730322675 15.804781201358509 3253595.8367007067 2293.9885574335563 15.804781201358509 2293.9885574335563 2278.1837762321975 2300.0
280000.0 290000.0 38.38034179684473 750.2092879774282 356.0073733288967 999.9959999999846 21.79931640625 12670.470113713962 1309.8738407775709 1294.6832455477609 1309.8738407775709 15.190595229809743 2892791.670591096 2037.018304242704 15.190595229809743 2037.018304242704 2021.8277090128943 2300.0
290000.0 300000.0 138.34934960934334 732.2271524522608 334.4385590533306 999.8989999999758 90.77500000002328 13134.991948224975 1470.9382351715471 1455.1709498380167 1470.9382351715471 15.767285333530426 3075681.5360423364 2163.775349919804 14.767285333530426 2163.775349919804 2149.0080645862736 2300.0
