ts te idle avg_span std_span max_span min_span c_bytes_all c_ack_cnt c_ack_cnt_p c_pkts_all c_pkts_data s_bytes_all s_ack_cnt s_ack_cnt_p s_pkts_all s_pkts_data video_rate
0.0 10000.0 5781.601730468748 638.9805080915181 396.09014396448094 998.7390000000014 105.2392578125 24149.551684476122 736.4819364073641 708.697276831691 740.4819364073641 27.78465957567301 1554281.1715799195 1018.746759801152 30.78465957567301 1018.746759801152 983.9621002254788 840.0
10000.0 20000.0 1899.3878105468757 617.2608943359373 372.3944788427 999.9089999999997 21.783935546875 17718.158730195868 952.6774771824282 930.4447284874517 952.6774771824282 21.232748694976518 2015097.7981561748 1383.6994487667698 22.232748694976518 1383.6994487667698 1360.4667000717936 1104.0
20000.0 30000.0 1325.4602890625029 584.9297763671877 441.8359336976757 999.5350000000035 2.191935546878085 11862.624156789123 857.7825047551302 843.5624466341297 857.7825047551302 14.220058121000424 2219484.4596358873 1456.0629642054234 14.220058121000424 1456.0629642054234 1441.842906084423 1728.5714285714287
30000.0 40000.0 167.8892226562457 829.2213902994796 245.27177679526363 999.9230000000025 246.77900000000227 14814.66542853889 1023.0580816550776 1005.2955480467275 1023.0580816550776 17.762533608350047 2391531.570628019 1607.4908272266548 17.762533608350047 1607.4908272266548 1589.7282936183046 1500.0
40000.0 50000.0 1585.749619140639 678.7629542236318 375.3412108454373 999.0199999999968 19.499267578125 13366.419828245667 882.184110170445 866.1646091867804 882.184110170445 16.019500983664688 2235119.19332881 1454.802691814614 15.019500983664688 1454.802691814614 1439.7831908309495 1766.6666666666667
50000.0 60000.0 16.33661132812267 852.9815506591785 306.23979956371096 999.8270000000048 0.0 12325.741746882572 1237.221753616242 1222.4434695696316 1237.221753616242 14.778284046610299 3004375.7330773785 1912.4909896385852 15.778284046610299 1912.4909896385852 1896.712705591975 2300.0
60000.0 70000.0 284.5998027343594 684.3279334909541 394.4581142882574 999.6649999999936 39.0048828125 13729.658724686698 1215.9060359074558 1199.4636389590944 1215.9060359074558 16.44239694836135 2819789.233927142 1846.1941852034934 16.44239694836135 1846.1941852034934 1829.751788255132 1728.5714285714287
70000.0 80000.0 307.8407734374923 685.5687255284943 366.3222641626266 999.3160000000062 19.55800000000454 13534.134469641996 1154.8621622581998 1138.628779991115 1154.8621622581998 16.233382267084977 2809065.550613594 1811.2972885515983 16.233382267084973 1811.2972885515983 1795.0639062845135 2140.0
80000.0 90000.0 55.1580371093587 665.6644030330892 414.7932787306965 999.4539999999979 6.992919921875 12961.74753624535 1169.5071031607922 1153.950142102829 1169.5071031607922 15.556961057963115 2985732.6937206094 1906.4550738032406 14.588997084231194 1906.4550738032406 1891.8660767190097 2300.0
90000.0 100000.0 105.15196289062442 649.5348394990809 420.0716092179072 998.0709999999963 21.53125 11856.906925148722 1220.5237601319016 1206.3012310270494 1220.5237601319016 14.222529104852107 3042933.441196654 1975.1655155177755 15.190493078584028 1975.1655155177755 1959.9750224391914 2300.0
100000.0 110000.0 1248.2160117187595 608.7004381103507 426.7730235923295 999.7839999999997 19.247314453125 12088.879824137271 1095.910427074573 1081.425968455254 1095.910427074573 14.484458619319199 2653847.7633990427 1758.3870889440554 14.484458619319199 1758.3870889440554 1743.902630324736 1813.3333333333333
110000.0 120000.0 3340.568677734351 725.346143415179 364.97567054699505 999.9590000000026 50.763999999995576 13339.761852474947 825.3357100972271 809.3464148028379 825.3357100972271 15.989295294389118 1968756.2673676356 1296.0190788769428 15.989295294389118 1296.0190788769428 1280.0297835825538 1368.0
120000.0 130000.0 2433.399273437535 577.9974554227905 368.35141788006496 999.625 2.58203125 15715.380835885271 638.7679887536686 619.4916677734776 639.7679887536686 18.276320980190935 1512785.696227059 1001.5291816151951 18.27945028262672 1001.5291816151951 981.2497313325683 1104.0
130000.0 140000.0 5471.428251953097 502.26732210286474 288.4259735883714 822.5319687500014 119.743896484375 13893.30314790265 513.5695171239331 496.9341706537772 513.5695171239331 16.63534647015596 1322897.4627093538 837.9590910781922 17.63221716772017 837.9590910781922 820.3268739104719 840.0
140000.0 150000.0 1484.1011992187705 662.8696735677038 384.2002570144749 999.8269999999902 9.019000000000233 13619.065108748855 1150.211431705562 1133.8499074781537 1150.211431705562 16.36152422740826 2341447.9644327215 1536.6998149563074 16.36152422740826 1536.6998149563074 1520.3382907288992 1688.0
150000.0 160000.0 4223.112943359389 569.2350818810071 401.36141779011376 999.5959999999905 5.632080078125 12355.379601490735 746.5060396942488 731.7008445072927 746.5060396942488 14.805195186956166 1596231.5142384341 1056.4106039555525 14.805195186956166 1056.4106039555525 1041.6054087685961 1170.0
160000.0 170000.0 121.47500000003492 669.9114946289046 422.31098244678833 999.6179999999877 26.177978515625 13523.715793561632 851.1443580495626 834.9233116746989 851.1443580495626 16.22104637486375 2157863.6977868658 1380.6277759138713 15.22104637486375 1380.6277759138713 1365.4067295390078 1500.0
170000.0 180000.0 3194.792724609404 616.3457662259618 347.8215527983531 998.734999999986 119.637939453125 11107.419369920135 559.7616435947333 546.4465067520107 559.7616435947333 13.315136842722534 1356618.137420959 905.2494999872247 14.315136842722534 905.2494999872247 890.9343631445022 950.0
180000.0 190000.0 3674.495576171903 673.0879430588931 319.56451037631143 999.9429999999993 42.486083984375 14473.06652906314 800.7468139482697 783.3871444407602 800.7468139482697 17.359669507509444 1894118.9543746796 1283.214126402854 17.359669507509444 1283.214126402854 1265.8544568953444 1326.6666666666667
190000.0 200000.0 1559.6447519531648 629.0065197916624 387.48367248119104 999.3539999999921 101.08499999999185 13364.914492375929 681.7588920991382 665.7424752082845 681.7588920991382 16.016416890853613 1765394.1100601316 1182.0920796223322 16.016416890853613 1182.0920796223322 1166.0756627314786 1170.0
200000.0 210000.0 1406.2143339843897 622.4207020909919 424.8249637693215 999.7719999999972 3.9720000000088476 12756.035804385388 923.6161459267073 908.319915253607 923.6161459267073 15.296230673100384 2114361.266056909 1407.3915278874501 14.296230673100384 1407.3915278874501 1393.0952972143498 1500.0
210000.0 220000.0 430.787427734409 692.7611964843721 391.61305098715985 999.9189999999944 120.99900000001071 12849.13751652257 874.4505509949045 859.0314316606581 874.4505509949045 15.41911933424625 2126703.0368653014 1365.7746452869358 16.41911933424625 1365.7746452869358 1349.3555259526897 1500.0
220000.0 230000.0 893.0031503906648 752.1690659466874 320.9684303863693 999.7039999999979 103.34799999999814 11299.33089268047 825.0155556924358 810.4483705026878 825.0155556924358 13.567185189747857 2046574.2831967187 1357.2397409437797 12.567185189747857 1357.2397409437797 1343.6725557540317 1500.0
230000.0 240000.0 181.1277089844225 796.1058959960923 279.3314543303228 999.9249999999884 42.617919921875 20193.9385198006 1165.0791969789443 1142.0365146513902 1167.0791969789443 23.042682327554154 2593063.3853353285 1725.1950068903977 26.042682327554154 1725.1950068903977 1697.1523245628437 1500.0
240000.0 250000.0 684.3463105468545 732.7166771918387 329.88074649854246 999.5169999999925 18.37699999997858 12009.605112128977 1033.1044424398365 1017.7192744281251 1033.1044424398365 14.38516801171128 2283207.9168239767 1570.017877375411 15.385168011711277 1570.017877375411 1553.6327093636996 1500.0
250000.0 260000.0 561.4925781250349 851.8428084716797 165.99453057953505 999.3850000000093 555.5530000000144 12750.422185767777 993.2649747349807 977.9416472477859 993.2649747349807 15.323327487194753 2187191.6550077116 1495.7380855408733 13.572149660734567 1495.7380855408733 1482.1659358801387 1500.0
260000.0 270000.0 97.86042578116758 747.1226444163613 379.7600280713735 999.8460000000196 23.303000000014435 15236.034182302648 1115.5513858462384 1097.3025636726986 1115.5513858462384 18.248822173539814 2776002.0428329827 1796.049030193318 20.0 1796.049030193318 1776.049030193318 1633.3333333333333
270000.0 280000.0 90.56197656254517 695.5811376953061 396.387315193774 999.369000000006 95.64899999997579 12919.224794590566 1267.8000276535586 1252.332694834025 1267.8000276535586 15.467332819533656 3100269.550661247 2048.6065994392948 15.467332819533656 2048.6065994392948 2033.139266619761 2300.0
280000.0 290000.0 26.85482226550812 739.0139864583383 359.9349436254114 999.9170000000158 53.48289453127654 12100.775205409436 1161.1999723464414 1146.667305165975 1161.1999723464414 14.532667180466344 2790809.449338753 1819.3934005607052 14.532667180466344 1819.3934005607052 1804.860733380239 2300.0
290000.0 300000.0 260.05534374987474 831.2636058593868 273.1329933504101 999.9050000000279 296.17499999998836 13250.123083214745 1213.425493077629 1197.5480886453608 1213.425493077629 15.877404432268044 2977871.255932669 1918.3028975098969 15.877404432268044 1918.3028975098969 1902.425493077629 2140.0
