ts te idle avg_span std_span max_span min_span c_bytes_all c_ack_cnt c_ack_cnt_p c_pkts_all c_pkts_data s_bytes_all s_ack_cnt s_ack_cnt_p s_pkts_all s_pkts_data videorate
0.0 10000.0 0.0 0.0 0.0 0.0 0.0 0.0 0.0 0.0 0.0 0.0 0.0 0.0 0.0 0.0 0.0 0.0
10000.0 20000.0 9585.451000000001 414.54899999999907  414.54899999999907 414.54899999999907 2718.0 8.0 5.0 9.0 3.0 6913.0 10.0 4.0 10.0 5.0 0.0
20000.0 30000.0 982.5769589843694 774.5936923076929 289.5463243298761 998.8890000000029 34.525000000001455 20806.227657958567 357.2656639054303 333.1774027187971 361.2656639054303 23.088261186633254 711686.5457094739 537.8543652648289 27.088261186633254 537.8543652648289 504.7661040781956 336.0
30000.0 40000.0 47.47297070312197 702.698104962384 342.0024164864645 997.2589999999982 0.0 15027.750947393753 315.03999827100324 296.64159450786855 317.03999827100324 17.398403763134702 541875.7098402486 412.72997057887426 19.398403763134702 412.72997057887426 392.33156681573956 288.0
40000.0 50000.0 249.27330078124942 727.124630371093 349.8719710910492 999.1589999999997 0.0 18572.139125423084 356.3405608693558 332.40446661581973 360.3405608693558 20.93609425353609 635421.0716731552 483.21593758679626 24.93609425353609 483.21593758679626 455.27984333326015 288.0
50000.0 60000.0 37.333808593743015 772.8050388104837 278.71162589991803 999.573000000004 85.819091796875 16424.133868146208 515.5797240966945 494.91657176739255 515.5797240966945 19.66315232930191 908884.1666515066 684.3808597854279 20.66315232930191 684.3808597854279 662.7177074561259 288.0
60000.0 70000.0 692.5874414062419 725.115591328126 308.6244897715183 996.9459999999963 23.9878828124929 14721.52028515689 400.07952347783277 382.42879914845946 400.07952347783277 17.650724329373293 700424.0531084975 531.485860308449 17.650724329373293 531.485860308449 513.8351359790757 288.0
70000.0 80000.0 278.0048652343685 745.6061831691585 329.07216358986545 999.2670000000071 75.697265625 12738.228115921498 355.65161551582776 340.388251377807 355.65161551582776 15.263364138020744 592720.7951249448 445.8410434461774 15.263364138020744 445.8410434461774 430.5776793081567 288.0
80000.0 90000.0 22.88702148437733 791.1933345853366 306.2353600853102 999.4959999999992 0.0 13779.848258955852 396.56641223117924 376.0373289885502 397.56641223117924 16.52908324262909 677834.1098774034 515.0736278820281 17.52908324262909 515.0736278820281 497.54454463939896 288.0
90000.0 100000.0 987.1805957031174 791.4382337239578 303.8677957738223 998.6410000000033 65.91000000000349 12552.122403521196 337.3459870362475 322.3031669941238 337.3459870362475 15.042820042123644 535822.2710251501 407.43162712049474 15.042820042123644 407.43162712049474 392.3888070783711 288.0
100000.0 110000.0 813.0279101562483 687.3496986177863 372.60920515806185 999.6689999999944 21.979248046875 22221.85070253146 1281.1995685375941 1253.6455727104308 1284.1995685375941 25.55399582716327 2570826.0485290033 1801.4592802205418 26.781268271966105 1801.4592802205418 1772.6780119485757 2306.909090909091
110000.0 120000.0 578.3384941405966 628.1892416992208 366.7643226793548 999.8880000000063 0.125 15046.829668538816 1517.5020676693175 1499.0255206382412 1518.5020676693175 17.47654703107609 2777962.324990921 1935.7969329713674 21.249274586273255 1935.7969329713674 1911.547658385094 1882.857142857143
120000.0 130000.0 2394.273085937515 686.6443913845482 370.92135139058837 999.9899999999907 69.97412109375 14633.49058275331 1007.4047610741065 989.866072739628 1007.4047610741065 17.538688334478547 2070718.966213089 1453.4241085646618 17.468121095743225 1453.4241085646618 1435.9559874689185 1252.5
130000.0 140000.0 1268.1233007812407 695.5597831003297 354.92802835034956 999.8459999999905 9.494999999995343 18409.858383699368 833.0241173154111 810.1652517928817 837.0241173154111 20.85886552252936 1831593.9372566068 1284.3063862703523 23.929432761264678 1284.3063862703523 1258.3769535090876 1291.4285714285713
140000.0 150000.0 1668.8886210937635 583.9455549045152 391.3643879977866 999.1700000000128 6.826000000000931 14675.210999472321 782.6320129983299 765.0545652554886 782.6320129983299 17.577447742841237 1799720.617637223 1251.40528016847 17.577447742841237 1251.40528016847 1233.827832425629 990.0
150000.0 160000.0 2117.3773105468717 606.5499546440972 356.40883501340403 998.9700000000012 15.505000000004657 13332.007437639822 1143.434379699733 1127.4483178521398 1143.434379699733 15.986061847593078 2474626.7168283653 1738.3055420382125 15.986061847593078 1738.3055420382125 1722.3194801906195 1900.0
160000.0 170000.0 11.166048828104977 814.1906918945315 283.94502006447476 999.94200000001 3.934000000008382 13360.410287257604 1308.0021408256412 1291.984395874161 1308.0021408256412 16.017744951480015 3057921.1982788057 2139.913182141332 15.59899949339434 2139.913182141332 2124.3141826479373 2300.0
170000.0 180000.0 254.46981640628655 766.4193095189127 308.3472313369433 1000.0 7.964000000007218 12095.147001291289 1349.7413263896556 1335.249038401021 1349.7413263896556 14.492287988634526 3229507.774951941 2255.0540142567506 14.837490916171348 2255.0540142567506 2240.216523340579 2300.0
180000.0 190000.0 66.3988613281108 666.6334767680934 410.79067252366025 999.7209999999905 15.426999999996042 14585.224274338963 1325.629659895675 1308.703202426224 1326.629659895675 16.926457469451147 2944732.35868815 2061.9974848483434 18.0 2061.9974848483434 2042.9974848483434 2300.0
190000.0 200000.0 207.48212890623836 660.6422633634877 373.05938420863805 999.494000000006 91.30400000000373 13192.957098661602 1396.8972173217458 1380.0743774438404 1396.8972173217458 15.822839877905544 3127285.809818602 2191.5982729451057 16.822839877905544 2191.5982729451057 2172.7754330672 2300.0
200000.0 210000.0 26.099765624996508 747.4696034071175 320.90339726995484 999.1959999999963 68.764892578125 13078.974972700544 1238.6143248765752 1222.9447915702428 1238.6143248765752 15.669533306332468 2750140.184780848 1870.602820817973 15.669533306332468 1870.602820817973 1854.9332875116406 2300.0
210000.0 220000.0 1213.5716210937826 815.2787846137136 249.1148653951119 999.4800000000105 89.05199999999604 12775.981424877184 1031.5100005360407 1016.1972508031299 1031.5100005360407 15.312749732910836 2428803.8208258427 1678.8250362020108 15.312749732910836 1678.8250362020108 1663.5122864691 2300.0
220000.0 230000.0 841.0768886718724 765.8908442095596 273.95553044835304 999.4139999999898 194.5050624999858 12674.086503760669 1256.4030359300757 1241.2081588472245 1256.4030359300757 15.194877082851152 2924193.9522540905 2002.7476695936034 15.194877082851152 2002.7476695936034 1987.5527925107524 2300.0
230000.0 240000.0 62.261908203101484 724.6214121093763 341.5398672632859 999.6050000000105 119.15799999999581 12992.67428036742 1211.2829393650113 1195.6943121938316 1211.2829393650113 15.58862717117978 2780509.332064692 1946.2797000878063 15.58862717117978 1946.2797000878063 1930.6910729166266 2300.0
240000.0 250000.0 146.46173632814316 625.0488244140608 409.98513852335986 999.6359999999986 0.09700000000884756 13007.466861661123 1052.3693062696157 1036.7890126228342 1052.3693062696157 15.58029364678128 2466090.956376985 1719.7347970340059 14.675302132902685 1719.7347970340059 1705.059494901103 2300.0
250000.0 260000.0 400.94287304690806 744.7057815583845 297.76293004914686 997.4969999999739 76.63400000002002 13294.150984934462 1269.2223760385837 1253.2794683205725 1269.2223760385837 15.942907718011163 2732734.586260506 1909.3300551151501 16.387331064872008 1909.3300551151501 1892.942724050278 2166.6666666666665
260000.0 270000.0 1040.4378632812295 797.9055983072935 322.6898368026941 999.710000000021 59.99499999999534 12530.031330905489 1033.3705632977076 1018.3576071289622 1033.3705632977076 15.01295616874545 2391920.0383969243 1680.0675811484507 15.473524335763202 1680.0675811484507 1664.5940568126875 2300.0
270000.0 280000.0 1011.2047226562863 804.2309401041596 255.68756539333148 998.5970000000088 268.66300000000047 12961.937048699536 1326.6594708459081 1311.1083281035915 1326.6594708459081 15.551142742316507 2943530.9194160006 2006.5647785392812 14.875215295282324 2006.5647785392812 1991.689563243999 2300.0
280000.0 290000.0 45.04674414062174 699.6166763916044 350.9174018398072 998.7980000000098 85.21199999999953 12443.562262100939 1272.2802477911305 1257.375433846892 1272.2802477911305 14.904813944238398 2884020.5636107223 1974.1102186220196 15.58074139127258 1974.1102186220196 1958.529477230747 2300.0
290000.0 300000.0 429.94377539062407 587.4473666548332 385.44732918846665 999.6749999999884 1.989990234375 15351.776578059285 1422.7669011546986 1405.0048311231385 1423.7669011546986 17.762070031560313 3122211.6911429893 2209.4799654275957 18.762070031560313 2209.4799654275957 2189.7178953960356 2300.0
