ts te idle avg_span std_span max_span min_span c_bytes_all c_ack_cnt c_ack_cnt_p c_pkts_all c_pkts_data s_bytes_all s_ack_cnt s_ack_cnt_p s_pkts_all s_pkts_data videorate
0.0 10000.0 7618.30698632812 439.4864739583342 406.93698012254583 910.0670000000027 82.3369140625 4601.235385747395 20.424293766439945 15.362025462690092 21.8145114202114 5.062268303749856 43911.26423115352 39.56018957295014 6.452485957521309 39.56018957295014 31.717485961657378 480.0
10000.0 20000.0 806.0833183593786 738.0043328993054 314.37032190864176 999.25 0.0 17712.003154005495 211.5111342510307 191.1011604331307 214.12091659725925 20.40997381790001 420767.9481703105 299.37523844452056 23.019756164128555 299.37523844452056 273.7456999341634 352.0
20000.0 30000.0 473.4030019531274 814.9309686718748 286.8490524566902 999.6390000000029 102.72607421875 18886.541866785083 472.6841420683316 450.09955040745604 472.6841420683316 22.58459166087559 970649.3519219713 699.8427502780546 22.58459166087559 699.8427502780546 677.2581586171791 288.0
30000.0 40000.0 658.4411503906304 769.1828044270832 301.9959638358086 998.5840000000026 86.58802539062162 13442.070593916618 607.1416735072411 591.0138449046924 607.1416735072411 16.127828602548668 1063850.5897668046 788.952296492132 16.127828602548668 788.952296492132 772.8244678895833 524.5714285714286
40000.0 50000.0 35.48728906249744 774.927264351224 341.5329278363554 998.9220000000059 50.45900000000256 12524.119936694955 481.6523240894179 466.6297925743118 481.6523240894179 15.022531515106053 721644.4073133874 541.1217150234825 15.022531515106053 541.1217150234825 526.0991835083764 416.0
50000.0 60000.0 104.63536523438233 818.6143481445317 252.7521900762562 996.8469999999943 101.92724609375 13979.684937335534 539.8945521750994 523.1318103519711 539.8945521750994 16.762741823128337 915746.6369118734 681.9123730344429 16.762741823128337 681.9123730344429 665.1496312113146 480.0
60000.0 70000.0 1302.9491289062425 604.149301908054 381.80174390690553 997.849000000002 50.40899999999965 11289.364296885231 462.68984424641144 449.1434816973996 462.68984424641144 13.54636254901184 821612.5113627997 609.1734991414473 13.54636254901184 609.1734991414473 595.6271365924354 480.0
70000.0 80000.0 1007.348736328131 676.0619735156245 358.3801661989602 998.804999999993 0.0 13996.07957249513 442.3654959041621 425.57980254667245 442.3654959041621 16.785693357489677 815162.8448236801 606.3142586978743 16.785693357489677 606.3142586978743 589.5285653403846 480.0
80000.0 90000.0 1887.110716796873 617.3188575032551 376.90978523294564 999.224000000002 0.0 12504.659900204791 441.665682892431 426.67870613069675 441.665682892431 14.98697676173424 790314.5162641787 589.5774797191891 14.98697676173424 589.5774797191891 572.5905029574549 448.0
90000.0 100000.0 100.88719726561976 832.5096476562503 267.0132891895441 999.5789999999979 120.49099999999453 13347.294013523093 512.9241353037855 496.90900537191817 512.9241353037855 16.01512993186732 899781.9869533732 662.296018579021 16.01512993186732 662.296018579021 646.2808886471538 480.0
100000.0 110000.0 797.79096289062 708.618746093749 364.1404649668721 997.9400000000023 0.0 12300.421086379582 451.5734095176771 436.81977121132536 451.5734095176771 14.75363830635165 769678.358211247 574.7553506385697 14.75363830635165 574.7553506385697 560.001712332218 480.0
110000.0 120000.0 1932.814380859345 609.2847567085637 355.80240104858706 998.0219999999972 95.14400390625815 15323.285706560795 425.0172258184644 407.20463953703177 426.0172258184644 17.81258628143271 782267.8591205613 587.1119663847508 18.81258628143271 587.1119663847508 567.2993801033181 480.0
120000.0 130000.0 4645.1796718750265 485.5105162760398 311.3162879735873 991.4180000000051 72.54202539063408 13446.239549466298 439.45608645950784 422.3264093707038 439.45608645950784 16.129677088804048 923721.7249486597 653.0068639935653 17.129677088804048 653.0068639935653 634.8771869047612 780.0
130000.0 140000.0 2657.695769531245 618.03573702567 377.7197552322435 999.4679999999935 102.851318359375 12695.659222081282 699.5321060906062 684.3192636543638 699.5321060906062 15.212842436242507 1482743.1114296054 1011.5321060906062 15.212842436242507 1011.5321060906062 996.3192636543638 1390.0
140000.0 150000.0 525.0828808593506 655.1008779296881 379.7633047034415 998.8559999999998 26.01611328125 13658.881631872291 945.1183843093613 928.7345666355651 945.1183843093613 16.383817673796138 1819999.6578241165 1296.149757957059 16.383817673796138 1296.149757957059 1279.7659402832628 1500.0
150000.0 160000.0 397.3562968750193 640.6087019761035 399.9801409048621 999.7550000000047 66.93700000000536 13826.415714043338 1076.502983005636 1059.9191721323054 1076.502983005636 16.583810873330613 2496135.790617478 1683.42106261171 16.583810873330613 1683.42106261171 1666.8372517383796 1957.142857142857
160000.0 170000.0 19.23333789067692 710.4964784071134 345.06104045140535 999.4469999999856 68.06500000000233 12853.165421587502 1534.1642197883355 1518.7593070419389 1534.1642197883355 15.4049127463966 3358842.7164607095 2208.884453700086 15.4049127463966 2208.884453700086 2193.479540953689 2300.0
170000.0 180000.0 290.39989648439223 755.1015055664059 297.37738895501343 998.7900000000081 56.55208398436662 12856.878010415585 1334.8173046430472 1319.402688372813 1334.8173046430472 15.414616270234148 3141817.330926604 2091.2502918887544 15.414616270234148 2091.2502918887544 2075.8356756185203 2300.0
180000.0 190000.0 89.36558398435591 795.8617689732166 320.91614635120544 999.9830000000075 61.80600000001141 11859.731773514877 1373.3862548325064 1359.1820048042093 1373.3862548325064 14.204250028297084 2878677.1270300318 1981.9399675581865 14.204250028297084 1981.9399675581865 1967.7357175298896 2300.0
190000.0 200000.0 6.215505859378027 685.3975598028254 295.39157989092627 999.7239999999874 34.2949082031264 15984.447021594391 1427.0905019979828 1407.5564856714036 1428.0905019979828 18.5340163265791 3231613.7252431107 2241.3751182580727 20.5340163265791 2241.3751182580727 2218.841101931493 2300.0
200000.0 210000.0 234.08647460935754 519.0232798549127 444.45643303501566 999.6020000000135 55.44200000001001 12673.169590204398 1301.7399928511252 1286.5455467599443 1301.7399928511252 15.194446091180879 3112923.325474485 2092.93691430359 15.194446091180879 2092.93691430359 2077.742468212409 2300.0
210000.0 220000.0 720.5594062500168 720.6257330729163 318.92841563375896 998.9210000000021 16.493097656260943 13064.4109321588 1340.553116031918 1324.8936187818508 1340.553116031918 15.659497250067158 3204070.40569715 2209.240136857913 15.659497250067158 2209.240136857913 2193.580639607846 2300.0
220000.0 230000.0 1361.9302890624967 703.3482141927104 339.35246935806964 999.9200000000128 0.0 12516.711829661697 1310.5987860674459 1295.589429208079 1310.5987860674459 15.009356859366735 3022138.927343856 2060.196037032717 15.009356859366735 2060.196037032717 2045.1866801733504 2300.0
230000.0 240000.0 18.36485351563897 733.4723046874992 361.33300203853054 999.8409999999858 28.17305664063315 15055.26398934055 1359.8261773969552 1342.3780592661667 1360.8261773969552 17.448118130788465 3170421.0824318742 2127.3896002853426 18.448118130788465 2127.3896002853426 2107.9414821545543 2300.0
240000.0 250000.0 1547.4435742187197 609.5874947350518 341.0922728761946 999.8169999999809 21.007999999972526 11972.6784289529 1335.841341091317 1320.500636408851 1335.841341091317 14.340704682466207 2822530.6657588123 1938.8557215621997 15.340704682466207 1938.8557215621997 1922.5150168797338 2300.0
250000.0 260000.0 2635.26437304687 597.333549316405 406.5333122146344 999.8570000000182 3.294921875 19509.556193187298 692.2700159000997 669.4533939646685 694.2700159000997 22.81662193543106 1646025.1862359347 1153.0814162182153 23.81662193543106 1153.0814162182153 1126.2647942827841 1083.3333333333333
260000.0 270000.0 963.0678593749763 683.4154338727683 354.1328543072512 999.6510000000126 52.41700000001583 14339.253905715843 1167.068962654924 1148.8805992950383 1167.068962654924 17.18836335988583 2675356.5293766684 1723.5621833218465 18.18836335988583 1723.5621833218465 1704.3738199619609 1560.0
270000.0 280000.0 829.291394531203 658.7785426757822 387.28009864165153 999.4369999999763 35.742919921875 12399.758329425873 1438.4293083425137 1423.571183951774 1438.4293083425137 14.858124390739794 3235465.9866060643 2117.8099177567174 14.858124390739794 2117.8099177567174 2102.9517933659777 2300.0
280000.0 290000.0 133.27524609374814 825.0136547564385 244.60060379379738 999.6840000000084 102.614013671875 12878.754617840306 1410.117004374597 1394.6754524302658 1410.117004374597 15.441551944331316 3081515.590310977 2115.247190743108 15.441551944331316 2115.247190743108 2099.8056387987767 2300.0
290000.0 300000.0 52.70450781250838 655.4506165364596 373.81235530273267 999.9130000000005 63.20299999997951 15997.44249603527 1312.9156043874304 1292.8928902853 1314.2744869380624 18.663831551498447 3152243.0734780054 2096.9676674993852 20.663831551498447 2096.9676674993852 2073.303835947887 2300.0
