ts te idle avg_span std_span max_span min_span c_bytes_all c_ack_cnt c_ack_cnt_p c_pkts_all c_pkts_data s_bytes_all s_ack_cnt s_ack_cnt_p s_pkts_all s_pkts_data video_rate
0.0 10000.0 0.0 0.0 0.0 0.0 0.0 0.0 0.0 0.0 0.0 0.0 0.0 0.0 0.0 0.0 0.0 0.0
10000.0 20000.0 8313.734919921873 616.3817792968752 213.25743254128082 928.4069999999992 466.305908203125 9432.260675101355 34.620804525892666 24.397573346851352 37.45458020839874 10.223231179041314 118207.45664826702 97.41972324440346 13.05700686154739 97.41972324440346 81.52894070034998 480.0
20000.0 30000.0 15.475226562499302 715.5037936422412 321.30088805894627 999.5199999999968 27.150000000001455 14343.46332293036 437.5017019039416 418.82870954192265 438.66792622143555 17.67299236201899 813485.8559143639 588.3914538086117 19.839216679512916 588.3914538086117 566.3860128116049 330.6666666666667
30000.0 40000.0 459.32570703125384 780.7431472284221 296.36800445447363 999.4539999999979 91.74108789062302 15111.276001968283 398.36240892601575 380.25863246707604 398.36240892601575 18.103776458939695 791644.8760139808 581.7192129095898 18.103776458939695 581.7192129095898 563.61543645065 288.0
40000.0 50000.0 1722.8138183593546 762.2138460937516 318.0354703189736 999.9260000000068 111.52392578125 12505.0 360.7132429061297 345.7132429061297 360.7132429061297 15.0 644088.2008549806 480.789888202818 15.0 480.789888202818 465.789888202818 288.0
50000.0 60000.0 472.54018359375186 793.3887642299107 245.35300053208644 999.3910000000033 185.7829999999958 12975.017098017657 384.47847823511063 368.91959940274717 384.47847823511063 15.558878832363444 687983.5793045594 518.3563583316673 15.558878832363444 518.3563583316673 502.7974794993039 288.0
60000.0 70000.0 384.9591875000042 809.214005664063 276.73656010621465 999.4919999999984 149.51200000000244 13401.042687029003 366.42887333210484 350.3634242393236 366.42887333210484 16.06544909278122 709337.9182660339 528.5505129578282 16.06544909278122 528.5505129578282 512.4850638650469 288.0
70000.0 80000.0 839.7214160156145 749.0079070870534 267.15299754774736 998.0460000000021 169.22900000000664 12788.523234978034 385.70158516411914 370.37264873787547 385.70158516411914 15.32893642624368 700983.2322420861 523.0217643320414 15.32893642624368 523.0217643320414 507.69282790579757 288.0
80000.0 90000.0 798.5381855469022 594.8825769042966 333.0078259973655 998.6989999999932 38.70200000000477 21777.358300798027 1149.2050282982702 1122.3135487578938 1153.2050282982702 24.89147954037643 2340321.9592223978 1605.1149000734863 27.89147954037643 1605.1149000734863 1575.2234205331097 2308.4444444444443
90000.0 100000.0 433.07774999999674 746.8024737723221 338.82011783158845 999.8589999999967 1.9389999999984866 15455.038625867872 1489.7492909662349 1471.2084796911338 1489.7492909662349 18.540811275101113 2826988.9389853575 1986.8746670209625 18.540811275101113 1986.8746670209625 1968.3338557458615 1917.5
100000.0 110000.0 13.13051171877305 774.8976272615117 347.4631805717627 999.9020000000019 11.612999999997555 12222.456632272497 1439.877254054834 1425.2328585569294 1439.877254054834 14.644395497904583 3257029.815927143 2274.9446431743468 14.644395497904583 2274.9446431743468 2260.3002476764427 2300.0
110000.0 120000.0 18.57130078121554 773.5740035807313 278.5599214957716 999.4890000000014 175.62299999999232 13366.380033283338 1490.4317931230423 1474.3997913483836 1490.4317931230423 16.032001774658553 3279431.2290599686 2261.176659550437 16.032001774658553 2261.176659550437 2245.1446577757783 2300.0
120000.0 130000.0 95.6094902344048 617.9558403577279 375.7282329247181 999.9590000000026 80.25500000000466 13012.248687048304 1464.7566648731427 1449.1593948668533 1464.7566648731427 15.597270006289188 3157949.6511616856 2205.2944690114837 15.597270006289188 2205.2944690114837 2189.6971990051948 2300.0
130000.0 140000.0 141.60462304687826 656.8016938852144 375.58909772460436 999.9979999999923 0.0 16341.561052319466 1513.8882996686154 1494.8277288386023 1514.8882996686154 19.060570830012978 3298799.390370003 2334.1126271327794 20.060570830012978 2334.1126271327794 2313.0520563027667 2166.6666666666665
140000.0 150000.0 164.22488671875908 693.9819239979603 355.44149165929554 999.4519999999902 29.522999999986496 13700.175828956159 1650.756931559672 1634.3424365252004 1650.756931559672 16.41449503447162 3200711.826374761 2268.8087098532355 16.41449503447162 2268.8087098532355 2252.3942148187643 2300.0
150000.0 160000.0 43.749050781247206 709.6688202237208 372.16964629861235 999.9919999999984 0.0 13050.89273584113 1610.5958771698454 1594.9527137996643 1610.5958771698454 15.643163370180982 3385586.8440118665 2332.575468131817 15.102862606012614 2332.575468131817 2317.4726055258043 2300.0
160000.0 170000.0 15.879039062507218 778.1992313058026 275.8711732207585 999.5329999999958 147.84799999999814 11874.34461537174 1506.7246634932842 1492.4924289907967 1506.7246634932842 14.232234502487568 3289914.6098044896 2297.6243153183145 14.772535266655938 2297.6243153183145 2282.8517800516584 2300.0
170000.0 180000.0 295.7948164062691 628.6503568892036 352.63532756499563 999.6909999999916 17.230027343757683 14742.263463486408 1500.2749003624322 1482.609642370399 1500.2749003624322 17.665257992033197 3425919.2493816544 2439.136731349129 17.665257992033197 2439.136731349129 2421.471473357096 2300.0
180000.0 190000.0 351.96014843753073 701.6844484592002 356.15545280704714 999.6900000000023 33.0 12811.51070910039 1359.9982690189954 1344.6401016410787 1359.9982690189954 15.358167377916903 3137722.766178065 2221.1870747315525 15.358167377916903 2221.1870747315525 2205.8289073536357 2300.0
190000.0 200000.0 40.181488281232305 829.7068471137156 275.622268468907 999.8369999999995 66.09899999998743 12482.186295629977 1664.5523827303516 1649.585494283173 1664.5523827303516 14.966888447178544 3374661.2459452804 2327.2114693806716 14.966888447178544 2327.2114693806716 2312.244580933493 2300.0
200000.0 210000.0 734.7056230468443 705.0400543945303 325.6942227545211 999.4750000000058 136.82600000000093 12618.29293132161 1393.2280274730015 1378.1073868818974 1393.2280274730015 15.12064059110438 3109001.722861327 2176.9807860149085 15.12064059110438 2176.9807860149085 2161.860145423804 2300.0
210000.0 220000.0 17.181597656279337 618.3470745738636 399.71508199986573 999.7809999999881 19.127000000007683 13517.845552595278 1477.013601294164 1460.8062864411863 1477.013601294164 16.207314852977433 3357122.5686797816 2344.299654286279 16.207314852977433 2344.299654286279 2328.0923394333013 2300.0
220000.0 230000.0 417.17151757812826 695.982654756435 328.1724731141912 998.573000000004 117.99799999999232 12826.701627386794 1423.0078252809094 1406.6316950821126 1423.0078252809094 15.376130198796668 3269331.718399238 2258.8690372600804 15.376130198796668 2258.8690372600804 2242.4929070612834 2300.0
230000.0 240000.0 8.912894531269558 828.4025999540395 217.12851586097756 999.7919999999867 295.55689257811173 12759.159888696318 1344.7957079752891 1329.4997936181676 1344.7957079752891 15.295914357121518 3263816.863728925 2281.3479013355527 15.295914357121518 2281.3479013355527 2266.051986978431 2300.0
240000.0 250000.0 188.10348437499488 776.6561969572397 353.5567341060333 999.2750000000233 15.577999999979511 12510.0 1422.427257685364 1407.427257685364 1422.427257685364 15.0 3169920.299945992 2222.923986821478 15.0 2222.923986821478 2207.923986821478 2300.0
250000.0 260000.0 620.7931347656413 755.8154154829496 315.75405969408985 999.7079999999842 54.197999999974854 12897.14902165699 1620.4594952693872 1604.9986035769384 1620.4594952693872 15.460891692448797 3256699.5192514784 2317.9613959245944 14.921783384897594 2317.9613959245944 2303.039612539697 2300.0
260000.0 270000.0 15.455017578147817 691.3736570870526 355.4936699441861 999.6699999999837 78.56298828125 13804.850978343009 1530.2083144743924 1513.6692061668411 1530.2083144743924 16.539108307551203 3354395.256009711 2349.8073279636596 17.078216615102406 2349.8073279636596 2332.729111348557 2300.0
270000.0 280000.0 241.9270292969304 682.3384813878665 375.53266636827027 999.3709999999846 73.10600000002887 12435.861831898674 1462.7135716426756 1447.8016217235559 1462.7135716426756 14.911949919119566 3338276.55981471 2307.927506815055 14.911949919119566 2307.927506815055 2293.0155568959353 2300.0
280000.0 290000.0 448.53216406248976 615.6397690873578 399.5938191528788 999.9589999999735 11.672000000020489 12584.138168101326 1423.250118797619 1408.1620687167388 1423.250118797619 15.088050080880434 3302046.858468993 2321.011283103983 15.088050080880434 2321.011283103983 2305.9232330231025 2300.0
290000.0 300000.0 746.3441640625242 755.3342715928835 335.87855747023104 999.9130000000005 78.87400000001071 12490.60942274996 1400.0926110197197 1384.645726520774 1400.0926110197197 14.964589665963807 3189259.082395543 2232.8167201529095 15.44688449894571 2232.8167201529095 2217.3698356539635 2300.0
