ts te idle avg_span std_span max_span min_span c_bytes_all c_ack_cnt c_ack_cnt_p c_pkts_all c_pkts_data s_bytes_all s_ack_cnt s_ack_cnt_p s_pkts_all s_pkts_data videorate
0.0 10000.0 6131.260521484375 677.6775518465911 299.25614973522534 997.7340000000004 24.46099999999933 23202.68881331631 418.906882775889 391.88152343321883 422.906882775889 27.025359342670193 879570.5046400826 560.8354747856673 43.160896420042064 560.8354747856673 513.6745783656253 480.0
10000.0 20000.0 2395.226308593752 596.7114932725698 303.17014235569445 998.6809999999969 118.77900000000227 17370.77234447557 702.6920690810814 680.871744084981 702.6920690810814 20.82032499610039 1726189.9876962863 1002.3066336835972 39.68478791872852 1002.3066336835972 961.6218457648687 820.0
20000.0 30000.0 5570.820972656256 530.6065039062499 364.1985049989972 998.9660000000003 0.0 10144.152882247748 550.3879941210616 538.1990996240443 550.3879941210616 12.188894497017436 1323953.7386964902 761.961846966472 20.53580587106954 761.961846966472 741.4260410954023 1500.0
30000.0 40000.0 22.427287109378085 673.6639129585604 326.46909489106184 999.7920000000013 103.84807031250239 18762.636695859503 1189.7088449601902 1167.8540936302475 1190.7088449601902 21.85475132994262 3104195.000260042 1656.2637974912534 43.61850979015988 1656.2637974912534 1611.6452877010934 1500.0
40000.0 50000.0 93.0827500000014 680.1568474392358 369.1287490149909 998.9159999999974 110.37600585937616 14000.664283778948 1030.1491528641827 1012.3638866206627 1030.1491528641827 16.78526624352005 2752524.7195340674 1478.223154967922 28.837298204625345 1478.223154967922 1448.3858567632967 2166.6666666666665
50000.0 60000.0 34.17333203124872 717.2210406494141 355.50362098584554 999.9159999999974 161.37675195312477 11823.619514459737 1044.247577933491 1030.0642053986712 1044.247577933491 14.183372534819812 2973989.8357668384 1541.5189616664645 25.020670739445155 1541.5189616664645 1516.4982909270193 2300.0
60000.0 70000.0 1385.8407890624949 773.6949438476568 311.7088747910736 999.1619999999966 118.47699999999895 11806.465465862191 831.9074782641042 817.7654472081746 831.9074782641042 14.1420310559295 2145946.213406193 1148.8901304386236 25.1420310559295 1148.8901304386236 1123.7480993826941 1633.3333333333333
70000.0 80000.0 134.35128710938443 801.7043485243048 281.1823886571796 999.6809999999969 42.830000000001746 14680.385861256977 1076.9634399771749 1059.3834092630932 1076.9634399771749 17.58003071408192 3127810.93122983 1570.5846378263698 29.0 1570.5846378263698 1541.5846378263698 2033.3333333333333
80000.0 90000.0 3584.3030527343653 650.1632097355782 371.0825186780812 999.4189999999944 7.717000000004191 11166.614138743023 647.036560022825 633.6165907369069 647.036560022825 13.41996928591808 1841559.0687701702 961.4153621736302 24.0 961.4153621736302 937.4153621736302 1570.0
90000.0 100000.0 3585.8248710937332 603.3512127511173 345.62056059839614 999.9089999999997 0.0 15577.139086277704 645.2064197899224 626.531553420913 645.2064197899224 18.67486636900928 1763160.702694514 918.3048162180337 29.83743318450464 918.3048162180337 888.467383033529 1083.3333333333333
100000.0 110000.0 61.86309179686941 699.8382476806637 373.58037886371136 999.2679999999964 159.02302148437593 12496.853299655257 1077.597361332747 1062.6132007307529 1077.597361332747 14.984160601994285 3011776.117191989 1510.1121537016606 24.992080300997145 1510.1121537016606 1485.1200734006634 2300.0
110000.0 120000.0 838.5659589843708 704.4638980712898 383.0857216549338 999.5359999999928 45.32300000000396 11866.808447589401 925.627511576855 911.3916594825874 925.627511576855 14.235852094267607 2482683.5257560415 1311.4375087588976 24.170486514498215 1311.4375087588976 1287.2670222443994 1820.0
120000.0 130000.0 5197.962191406259 678.3783160807264 340.53132667470305 998.7550000000047 104.32968945312314 9158.51956119125 402.19989584942005 391.2084086501858 402.19989584942005 10.991487199234303 1160688.7927842226 624.6550280118928 21.772732529010952 624.6550280118928 602.8822954828819 1500.0
130000.0 140000.0 1426.215402343747 638.9465373535168 359.27658031708893 999.7000000000116 101.75196484374464 17232.679605286387 998.3688114510555 977.255177715561 999.3688114510555 20.113633735494524 2894320.8615732333 1485.4904933095152 42.22726747098905 1485.4904933095152 1441.263225838526 1500.0
140000.0 150000.0 541.3674960937351 820.6477222222214 300.1316045305728 999.3209999999963 0.0 14192.0 916.0 899.0 916.0 17.0 2505582.0 1319.0 30.0 1319.0 1289.0 1500.0
150000.0 160000.0 827.446708984382 746.9333389322933 305.3449992994698 999.1849999999977 250.55799999999 13905.908142552236 747.0735889520088 730.3937957600085 747.0735889520088 16.679793192000282 2027223.3916101751 1041.2336923560088 25.83989659600014 1041.2336923560088 1015.3937957600085 1500.0
160000.0 170000.0 115.99504492193228 780.8906387867619 321.8610711202283 999.1719999999914 157.42791601561476 14178.245004482642 1009.0212711989085 992.035819635445 1009.0212711989085 16.985451563463425 2613013.076809951 1458.505083882328 29.992725781731714 1458.505083882328 1428.5123581005962 1633.3333333333333
170000.0 180000.0 65.89061718751327 699.7754399414061 374.28408832187904 999.823000000004 164.53705664063455 11127.846852965122 1124.3916953759867 1111.0569401314506 1124.3916953759867 13.334755244536291 3031576.560843977 1589.3601857084982 24.167377622268145 1589.3601857084982 1565.1928080862303 2300.0
180000.0 190000.0 130.83436914061895 698.0962321920927 343.8436266998988 999.93299999999 142.21001757812337 13384.3715900572 1099.4002708141668 1082.34681106711 1099.4002708141668 16.05345974705687 2973157.245225447 1590.0551631295202 26.5801896205853 1590.0551631295202 1562.474973508935 2300.0
190000.0 200000.0 1977.899972656247 661.3904506138393 387.209129477651 999.5929999999935 0.0 10713.52650197777 870.1092468353577 857.2582282769956 870.1092468353577 12.851018558361957 2445100.0777881155 1268.8120627378219 20.392446426412942 1268.8120627378219 1248.4196163114088 2166.6666666666665
200000.0 210000.0 75.18419921875466 843.9308232935881 226.23668359498438 999.0359999999928 163.36173437500838 17084.65510689646 986.694119421795 965.741825533395 987.694119421795 19.9522938884 2506426.121816478 1375.151093559322 35.88413614682057 1375.151093559322 1337.2669574125011 1614.2857142857142
210000.0 220000.0 130.5023535156506 741.4213204152934 328.53767078146103 999.8159999999916 142.63111914062756 15690.446801068567 968.8301940688533 950.0015830948769 969.8301940688533 18.14322780618118 2565095.498284408 1388.3957730639663 33.8286109739765 1388.3957730639663 1352.8817789221944 1633.3333333333333
220000.0 230000.0 188.85925195313757 663.4845312499982 369.13554741792274 999.1169999999984 0.0 12510.0 1181.4796133329232 1166.1649965007186 1181.4796133329232 15.0 3049293.027621448 1616.4869455625349 24.314616832204674 1616.4869455625349 1591.8577118981257 2300.0
230000.0 240000.0 346.20142773436964 816.3543714599618 285.2130117604022 999.627999999997 189.01999999998952 15418.240689253505 1370.434584267704 1352.5946309550513 1371.434584267704 17.839953312652618 3560478.6082418608 2051.992996897893 29.0 2051.992996897893 2021.9929968978931 2300.0
240000.0 250000.0 477.91970312502235 743.4684213005479 282.8097074112953 999.744000000006 159.5300566406222 12562.208496662584 947.8765992308865 932.8026546062154 947.8765992308865 15.073944624671196 2705976.0216252226 1417.0002170052737 26.370846905985722 1417.0002170052737 1390.629370099288 2033.3333333333333
250000.0 260000.0 81.08006249996834 829.562293652349 243.0884192748316 999.9400000000023 341.9070000000065 14167.978757303435 946.9542028113717 929.9820429857805 946.9542028113717 16.972159825591277 2499347.330218383 1362.1582301697108 29.95823973838692 1362.1582301697108 1332.1999904313238 1500.0
260000.0 270000.0 2310.862154296832 721.284644391737 354.8390347246366 999.8699999999953 78.0 10092.572056780473 724.7346136900378 712.6206714529528 724.7346136900378 12.113942237084906 2031770.0399145335 1126.8485559271226 22.67091335562736 1126.8485559271226 1104.1776425714952 1900.0
270000.0 280000.0 1627.1009511718876 805.5606483226053 309.41666339767164 999.5320000000065 265.8209999999963 14890.25744085298 949.3496751895655 931.4981417251106 949.3496751895655 17.851533464454853 2499216.1556262984 1393.3803444786624 33.85153346445485 1393.3803444786624 1359.5288110142076 1500.0
280000.0 290000.0 370.1820449218503 822.6597419433565 287.794092453512 999.8260000000009 127.83299999998417 12318.895854975985 811.395369145929 796.622897029865 811.395369145929 14.772472116063934 2286984.560313952 1240.4772343813083 26.56650483440755 1240.4772343813083 1213.910729546901 1820.0
290000.0 300000.0 4570.354068359418 532.4789979073643 350.3161338379854 996.0279999999912 0.0 9761.199269066894 534.0459357767088 522.3224354303305 534.0459357767088 11.723500346378218 1435106.945996296 792.4873330986661 22.276973554931608 792.4873330986661 770.2103595437346 1500.0
