ts te idle avg_span std_span max_span min_span c_bytes_all c_ack_cnt c_ack_cnt_p c_pkts_all c_pkts_data s_bytes_all s_ack_cnt s_ack_cnt_p s_pkts_all s_pkts_data video_rate
0.0 10000.0 0.0 0.0 0.0 0.0 0.0 0.0 0.0 0.0 0.0 0.0 0.0 0.0 0.0 0.0 0.0 0.0
10000.0 20000.0 2298.941568359376 567.0174920247397 405.1723736492335 997.9020000000019 20.73399999999674 20959.750668841865 181.23097725754212 157.19469595407645 190.23097725754212 23.036281303465692 303678.3381131352 255.82404677027816 29.036281303465692 255.82404677027816 216.78776546681246 364.8
20000.0 30000.0 293.81537890624895 803.6386592221468 210.40402803833692 999.7019999999975 196.69000000000233 10005.939798309551 202.4520010697762 187.4054253714901 203.4520010697762 12.046575698286057 407961.0803058255 306.668056429247 13.046575698286057 306.668056429247 293.62148073096085 288.0
30000.0 40000.0 71.22808593750233 742.7331972045888 348.6580172740083 998.8029999999999 0.0 17547.965332847474 490.30724191548086 469.9338639574854 491.30724191548086 20.373377957995483 976256.5011355706 701.6399454865178 21.373377957995483 701.6399454865178 679.2665675285224 288.0
40000.0 50000.0 70.45115039062512 701.8877015206466 340.3303618808386 997.7700000000041 0.16099999999278225 15001.504697717695 423.7394520922556 405.75673283355263 423.7394520922556 17.982719258702932 756769.4116428104 565.6935706733656 17.982719258702932 565.6935706733656 547.7108514146626 288.0
50000.0 60000.0 258.96661523438524 702.8190183423905 338.2682912198893 995.1579999999958 0.0 11921.555197942007 386.6287176842596 372.32899422507734 386.6287176842596 14.299723459182268 727401.683543289 540.0006637628339 14.299723459182268 540.0006637628339 525.7009403036518 441.6
60000.0 70000.0 4.17567578125454 750.8749441964299 340.4867773865455 999.1549999999988 49.69697265625291 12973.179819599847 444.08286982731835 428.5411194311899 444.08286982731835 15.541750396128485 796117.8100371202 597.7366890194339 15.541750396128485 597.7366890194339 582.1949386233055 342.85714285714283
70000.0 80000.0 212.05292968748836 831.683859570312 206.16771021732097 995.7719999999972 370.70100000000093 12917.034556357525 315.49124059005 299.9851685764744 315.49124059005 15.506072013575627 563005.7981646087 432.15602838234287 15.506072013575627 432.15602838234287 416.6499563687672 288.0
80000.0 90000.0 139.5820683593629 744.3102174479167 344.0072720766421 998.4560000000056 77.60599999999977 14514.893037597705 363.29716283561055 345.88958333598436 363.29716283561055 17.407579499626205 660481.6586122329 501.7762366257811 17.407579499626205 501.7762366257811 484.3686571261549 445.7142857142857
90000.0 100000.0 125.62931445313734 627.1649841496389 399.0835406760402 999.7880000000005 0.0 11291.62626991864 365.4716608702248 351.9188509704408 365.4716608702248 13.552809899783973 631118.6884655243 471.4891872320895 13.552809899783973 471.4891872320895 457.9363773323055 508.8
100000.0 110000.0 0.0 788.7364848813666 281.90149289557934 996.6020000000135 47.79511132813059 13694.701230085724 372.45238926994534 355.05051051747716 372.45238926994534 16.401878752468175 646540.3174159264 492.6093465552326 16.401878752468175 492.6093465552326 475.2074678027645 288.0
110000.0 120000.0 40.185031250002794 799.18449594351 320.0054932041872 999.3660000000091 41.25004101562081 14056.925990136226 341.1751383601047 324.3107900595754 341.1751383601047 16.864348300529254 550783.8221640898 421.9332363500542 16.864348300529254 421.9332363500542 405.0688880495249 288.0
120000.0 130000.0 3434.2796972656215 530.438173314146 382.5323754031222 999.7840000000142 24.779000000009546 12422.968970251766 318.51155473677636 303.62233990875285 318.51155473677636 14.889214828023462 548706.4408526157 416.3331334427231 14.889214828023462 416.3331334427231 401.4439186146996 288.0
130000.0 140000.0 6345.661896484351 423.13590315755573 186.77994945137632 953.6689999999944 208.85703710938105 13913.166793812228 347.4431139572924 330.7530406123153 347.4431139572924 16.69007334497704 844898.3340176699 621.9296860651398 16.69007334497704 621.9296860651398 605.2396127201628 536.0
140000.0 150000.0 5011.033371093741 536.8994613882253 302.88429705321647 999.8470000000088 34.227000000013504 13156.023614473615 721.9880930636123 706.2176554740004 721.9880930636123 15.770437589611904 1551581.0550229894 1124.7334633788118 15.770437589611904 1124.7334633788118 1108.9630257892002 1122.857142857143
150000.0 160000.0 889.479142578115 811.5527991365111 316.7694877780833 999.0799999999872 58.834037109365454 12974.471982818695 1181.9336979299324 1166.3688475972763 1181.9336979299324 15.564850332656327 1974958.2619185725 1411.4859152749664 15.564850332656327 1411.4859152749664 1395.9210649423098 1500.0
160000.0 170000.0 38.92516015624278 658.8527179457733 381.77888839498036 999.0760000000009 54.38902148438501 12758.916424225321 1108.205061580056 1092.9163392934595 1108.205061580056 15.288722286596618 2209709.4159783013 1562.1026780617626 15.288722286596618 1562.1026780617626 1546.813955775166 1500.0
170000.0 180000.0 679.6344960937859 649.87365438988 373.12777796945204 999.7129999999888 38.5570000000007 13548.893410832201 1254.9428543004033 1238.6837733290279 1254.9428543004033 16.259080971375337 2528628.5466130045 1809.8452524875256 15.683954033949183 1809.8452524875256 1794.1612984535764 1862.857142857143
180000.0 190000.0 234.18605859368108 691.022415211402 365.32362230608084 999.6000000000058 47.97500000000582 13203.863772322195 1026.1059029851335 1010.2841726909966 1026.1059029851335 15.82173029413688 2223556.610682855 1583.6125038651574 16.255170025481576 1583.6125038651574 1567.357333839676 1500.0
190000.0 200000.0 788.7100585937151 678.2466389016566 347.3058184612787 999.8010000000068 66.95400585938478 12919.971488683026 1008.2709224964098 992.7844556889681 1008.2709224964098 15.486466807441465 2202098.0664910865 1577.1322005987056 15.628154013522929 1577.1322005987056 1561.5040465851826 1500.0
200000.0 210000.0 1370.526990234357 798.2506371527803 321.2577495137999 999.1059999999998 26.35911328124348 12605.08330223335 1108.8312755257966 1093.7147992137761 1108.8312755257966 15.116476312020655 2449578.7324022367 1734.6998597619129 15.116476312020655 1734.6998597619129 1719.5833834498922 2033.3333333333333
210000.0 220000.0 22.53671874999418 693.0887484809032 374.91033069814404 999.9830000000075 19.79890234375489 12377.487235372517 1353.2952741102863 1338.473468050438 1353.2952741102863 14.82180605984838 3053566.9590433342 2168.8111079498867 14.82180605984838 2168.8111079498867 2153.9893018900384 2300.0
220000.0 230000.0 21.425578125024913 574.4274035156216 368.9157226330136 999.2889999999898 29.022999999986496 16577.07640562082 1601.0854283596054 1581.8074037260376 1603.0854283596054 19.278024633567775 3375751.7200859077 2401.162170040071 20.278024633567775 2401.162170040071 2378.884145406503 2300.0
230000.0 240000.0 33.19396093749674 693.3718481702305 370.8814244174055 999.0709999999963 17.786000000021886 12424.151794665435 1382.741524176085 1366.8449557487775 1382.741524176085 14.896568427307754 3297049.2628985783 2322.823437291011 15.896568427307754 2322.823437291011 2305.9268688637035 2300.0
240000.0 250000.0 10.703128906199709 820.9878397409523 299.35075750111633 999.130999999994 37.72201171872439 12595.848205334565 1566.2767534555219 1551.17332188283 1566.2767534555219 15.103431572692246 3179779.3234646646 2249.118379310857 15.103431572692246 2249.118379310857 2234.0149477381647 2300.0
250000.0 260000.0 669.254775390611 743.4457083984423 323.2783905276681 999.8859999999986 69.457275390625 12027.880334281675 1489.9440432118727 1475.5379628953237 1489.9440432118727 14.406080316548888 3243571.5418348657 2273.222633568341 14.406080316548888 2273.222633568341 2258.816553251792 2300.0
260000.0 270000.0 13.750453124986961 738.0959847861883 368.2137684015687 999.994000000006 0.0 13116.698955982205 1510.2424672953098 1494.5125368922256 1510.2424672953098 15.72993040308425 3201153.5916797053 2256.584605496862 15.72993040308425 2256.584605496862 2240.854675093777 2300.0
270000.0 280000.0 311.9716328125214 648.4554088924607 356.1568837577713 999.0979999999981 54.821999999985565 13530.147400365946 1360.8711089454323 1344.6474129833093 1360.8711089454323 16.22369596212316 3171343.961302526 2230.3830508058777 16.22369596212316 2230.3830508058777 2214.1593548437545 2300.0
280000.0 290000.0 600.2285937499837 662.6329691840284 338.1960794181938 999.9870000000228 37.20606054685777 12684.219963602114 1413.2702397652836 1398.0661222507242 1413.2702397652836 15.204117514559405 3127700.625721705 2219.38617654147 15.204117514559405 2219.38617654147 2204.182059026911 2300.0
290000.0 300000.0 735.2274179687374 619.5886216517871 387.5468505350493 999.5069999999832 11.97607421875 12631.89191616825 1454.92786373221 1439.7857872329157 1454.92786373221 15.14207649929429 3340894.459710832 2380.32277017133 15.14207649929429 2380.32277017133 2365.180693672036 2300.0
