ts te idle avg_span std_span max_span min_span c_bytes_all c_ack_cnt c_ack_cnt_p c_pkts_all c_pkts_data s_bytes_all s_ack_cnt s_ack_cnt_p s_pkts_all s_pkts_data videorate
0.0 10000.0 0.0 0.0 0.0 0.0 0.0 0.0 0.0 0.0 0.0 0.0 0.0 0.0 0.0 0.0 0.0 0.0
10000.0 20000.0 2052.8087089843757 721.5411763756792 365.52517069795584 998.4329999999973 4.0789999999979045 25395.97565822098 475.95763501480906 447.4169342961774 480.95763501480906 28.540700718631662 1205888.7195340893 835.3762411998264 51.22896297597922 835.3762411998264 779.1472782238473 330.6666666666667
20000.0 30000.0 1437.3664921875097 635.6193968749994 345.6339344605493 999.5009999999966 146.4290039062471 19394.175762190807 685.8984685485578 662.6753314757266 685.8984685485578 23.223137072831264 1872245.7418977127 1072.2252635952038 44.29871260694664 1072.2252635952038 1027.9265509882573 829.0909090909091
30000.0 40000.0 97.82826757813018 697.0263063964844 366.0039274908718 999.4579999999987 218.51000000000204 12508.248415737859 856.8431639987039 841.8452442650484 856.8431639987039 14.997919733655413 2095041.839317985 1191.0383647765077 24.995839467310827 1191.0383647765077 1166.042525309197 1500.0
40000.0 50000.0 143.9674335937525 703.4614436035149 353.71793844995716 998.3570000000036 193.79099999999744 12413.169433598505 760.7424222614346 745.8582639892337 760.7424222614346 14.884158272200885 1986587.5110427388 1039.9610006303792 24.24389923239828 1039.9610006303792 1015.7171013979811 1500.0
50000.0 60000.0 1708.0021757812501 736.2202386067697 349.93460613876107 999.1879999999946 96.06100000000151 14146.261287110681 894.5758985765272 877.6335781122611 894.5758985765272 16.9423204642661 2367617.801684733 1306.5652974799946 31.40905824053569 1306.5652974799946 1275.1562392394587 1500.0
60000.0 70000.0 1603.416347656268 681.0776607665994 343.8993754052192 997.9079999999958 8.312999999994645 10762.39894021738 689.4413439697776 675.520430261985 689.4413439697776 12.920913707792462 1784675.4164450895 969.4315432579698 22.58725243089603 969.4315432579698 945.8442908270738 1500.0
70000.0 80000.0 164.36220507812686 718.6920068873358 339.62698914238575 999.7489999999962 0.0 14600.770502923791 959.0934252098756 941.6025751792534 959.0934252098756 17.490850030622212 2482463.14355183 1328.1233912487712 30.727322197527034 1328.1233912487712 1297.3960690512442 1500.0
80000.0 90000.0 1122.6630292968766 739.749990755208 291.931598389569 999.1239999999962 252.39200781249383 12113.904082033305 770.8196491114722 756.2944237152487 770.8196491114722 14.525225396223489 2088186.9640285121 1112.1610286664065 24.710223041162877 1112.1610286664065 1087.4508056252437 1500.0
90000.0 100000.0 711.4706464843766 720.3128906250015 332.2283602360614 999.5209999999934 85.03010937500221 12236.281821506404 797.6253842368702 782.9512182373276 797.6253842368702 14.674165999542605 2054057.1246052177 1114.524272341334 24.3473532152305 1114.524272341334 1090.1769191261035 1500.0
100000.0 110000.0 2044.508943359382 699.3766981445318 357.2842926136004 999.0830000000133 65.82300000000396 14705.634823875334 938.9879562441541 921.3728337118739 938.9879562441541 17.615122532280274 2518684.019662582 1394.1114683416142 31.331250862991936 1394.1114683416142 1362.7802174786225 1500.0
110000.0 120000.0 586.7468574218801 768.6024696691175 274.13652710266615 999.4219999999914 183.63807421876118 12317.605030095121 775.4019280131614 760.6314112775052 775.4019280131614 14.770516735656209 2064199.4917498413 1129.4685030482508 25.29018705642613 1129.4685030482508 1104.1783159918245 1500.0
120000.0 130000.0 1150.60389843749 791.3898764648438 205.38506003791073 999.4979999999923 285.75493945312337 12648.699203103095 781.2121841046522 766.0464725348475 781.2121841046522 15.165711569804857 2060927.8683518795 1123.9039075466462 27.331423139609715 1123.9039075466462 1096.5724844070364 1500.0
130000.0 140000.0 483.84514843751094 766.7996318359365 286.24466121860587 999.6089999999967 248.24403515624 12514.639180975619 937.4129339747421 922.4080046111201 937.4129339747421 15.004929363622182 2229307.810934469 1318.2315403988407 26.009858727244364 1318.2315403988407 1292.2216816715963 1500.0
140000.0 150000.0 862.2326425781357 725.363835592833 325.0187759672306 999.6430000000109 130.28592187500908 12715.235858411124 739.8720318500884 724.627703447218 739.8720318500884 15.244328402870385 1951722.7359260493 1038.2716345785775 25.488656805740767 1038.2716345785775 1012.7829777728366 1500.0
150000.0 160000.0 1142.2634921875142 789.7550992647045 227.98578092243432 999.9079999999958 403.68599999998696 13618.841936125114 882.2017847057491 865.8873246770557 882.2017847057491 16.31446002869339 2455399.3824188407 1260.1386273486678 28.778670725312832 1260.1386273486678 1231.3599566233552 1500.0
160000.0 170000.0 1200.6810195312137 739.693876953128 332.3615082627658 999.5229999999865 148.98604101562523 12934.92476460748 769.463435826888 753.9539449045926 769.463435826888 15.509490922295441 2009201.923848899 1090.0390596889033 26.693182127653657 1090.0390596889033 1063.3458775612496 1500.0
170000.0 180000.0 2303.34364257814 757.7954433593744 303.81348553034627 997.7280000000028 175.9950019531243 7612.2332992674055 425.115762913568 415.9397138645568 425.115762913568 9.176049049011171 1026951.8401378163 554.7596729741695 16.193555708065254 554.7596729741695 538.5661172661041 1500.0
180000.0 190000.0 876.618406249996 712.1810231584823 371.73516791477897 998.5020000000077 0.0 20155.07798087711 1187.2895587886296 1163.700392540557 1189.2895587886296 23.58916624807258 3101545.449145903 1709.3149638870088 44.102090183186 1709.3149638870088 1663.212873703823 1500.0
190000.0 200000.0 458.0570546875242 730.2263017003664 303.4997411964357 999.630999999994 273.3159999999916 12397.302059068188 780.4540194914048 764.5891618823996 780.4540194914048 14.86485760900516 2128442.65994696 1145.4297248669711 26.14054896993774 1145.4297248669711 1118.2891758970334 1500.0
200000.0 210000.0 600.7618984375149 762.2747261513141 271.73731522648694 999.9830000000075 158.55400000000373 14398.498606785211 938.5399680310978 921.2937135453365 938.5399680310978 17.246254485761323 2485098.236322422 1318.539987114249 30.314928344373286 1318.539987114249 1288.225058769876 1500.0
210000.0 220000.0 391.49093359377 718.3117110523899 322.07143419148144 999.4880000000121 56.53102148437756 12762.121353269486 813.2270914845379 797.927369827377 813.2270914845379 15.299721657160937 2134984.7611920405 1174.150990973715 25.35321328286259 1174.150990973715 1148.7977776908524 1500.0
220000.0 230000.0 703.4552343749965 762.9702534179669 308.05942232414577 999.765000000014 113.72000000000116 11996.278527582443 691.1691226220738 676.7801564337615 691.1691226220738 14.388966188312398 1996512.5258225263 1014.5379640922191 24.201743035233445 1014.5379640922191 990.3362210569857 1500.0
230000.0 240000.0 1195.9495156250196 759.7396584329014 289.77939478671897 999.8680000000168 225.50388476561056 12683.275269781576 809.8206188481676 794.6143408196535 809.8206188481676 15.206278028513989 2058616.415780271 1136.2816802291225 27.412556057027977 1136.2816802291225 1108.8691241720944 1500.0
240000.0 250000.0 190.7526718750014 726.8754702919457 326.3070825845928 999.5729999999749 88.40971289062873 15431.508997436904 856.6735540011352 838.7794124759176 857.6735540011352 17.894141525217464 2177826.946516349 1209.7365654664666 31.556082394384017 1209.7365654664666 1177.1804830720826 1500.0
250000.0 260000.0 741.5376699218177 753.6196946957222 277.0049346797231 999.9729999999981 115.89111523434985 13502.138752470142 915.9183331371851 898.7376457827074 915.9183331371851 16.180687354477605 2412515.1108446545 1319.216496521877 29.955376032546045 1319.216496521877 1288.2611204893308 1500.0
260000.0 270000.0 1326.8050136718084 708.6218553466824 290.44976031933027 998.9180000000051 158.29573437501676 12064.785148702656 832.6549390140526 818.1890005442249 832.6549390140526 14.46593846982768 2128511.0993879917 1155.4622998521227 25.722130729917986 1155.4622998521227 1129.7401691222049 1500.0
270000.0 280000.0 848.9162304686615 736.8825718060732 293.0314106492408 998.5520000000251 151.74791601562174 12736.362275689833 788.3630661676526 773.0903289582118 788.3630661676526 15.272737209440809 2053260.2753031137 1047.9026504166457 25.024666091820496 1047.9026504166457 1022.8779843248251 1500.0
280000.0 290000.0 650.3928007812938 762.1412991536425 287.36031405096014 999.9029999999912 248.8969999999972 12788.965107386737 756.0566415706965 740.7239246944076 756.0566415706965 15.332716876288785 1991404.7864256718 1054.1378719726151 24.976147703731627 1054.1378719726151 1029.1617242688835 1500.0
290000.0 300000.0 594.2581933594192 800.9169914062455 260.98486147914946 998.7829999999958 257.9319628906087 16327.55593343785 1036.230693316368 1016.274361119484 1037.230693316368 18.956332196884137 2766795.0477018035 1480.1637465919916 35.12180538739136 1480.1637465919916 1443.0419412046003 1500.0
