ts te idle avg_span std_span max_span min_span c_bytes_all c_ack_cnt c_ack_cnt_p c_pkts_all c_pkts_data s_bytes_all s_ack_cnt s_ack_cnt_p s_pkts_all s_pkts_data videorate
0.0 10000.0 0.0 0.0 0.0 0.0 0.0 0.0 0.0 0.0 0.0 0.0 0.0 0.0 0.0 0.0 0.0 0.0
10000.0 20000.0 4654.471128906254 719.879614800347 371.5730094497624 999.8329999999987 0.0 17197.014605303844 235.25922724076696 216.24850832839616 239.25922724076696 19.010718912370805 486640.87644352054 381.1236964570365 23.010718912370805 381.1236964570365 354.1129775446657 364.8
20000.0 30000.0 66.25784179687616 740.3264584173389 327.4596531302912 998.3580000000002 0.0 14176.985394696154 460.739848147812 443.7505670601828 460.739848147812 16.989281087629195 879822.7459415365 640.2865664569739 16.989281087629195 640.2865664569739 623.2972853693446 288.0
30000.0 40000.0 0.0 810.5705910807291 291.500888024738 997.9040000000023 61.9208984375 15837.298955758048 524.4537554174917 505.489113803494 524.4537554174917 18.964641613997674 907794.4202413154 682.4588909495336 18.964641613997674 682.4588909495336 663.494249335536 288.0
40000.0 50000.0 0.0 794.4495679687502 283.4028711138476 999.5350000000035 32.57988867187669 14810.772311512948 460.4878466956075 442.7440701342826 460.4878466956075 17.74377656132494 806390.942939278 600.3585969354981 17.74377656132494 600.3585969354981 582.6148203741732 288.0
50000.0 60000.0 1160.2542968750058 660.6519266493065 339.23563105186554 999.1420000000071 145.073974609375 13919.767536933725 462.4815188596701 445.79773869467795 462.4815188596701 16.683780164992157 861445.8372264884 642.1512126775037 16.683780164992157 642.1512126775037 625.4674325125117 288.0
60000.0 70000.0 183.36944140626292 654.0482063802089 340.77364242179397 998.6919999999955 0.0 12458.72490647041 375.8041509678243 360.8729126154939 375.8041509678243 14.93123835233042 667003.9851666634 501.6659581730353 14.249683750577688 501.6659581730353 487.4162744224576 288.0
70000.0 80000.0 529.2489570312609 759.4676227463939 283.97956307070893 999.8080000000045 107.94700000000012 14598.61781998635 482.7232774396442 465.21898202783774 482.7232774396442 17.504295411806474 843642.3668349744 632.8292283434764 18.185850013559204 632.8292283434764 614.6433783299173 288.0
80000.0 90000.0 140.5658320312359 696.3446577148443 375.22101572637627 999.4689999999973 39.764892578125 14534.089987608953 423.80659922525854 406.39353190319775 423.80659922525854 17.41306732206076 724143.163314396 544.6519128813236 17.413067322060762 544.6519128813236 527.2388455592628 288.0
90000.0 100000.0 171.04600976561778 826.3982171223955 271.5931807153805 999.7920000000013 46.75390625 11504.202475746717 359.50788297072097 345.69811811864156 359.50788297072097 13.809764852079425 619900.2327896631 467.19312259774136 13.809764852079425 467.19312259774136 453.38335774566195 288.0
100000.0 110000.0 204.93599023438583 794.7798139880933 280.55443679972467 998.6199999999953 88.84700000000885 10781.52600598285 330.73589303520384 317.7864573137957 330.73589303520384 12.949435721408154 567758.4291021642 428.2808145278772 12.949435721408154 428.2808145278772 415.3313788064691 288.0
110000.0 120000.0 2580.3287343750126 742.7933181818172 309.3039416088947 999.6689999999944 128.16800000000512 17548.0 464.0 443.0 464.0 21.0 898227.0 671.0 21.0 671.0 650.0 288.0
120000.0 130000.0 6300.599542968732 481.1003694957445 282.0774139665325 992.4560000000056 46.53200000000652 12882.03210684952 421.7685419738585 406.3059592070933 421.7685419738585 15.462582766765184 897034.2515707327 637.2854286124133 15.462582766765184 637.2854286124133 621.8228458456481 780.0
130000.0 140000.0 1161.9557480468648 652.8453878906245 388.4912511525269 999.7550000000047 35.19399999998859 12951.96789315048 756.2717149959964 740.7342977627616 756.2717149959964 15.537417233234816 1806139.0720297792 1268.9050362007067 15.537417233234816 1268.9050362007067 1253.3676189674718 1405.7142857142858
140000.0 150000.0 947.8797070312721 639.3103986816404 374.9830651327695 999.1380000000063 143.90100000001257 12852.169408267002 898.7325467210931 883.3237944547427 898.7325467210931 15.408752266350358 2077157.9696221137 1464.1363359100171 15.408752266350358 1464.1363359100171 1448.7275836436668 1500.0
150000.0 160000.0 160.5696308593906 659.3131024169907 403.5864211129251 999.4679999999935 136.83900000000722 13007.830591732998 831.7798381901858 816.1885904565362 831.7798381901858 15.591247733649642 1938165.27034732 1371.4283645273754 15.591247733649642 1371.4283645273754 1355.8371167937257 1500.0
160000.0 170000.0 627.7779570312705 726.0942930836412 335.81458940275365 999.9569999999949 81.45900000000256 12894.928275571448 1195.2202321981015 1178.7630727259263 1195.2202321981015 15.457159472175118 2668451.801544659 1870.591048128861 14.914318944350235 1870.591048128861 1854.6767291845108 1500.0
170000.0 180000.0 1093.3817675781029 609.898003146704 354.50673366735435 999.573000000004 137.875 13347.92093063851 900.9648252641342 883.9672944676513 900.9648252641342 15.99753079648279 2054169.74793221 1452.3120171879705 15.99506159296558 1452.3120171879705 1435.3169555950049 1500.0
180000.0 190000.0 1118.5006386718596 640.9342095052086 372.46781863725346 998.939000000013 130.36600000000908 12104.75705026818 852.6147152361776 838.1095905150905 852.6147152361776 14.505124721087142 2020749.9069128986 1408.9639159430533 15.050434452429235 1408.9639159430533 1393.913481490624 1500.0
190000.0 200000.0 1077.3322968749562 694.6681908854167 335.08217616341955 999.7460000000137 148.14199999999255 12032.613637334693 891.1755975293223 876.7313508874606 891.1755975293223 14.444246641861637 2078201.7244232395 1458.837939338948 14.444246641861637 1458.837939338948 1444.3936926970864 1500.0
200000.0 210000.0 718.3019628906331 767.8036706814229 297.3344281178389 999.7119999999995 141.5240000000049 14668.027339254882 1066.9627628418682 1049.4086448909627 1066.9627628418682 17.554117950905603 2540638.3436818314 1792.2932967657996 17.554117950905603 1792.2932967657996 1774.739178814894 1500.0
210000.0 220000.0 118.24909375002608 657.4920566406236 411.09023581174364 999.9519999999902 27.83400000000256 12868.80839306535 812.46476410354 797.0250153889822 812.46476410354 15.439748714557856 1951267.011300547 1359.9328350582518 15.439748714557856 1359.9328350582518 1344.493086343694 1500.0
220000.0 230000.0 872.5467636718531 645.9637545166006 376.0658946786411 999.5780000000086 140.1140000000014 12153.366508682826 900.3294797388608 885.7666112431319 900.3294797388608 14.562868495728758 2070801.7172367354 1452.2366487776894 14.562868495728758 1452.2366487776894 1437.6737802819607 1500.0
230000.0 240000.0 761.7971562499879 708.4314152343737 357.382802197404 999.7850000000035 36.821999999985565 17501.224205637027 1418.7223063499048 1398.3022880115243 1419.7223063499048 20.42001833838033 2819047.411888259 1965.1775815728008 21.3547239469359 1965.1775815728008 1942.822857625865 1800.0
240000.0 250000.0 1359.8101601563394 641.1173156466975 402.9355376815112 999.2920000000158 23.945000000006985 13316.635838198847 1146.5595899578943 1130.610342298879 1146.5595899578943 15.949247659015427 2540484.698651935 1786.31929263581 16.01454205045986 1786.31929263581 1770.30475058535 1766.6666666666667
250000.0 260000.0 665.9110292969854 663.4873333740179 359.5663270061389 999.9969999999739 92.79300000000512 12547.343275696658 1099.3664815504806 1084.3133787179336 1099.3664815504806 15.053102832546932 2425831.879097224 1682.063887020397 15.053102832546932 1682.063887020397 1667.01078418785 1766.6666666666667
260000.0 270000.0 1076.3076328125317 661.1056339613929 383.6820053443426 999.9699999999721 59.755999999993946 14489.738934830442 930.6078131443617 913.2600950256126 930.6078131443617 17.347718118749217 2129781.037371357 1501.1583736460634 17.347718118749217 1501.1583736460634 1483.8106555273143 1500.0
270000.0 280000.0 992.3940039061708 612.0314372558605 405.0809109978732 999.8470000000088 134.31390624999767 12247.954031764302 939.5477888139678 924.8554915329609 939.5477888139678 14.692297281007011 2066876.5550145903 1433.4578236233635 14.692297281007011 1433.4578236233635 1418.7655263423565 1500.0
280000.0 290000.0 54.84815820300719 724.6154245174667 357.001116740761 999.8819999999832 80.85499999998137 14162.123027562087 1180.985513996727 1164.0209973369144 1180.985513996727 16.964516659812453 2662740.58534418 1871.4583396641528 16.964516659812453 1871.4583396641528 1854.4938230043404 1728.5714285714287
290000.0 300000.0 59.90912109374767 663.7664353027321 403.7894754539215 999.064000000013 122.98499999998603 12513.168560819071 1333.2032558104224 1318.1994926740576 1333.2032558104224 15.003763136364693 3077515.8578899885 2148.81939093457 15.003763136364693 2148.81939093457 2133.8156277982057 2300.0
