ts te idle avg_span std_span max_span min_span c_bytes_all c_ack_cnt c_ack_cnt_p c_pkts_all c_pkts_data s_bytes_all s_ack_cnt s_ack_cnt_p s_pkts_all s_pkts_data video_rate
0.0 10000.0 5072.947939453126 663.1508812499999 364.61711545372015 996.2180000000008 76.47100000000137 22943.0 448.28334015798885 422.28334015798885 452.28334015798885 26.0 977506.8159654351 646.1004163595322 30.0 646.1004163595322 612.1004163595322 570.0
10000.0 20000.0 1882.2523242187526 583.1675133634868 382.5903889588859 998.2660000000033 24.815999999998894 16428.096584575324 488.3773662736995 468.71218966577743 488.3773662736995 19.665176607922078 861944.1734427932 604.8928783761171 19.665176607922078 604.8928783761171 585.227701768195 381.6
20000.0 30000.0 894.7023085937471 606.2584123391545 408.024323184729 998.5570000000007 17.70900000000256 14280.747888158401 919.002374664084 901.8665338349775 919.002374664084 17.13584082910651 1699459.933489872 1150.9580858342943 16.235332110592214 1150.9580858342943 1134.722753723702 1280.0
30000.0 40000.0 147.41588671874342 595.1137006578953 411.8500726887423 999.4800000000032 66.06399999999849 13004.250587249207 975.6401444129301 960.0503126100739 975.6401444129301 15.589831802856132 2185472.675333782 1480.0459196873458 16.490340521370427 1480.0459196873458 1463.5555791659754 1500.0
40000.0 50000.0 659.6242773437552 573.6526302425988 404.45413544366716 998.179999999993 73.30099999999948 12936.814509816635 864.9834836729592 849.4765780793527 864.9834836729592 15.506905593606458 2088596.1795814105 1447.0424406084014 15.506905593606458 1447.0424406084014 1431.535535014795 1500.0
50000.0 60000.0 3510.2202910156193 580.1472494791669 408.92593681982294 999.3399999999965 12.634033203125 8705.656704355326 635.1278226836434 623.6734295100648 635.1278226836434 10.454393173578561 1329088.676925364 952.6751351828656 10.454393173578561 952.6751351828656 941.220742009287 1500.0
60000.0 70000.0 936.982267578147 799.6301254340256 314.7883069098829 999.8579999999929 96.25199999999313 16652.923709913553 984.2353250499585 964.2833183140897 984.2353250499585 19.952006735868896 2306681.9853243213 1638.5432903525843 19.256161478807524 1638.5432903525843 1619.287128873777 1217.142857142857
70000.0 80000.0 23.331902343721595 753.530670898439 352.6063825907164 999.5420000000013 101.38700000000244 12925.913806001732 863.5297164795581 848.0369991862676 863.5297164795581 15.492717293290504 2035624.1462123918 1413.0386107944205 15.290126532237307 1413.0386107944205 1397.7484842621834 1500.0
80000.0 90000.0 1615.9441914062481 629.5819136186084 353.55051539930935 999.5460000000021 44.612999999997555 13204.892464341883 1134.4427296906447 1118.6063077785811 1134.4427296906447 15.836421912063601 2614170.052891078 1850.7631470665333 16.73485793017817 1850.7631470665333 1834.028289136355 2033.3333333333333
90000.0 100000.0 105.10179882813827 667.3768626868202 316.2241872992359 999.7880000000005 70.99994726562 15824.703745587936 1497.2581775058757 1477.8914714541684 1498.2581775058757 18.366706051707265 3393494.0447169594 2389.909460408465 20.366706051707265 2389.909460408465 2367.5427543567575 2300.0
100000.0 110000.0 967.0133281250019 652.4748026367175 365.22958896827765 999.9930000000022 88.03900000000431 11888.683592557358 1249.6878229582449 1235.4257284302669 1249.6878229582449 14.262094527977858 2950887.957107956 1985.2156005405247 14.262094527977858 1985.2156005405247 1970.9535060125468 2300.0
110000.0 120000.0 82.55229492188664 829.2417045898444 233.4448497424498 999.820000000007 329.662109375 13281.9240049063 1559.3953404804572 1543.4947713332483 1559.3953404804572 15.900569147208762 3513844.3220419274 2457.5981962692085 15.407893215700526 2457.5981962692085 2442.1903030535077 2300.0
120000.0 130000.0 308.3440546875063 751.9601342773428 265.39697532154315 999.9819999999891 189.45000000001164 13490.68815210981 1274.1972099206205 1258.0140073657851 1274.1972099206205 16.183202554835518 3169275.046384775 2230.0210030029316 16.675878486343752 2230.0210030029316 2213.3451245165884 2300.0
130000.0 140000.0 36.47486523434054 616.1578721788203 359.87748826292676 999.9040000000095 25.28910351562081 14080.315270686035 1461.1500602138042 1444.8022915759375 1462.1500602138042 16.347768637866785 3304159.1675809314 2262.7963143501943 17.347768637866785 2262.7963143501943 2244.448545712328 2300.0
140000.0 150000.0 4638.113703125011 554.0378170072106 330.6023329831714 996.3289999999979 0.637681640626397 10029.539240120808 690.6233283351824 678.5751828906149 690.6233283351824 12.048145444567448 1485484.2615339202 1040.9988068949476 12.048145444567448 1040.9988068949476 1028.95066145038 2300.0
150000.0 160000.0 1348.5247187500063 731.1728984375001 337.01315817873024 999.0799999999872 20.878999999986263 16244.506105711072 1028.614311102616 1009.1682094897184 1028.614311102616 19.4461016128975 2453745.812463808 1748.9311840736548 19.4461016128975 1748.9311840736548 1729.4850824607572 1331.4285714285713
160000.0 170000.0 415.3776679687435 822.6026802014799 261.2727620159831 999.6430000000109 223.387939453125 12529.955225813483 1038.8622002038828 1023.8225149179481 1038.8622002038828 15.039685285934564 2371178.1315814108 1683.6721327378764 14.81211807464613 1683.6721327378764 1668.8600146632302 1766.6666666666667
170000.0 180000.0 67.66192187502747 652.5301999023432 359.9011405614635 999.6730000000098 74.75299999999697 14000.388408095137 1483.8579633633124 1467.0855305746009 1483.8579633633124 16.772432788711566 3305766.1726097786 2306.453679669124 17.0 2306.453679669124 2289.453679669124 2300.0
180000.0 190000.0 25.09967773439712 604.358244326635 383.41535972008273 999.685999999987 49.89499999998952 15298.392800923046 1369.5698444011557 1350.8342234974466 1370.5698444011557 17.73562090370908 3235878.7830247236 2252.980461324868 18.73562090370908 2252.980461324868 2232.244840421159 2300.0
190000.0 200000.0 45.785656249994645 703.9656475497163 344.30810289550277 999.0249999999942 0.10099999999511056 12732.607199076954 1359.690571156775 1343.426192060484 1359.690571156775 15.26437909629092 3113518.295184825 2117.539174156018 16.26437909629092 2117.539174156018 2100.274795059727 2300.0
200000.0 210000.0 342.2163964843494 831.0555341796878 280.910465506977 999.8060000000114 176.4126855468785 12241.528333431164 1408.1180846520415 1393.4535926840522 1408.1180846520415 14.664491967989354 3201025.5831701644 2262.6195568123103 14.664491967989354 2262.6195568123103 2247.9550648443205 2300.0
210000.0 220000.0 17.84900195314549 770.806122460938 332.25631529075537 999.5109999999986 45.6929999999993 12509.880598574735 1371.1603680378485 1356.1613113511978 1371.1603680378485 14.999056686650718 3111492.6495308257 2185.6648368474553 14.999056686650718 2185.6648368474553 2170.665780160805 2300.0
220000.0 230000.0 251.22606640623417 545.6913119419658 390.6674996982278 999.9610000000102 113.90400000000955 16149.18379962772 1399.5963623759797 1380.8684707317675 1400.5963623759797 18.72789164421221 3243659.8116216226 2284.870526926522 19.727891644212207 2284.870526926522 2264.1426352823096 2300.0
230000.0 240000.0 12.823953124985565 631.6917914225256 361.1200467751272 998.8949999999895 84.04800000000978 14113.46912757267 1442.3461725270454 1425.0732784586216 1443.3461725270454 16.27289406842364 3051068.9630239764 2140.3241961937993 18.27289406842364 2140.3241961937993 2120.0513021253755 2300.0
240000.0 250000.0 9.137968750030268 728.5056035156304 308.82486322339804 999.9290000000037 116.82299999997485 14461.938140793709 1536.8026216101664 1519.4669559774425 1536.8026216101664 17.33566563272408 3510675.4803839023 2437.8313211836917 17.33566563272408 2437.8313211836917 2420.4956555509675 2300.0
250000.0 260000.0 624.1424804687849 753.5428059303958 342.8443575366787 999.7050000000163 29.04391992185265 12510.0 1340.679868170932 1325.679868170932 1340.679868170932 15.0 3099041.6102133472 2125.3878044031408 15.0 2125.3878044031408 2110.3878044031408 2300.0
260000.0 270000.0 4.175398437480908 807.7087923743201 264.28859196747675 999.4710000000196 73.6589999999851 13389.786524384628 1604.7437095388898 1588.70836674565 1604.7437095388898 16.035342793239735 3418557.386787719 2394.497862642753 16.035342793239735 2394.497862642753 2378.4625198495132 2300.0
270000.0 280000.0 329.6724140624865 580.0145138578844 399.2269987763754 999.5250000000233 30.316999999980908 13312.213475615372 1310.1692533831674 1294.204596176407 1310.1692533831674 15.964657206760265 3115285.738839307 2147.0150820756003 15.964657206760265 2147.0150820756003 2131.05042486884 2300.0
280000.0 290000.0 19.54983398434706 820.4841770450413 242.80304758676772 999.7530000000261 256.6350000000093 12344.333672037756 1459.5238982106625 1444.7206515692876 1459.5238982106625 14.803246641375008 3355403.4795726985 2347.574544182696 14.803246641375008 2347.574544182696 2332.7712975413215 2300.0
290000.0 300000.0 673.6898906249553 717.5015905633244 302.91640338728763 999.9550000000163 196.62704296875745 12453.662215602148 1303.7843604764248 1288.8671301447396 1303.7843604764248 14.917230331685118 3011543.937917162 2119.2341107068473 14.556991845155055 2119.2341107068473 2104.677118861692 2300.0
