ts te idle avg_span std_span max_span min_span c_bytes_all c_ack_cnt c_ack_cnt_p c_pkts_all c_pkts_data s_bytes_all s_ack_cnt s_ack_cnt_p s_pkts_all s_pkts_data video_rate
0.0 10000.0 9177.05908203125 358.46978759765625 309.67052362480206 822.94091796875 200.510009765625 6001.218908553151 16.321045413367973 10.035046363392617 18.004124423752266 6.285999049975356 31253.58719540726 33.082842931462025 7.96907806035965 33.082842931462025 23.430685860718082 840.0
10000.0 20000.0 87.81238867187494 600.2142280092592 358.1790319738788 997.5729999999967 0.0 14037.460371740131 187.61896458547693 168.44072061070437 191.9358855750926 16.17824397477255 318674.82867720665 258.1070321624765 21.495164964388255 258.1070321624765 231.29494620847257 840.0
20000.0 30000.0 14.569386718751048 687.502962820871 358.08813012268104 999.2880000000005 0.0 16008.151663695493 470.012673044478 450.32720883332115 474.012673044478 19.099639039028258 845406.6181688039 618.9910814842326 21.685464211156944 618.9910814842326 594.719792100947 349.3333333333333
30000.0 40000.0 15.494046874999185 705.6133835797986 326.79683821135654 999.8660000000018 96.31467968750076 16679.10217609112 488.75506720577926 468.3650204344548 488.75506720577926 19.975871943453207 836556.0050649684 630.45255257167 20.390046771324517 630.45255257167 609.6483309724742 288.0
40000.0 50000.0 162.76359179685824 756.5924529622404 312.560242472971 999.0650000000023 0.0 14635.398875931252 503.1070667333962 485.58515394413905 503.1070667333962 17.52191278925715 878476.7944956801 658.0984479691404 17.52191278925715 658.0984479691404 640.5765351798832 288.0
50000.0 60000.0 501.47012499999255 748.6658080679083 334.10518537574916 997.9419999999955 11.71612109374837 13897.709588421334 437.7756657797741 421.0921719569883 437.7756657797741 16.683493822785803 755926.0072773985 569.2256209626305 16.683493822785803 569.2256209626305 552.5421271398446 360.0
60000.0 70000.0 276.67322070313094 793.0289652054392 265.9647043696699 999.5800000000017 119.47299999999814 14411.296586508979 457.32514629920354 440.0761318990901 457.32514629920354 17.249014400113392 802504.943388446 603.4511906916081 17.249014400113392 603.4511906916081 586.2021762914947 288.0
70000.0 80000.0 1291.9530097656097 745.4523634510874 358.008513235135 999.9930000000022 0.0 13257.485838261526 338.4136936116742 322.49963556423114 338.4136936116742 15.914058047443046 606272.7407585843 460.17698216967665 15.914058047443046 460.17698216967665 444.2629241222336 288.0
80000.0 90000.0 82.68801562498265 749.1307443750004 351.9705390233814 999.8959999999934 0.0 17329.53936967297 438.1328617583426 417.01102173409475 439.1328617583426 20.121840024247813 713551.3497049653 550.9028040992231 22.121840024247813 550.9028040992231 526.7809640749753 288.0
90000.0 100000.0 1429.7328105468914 720.0455472005202 333.8538597466692 998.8359999999957 60.66796875 15045.058296703073 457.16916189629467 439.60367948149093 458.16916189629467 17.42224218070539 817623.3947227031 613.8212641933408 18.565482414803707 613.8212641933408 594.1125415444387 288.0
100000.0 110000.0 5810.625421874982 459.95549651227753 235.21811830116738 937.9919999999984 28.603000000002794 14630.578324420972 390.36865367221253 371.9642091780928 390.36865367221253 17.54768472821804 805706.7305458364 594.6901807645396 18.404444494119723 594.6901807645396 575.4289765045182 444.0
110000.0 120000.0 3411.8544453124923 517.9798074951195 344.9539682883085 998.195000000007 36.6689453125 14354.379149883749 772.6905901087695 755.4796755429148 772.6905901087695 17.210914565854637 1599664.7674434357 1112.2090319868648 17.210914565854637 1112.2090319868648 1094.9981174210102 1122.857142857143
120000.0 130000.0 1112.3440039062407 710.5075578125019 336.2740817001031 999.8820000000123 111.527099609375 13815.276324830278 1194.5302147227214 1177.9817119945023 1194.5302147227214 16.548502728218928 2374614.1501049576 1695.2479810409666 16.548502728218928 1695.2479810409666 1678.6994783127477 1500.0
130000.0 140000.0 166.73291210937896 787.2743484604769 335.76183656705484 999.2609999999986 11.77400000000489 13550.344525285973 1193.7791951685092 1177.5386124625827 1193.7791951685092 16.240582705926435 2391132.082451607 1701.5429869721686 16.240582705926435 1701.5429869721686 1685.3024042662423 1500.0
140000.0 150000.0 1674.4849960937281 646.8487698974641 338.93657515640666 999.5679999999993 122.67900000000373 13850.466902663575 1044.401781684356 1027.8074029401 1044.401781684356 16.594378744256026 2381899.300005693 1688.4340348542148 16.594378744256026 1688.4340348542148 1671.839656109959 1500.0
150000.0 160000.0 126.75012499996228 751.950693244486 350.0395803936506 999.2000000000116 8.465999999985797 14206.756887421783 1081.6839301080656 1064.6664041135027 1081.6839301080656 17.01752599456269 2447488.2215885324 1723.1254839918092 17.01752599456269 1723.1254839918092 1706.1079579972466 1500.0
160000.0 170000.0 551.9188085937058 719.7592314453149 308.45759905520265 999.0750000000116 225.924072265625 13035.03916817801 1066.1152125145984 1050.508762513316 1066.1152125145984 15.606450001282496 2384784.2948410427 1684.9360735033642 15.606450001282496 1684.9360735033642 1669.3296235020816 1500.0
170000.0 180000.0 868.1278691406187 645.5029632161459 314.9722779912065 999.5320000000065 94.36328125 16792.14780285331 1529.5628782809658 1509.0192371387125 1530.5628782809658 19.54364114225317 3126939.64468891 2214.3020415717774 21.54364114225317 2214.3020415717774 2190.758400429524 2185.714285714286
180000.0 190000.0 24.681585937505588 754.3766196875007 308.57817688382045 999.6460000000079 54.76500000001397 13550.589238883325 1650.8800450641588 1634.6420409465131 1650.8800450641588 16.238004117645616 3342668.6186941285 2373.6701644143504 16.238004117645616 2373.6701644143504 2357.4321602967048 2300.0
190000.0 200000.0 534.7499550781213 712.4061788194441 359.77302799857557 999.1549999999988 111.964111328125 14300.987720645617 1209.926483924577 1192.7946695295109 1209.926483924577 17.13181439506605 2645758.469280976 1883.9419693526174 16.762626551828756 1883.9419693526174 1867.1793428007886 1535.0
200000.0 210000.0 56.09793554691714 726.3138385799607 345.3099163843489 999.6499999999942 53.92699999999604 13943.959819685178 1086.274972769743 1069.5737405273794 1086.274972769743 16.70123224236357 2426749.6148629147 1715.4618383687534 17.070420085600865 1715.4618383687534 1698.3914182831527 1500.0
210000.0 220000.0 146.05759570313967 619.3489905427635 407.03110391092594 999.0350000000035 3.896999999997206 13118.09402239341 1025.1387372599668 1009.4267704945458 1025.1387372599668 15.711966765420915 2304971.8227509633 1628.0110975626226 15.615122566022556 1628.0110975626226 1612.3959749966002 1500.0
220000.0 230000.0 205.88625976562616 833.9184017269735 238.559366550318 999.9049999999988 225.62890625 13380.349125365838 1313.991815236053 1297.9566324344098 1313.991815236053 16.03518280164343 2806370.240807624 1938.2076376347065 16.132027001041788 1938.2076376347065 1922.0756106336646 1900.0
230000.0 240000.0 11.761374999972759 718.7827229352704 369.1146471884121 999.8800000000047 0.0 13692.215416986248 1571.991656167341 1555.5721900910648 1571.991656167341 16.419466076276326 3503106.340300804 2455.2567601663964 16.419466076276326 2455.2567601663964 2438.83729409012 2300.0
240000.0 250000.0 7.638966796861496 804.1762039388026 298.59658276723053 999.744000000006 0.0 12068.833968781348 1821.0114786928734 1806.5557377560049 1821.0114786928734 14.455740936868263 3544066.697696698 2504.214228640544 14.455740936868263 2504.214228640544 2489.758487703676 2300.0
250000.0 260000.0 91.05163085937966 676.2728824678309 375.600584136498 999.9400000000023 88.594970703125 13504.203119143196 1387.5580842838276 1371.3557909524154 1387.5580842838276 16.202293331412115 3116876.095099713 2150.682998310688 16.202293331412115 2150.682998310688 2134.4807049792767 2300.0
260000.0 270000.0 149.77169726561988 631.4747117417248 421.3715283996039 999.8979999999865 93.33100000000559 12911.742275187959 1304.1837462071417 1288.7055930315025 1304.1837462071417 15.47815317563911 3060805.6999825328 2124.1973160154907 15.47815317563911 2124.1973160154907 2108.7191628398514 2300.0
270000.0 280000.0 1013.5260898437118 604.0326877441403 446.9269066362791 999.6990000000224 0.0 14970.28037396692 1078.8125952248004 1060.8906470371912 1078.8125952248004 17.921948187609168 2499397.650978322 1728.5612629195407 16.921948187609168 1728.5612629195407 1711.6393147319313 2300.0
280000.0 290000.0 22.707982421910856 673.401304687498 386.61475979780283 999.929999999993 36.298095703125 14145.334157844283 1295.249498962927 1278.307296875226 1295.249498962927 16.942202087701048 3211321.5986466217 2185.397645451701 16.942202087701048 2185.397645451701 2168.455443364 1842.857142857143
290000.0 300000.0 1200.5951582030975 785.610341385687 300.5566455952651 999.4060000000172 20.617919921875 12863.007687056152 1355.2272475727882 1339.5700548161276 1355.2548190088964 15.419747547034664 3099359.081716473 2155.783634939008 14.867066530177745 2155.783634939008 2140.706694635313 2300.0
