ts te idle avg_span std_span max_span min_span c_bytes_all c_ack_cnt c_ack_cnt_p c_pkts_all c_pkts_data s_bytes_all s_ack_cnt s_ack_cnt_p s_pkts_all s_pkts_data videorate
0.0 10000.0 6336.8680214843735 671.1340314941403 228.0595349467596 986.2439999999988 302.5099999999984 11043.777891773647 78.03114490957428 66.24039416240907 81.62806182529602 11.790750747165202 171186.22895314425 163.35200897501153 20.984584578608672 163.35200897501153 138.77050748068112 480.0
10000.0 20000.0 42.08787304687576 798.8142225932461 291.8138677961249 999.7280000000028 105.90170898437646 24069.56648036312 631.6162345011188 602.9541943290736 632.0193175853971 28.662040172045227 1744202.9846362295 1168.0733953368158 55.389999514553445 1168.0733953368158 1112.280312737984 317.53846153846155
20000.0 30000.0 2769.701140624995 638.4405530273445 353.7781857675259 999.5290000000023 0.0 12038.460454383892 429.656177549857 415.21137621893917 429.656177549857 14.444801330917814 1150890.158035356 732.4623297037717 28.40271485384092 732.4623297037717 704.0596148499309 524.5714285714286
30000.0 40000.0 542.3937539062463 796.0422621626425 288.1875552316615 999.0970000000016 17.793710937497963 16638.08805203507 547.3494060221246 527.4205167809155 547.3494060221246 19.928889241209173 1326882.809971259 850.5049512040819 38.96242329000309 850.5049512040819 811.5425279140788 421.7142857142857
40000.0 50000.0 3467.6043164062357 549.7228373766469 373.19895799709167 999.9520000000048 4.087890625 12661.886438773508 602.5600256394791 587.3712936578055 602.5600256394791 15.188731981673575 1456957.7331271525 853.8355168754839 30.29070470901586 853.8355168754839 823.5448121664681 840.0
50000.0 60000.0 1023.2649550781207 636.7048260569854 365.2494430898636 999.5580000000045 0.0 14724.80810092002 695.619055176171 677.9696755158693 695.619055176171 17.64937966030166 1913972.397341425 977.8086159685445 31.29875932060332 977.8086159685445 946.5098566479411 1311.4285714285713
60000.0 70000.0 111.50820117190597 704.563752197263 341.01713946597556 999.0819999999949 251.91599999999744 12496.887747453226 845.3346890813791 830.3502618278717 845.3346890813791 14.984427253507395 2036774.5512392088 1157.508403053858 24.96885450701479 1157.508403053858 1132.5395485468432 1500.0
70000.0 80000.0 292.4511250000214 703.5072514648418 350.8494087079974 998.4790000000066 73.4169921875 12805.524834297521 681.869705711058 666.5187260978781 681.869705711058 15.350979613179954 1980657.422355821 1030.1793433637768 26.701959226359907 1030.1793433637768 1003.4773841374167 1500.0
80000.0 90000.0 581.2194648437435 707.7245644531256 374.3562999088824 999.8530000000028 0.0 13759.761243545356 1029.8429224195932 1013.344393626784 1029.8429224195932 16.49852879280921 2276292.4552000877 1347.0812361694718 31.99705758561842 1347.0812361694718 1314.0841785838534 1842.857142857143
90000.0 100000.0 50.842849609369296 845.8466289062497 199.05920388554583 999.698000000004 287.19400000000314 13371.882386756084 1033.2740626860952 1017.251272174671 1033.2740626860952 16.022790511424148 2901888.978456714 1455.7268586712203 31.157780028554562 1455.7268586712203 1424.5690786426655 2300.0
100000.0 110000.0 781.3127148437634 708.3728554687493 357.5772533000727 999.5559999999969 0.0 11228.35636969856 1148.8465763035497 1135.3678956077829 1148.8465763035497 13.47868069576664 2941480.280683602 1611.467340677964 25.845162385827017 1611.467340677964 1585.622178292137 2300.0
110000.0 120000.0 1393.5399082031217 779.5604468994152 291.5212572012453 998.9560000000056 61.470947265625 13245.025373439952 1041.733336559324 1025.860701633881 1041.733336559324 15.872634925443078 2856522.2153682886 1503.2663635619515 26.83971844325619 1503.2663635619515 1476.4266451186952 2300.0
120000.0 130000.0 1152.5351074218925 706.3902521587152 357.6330586707211 998.5629999999946 26.105999999999767 13170.858870153044 914.6220108433691 898.8320754082505 914.6220108433691 15.789935435118675 2301500.0087269363 1275.843205474447 27.485422277867315 1275.843205474447 1248.3577831965797 1654.2857142857142
130000.0 140000.0 530.2397871093708 806.5589476996554 283.5452916351071 999.0540000000037 231.53700000001118 12794.115756407004 794.6446525973067 779.3072229578685 794.6446525973067 15.337429639438247 2143900.7759047747 1127.8904309636016 30.674859278876493 1127.8904309636016 1097.215571684725 1500.0
140000.0 150000.0 1049.608117187512 868.3028666666689 225.04543851087826 999.1089999999967 250.91599999999744 12510.0 824.0 809.0 824.0 15.0 1913085.0 1089.0 30.0 1089.0 1059.0 1500.0
150000.0 160000.0 239.71024804687477 725.6488796386711 340.0896993360341 999.9560000000056 108.20699999999488 13893.58380732324 985.1159628101095 968.4703763406044 985.1159628101095 16.645586469505037 2529407.5205278234 1409.7879103889268 30.291172939010075 1409.7879103889268 1379.4967374499167 1766.6666666666667
160000.0 170000.0 81.95084570316249 711.4934287109336 338.27047766910084 999.9549999999872 150.10399999999208 12808.41619267676 1006.8226266951208 991.4682131646258 1006.8226266951208 15.354413530494963 2899852.2369864415 1427.2483465346872 24.985105876203882 1427.2483465346872 1402.2632406584833 2300.0
170000.0 180000.0 40.86329687497346 717.3296476332745 313.8812417630355 999.7880000000005 131.13300000000163 12217.356918239406 1013.8666137395562 998.2141708437848 1013.8666137395562 14.652442895771266 2933077.0562323653 1495.1777345463047 25.02860697632858 1495.1777345463047 1469.1491275699761 2300.0
180000.0 190000.0 21.171041015622905 718.1744419531233 352.687721856463 999.945000000007 9.39697265625 17311.18466824935 1575.4009368363343 1554.8507553468994 1577.4009368363343 19.550181489434934 3751942.925970822 2190.9980446672835 40.10036297886987 2190.9980446672835 2147.8976816884137 2300.0
190000.0 200000.0 141.79981250001583 768.5901252055911 287.3069048140556 998.9180000000051 42.13591406249907 13475.967618271548 1231.1466527982805 1215.0035218677735 1231.1466527982805 16.143130930507027 3024310.4079384157 1662.9167457255246 30.714132125234293 1662.9167457255246 1632.2026136002905 2300.0
200000.0 210000.0 51.775451171881286 743.1441508246547 312.454836236981 999.9819999999891 189.9237363281136 12862.475888177436 1035.32845847833 1019.9034476504117 1035.32845847833 15.425010827918296 2956422.409536874 1544.153881383897 29.422151391616353 1544.153881383897 1514.7317299922806 2300.0
210000.0 220000.0 77.21235937500023 716.2624891357445 346.36098664009705 999.9200000000128 87.57399999999325 12404.216269632074 1147.0257842644219 1132.1514181484692 1147.0257842644219 14.874366115952581 2965179.770675356 1678.067704729328 25.748732231905162 1678.067704729328 1652.3189724974227 2300.0
220000.0 230000.0 247.87639062502421 723.606497635688 307.86591040949935 999.3869999999879 235.72500000000582 14377.269696649155 1109.4628327620326 1092.7881614006374 1110.4628327620326 16.674671361395276 2941710.3596980963 1601.102646942661 29.524193154221024 1601.102646942661 1570.57845378844 2300.0
230000.0 240000.0 27.630800781276776 772.1339972478679 283.29073096545926 999.814000000013 163.68273437500466 14507.087510046884 1198.7230854612187 1180.344752999471 1198.7230854612187 17.378332461747725 3411174.631405268 1771.8017557020812 35.58181449206498 1771.8017557020812 1735.2199412100163 2300.0
240000.0 250000.0 271.9007812499185 755.2331471354215 338.40133635968544 999.4679999999935 0.0 12575.460771971082 1112.1582596839803 1097.079650705856 1112.1582596839803 15.078608978124363 3027408.446237553 1580.3127552210467 29.157217956248726 1580.3127552210467 1551.1555372647979 2300.0
250000.0 260000.0 153.012037109409 735.2211240808829 330.55351310749296 999.6460000000079 80.23100000002887 12697.980658763065 1143.0741338652224 1127.8508789260738 1143.0741338652224 15.223254939148534 3003121.3815383203 1617.141335016737 25.663181691550513 1617.141335016737 1591.4781533251867 2300.0
260000.0 270000.0 113.24139843753073 725.2549345703083 325.88795172704255 999.1739999999991 128.91200000001118 12216.807730627439 1079.7143236136353 1065.0625329596833 1079.7143236136353 14.651790653951828 2877852.8802936655 1549.8454120026818 25.086909494650214 1549.8454120026818 1524.7585025080316 2300.0
270000.0 280000.0 3261.6803281250177 624.9349414062526 343.4982769510808 997.2760000000126 169.21100000001024 12415.172618557559 761.284656064673 746.397277657835 761.284656064673 14.887378406837957 2104418.724914371 1109.8326619472962 27.313925874465696 1109.8326619472962 1082.5187360728305 1633.3333333333333
280000.0 290000.0 55.38217578118201 742.5902408447255 312.6934158903343 999.3630000000121 160.31099999998696 13225.626119292221 967.9658260471348 952.114289188614 967.9658260471348 15.851536858520905 2657209.7940915255 1458.6268397345248 26.53182023863277 1458.6268397345248 1432.0950194958918 2033.3333333333333
