ts te idle avg_span std_span max_span min_span c_bytes_all c_ack_cnt c_ack_cnt_p c_pkts_all c_pkts_data s_bytes_all s_ack_cnt s_ack_cnt_p s_pkts_all s_pkts_data video_rate
0.0 10000.0 8597.25257421875 546.7112542968746 438.05944162965227 992.0360000000001 37.103271484375 13877.274594451008 100.42123982103769 85.38405243167858 104.42123982103769 15.037187389359104 263004.7971048206 122.90467588270604 17.037187389359104 122.90467588270604 101.86748849334694 840.0
10000.0 20000.0 705.92499023438 673.9417582031248 334.047124557713 999.6929999999993 21.5712890625 23173.885445314936 1483.5284666879543 1455.810659363833 1483.5284666879543 27.71780732412102 2906695.263110264 1566.206888100473 27.71780732412102 1566.206888100473 1538.489080776352 1083.3333333333333
20000.0 30000.0 762.0969414062492 677.4469331341915 370.3534712198127 999.6180000000022 65.97000000000116 12714.839960234056 1288.9172446377204 1273.6722393512005 1288.9172446377204 15.245005286519874 2749208.19122571 1321.688193991054 15.245005286519874 1321.688193991054 1306.4431887045344 2300.0
30000.0 40000.0 47.28210742188094 715.8609915707236 325.2516306250595 999.4879999999976 83.27300000000105 16667.111774755955 1081.9340974706813 1061.937527666933 1081.9340974706813 19.996569803748162 2796513.0230362895 1435.9738490731454 19.996569803748162 1435.9738490731454 1415.9772792693973 1944.4444444444443
40000.0 50000.0 33.680683593745925 668.0920796185665 432.7908882632205 998.3130000000019 3.420070312502503 12520.22677588809 1065.6808200694745 1050.6685482459407 1065.6808200694745 15.012271823533817 3057777.3317637625 1248.9204606942565 15.007851009892828 1248.9204606942565 1233.9126096843638 2300.0
50000.0 60000.0 86.98301757811714 756.2696410156258 352.10821420057647 999.7639999999956 79.67299999999523 12498.511239534238 1051.069593197008 1036.0833638145773 1051.069593197008 14.986229382430945 2981884.2863367526 1362.817962219944 14.990650196071934 1362.817962219944 1347.827312023872 2300.0
60000.0 70000.0 415.4017949218687 701.8261846277584 348.3327713498552 999.5040000000008 4.917101562503376 14173.150209821717 905.8179234329125 888.8129944426255 905.8179234329125 17.004928990287077 2485149.4216063106 1205.505332503701 17.004928990287077 1205.505332503701 1188.500403513414 1842.857142857143
70000.0 80000.0 608.423027343757 703.732576994243 363.5326100257827 999.5819999999949 35.046000000002095 15851.0 972.6306146832114 953.6306146832114 972.6306146832114 19.0 2641800.6858160896 1388.9826375347193 19.0 1388.9826375347193 1369.9826375347193 1800.0
80000.0 90000.0 48.939914062502794 765.0680000000003 357.2458247725618 999.9809999999998 79.71300000000338 12510.0 1033.0 1018.0 1033.0 15.0 2915185.0 1571.0 15.0 1571.0 1556.0 2300.0
90000.0 100000.0 55.04427148438117 786.3441999999991 329.49730621036235 999.0390000000043 163.0570000000007 12510.0 1048.0 1033.0 1048.0 15.0 2961061.0 1597.0 15.0 1597.0 1582.0 2300.0
100000.0 110000.0 128.2644179687486 728.2694660156237 394.21561976584763 998.6469999999972 85.46499999999651 12508.850323819812 1093.8866708753496 1078.88803628649 1093.8866708753496 14.998634588859634 3000045.513381278 1616.802015384647 14.998634588859634 1616.802015384647 1601.8033807957872 2300.0
110000.0 120000.0 1038.6263593750045 679.6008794806968 366.9624901073513 999.6119999999937 1.3570097656192956 14230.235728814896 783.5831452352811 766.508504150196 783.5831452352811 17.074641085085133 2130071.664775916 1148.3531412267134 17.074641085085133 1148.3531412267134 1131.2785001416285 1614.2857142857142
120000.0 130000.0 1224.8058886718936 590.7563057065228 366.2083232833078 999.2099999999919 80.65400000000955 21749.679649353355 910.1767926576613 884.2539095406463 912.1767926576613 24.92288311701493 2364973.2909939387 1242.2609796145134 25.92288311701493 1242.2609796145134 1212.3380964974983 1546.6666666666667
130000.0 140000.0 183.80305859376676 698.2146220703107 410.2124355907438 999.7600000000093 3.8180273437465075 12509.140211305963 1025.99844072157 1010.999461848285 1025.99844072157 14.99897887328499 2895140.370799686 1317.1851522421905 14.99897887328499 1317.1851522421905 1302.1861733689054 2300.0
140000.0 150000.0 75.281287109392 725.4050097656218 377.28895395497307 999.945000000007 4.833074218739057 12509.573282598176 1101.8234070342803 1086.8239138245438 1101.8234070342803 14.99949320973655 2998721.0799665116 1340.8081076698718 14.99949320973655 1340.8081076698718 1325.8086144601352 2300.0
150000.0 160000.0 128.31045312498463 649.6321065538214 417.0120548977909 999.9090000000142 5.355917968758149 14170.5208041078 907.5315434758577 890.5261743498389 907.5315434758577 17.005369126018763 2501657.08008267 1122.5906038620642 17.005369126018763 1122.5906038620642 1105.5852347360453 1674.2857142857142
160000.0 170000.0 4360.817794921895 640.0059999999988 312.275939154924 998.4899999999907 230.1259999999893 12505.0 419.0 403.0 419.0 15.0 1151356.0 644.0 15.0 644.0 628.0 840.0
170000.0 180000.0 1248.5242500000168 665.3671793428298 372.6910419083921 998.4659999999858 76.33600000001024 15823.246686876642 823.8837871839953 804.9131854181086 823.8837871839953 18.970601765886748 2250170.0835823794 1089.619203076976 18.970601765886748 1089.619203076976 1070.6486013110894 1674.2857142857142
180000.0 190000.0 52.76188085935428 690.8568847656253 396.92584364670466 999.7140000000072 29.37395117187407 12534.753313123358 1002.9569496695758 987.9275514354624 1002.9569496695758 15.029398234113252 2838086.0267441366 1196.9355100141524 15.029398234113252 1196.9355100141524 1181.906111780039 2300.0
190000.0 200000.0 72.69613085937453 779.1880593750005 295.66911375653 998.9500000000116 79.75 12510.0 1046.9824101604147 1031.9824101604147 1046.9824101604147 15.0 2975574.8261855254 1351.9315550862068 15.0 1351.9315550862068 1336.9315550862068 2300.0
200000.0 210000.0 62.70594921873999 763.0591940104147 335.99007060492636 999.9489999999932 79.64499999998952 12499.269377888511 1068.851455480557 1053.8641996873403 1068.851455480557 14.98725579321676 3030855.6468415754 1376.4236819102132 14.98725579321676 1376.4236819102132 1361.4364261169962 2300.0
210000.0 220000.0 1084.1288105468848 679.0688472450665 350.23915410847235 999.7010000000009 12.67910937499255 15861.730622111489 964.2728072939892 945.260063087206 964.2728072939892 19.01274420678324 2430820.410370062 1082.3828546024927 19.01274420678324 1082.3828546024927 1063.3701103957094 1600.0
220000.0 230000.0 99.9752773437649 685.1410552300351 363.3781782392085 999.380999999994 81.94500000000698 16256.065597770843 978.9226136996914 958.9439134648092 979.9226136996914 18.978700234882236 2709558.278499662 1285.4068206772404 18.978700234882236 1285.4068206772404 1263.4281204423582 2071.4285714285716
230000.0 240000.0 57.041173828125466 684.8430596923845 419.98845966772353 999.070000000007 21.25801757813315 12527.603229666689 1040.0902515369435 1025.0693450884082 1040.0902515369435 15.020906448535259 2952718.4623893467 1370.2354773966053 15.020906448535259 1370.2354773966053 1355.21457094807 2300.0
240000.0 250000.0 96.62141015619272 677.5011888020866 367.21408006088353 999.9440000000177 0.39306249999208376 17510.33117256247 1191.2546682095845 1170.2542748930018 1191.2546682095845 21.000393316582503 2831842.268566464 1500.002022963412 21.000393316582503 1500.002022963412 1479.0016296468293 1944.4444444444443
250000.0 260000.0 1922.0435722655966 708.4572710937549 414.7298427806021 999.9830000000075 4.54296875 10835.514451618546 904.258694927872 891.2495865016677 904.258694927872 13.009108426204298 2496834.855064602 1385.814319434556 13.009108426204298 1385.814319434556 1372.8052110083515 2300.0
260000.0 270000.0 1018.8576425780775 778.2918813189436 305.98409029212496 998.2910000000265 72.324951171875 15902.885325392075 918.4080433203143 899.3447129940666 918.4080433203143 19.06333032624768 2531602.827782443 1380.0577975686313 19.06333032624768 1380.0577975686313 1360.9944672423835 1600.0
270000.0 280000.0 38.219019531214144 691.9482249349013 393.8701379659162 999.314000000013 70.69599999999627 14109.600222989378 979.1183185170622 962.1907572695142 979.1183185170622 16.927561247548024 2647123.3139738035 1466.190757269514 16.927561247548024 1466.190757269514 1449.2631960219662 2071.4285714285716
280000.0 290000.0 57.27399609371787 688.9006844482465 415.245982058489 999.1359999999986 1.199951171875 12511.001862237255 1010.1319525873457 995.1307308041296 1010.1319525873457 15.001221783216165 2877646.360072475 1541.1893763985056 15.001221783216165 1541.1893763985056 1526.1881546152895 2300.0
290000.0 300000.0 72.94273046875605 656.9792701416009 448.6990171924484 999.7239999999874 2.1552734375 12508.998137762745 1022.092198416903 1007.0890250823888 1022.0965935346334 14.998778216783835 2910302.5744438637 1549.1358623135416 14.998778216783835 1549.1358623135416 1534.137084096758 2300.0
