ts te idle avg_span std_span max_span min_span c_bytes_all c_ack_cnt c_ack_cnt_p c_pkts_all c_pkts_data s_bytes_all s_ack_cnt s_ack_cnt_p s_pkts_all s_pkts_data videorate
0.0 10000.0 6937.998937500004 714.9584976562492 350.70863429328017 989.0409999999974 124.1298828125 13160.939479299144 189.96350222040704 175.80790357139733 193.96350222040704 14.155598649009704 370836.7692510511 282.3830317195905 24.160059737734176 282.3830317195905 254.22297198185638 840.0
10000.0 20000.0 170.8145332031272 763.0529335286453 271.1528890295763 999.6010000000024 200.65699999999924 24316.187529859133 581.4811960412554 551.3857518731922 581.4811960412554 29.09544416806316 1722005.049657644 1042.3001955542704 59.090983079338685 1042.3001955542704 982.2092124749317 354.85714285714283
20000.0 30000.0 1924.2641171875075 643.5141322699645 355.17327468595647 998.6889999999985 0.0 13869.731210174781 522.1440711692912 505.5201744635901 522.1440711692912 16.6238967057011 1325284.339609793 689.5774158663804 30.498836228475067 689.5774158663804 659.0785796379054 685.7142857142857
30000.0 40000.0 2278.700205078123 643.3980866970487 369.52248656567576 999.3159999999989 1.223714843748894 14522.704903911232 615.682927890902 598.2733506402266 615.682927890902 17.409577250675316 1810359.649007572 806.8143089868317 33.81915450135063 806.8143089868317 772.9951544854812 1252.5
40000.0 50000.0 1207.8047128906037 677.0729037828952 348.1560249932932 998.9839999999967 183.9609999999957 13107.92074924866 857.7172877330054 842.0073119790243 857.7172877330054 15.709975753981151 2252865.1381913996 1044.9085254552183 31.419951507962303 1044.9085254552183 1013.488573947256 1500.0
50000.0 60000.0 1747.2761445312644 770.8823993566158 361.1772684515378 999.255999999994 1.4879042968677823 15026.516127507048 749.4610211703379 731.4555136977682 749.4610211703379 18.00550747256957 2267630.992853288 1003.6240577581115 30.229352012352315 1003.6240577581115 973.394705745759 1842.857142857143
60000.0 70000.0 215.4898906249873 789.0566947021498 360.2587437590529 999.1070000000036 100.80509179687942 10828.0 937.5499937748014 924.5499937748014 937.5499937748014 13.0 2990303.0614292524 1233.3924646595974 22.78166293278683 1233.3924646595974 1210.6108017268105 2300.0
70000.0 80000.0 1768.660349609374 644.3280538884937 417.4579510853409 999.755999999994 0.0 16359.662809987924 913.0024926025482 893.0041233220751 914.0024926025482 18.998369280473078 2810366.835440643 1225.4134837708039 36.995107841419234 1225.4134837708039 1186.4183759293846 1900.0
80000.0 90000.0 596.56206445313 768.8968302837158 368.0867485191932 999.6849999999977 1.253064453121624 12652.706576391058 1040.0796308896277 1024.909984536992 1040.0796308896277 15.169646352635722 3073847.475371627 1395.169756228241 29.291035075485272 1395.169756228241 1365.8787211527556 2300.0
90000.0 100000.0 150.52308203124267 864.9638478860305 191.4735607368492 999.8800000000047 271.957275390625 12629.623076116937 1091.391550469257 1076.2673618048009 1091.391550469257 15.12418866445634 2989078.5649920832 1465.0400095264365 30.593024385154465 1465.0400095264365 1434.446985141282 2300.0
100000.0 110000.0 30.1321835937415 787.8079849175346 311.73224231665677 999.3500000000058 57.40200000000186 13220.418068681785 997.4743202017929 981.6104549848952 997.4743202017929 15.863865216897695 3076575.616105768 1302.1282203608862 27.432971726866697 1302.1282203608862 1274.6952486340194 2300.0
110000.0 120000.0 50.81464062500163 701.5158784722249 363.05643270464503 999.9100000000035 93.06591796875 12860.647905015301 1025.1864823158385 1009.7700358728275 1025.1864823158385 15.416446443011047 3151789.099710512 1404.1690597859729 27.97828748237504 1404.1690597859729 1376.1907723035977 2300.0
120000.0 130000.0 36.023984374973224 792.7493060825911 263.9986772114982 999.8330000000133 130.298095703125 12869.81387972875 1293.8658672199942 1278.438538889759 1293.8658672199942 15.427328330235579 3286103.5472384547 1628.885571149695 31.70910635182767 1628.885571149695 1597.1764647978673 2300.0
130000.0 140000.0 1241.1168144531257 772.7933520764805 330.1841031395343 997.1460000000079 0.12875195313245058 12471.11387310715 969.3302077003268 954.3759006121097 969.3302077003268 14.954307088217032 2877175.518563902 1295.5307217240486 27.908769888724606 1295.5307217240486 1267.6219518353241 2300.0
140000.0 150000.0 12.987642578111263 726.3306784446031 323.09506141060814 999.8850000000093 92.9780000000028 12787.850067471716 1112.3183124567531 1097.000473434604 1112.3183124567531 15.317839022149377 3360099.404533034 1458.903148132152 31.635678044298754 1458.903148132152 1427.267470087853 2300.0
150000.0 160000.0 111.24264843747369 744.9689995404418 320.8642357876093 997.5320000000065 147.553955078125 12695.181325213147 1214.8502904665022 1199.6256030721463 1214.8502904665022 15.224687394355948 3051106.252333689 1637.6001431204343 25.774994808969577 1637.6001431204343 1611.8251483114648 2300.0
160000.0 170000.0 1004.4394003906345 734.1227233455883 360.1422464669583 999.5540000000037 127.50200000000768 13767.982418286228 986.2040292012005 969.7007069936323 986.2040292012005 16.503322207568186 2796998.8655722695 1487.4623459697211 28.68102439487869 1487.4623459697211 1458.7813215748424 2300.0
170000.0 180000.0 22.596496093727183 812.7295393708888 281.8651618607621 999.7779999999912 207.69200000001 12419.518478006026 1204.7019987374163 1189.812342056921 1204.7019987374163 14.889656680495154 3115806.6961483858 1645.3236673509214 29.607111705758978 1645.3236673509214 1615.7165556451623 2300.0
180000.0 190000.0 679.4652714843687 772.7504154575914 340.0210554420489 999.69200000001 32.916736328130355 12976.045491767092 1122.7278187792474 1107.1708220676844 1122.7278187792474 15.556996711563109 3065299.023335631 1607.975583807065 30.214662130475748 1607.975583807065 1577.7609216765893 2300.0
190000.0 200000.0 23.025068359362194 792.9163893554723 298.1670109485643 998.3859999999986 147.2840000000142 12074.801267722012 1218.1287835743096 1203.6623582000345 1218.1287835743096 14.46642537427534 3331697.649520519 1684.6844265297755 30.004383696432487 1684.6844265297755 1654.680042833343 2300.0
200000.0 210000.0 84.33255273441318 711.0899439338228 336.6432957064759 999.9590000000026 124.81298828125 13764.50254021302 1186.7893209598521 1170.2893060181038 1186.7893209598521 16.5000149417485 3017905.010838587 1588.1010448090647 27.544394172895146 1588.1010448090647 1560.5566506361697 2300.0
210000.0 220000.0 538.1084453125077 666.656265820314 349.279587284739 999.7850000000035 14.203000000008615 15052.093690559654 1238.8297347804537 1221.4163873940156 1239.8297347804537 17.413347386437913 3237965.966994871 1753.6913889390066 34.28233048347768 1753.6913889390066 1718.4090584555288 2300.0
220000.0 230000.0 217.38528906251304 714.2036449032714 354.21637943592555 999.6140000000014 3.2597324218659196 12787.004267165916 1097.8327190466234 1081.5033358436854 1097.8327190466234 15.329383202938185 3141220.85403266 1583.1465232764572 30.539604892831928 1583.1465232764572 1551.6069183836253 2300.0
230000.0 240000.0 155.37181445307215 886.0461469726594 224.04135845165465 999.823000000004 241.532958984375 12586.187003587433 1199.3811565528335 1184.290956219625 1199.3811565528335 15.090200333208246 3244872.433724351 1702.9589936247344 29.545586810127386 1702.9589936247344 1673.4134068146072 2300.0
240000.0 250000.0 23.804902343719732 833.2815301192459 266.3081359489412 999.7509999999893 10.844105468771886 11953.929459498615 1209.7566374162416 1195.4350931330287 1209.7566374162416 14.321544283212788 3089569.809479034 1662.4916010333761 29.397063935759125 1662.4916010333761 1633.094537097617 2300.0
250000.0 260000.0 96.07091796875466 745.5553370225696 305.3095321322616 998.3819999999832 137.822021484375 14173.858225599326 1193.425584776085 1176.4290914285402 1193.425584776085 16.996493347544863 3218590.748888833 1722.86256337772 29.191034442382634 1722.86256337772 1693.6715289353374 2300.0
260000.0 270000.0 429.456394531182 703.790346582036 294.5801489097998 999.2770000000019 174.97100000001956 13437.272179929685 1117.1631638389467 1101.3277016443135 1117.685354306262 15.835462194633369 3030942.75386883 1552.8780862336257 30.47287664197383 1552.8780862336257 1521.883019124337 2300.0
270000.0 280000.0 143.64047070307424 743.4596124999994 352.5438825414467 999.5900000000256 17.207275390625 14117.813764289103 1188.2785825459368 1170.603200626924 1188.7563920786217 16.67538191901301 3323287.7823092467 1697.2350104168038 33.37316357375662 1697.2350104168038 1662.3840373103624 2300.0
280000.0 290000.0 10.37397656252142 850.9803472450677 241.82906055501863 999.3279999999795 212.303955078125 12262.155801004314 1121.5629844748262 1106.8756849627848 1121.5629844748262 14.687299512041482 3155074.2489252924 1615.2446374786355 29.802600321179444 1615.2446374786355 1585.442037157456 2300.0
