ts te idle avg_span std_span max_span min_span c_bytes_all c_ack_cnt c_ack_cnt_p c_pkts_all c_pkts_data s_bytes_all s_ack_cnt s_ack_cnt_p s_pkts_all s_pkts_data video_rate
0.0 10000.0 6863.607162109376 757.6779908854163 205.12562241069034 999.7059999999983 357.1899999999987 20500.45283834716 357.04298480749304 333.99468305254925 361.04298480749304 23.048301754943843 855893.6588008064 554.0011500735146 39.42332020224737 554.0011500735146 510.5778298712673 480.0
10000.0 20000.0 1285.4570839843727 672.678415120443 357.426592691098 999.8700000000026 3.542046875001688 20017.547161652838 874.251925352146 849.3002271070899 874.251925352146 23.951698245056157 2119186.3913284093 1261.7474351399446 45.01948100829812 1261.7474351399446 1215.7279541316464 943.6363636363636
20000.0 30000.0 1785.3543652343724 808.837594094669 226.70495678122998 999.1630000000005 293.0109999999986 16069.506798313505 707.3197984567046 688.6731157983751 708.3197984567046 18.646682658329578 1836571.8391898894 1021.6670829026593 33.85056410611367 1021.6670829026593 986.8165187965456 1470.0
30000.0 40000.0 34.44720312499703 745.3447165670963 306.0183188341894 999.237000000001 125.29000000000087 12572.223069569614 1095.2048668808525 1079.1309677483468 1095.2048668808525 15.073899132505481 2882951.8186956453 1554.6501016890675 26.14213340656295 1554.6501016890675 1527.5079682825044 2300.0
40000.0 50000.0 22.437937499991676 799.1645465494787 294.621900444297 999.6260000000038 2.5591054687465657 12471.536006379018 1134.0943342927055 1119.1400159953432 1134.0943342927055 14.954318297362253 3069536.090839186 1683.2680444827788 26.914301453172513 1683.2680444827788 1656.3537430296064 2300.0
50000.0 60000.0 32.412326171877794 753.7416214599616 282.2589784485425 999.6849999999977 150.97400000000198 12524.58889358358 1121.5102852952455 1106.4970328348918 1121.5102852952455 15.01325246035349 3024953.085006086 1607.5415843167493 25.18242864643158 1607.5415843167493 1582.3591556703177 2166.6666666666665
60000.0 70000.0 81.8965488281392 772.5522343749976 292.79282907593506 999.551999999996 155.88505664061813 14451.145232154284 1055.2555876710248 1037.9437402195758 1055.2555876710248 17.311847451449196 2874156.184616129 1563.019506782995 29.789221772740557 1563.019506782995 1533.2302850102542 1842.857142857143
70000.0 80000.0 26.092234374998952 827.4866231689448 245.43336308564267 999.8080000000045 338.87707226561906 12266.61720110557 1083.9462582459942 1069.235311451332 1083.9462582459942 14.710946794662197 2997590.4372812733 1575.5207836781756 25.100442993757632 1575.5207836781756 1550.420340684418 2300.0
80000.0 90000.0 10.749906249999185 794.1733327907981 297.69638408823994 999.903999999995 46.43600000000151 12513.291604189326 1191.8475879981863 1176.843678729553 1191.8475879981863 15.003909268633404 3047527.0902441386 1689.6601673524303 25.007818537266807 1689.6601673524303 1664.6523488151636 2300.0
90000.0 100000.0 39.90400390625291 712.5077567138669 311.99117403813483 999.974000000002 252.8530000000028 12750.091194705104 985.8826580737127 970.5975141370083 985.8826580737127 15.2851439367044 3002456.053964452 1451.1333967559622 24.993449949661446 1451.1333967559622 1426.1399468063007 2300.0
100000.0 110000.0 425.6068457031215 770.8608813189348 263.0774323632978 998.1040000000066 198.23399999999674 11943.869235581287 992.1458850516589 976.8230905513477 992.1458850516589 14.322794500311097 2857451.627637618 1446.641277789547 25.373641108812002 1446.641277789547 1420.2676366807352 2033.3333333333333
110000.0 120000.0 33.906255859386874 734.2681745383518 333.1704395030943 999.5089999999909 18.59200000000419 16475.908574095294 1168.1100980358224 1147.933549684246 1169.1100980358224 19.176548351576294 2923223.819098324 1643.258192088769 36.29901286818495 1643.258192088769 1604.959179220584 1842.857142857143
120000.0 130000.0 34.811869140627095 805.3317826605926 280.82590823553045 999.8589999999967 90.86806445312686 12529.403701314825 1093.884215324789 1078.8627239969967 1093.884215324789 15.021491327792194 3108481.585574764 1622.4559326350272 27.097482793659253 1622.4559326350272 1595.358449841368 2300.0
130000.0 140000.0 138.87870117189595 742.2934527994771 336.29066035336547 999.0879999999888 150.90205468749627 12656.819994969443 1036.9490883681754 1021.7703958186852 1036.9490883681754 15.178692549490066 2924953.7348853373 1564.1435297712926 25.205754611430446 1564.1435297712926 1538.9377751598622 2300.0
140000.0 150000.0 2901.787531249982 762.8894182477691 305.5511642230496 996.9510000000009 0.0 12579.241322361795 828.6000831955516 813.5133521026968 828.6000831955516 15.086731092854892 1941601.2643351061 1114.0702375399835 26.173462185709784 1114.0702375399835 1087.8967753542738 1326.6666666666667
150000.0 160000.0 1000.3735683593841 751.0252518382331 303.00897541387764 998.6549999999988 194.95808789061266 16211.138878835372 814.0888042862837 795.1905232637025 815.0888042862837 18.898281022581173 2258556.269131191 1202.7178789599234 32.0866339546789 1202.7178789599234 1169.6312450052446 1405.7142857142858
160000.0 170000.0 14.176404296886176 758.5834361979165 322.76411955525737 999.9100000000035 80.66099999999278 12531.93314097406 1023.2654936413583 1007.2394447803439 1023.2654936413583 15.026048861014324 2749979.532111841 1461.433038299886 26.76202581251209 1461.433038299886 1433.671012487374 2166.6666666666665
170000.0 180000.0 53.90684570313897 779.3671401367174 259.51742450155376 998.8120000000054 289.15095507813385 12511.315545214786 1042.42065433481 1027.4190919295668 1042.42065433481 15.001562405243213 3010486.449946077 1580.3174765925091 25.003124810486426 1580.3174765925091 1555.3143517820229 2300.0
180000.0 190000.0 255.03308203126653 734.0018558349602 313.2179010563335 998.3159999999916 179.35500000001048 12752.369606653137 1078.7116680122767 1063.42381812314 1078.7116680122767 15.287849889136742 3039617.3428519927 1573.665658562711 24.81816741178536 1573.665658562711 1548.847491150926 2300.0
190000.0 200000.0 120.63678124998114 742.9858687500003 315.8725955694882 999.9049999999988 228.61799999998766 12274.511243155077 1065.8299232135887 1051.1096010720744 1065.8299232135887 14.720322141514345 2913661.3360582106 1551.109697898342 25.19817664951681 1551.109697898342 1525.911521248825 2300.0
200000.0 210000.0 47.58465039060684 745.9398949218782 298.9347158842038 998.1549999999988 151.9200000000128 20541.679488154892 1105.8650968639972 1083.8872352133212 1106.8650968639972 21.97786165067575 2993962.5133594573 1580.0379244011415 36.955723301351505 1580.0379244011415 1542.08220109979 1842.857142857143
210000.0 220000.0 213.98273242189316 815.8569951685847 310.78400840440287 999.4629999999888 17.421999999991385 14883.699327475098 1129.2057176328035 1111.3564333544516 1129.2057176328035 17.849284278351988 2979617.2821464958 1603.6739475631998 31.000256509675918 1603.6739475631998 1572.6736910535237 2166.6666666666665
220000.0 230000.0 348.7758203124977 760.288183079769 291.6195971669002 999.9210000000021 55.029296875 13771.477344570452 1124.1113249407183 1107.6037248362538 1124.1113249407183 16.507600104464473 2862988.4337311215 1553.0042488496688 25.713512255957003 1553.0042488496688 1527.290736593712 2300.0
230000.0 240000.0 1403.2258867187484 789.2664804687488 279.04159740172463 999.5659999999916 186.35000000000582 14776.240968546768 1053.957457972404 1036.2341570963972 1053.957457972404 17.72330087600687 2481141.29891207 1482.6766349135744 32.446601752013734 1482.6766349135744 1450.2300331615604 1570.0
240000.0 250000.0 988.2906210937654 803.1651531982425 270.15176845098426 998.2619999999879 203.84905468748184 12292.09849850709 929.0723351438039 914.3328485761431 929.0723351438039 14.739486567660897 2683722.8539850153 1409.5400759574438 26.548658113888486 1409.5400759574438 1382.9914178435554 2056.6666666666665
250000.0 260000.0 494.99809570319485 767.9248308593757 317.6734033226908 999.7629999999772 63.23270703124581 16278.29312959062 978.1040927315988 958.6219483502732 978.1040927315988 19.48214438132568 2689233.552014139 1379.4741295665067 31.014985373468594 1379.4741295665067 1348.459144193038 1842.857142857143
260000.0 270000.0 261.1421093750396 802.3581315917982 273.63858964131987 999.7989999999991 2.172119140625 13352.0 1184.5773116947369 1168.5773116947369 1184.5773116947369 16.0 2990060.536639522 1749.9749204867246 32.879618410616075 1749.9749204867246 1717.0953020761085 2300.0
270000.0 280000.0 228.47815039061243 866.6134331597132 220.44867981704198 999.4679999999935 246.24699999997392 14494.216608391283 1183.602870908026 1166.2154402567298 1183.602870908026 17.38743065129606 2930581.4443806894 1628.862484407592 28.77486130259212 1628.862484407592 1600.087623105 2300.0
280000.0 290000.0 35.218533203180414 747.9861716579859 271.75867415501125 997.7359999999753 161.09399999998277 12926.13830226641 1185.3566026628157 1169.8445451993098 1185.3566026628157 15.512057463506117 3053465.783185003 1729.8166743271718 25.47971827446398 1729.8166743271718 1704.3369560527078 2300.0
290000.0 300000.0 56.0119492187514 735.7280443050947 345.4816216041869 999.4720000000088 56.22499999997672 15679.592808044385 909.3603463981374 890.5621250382833 909.3603463981374 18.79822135985415 2365961.7252538437 1290.2680880517948 27.29198463492839 1290.2680880517948 1262.9761034168666 1523.3333333333333
