ts te idle avg_span std_span max_span min_span c_bytes_all c_ack_cnt c_ack_cnt_p c_pkts_all c_pkts_data s_bytes_all s_ack_cnt s_ack_cnt_p s_pkts_all s_pkts_data videorate
0.0 10000.0 18.55707421869738 551.1345638212343 376.1938736682893 1000.0 37.011912109388504 83458.76482617702 3310.359720950966 3168.473515187886 3313.345592620696 141.88620576308028 4485550.61034429 3294.251688320998 80.16735462078066 3294.251688320998 3211.098462030487 0.0
10000.0 20000.0 2374.5019687499735 643.0910859374999 373.28033349408054 999.744000000006 91.59499999997206 8107.0 2104.297654615597 2080.297654615597 2104.297654615597 24.0 2912909.7617692333 2072.065186272782 13.0 2072.065186272782 2059.065186272782 0.0
20000.0 30000.0 2932.154685546877 707.9443314453122 419.0681617017927 999.9810000000289 5.425999999977648 2376.0 1963.538339665567 1947.538339665567 1963.538339665567 16.0 2785222.7490424295 1971.538339665567 14.0 1971.538339665567 1957.538339665567 0.0
30000.0 40000.0 3936.6020624999655 415.62551601562495 439.8422725369152 999.9490000000224 4.35899999999674 5420.0 1832.393510163919 1814.393510163919 1832.393510163919 18.0 2573145.6599133946 1832.6146077824892 19.0 1832.6146077824892 1813.6146077824892 0.0
40000.0 50000.0 3200.392482421885 398.6068875868029 406.4641644150628 999.9519999999902 5.380999999993946 270206.0 2057.992278993487 1843.992278993487 2059.992278993487 214.0 2595194.247003381 1972.7711813749168 130.0 1974.7711813749168 1838.7711813749168 0.0
50000.0 60000.0 4552.827982421906 430.62069365985315 428.3324127223335 998.2110000000102 5.2189999999827705 5342.493454587771 1540.2181691137584 1521.53751329209 1541.2181691137584 17.68065582166857 2148513.48224347 1536.3665846382078 14.68065582166857 1536.3665846382078 1519.6859288165392 0.0
60000.0 70000.0 3426.4531328123994 556.1149152644301 421.0636878405792 999.4280000000144 53.112951171875466 2362.7931139706543 1694.754897182937 1678.524910271961 1695.754897182937 14.22998691097603 2361072.7822650946 1678.2813814841898 12.22998691097603 1678.2813814841898 1664.0513945732137 0.0
70000.0 80000.0 4205.258378906234 404.6625289062504 414.2778377644534 999.7079999999842 4.684000000008382 2772.193808909528 1758.9743854861547 1739.76221526235 1759.9743854861547 16.212170223804723 2452151.4969108743 1750.6679245298003 11.171232571654947 1750.6679245298003 1735.4966919581454 0.0
80000.0 90000.0 3453.703880859306 663.8233119140671 438.2154334791197 999.8190000000177 6.147999999986496 5739.519622532047 2074.128419394177 2054.251232350626 2074.128419394177 19.877187043550677 2909069.5826213565 2060.759980524829 9.918124695700453 2060.759980524829 2050.8418558291287 0.0
90000.0 100000.0 3451.3880234375247 415.7440624999981 478.682280405343 999.9739999999874 5.712999999988824 2205.0 1780.0 1765.0 1780.0 15.0 2492219.0 1777.0 21.0 1777.0 1756.0 0.0
100000.0 110000.0 3967.3830039062886 413.30143286132807 440.2771055511688 999.9629999999888 0.0 123685.18167827427 1895.382787795269 1783.243592233353 1896.4175866857481 110.13919556191601 2518404.809806117 1859.452385576227 69.104396671437 1860.452385576227 1787.313190014311 0.0
110000.0 120000.0 3515.3059257811983 726.2403415798649 371.3522503925715 999.6570000000065 51.46899999998277 3014.818321725727 1726.617212204731 1706.756407766647 1728.5824133142519 17.860804438083985 2414576.190193883 1727.547614423773 14.895603328562988 1727.547614423773 1710.6868099856888 0.0
120000.0 130000.0 4252.959023437521 583.2885000000009 462.3384009816584 999.7970000000205 4.842000000004191 5348.0 1726.0 1708.0 1726.0 18.0 2416367.0 1720.0 14.0 1720.0 1706.0 0.0
130000.0 140000.0 3943.7329199218657 506.69100667318463 486.8829924806568 999.420999999973 5.0640000000130385 2375.0 1702.7142038869822 1686.7142038869822 1702.7142038869822 16.0 2415604.17793109 1713.0260349657492 13.0 1713.0260349657492 1700.0260349657492 0.0
140000.0 150000.0 4570.7530898437835 499.58762819602003 444.40344694799273 997.810999999987 5.592000000004191 5402.867830246309 1670.76489937731 1652.8620811228143 1670.76489937731 17.902818254495838 2333735.7570628994 1664.5502500440473 16.0 1664.5502500440473 1648.5502500440473 0.0
150000.0 160000.0 3333.058064453129 606.085630504261 432.7531096932327 999.8890000000247 6.401000000012573 2060.132169753691 1990.8734760042078 1976.7762942587037 1990.8734760042078 14.097181745504162 2808690.3042050097 1989.3569458940376 13.0 1989.3569458940376 1976.3569458940376 0.0
160000.0 170000.0 5450.9107031250605 396.2668396809847 394.5023175096929 999.3449999999721 5.37699999997858 121348.16278109087 1287.07001689122 1178.9800908555362 1288.07001689122 106.0899260356837 1642907.01984814 1234.6074643688846 59.0899260356837 1234.6074643688846 1173.517538333201 0.0
170000.0 180000.0 4113.249410156277 621.7335914062453 394.88732302196837 999.734999999986 6.271999999997206 4863.427143396695 1754.0194914397111 1738.0561548474118 1755.0194914397111 15.963336592299244 2453341.2900314503 1744.0611802106616 12.963336592299244 1744.0611802106616 1730.0978436183623 0.0
180000.0 190000.0 2743.9759140624665 449.5752402343753 426.8050993581197 999.4949999999953 4.990999999979977 9293.410075512431 1787.5579124005685 1761.6111750285515 1788.5579124005685 23.946737372017054 2472205.450921411 1778.3981245166196 20.946737372017054 1778.3981245166196 1755.4513871446027 0.0
190000.0 200000.0 3000.6130000001285 777.7096666666524 424.7467900846772 999.4699999999721 12.528999999980442 2068.0 1928.0 1912.0 1928.0 15.0 2712185.0 1923.0 12.0 1924.0 1910.0 0.0
200000.0 210000.0 5354.228999999934 675.7555714285866 410.75549980365446 999.935999999987 84.51800000004005 5065.0 1419.0 1403.0 1419.0 16.0 1983436.0 1417.0 13.0 1417.0 1404.0 0.0
210000.0 220000.0 1877.0209999998333 584.329428571451 497.7801128125183 999.9960000000428 4.807000000029802 2376.0 2132.0 2116.0 2132.0 16.0 2992433.0 2122.0 12.0 2122.0 2110.0 0.0
220000.0 230000.0 3352.621999999974 364.74670000000043 441.703122898313 999.4570000000531 4.893999999971129 126397.0 1907.0 1792.0 1908.0 112.0 2512028.0 1862.0 72.0 1862.0 1786.0 0.0
230000.0 240000.0 3526.3327187499963 724.380475694443 410.65040682586476 999.2110000000102 45.756999999983236 2375.0 1788.4248202361864 1771.4248202361864 1788.4248202361864 16.0 2529503.3425782192 1801.9806320575763 13.0 1801.9806320575763 1786.9806320575763 0.0
240000.0 250000.0 4473.886246093782 423.0181936383929 405.7990142928337 999.6820000000298 3.9209999999729916 6678.0 1746.548373647768 1723.548373647768 1747.548373647768 22.0 2426119.3782880674 1737.992561826378 14.0 1737.992561826378 1718.992561826378 0.0
250000.0 260000.0 4926.969951171894 724.7185784040151 363.33152272546516 998.7299999999814 144.32099999999627 2016.97612412486 1481.7415424440992 1467.8983127806964 1481.7415424440992 13.84322966340277 2079213.4274881661 1482.2712314343075 12.84322966340277 1482.2712314343075 1469.4280017709048 0.0
260000.0 270000.0 4489.615042968537 622.341773003495 392.19300888672393 999.3390000000363 90.69099999999162 5317.017795151769 1558.3101259442467 1540.7798982626095 1558.3101259442467 17.530227681637164 2174175.3882184587 1548.2866075738789 11.15677033659723 1548.2866075738789 1537.1298372372817 0.0
270000.0 280000.0 5045.837792968727 390.89307346755567 434.4688415913549 999.6219999999739 5.146999999997206 2186.776752769844 1356.079884750914 1338.3580510261868 1356.079884750914 15.721833724727274 1905533.0043524243 1360.5260685961903 17.0 1360.5260685961903 1342.5260685961903 0.0
280000.0 290000.0 3416.373066406348 470.941196484367 413.5793347984784 999.3310000000056 0.0 120041.00551569992 1975.9813337872838 1870.2861375597631 1976.9813337872838 103.6951962275206 2627619.6678316733 1919.032189096912 57.79048729728782 1919.032189096912 1859.241701799624 0.0
290000.0 300000.0 3761.676859374973 779.7903925781284 325.49746954665113 999.3320000000531 185.092041015625 1649.8886593244374 1835.2418068199909 1823.5344115271444 1835.2418068199909 11.707395292846517 2582758.319548961 1828.1067154631828 9.332924645312932 1828.1067154631828 1818.7737908178697 0.0
