ts te idle avg_span std_span max_span min_span c_bytes_all c_ack_cnt c_ack_cnt_p c_pkts_all c_pkts_data s_bytes_all s_ack_cnt s_ack_cnt_p s_pkts_all s_pkts_data videorate
0.0 10000.0 5.2861816406366415 653.4941662454044 366.07150649921255 999.7689999999711 0.0 114390.35291734194 3371.281331002569 3188.577567431552 3383.1139516952917 181.7037635710174 5100315.03363805 3799.6240228119946 123.31349254531077 3799.6240228119946 3664.4779095739605 0.0
10000.0 20000.0 3413.224291015591 524.6440570746544 385.1885987393066 999.8040000000037 9.5 20076.93699615474 1748.6485303184795 1716.9944599251717 1749.6485303184795 29.65407039330818 2947111.840779227 2112.367264719729 24.273844640668997 2112.367264719729 2085.0934200790603 0.0
20000.0 30000.0 4838.980189453054 277.30152380952774 398.9514427177201 999.704000000027 8.422000000020489 16350.0 1307.0 1256.0 1318.0 23.0 2588480.0 1892.0 21.0 1892.0 1839.0 0.0
30000.0 40000.0 4994.189234375022 811.2939333333323 275.2643522497932 997.86599999998 303.3829999999725 15439.0 1316.0 1294.0 1317.0 22.0 2305297.0 1644.0 18.0 1644.0 1625.0 0.0
40000.0 50000.0 4794.368068359385 736.8548828124949 294.08747315037175 999.4949999999953 257.84399999998277 268158.0 1479.462144582606 1277.462144582606 1481.462144582606 202.0 2280682.7335087527 1721.57194223302 108.0 1721.57194223302 1611.57194223302 0.0
50000.0 60000.0 5788.683839843725 548.2011214192737 334.10086125659603 998.8680000000168 50.34899999998743 14380.04527932138 1091.2564139254507 1068.5557805337837 1093.2564139254507 20.70063339166707 1872109.3781923954 1349.9808555984887 18.70063339166707 1349.9808555984887 1328.2802222068217 0.0
60000.0 70000.0 4819.44692773436 678.4501481119789 343.1123852522551 998.9099999999744 65.0160488281399 8628.28459695731 1478.846545827096 1467.9207811084539 1478.846545827096 10.925764718642291 2486256.3156534918 1757.176485724217 10.925764718642291 1757.176485724217 1746.2507210055746 0.0
70000.0 80000.0 5183.706201171852 685.5513269531308 336.71590575701185 999.5960000000196 126.0680000000284 7227.078407256745 1285.5956856408689 1276.442047843177 1285.5956856408689 9.153637797691617 2250926.417668753 1591.872033070977 9.153637797691617 1591.872033070977 1582.7183952732853 0.0
80000.0 90000.0 4820.811382812506 784.5730699462911 301.87856790862156 999.2980000000098 58.36499999999069 12205.591716464563 1348.8392100239785 1333.6192459319795 1348.8392100239785 15.219964091999023 2451737.154976607 1741.3986833732974 13.219964091999023 1741.3986833732974 1728.1787192812985 0.0
90000.0 100000.0 5301.565894531261 726.7800666666706 377.7291867597833 999.619000000006 6.4170000000158325 9475.0 1316.0 1304.0 1316.0 12.0 2340381.0 1658.0 14.0 1658.0 1644.0 0.0
100000.0 110000.0 4302.648830078077 680.1310000000055 377.7691950944589 999.99099999998 0.0 128485.0 1536.0 1431.0 1537.0 105.0 2405931.0 1771.0 68.0 1772.0 1701.0 0.0
110000.0 120000.0 5061.228619140631 827.5145000000027 306.51789394641236 999.2089999999735 38.26600000000326 11058.0 1201.0 1187.0 1201.0 14.0 2138549.0 1518.0 14.0 1518.0 1504.0 0.0
120000.0 130000.0 5514.641914062551 657.4195172119107 379.5820351321923 999.9789999999921 50.29399999999441 12882.0 1204.702463849132 1185.702463849132 1204.702463849132 17.0 2207721.2409195406 1571.7487413003623 13.0 1572.7487413003623 1557.7487413003623 0.0
130000.0 140000.0 4736.45236132812 736.1057952880947 349.6882674146758 999.9050000000279 19.94900000002235 9475.0 1243.297536150868 1231.297536150868 1243.297536150868 12.0 2265917.7590804594 1606.2512586996377 12.0 1606.2512586996377 1594.2512586996377 0.0
140000.0 150000.0 6832.758810546889 656.6486040039066 334.75925643119876 999.9060000000172 49.80099999997765 12819.0 873.0856786983695 857.0856786983695 873.0856786983695 16.0 1583316.5313293987 1130.0600494679131 12.0 1130.0600494679131 1118.0600494679131 0.0
150000.0 160000.0 5788.397902343713 547.2985585937553 447.20039110276207 999.6280000000261 7.418000000005122 11058.0 1077.155055168083 1063.155055168083 1077.155055168083 14.0 1940715.0767070255 1381.8718098976692 16.0 1381.8718098976692 1365.8718098976692 0.0
160000.0 170000.0 5778.441871093761 507.892131893382 388.51118176622407 998.7359999999753 10.152999999991152 131240.12249670038 1083.7887513907472 977.6102917505688 1084.7887513907472 105.17845964017847 1763450.8189620492 1313.3998981817967 58.17845964017847 1313.3998981817967 1253.2214385416182 0.0
170000.0 180000.0 4742.334054687468 609.3908590959757 396.58073353347055 999.9160000000265 20.964681640616618 8749.77560796704 1563.9514113489042 1552.8764474706031 1563.9514113489042 11.074963878301022 2545148.655850309 1801.9178807702542 11.074963878301022 1801.9178807702542 1790.8429168919529 0.0
180000.0 190000.0 5582.847900390625 674.7771091452211 334.3689292404788 999.6920000000391 50.630999999993946 21472.10189533257 1209.0191033938959 1180.2725269123753 1212.0191033938959 28.746576481520506 2057598.9171512178 1486.7503616823672 24.746576481520506 1486.7503616823672 1459.0037852008466 0.0
190000.0 200000.0 4555.997228515567 799.665666666689 317.6177137311655 998.8360000000102 133.54200000001583 9475.0 1409.0 1397.0 1409.0 12.0 2536048.0 1794.0 12.0 1794.0 1782.0 0.0
200000.0 210000.0 5312.550326171797 739.814600000026 343.2981026833208 999.4459999999963 50.226000000024214 12832.0 1212.0 1196.0 1212.0 16.0 2194426.0 1561.0 14.0 1561.0 1547.0 0.0
210000.0 220000.0 5678.461886718753 636.6020714285634 423.9106844174901 999.984000000055 6.032000000006519 9475.0 1180.0 1168.0 1180.0 12.0 2101599.0 1492.0 14.0 1492.0 1478.0 0.0
220000.0 230000.0 4055.4398359375773 705.0779999999896 383.3874821693954 999.9919999999693 16.591999999945983 132899.0 1876.0 1761.0 1878.0 115.0 2961882.0 2168.0 68.0 2169.0 2097.0 0.0
230000.0 240000.0 5449.072806640645 682.1940603027251 392.53322885050676 999.3699999999953 4.868000000016764 9395.127705163464 1163.8179757471519 1151.9188246042686 1163.8179757471519 11.899151142883163 2132173.8385566375 1515.534944631449 14.899151142883163 1515.534944631449 1500.635793488566 0.0
240000.0 250000.0 5835.080294921761 533.9268146972754 402.642853163788 999.8610000000335 5.020999999949709 12873.872294836536 1087.1820242528481 1071.0811753957314 1087.1820242528481 16.100848857116837 1971623.1614433625 1403.465055368551 13.100848857116837 1403.465055368551 1390.364206511434 0.0
250000.0 260000.0 5372.509126953082 805.8915000000021 252.76769682538756 999.2249999999767 308.6360000000568 9475.0 1183.0 1171.0 1183.0 12.0 2179939.0 1543.0 11.0 1543.0 1532.0 0.0
260000.0 270000.0 5193.402232421795 614.7162087787935 419.9713210499004 999.469000000041 6.694000000017695 14306.0 1304.6509049143974 1284.6509049143974 1305.6509049143974 19.0 2322157.5151992245 1660.609809721845 19.0 1660.609809721845 1639.609809721845 0.0
270000.0 280000.0 6016.516005859477 473.46943666294237 445.0267338330572 999.9980000000214 6.1239999999525025 11058.0 1164.1374723185506 1150.1374723185506 1164.1374723185506 14.0 2018922.3774599545 1438.073400146074 19.0 1438.073400146074 1419.073400146074 0.0
280000.0 290000.0 5087.314373046975 595.5272689887076 364.1573764506662 999.9579999999842 4.59499999997206 129856.55887257209 1398.0234504817531 1289.7455738508213 1400.0234504817531 107.27787663093184 2242719.178187891 1645.1406406353972 56.27787663093185 1645.1406406353972 1586.8627640044654 0.0
