ts te idle avg_span std_span max_span min_span c_bytes_all c_ack_cnt c_ack_cnt_p c_pkts_all c_pkts_data s_bytes_all s_ack_cnt s_ack_cnt_p s_pkts_all s_pkts_data videorate
0.0 10000.0 289.87371679687567 892.9828404947916 240.60370019422916 999.8280000000013 6.523000000001048 30328.95357199101 3267.34268328248 3207.545125277816 3273.34268328248 58.79755800466385 5288415.169414357 3775.4587515115095 35.254962853710936 3775.4587515115095 3734.2037886577987 980.0
10000.0 20000.0 5272.64383593751 714.9996552083321 272.2946948058182 999.5999999999985 285.57371289062576 10427.046428008991 1163.65731671752 1150.4548747221838 1163.65731671752 13.202441995336152 2067766.830585643 1466.5412484884905 10.745037146289068 1466.5412484884905 1455.7962113422013 542.8571428571429
20000.0 30000.0 6279.865013671872 716.954000000001 350.1835231677551 999.9110000000001 1.1630000000004657 9475.0 941.0 929.0 941.0 12.0 1709716.0 1214.0 10.0 1214.0 1204.0 600.0
30000.0 40000.0 5740.2560234374905 834.4221538461553 268.2837449016888 998.4380000000019 53.78100000000268 11058.0 1162.0 1148.0 1162.0 14.0 2100009.0 1488.0 12.0 1488.0 1476.0 600.0
40000.0 50000.0 6397.898171875 716.9971818181829 279.11282883766563 998.3730000000069 292.82600000000093 9475.0 911.0 899.0 911.0 12.0 1640788.0 1166.0 11.0 1166.0 1155.0 600.0
50000.0 60000.0 6130.601708984366 760.7186666666676 342.79109556413505 999.9839999999967 5.600000000005821 9475.0 978.0 966.0 978.0 12.0 1754106.0 1244.0 10.0 1244.0 1234.0 600.0
60000.0 70000.0 5570.542443359373 811.8138484933037 251.57030184589544 999.4539999999979 247.25900000000547 9475.0 1459.3811827077652 1447.3811827077652 1459.3811827077652 12.0 2478215.498220963 1752.051787999734 10.0 1752.051787999734 1742.051787999734 900.0
70000.0 80000.0 5336.016876953116 677.7196480712892 363.90482690120893 999.2219999999943 73.103271484375 9475.0 1233.6390800968193 1221.6390800968193 1233.6390800968193 12.0 2251880.0439175908 1594.7408416275944 11.0 1594.7408416275944 1583.7408416275944 1050.0
80000.0 90000.0 5258.703968750007 724.6430468750004 363.5327921167567 999.6680000000051 0.5 9985.38128290429 1311.5256704596914 1298.8802130149484 1311.5256704596914 12.645457444742954 2415226.6231923793 1702.1200430260956 5.824444112614367 1702.1200430260956 1696.2955989134814 969.2307692307693
90000.0 100000.0 6612.5988066406135 521.0595224609382 341.2602064727751 997.6330000000016 5.39100000000326 7074.012919606124 814.6781682137265 805.7163885184385 814.6781682137265 8.961779695287913 1463235.8457941578 1039.491545698047 9.473347735626385 1039.491545698047 1030.0181979624208 763.6363636363636
100000.0 110000.0 6104.892310546886 636.0998562499977 347.616750496839 999.5299999999988 13.74609375 9442.168086381744 1036.183244416581 1024.2315284044164 1036.183244416581 11.951716012164706 1864140.4964231064 1321.6711182354022 8.22817166034693 1321.6711182354022 1313.4429465750552 640.0
110000.0 120000.0 7302.764615234395 598.7605843749974 301.4747297801975 998.0979999999981 284.0989999999874 7452.437711107839 756.5926541054168 747.1516072576125 756.5926541054168 9.441046847804426 1328737.4924518024 942.9246634131268 8.474036491412317 942.9246634131268 934.4506269217145 600.0
120000.0 130000.0 5676.072431640612 725.9545333333352 387.8402178555847 999.752999999997 9.709000000002561 11058.0 1136.0 1121.0 1136.0 14.0 2070549.0 1471.0 13.0 1471.0 1457.0 600.0
130000.0 140000.0 6639.796056640596 752.1202727272783 291.0010646417275 998.6590000000142 269.67800000001444 9475.0 965.0 953.0 965.0 12.0 1696331.0 1203.0 10.0 1203.0 1193.0 600.0
140000.0 150000.0 6183.961816406256 784.2565454545442 292.56071956445794 998.7999999999884 132.20999999999185 9475.0 975.0 963.0 975.0 12.0 1773976.0 1257.0 9.0 1257.0 1248.0 600.0
150000.0 160000.0 5583.985914062505 789.1947692307697 317.8342128561025 999.9729999999981 0.0020000000076834112 9475.0 1197.0 1185.0 1197.0 12.0 2198458.0 1556.0 10.0 1556.0 1546.0 780.0
160000.0 170000.0 5607.376007812505 824.8611428571458 260.8634509646978 999.1870000000054 319.99299999998766 9475.0 1235.0 1223.0 1235.0 12.0 2240511.0 1585.0 9.0 1585.0 1576.0 780.0
170000.0 180000.0 6601.711601562507 752.5154545454557 274.12126108470784 999.0240000000049 304.4670000000042 9475.0 1041.0 1029.0 1041.0 12.0 1746389.0 1238.0 9.0 1238.0 1229.0 600.0
180000.0 190000.0 5712.953376953112 762.9095714285733 276.8359061387218 999.5739999999932 236.52600000001257 13952.0 1291.0 1271.0 1292.0 20.0 2234494.0 1596.0 17.0 1596.0 1577.0 650.0
190000.0 200000.0 5144.274845703127 882.8864927455351 167.21635113826554 999.7490000000107 515.765000000014 9375.486508107548 1350.1872465921351 1338.312894940484 1350.1872465921351 11.874351651650946 2475155.0478689005 1747.5283266613167 7.874351651650945 1747.5283266613167 1739.6539750096658 900.0
200000.0 210000.0 6537.125095703115 632.7579304387036 398.33937396948136 999.7280000000028 20.435119140631286 8364.534431257904 952.853144515024 942.2557839412082 952.853144515024 10.59736057381596 1706447.1328628089 1206.3211535347568 7.149076063250278 1206.3211535347568 1199.1720774715068 860.0
210000.0 220000.0 3371.9928027343994 687.6080146949389 368.00000083988675 999.9839999999967 6.935302734375 10684.979060634549 1803.0979514099026 1789.5696636353694 1803.0979514099026 13.528287774533098 3285191.453875676 2318.617838092843 10.976572285098777 2318.617838092843 2307.6412658077447 986.6666666666666
220000.0 230000.0 5219.589798828121 717.4857194010401 336.36304948660313 999.9789999999921 35.227697265625466 9475.0 1280.6571755219238 1268.6571755219238 1280.6571755219238 12.0 2344565.462613018 1659.4692931821091 10.0 1659.4692931821091 1649.4692931821091 981.8181818181819
230000.0 240000.0 5510.456130859384 713.6906231689427 366.23987373170263 999.9560000000056 7.6859999999869615 9475.0 1204.4993169084396 1192.4993169084396 1204.4993169084396 12.0 2207558.5113725523 1561.8741617382152 9.0 1561.8741617382152 1552.8741617382152 872.7272727272727
240000.0 250000.0 5649.953089843737 712.875864062497 380.3066630951218 999.7490000000107 4.554931640625 9475.0 1348.5597542495489 1336.5597542495489 1348.5597542495489 12.0 2299097.8719444573 1624.198931369916 8.0 1624.198931369916 1616.198931369916 927.2727272727273
250000.0 260000.0 5449.093363281281 851.4997816685229 159.97120027908963 998.4579999999842 556.826068359369 9684.176021490588 1274.9639090000294 1262.699984351258 1274.9639090000294 12.263924648771258 2329946.399150061 1643.9945009256508 6.56253912694091 1643.9945009256508 1637.4319617987098 969.2307692307693
260000.0 270000.0 6706.537015624985 524.8593571428584 323.8414920760068 996.4760000000242 65.29210351564689 7408.618723814665 811.5329778775673 802.1503908382718 811.5329778775673 9.382587039295474 1469381.895973707 1040.2063131440705 5.668493891940584 1040.2063131440705 1034.53781925213 738.4615384615385
270000.0 280000.0 6646.0797089843545 527.2774151041638 279.9608779565268 995.3560000000289 7.545999999972992 8743.023000123903 934.6670964269701 923.5942871887547 934.6670964269701 11.072809238215466 1677680.410888408 1190.8939528445173 7.700381694978635 1190.8939528445173 1183.1935711495387 763.6363636363636
280000.0 290000.0 6210.472876953136 600.6364063802098 340.77271490579517 998.9770000000135 19.93994140625 9944.091457173816 1027.3613185058502 1014.7722218092711 1027.3613185058502 12.58909669657926 1863281.1415752582 1322.30742515287 9.171217299242885 1322.30742515287 1313.136207853627 640.0
290000.0 300000.0 6813.976949218719 718.3029708984425 277.6279254600909 999.6570000000065 253.97499999997672 7649.090797397027 936.6201089926087 926.9285266154702 936.6201089926087 9.69158237713854 1664755.6718751525 1176.588103353734 5.8973679868969855 1176.588103353734 1170.6907353668369 750.0
