ts te idle avg_span std_span max_span min_span c_bytes_all c_ack_cnt c_ack_cnt_p c_pkts_all c_pkts_data s_bytes_all s_ack_cnt s_ack_cnt_p s_pkts_all s_pkts_data videorate
0.0 10000.0 486.6951406249427 510.5913883846558 395.81093988894395 999.9060000000172 5.26500000001397 83855.3847757527 2894.1685163910606 2746.2083815638425 2897.134837428081 147.96013482721833 3827881.339050074 2827.9956982186977 77.15195263520322 2827.9956982186977 2747.8774245464747 0.0
10000.0 20000.0 3594.52211914066 751.3742089843727 353.6647909024403 999.920999999973 48.82400000002235 6422.0 1842.9944570796447 1817.9944570796447 1842.9944570796447 25.0 2571321.112291378 1832.1584671481037 13.0 1832.1584671481037 1819.1584671481037 0.0
20000.0 30000.0 4796.219947265636 651.2096315917952 423.17741158584727 999.9689999999828 5.896999999997206 2041.0 1494.9619410049456 1480.9619410049456 1494.9619410049456 14.0 2112649.6241734168 1497.7979309364869 8.0 1497.7979309364869 1489.7979309364866 0.0
30000.0 40000.0 4596.7752988280845 394.72302692522396 421.9559351684193 999.7710000000079 5.60999999998603 5255.768158292813 1450.0266607211317 1432.516009165151 1450.0266607211317 17.5106515559808 2018422.598556192 1442.452099829266 19.0 1442.452099829266 1423.452099829266 0.0
40000.0 50000.0 3972.539999999921 452.1016480468767 419.2271529259722 999.9610000000102 4.592999999993481 251836.5169847493 1823.1630306810225 1617.895982636241 1826.1630306810225 203.26704804478163 2274545.8632361055 1766.218890641334 145.77769960076245 1767.218890641334 1614.4411910405715 0.0
50000.0 60000.0 4151.52300976566 406.8231342447922 431.71882195426997 999.4529999999795 5.541000000026543 4887.848383215357 1678.2665037703225 1662.7932674393737 1678.2665037703225 14.473236330948767 2332619.6243079854 1663.2870765652992 13.972612376474626 1663.2870765652992 1647.3144641888246 0.0
60000.0 70000.0 4105.551285156282 603.328271484375 416.60282942396896 999.8960000000079 33.04700000002049 1722.8664737425343 1699.5874067429331 1686.8383426746443 1700.5874067429331 11.74906406828879 2381502.177434922 1690.0855348795108 8.24968802276293 1690.0855348795108 1679.8358468567478 0.0
70000.0 80000.0 5238.97809179686 494.29180000000053 479.31109320467976 999.4959999999846 5.336999999999534 2044.0 1413.0 1397.0 1413.0 14.0 1969093.0 1403.0 13.0 1403.0 1389.0 0.0
80000.0 90000.0 3911.091000000015 686.1516666666656 424.44278320522636 999.929999999993 5.963999999978114 5370.0 1852.0 1834.0 1852.0 18.0 2599064.0 1842.0 11.0 1842.0 1831.0 0.0
90000.0 100000.0 5228.479023437423 325.1846666666718 442.39031216380425 999.704000000027 5.038000000000466 2044.0 1470.0 1456.0 1470.0 14.0 2047751.0 1463.0 19.0 1463.0 1444.0 0.0
100000.0 110000.0 2721.4128847655957 503.92487500000425 434.5890903444162 999.954000000027 0.0 129239.0 2198.0 2076.0 2200.0 119.0 2940804.0 2155.0 65.0 2155.0 2086.0 0.0
110000.0 120000.0 3921.01800000004 868.4259999999942 221.74525953218435 999.4039999999804 530.929999999993 2044.0 1730.0 1716.0 1730.0 14.0 2440281.0 1726.0 10.0 1726.0 1716.0 0.0
120000.0 130000.0 3793.34799999994 627.4782000000065 445.22010142769767 999.960000000021 5.460000000020955 5421.0 1763.0 1745.0 1763.0 18.0 2470884.0 1759.0 16.0 1759.0 1743.0 0.0
130000.0 140000.0 4417.178080078156 466.64940999348374 480.65723095503796 999.4949999999953 5.157000000006519 2376.0 1667.5460782044458 1651.5460782044458 1667.5460782044458 16.0 2355413.799675949 1674.5460782044458 16.0 1674.5460782044458 1658.5460782044458 0.0
140000.0 150000.0 5105.8950078125345 453.00036292613635 440.8747887006632 999.6930000000284 5.342999999993481 5402.79751973169 1327.0683280156197 1309.2382224750675 1327.0683280156197 17.83010554055235 1851498.2281348526 1323.0876947723057 15.0 1323.0876947723057 1308.0876947723057 0.0
150000.0 160000.0 3644.83865624998 581.4027585227265 447.1982084492985 999.9170000000158 6.136999999987893 2072.20248026831 1757.7522473733295 1743.5823529138818 1757.7522473733295 14.16989445944765 2467439.044814787 1750.6965610814912 14.0 1750.6965610814912 1736.6965610814912 0.0
160000.0 170000.0 4793.846037109382 455.4703100585951 412.16203662176264 999.5599999999977 4.849999999976717 125483.40816348983 1510.869280095344 1401.3383817531255 1511.869280095344 109.53089834221848 1979838.5470539702 1465.9673963149332 59.775748618515394 1466.9673963149332 1404.191647696418 0.0
170000.0 180000.0 4522.376058593742 609.2569934895857 391.9619829555241 999.140000000014 5.6890000000130385 1673.1070137190961 1658.873674555012 1647.4733917485696 1658.873674555012 11.400282806442263 2330512.9260431193 1647.6742401678966 8.867978431038182 1647.6742401678966 1638.8062617368582 0.0
180000.0 190000.0 3891.113878906239 406.1900045955862 431.98589801547274 999.5169999999925 4.50199999997858 8938.214965475601 1817.8023948055534 1796.4021981086742 1817.8023948055534 20.400196696879362 2532195.0383650586 1807.0004416139604 15.48882408866246 1807.0004416139604 1790.5116175252979 0.0
190000.0 200000.0 5424.322087890701 662.6472862723084 431.2787917053046 999.9799999999814 65.2280000000028 1998.2698573154667 1311.0879969506955 1295.4193747962358 1311.0879969506955 13.668622154459902 1830168.415912264 1304.0275878449672 8.867448861783961 1304.0275878449672 1294.1601389831833 0.0
200000.0 210000.0 5174.5670000001555 698.7631428571185 392.2546803397893 999.8449999999721 65.9089999999851 5371.0 1540.0 1522.0 1540.0 18.0 2153051.0 1529.0 9.0 1529.0 1520.0 0.0
210000.0 220000.0 2680.8980000000447 614.723166666663 480.6359998921532 999.8680000000168 5.319999999948777 2376.0 2212.0 2196.0 2212.0 16.0 3107584.0 2203.0 16.0 2203.0 2187.0 0.0
220000.0 230000.0 3946.143136719009 340.13724999999397 416.84944832900055 999.5979999999981 5.28000000002794 127095.0 1920.0 1799.0 1923.0 116.0 2528804.0 1871.0 68.0 1872.0 1797.0 0.0
230000.0 240000.0 3784.328000000096 621.5671999999904 450.22593015403567 998.5200000000186 4.77800000004936 2044.0 1762.0 1747.0 1762.0 14.0 2476936.0 1760.0 14.0 1760.0 1745.0 0.0
240000.0 250000.0 3921.1520078125177 524.0570826822853 474.1385925484727 999.9710000000196 34.23300000000745 5702.0 1584.0956436421804 1563.0956436421804 1584.0956436421804 20.0 2226906.735988272 1590.4676022326832 13.0 1590.4676022326832 1573.4676022326832 0.0
250000.0 260000.0 4307.224107421818 813.2536989397403 282.8023730154479 999.234000000055 255.89399999997113 1982.9033363150918 1557.3845425233185 1543.7525947141914 1557.3845425233185 13.631947809127059 2192703.864921465 1557.1167405054343 12.0 1557.1167405054343 1545.1167405054343 0.0
260000.0 270000.0 4950.980955078267 638.8363806152192 405.42928920372077 999.1219999999739 61.67200000002049 5339.682494906972 1369.3525510591207 1351.8966324151029 1369.3525510591207 17.455918644017906 1909103.0172362523 1362.4241273927917 13.0 1362.4241273927917 1349.4241273927917 0.0
270000.0 280000.0 3413.775236328016 603.1536331676285 472.6072050949285 999.8000000000466 4.7079999999841675 1975.7875359338605 1898.4908850567303 1885.1181905251374 1898.4908850567303 13.372694531592824 2672942.7719789515 1888.9797009507058 8.973707323158525 1888.9797009507058 1880.0059936275472 0.0
280000.0 290000.0 4329.877882812638 436.14307979909273 390.4469392749743 999.7639999999665 0.0 122545.65343624105 1500.970870267945 1394.387758764299 1501.970870267945 104.58311150364611 1950414.2733174914 1443.6198699374777 55.06996516522537 1443.6198699374777 1386.5499047722524 0.0
290000.0 300000.0 4495.28301171877 786.3881411830329 273.2113253136847 999.0500000000466 357.33299999998417 1761.973196603023 1539.7055074507052 1527.7491799390891 1539.7055074507052 11.95632751161611 2155306.336557568 1524.391958980907 5.95632751161611 1524.391958980907 1518.435631469291 0.0
