ts te idle avg_span std_span max_span min_span c_bytes_all c_ack_cnt c_ack_cnt_p c_pkts_all c_pkts_data s_bytes_all s_ack_cnt s_ack_cnt_p s_pkts_all s_pkts_data videorate
0.0 10000.0 93.1012539062649 501.68708563232576 409.80390101895404 999.9500000000116 0.0 82098.97451672133 3558.349119445359 3413.428499964975 3561.349119445359 144.92061948038386 4869453.434903573 3546.8556053914162 80.08433620047683 3546.8556053914162 3463.771269190939 0.0
10000.0 20000.0 3614.4141152343364 643.3620884765638 461.78642188082847 999.9280000000144 18.95400000002701 6502.0 2124.8177916074196 2099.8177916074196 2124.8177916074196 25.0 3027662.485433473 2130.36993134825 13.0 2130.36993134825 2117.36993134825 0.0
20000.0 30000.0 4491.040962890664 689.2598796386665 400.17654297849174 999.7880000000005 5.119999999995343 2043.0 1901.0092568501236 1887.0092568501236 1901.0092568501236 14.0 2712940.9521426247 1903.1060669684848 10.0 1903.1060669684848 1893.1060669684848 0.0
30000.0 40000.0 4523.711771484406 331.5063575367642 446.16003200441287 999.8699999999953 6.891999999992549 5420.0 1857.1729515424568 1839.1729515424568 1857.1729515424568 18.0 2597897.5624239026 1835.5240016832656 15.0 1835.5240016832656 1820.5240016832656 0.0
40000.0 50000.0 3787.1828085936722 425.64037463379645 440.0500147405116 999.9980000000214 5.216000000014901 238391.0 2092.4041550573493 1890.404155057349 2093.4041550573493 202.0 2706857.4479501676 2016.3656308428144 118.0 2017.3656308428144 1896.3656308428144 0.0
50000.0 60000.0 5767.347816406225 334.81448137019584 455.31486743191005 999.5389999999898 2.9490000000223517 5384.570064696472 1405.177792328329 1386.2589399736676 1406.177792328329 17.91885235466146 1999000.9825898525 1415.2568903655329 12.0 1415.2568903655329 1401.2568903655329 0.0
60000.0 70000.0 3770.8289374999586 534.0795885416737 433.3606745545142 999.8989999999758 33.53000000002794 2055.4299353035276 2093.1645846213173 2078.0834369759787 2093.1645846213173 14.081147645338538 3004421.2290053177 2106.6841868092483 9.0 2106.6841868092483 2095.6841868092483 0.0
70000.0 80000.0 4688.64034765627 393.73547293526434 419.81040624708123 999.8470000000088 5.4249999999883585 5545.572736366764 1787.0547143849597 1767.525573983952 1787.0547143849597 18.529140401007638 2524168.191992901 1786.7008277728478 17.0 1786.7008277728478 1768.7008277728478 0.0
80000.0 90000.0 4807.402001953102 649.0747497558623 363.22175542543454 999.7920000000158 7.0609999999869615 1668.5085134221306 1717.512190298081 1706.029050255607 1717.512190298081 11.483140042474057 2448998.0517658233 1715.324321564815 9.006140221740846 1715.324321564815 1706.3181813430742 0.0
90000.0 100000.0 3897.6999980467954 328.0802106291184 428.67057137649516 999.7550000000047 5.011999999987893 5433.165131436299 2139.0836392448427 2121.1199497968128 2139.0836392448427 17.96368944803021 3034951.3987824693 2137.0171583626443 18.64050135451907 2137.0171583626443 2118.376657008125 0.0
100000.0 110000.0 4762.876896484289 455.5171351318422 419.3133334478033 999.1979999999749 0.0 130933.30813243469 1916.773277553887 1794.6188878646503 1918.773277553887 119.15438968923667 2574538.753560949 1876.060330335569 63.375085020531515 1877.060330335569 1807.6852453150375 0.0
110000.0 120000.0 4562.587097656273 776.7732717633896 388.67322291591756 999.7999999999884 38.911000000021886 2020.4454863401197 1880.8296465112342 1866.9600060919827 1880.8296465112342 13.869640419251425 2672555.9443525197 1871.5906539465284 6.978273403208571 1871.5906539465284 1864.61238054332 0.0
120000.0 130000.0 4598.9160000000265 546.668499999994 490.1829027097385 998.9010000000126 5.11099999997532 5396.0 1812.0 1794.0 1812.0 18.0 2572009.0 1813.0 13.0 1813.0 1800.0 0.0
130000.0 140000.0 4555.764000000025 605.4742222222202 472.6679479808652 999.3429999999935 5.032000000006519 2039.0 1869.0 1855.0 1869.0 14.0 2667787.0 1867.0 8.0 1867.0 1859.0 0.0
140000.0 150000.0 3328.7220703124767 449.3398666666665 476.9126840025898 999.9629999999888 5.782000000006519 5762.0 2276.0 2256.0 2276.0 20.0 3235215.0 2276.0 18.0 2276.0 2258.0 0.0
150000.0 160000.0 4206.028109374922 580.6344890625099 461.2616366708376 999.6020000000135 6.048999999999069 2042.0 2006.1681117930939 1992.1681117930939 2006.1681117930939 14.0 2870281.5944842487 2005.5270520598926 5.0 2005.5270520598926 2000.5270520598926 0.0
160000.0 170000.0 4572.4586835937225 389.6286079427111 454.5344745468583 999.6780000000144 6.675999999977648 121191.0 1919.1250957166953 1809.1250957166953 1920.1250957166953 109.0 2584609.846340637 1873.9113751204288 56.0 1873.9113751204288 1815.9113751204288 0.0
170000.0 180000.0 4631.487888671865 671.6680139160162 422.7238197979477 999.0169999999925 4.831999999994878 2040.0 1625.4697552840016 1611.4697552840016 1625.4697552840016 14.0 2311288.8561690934 1625.8923346210531 12.0 1625.8923346210531 1613.8923346210531 0.0
180000.0 190000.0 3684.602050781192 439.8187493106645 411.420919375705 999.0210000000079 5.5829999999841675 12030.0 1668.5332746249287 1643.731463784788 1668.5332746249287 24.0 2325971.5196151272 1659.4919717052667 23.80181084014064 1659.4919717052667 1634.8883500249854 0.0
190000.0 200000.0 4163.000890624942 656.0861165364557 463.45865053520373 999.9089999999851 17.815025390591472 2039.0 1570.8454282766677 1554.6472391168084 1570.8454282766677 14.0 2248203.8288557725 1585.1429925106358 12.19818915985936 1585.1429925106358 1571.7466141909172 0.0
200000.0 210000.0 4474.24993359379 624.3464518229141 396.179749820371 999.8969999999972 35.10109179688152 5458.540749547511 1504.7014215132629 1485.9186979510423 1504.7014215132629 18.78272356222061 2116716.7172211804 1496.7032758480418 14.0 1496.7032758480418 1482.7032758480418 0.0
210000.0 220000.0 3851.65107812488 477.99199399039543 462.3396367608427 999.8190000000177 6.255000000004657 2037.0022636510425 1664.5403694898187 1650.580403069321 1664.5403694898187 13.959966420497619 2357230.5082782535 1662.1630762246887 14.779448556615623 1662.1630762246887 1647.383627668073 0.0
220000.0 230000.0 3484.466107421904 385.0801660156188 429.33589650670064 999.984000000055 4.398999999975786 126279.6330964806 1871.5014224040663 1754.33703912824 1872.5014224040663 112.16438327582635 2467911.1548347548 1800.011191484743 59.12762470192895 1801.011191484743 1733.8835667828141 0.0
230000.0 240000.0 4419.648884765455 435.3440088641991 445.1431776415434 999.9239999999991 4.722999999998137 1777.8238903208487 1527.1151208974652 1514.0221941560096 1527.1151208974652 12.092926741455425 2155016.9742009323 1525.1567304252492 16.092926741455425 1525.1567304252492 1508.0638036837938 0.0
240000.0 250000.0 3064.3119999998016 507.85271428572844 468.25100608779906 999.9250000000466 7.087999999988824 6601.0 1886.0 1860.0 1888.0 22.0 2642589.0 1889.0 19.0 1889.0 1864.0 0.0
250000.0 260000.0 2351.4109121094225 956.0736359863222 84.92628358498129 999.8850000000093 772.590087890625 2371.0 2123.6207164100297 2107.6207164100297 2123.6207164100297 16.0 3024922.6060522953 2119.457951803407 8.0 2119.457951803407 2111.457951803407 0.0
260000.0 270000.0 3789.83216210932 499.92752749399426 443.45697438144015 999.4420000000391 0.0 8673.0 1645.7568525591344 1623.7568525591344 1646.7568525591344 22.0 2326510.5959592075 1645.7331607045812 14.0 1645.7331607045812 1630.7331607045812 0.0
270000.0 280000.0 3743.7049453124637 521.9350878906262 455.1458521193857 999.5270000000019 5.1260000000474975 2041.0 1617.6224310308362 1603.6224310308362 1617.6224310308362 14.0 2267491.7979884967 1602.8088874920118 16.0 1602.8088874920118 1586.8088874920118 0.0
280000.0 290000.0 4750.7441171874525 574.4750882812543 421.9891958241041 999.8719999999739 33.39599999994971 118437.0 1445.8444553426284 1336.8444553426284 1446.8444553426284 109.0 1922850.0156933852 1413.8444553426284 59.0 1414.8444553426284 1352.8444553426284 0.0
290000.0 300000.0 3217.2288769531297 847.8463903808588 167.33977225161692 999.4000000000233 641.4899999999907 2336.793680681575 1821.142411134139 1805.3424492023223 1821.142411134139 15.799961931816718 2591627.9045433886 1822.142411134139 12.0 1822.142411134139 1810.142411134139 0.0
