ts te idle avg_span std_span max_span min_span c_bytes_all c_ack_cnt c_ack_cnt_p c_pkts_all c_pkts_data s_bytes_all s_ack_cnt s_ack_cnt_p s_pkts_all s_pkts_data videorate
0.0 10000.0 449.8991054687067 955.0100894531294 113.82577220857236 999.9120000000112 638.81689453125 7087.0 2685.3192017459273 2648.3192017459273 2686.3192017459273 37.0 3778440.8200931847 2683.3192017459273 13.0 2683.3192017459273 2669.3192017459273 530.7692307692307
10000.0 20000.0 2518.8948222656036 748.1105177734396 411.40965471098957 999.7640000000247 36.76699999999255 2204.0 2109.0407727417505 2094.0407727417505 2109.0407727417505 15.0 2980630.563780524 2104.068521355892 7.0 2104.068521355892 2097.068521355892 900.0
20000.0 30000.0 3669.911142578174 703.8894286024281 376.0164394098136 999.8439999999828 4.916000000026543 2044.0 1859.2332725123572 1845.2332725123572 1859.2332725123572 14.0 2606691.0629614047 1847.412057558008 12.0 1847.412057558008 1835.412057558008 933.3333333333334
30000.0 40000.0 4066.8558242187137 741.6430219726608 372.2882450543383 999.9639999999781 80.80810546875 2220.41430647949 1619.64947555326 1604.5686664780822 1619.64947555326 15.080809075177651 2278059.370252285 1618.2813237431124 10.0 1618.2813237431124 1608.2813237431124 933.3333333333334
40000.0 50000.0 4817.578082031221 863.7369863281298 172.89129680079682 999.939000000013 536.8740234375 2119.9158138928083 1330.2735205336573 1315.8161963535802 1330.2735205336573 14.457324180077158 1862117.4694637624 1323.358872173503 8.0 1323.358872173503 1315.358872173503 969.2307692307693
50000.0 60000.0 4267.759097656293 716.5301127929633 378.655337847614 999.99099999998 37.39892578125 1957.8918705733518 1617.2650756628468 1603.765727044935 1617.2650756628468 13.499348617911757 2289499.9607384345 1623.3788240465228 12.0 1623.3788240465228 1611.3788240465228 969.2307692307693
60000.0 70000.0 2773.19865039055 802.9779277343833 324.1901250903205 999.4920000000275 75.88400000002002 1789.0399319919154 2054.2355696927557 2042.1800941621543 2054.2355696927557 12.055475530601417 2895839.7003394547 2043.3530168258694 8.577464503139986 2043.3530168258694 2034.7755523227295 1028.5714285714287
70000.0 80000.0 4367.9933652344625 625.7785149739486 401.46794136821046 999.4749999999767 5.25199999997858 1662.0352935559217 1671.7444034122293 1660.4072049107795 1671.7444034122293 11.337198501449471 2355171.311488633 1663.8799421216015 8.852691402077468 1663.8799421216015 1655.027250719524 1000.0
80000.0 90000.0 3430.7159101561992 821.1605112304751 327.32803414612806 999.5659999999916 114.5219999999972 1981.7027835065128 1853.2387081452155 1839.668864050433 1853.2387081452155 13.569844094782546 2624169.740882317 1857.9482404295632 11.569844094782546 1857.9482404295632 1846.3783963347805 960.0
90000.0 100000.0 4730.915999999968 878.180666666672 208.59917353879553 999.8429999999935 490.38099999999395 2044.0 1433.0 1419.0 1433.0 14.0 2014992.0 1431.0 12.0 1431.0 1419.0 720.0
100000.0 110000.0 3046.597000000009 778.4512222222207 357.2346247589851 999.994000000006 52.65799999999581 2375.0 2117.0 2099.0 2117.0 16.0 2988292.0 2119.0 13.0 2119.0 2105.0 883.3333333333334
110000.0 120000.0 5602.246999999974 879.5506000000053 148.624132768872 999.8960000000079 689.829000000027 2044.0 1236.0 1222.0 1236.0 14.0 1740112.0 1245.0 12.0 1245.0 1233.0 600.0
120000.0 130000.0 3611.3311015624204 912.6669854910828 193.56716240558882 999.9920000000275 479.2958984375 2203.144062416244 1698.4331682179688 1683.4744690467867 1698.4331682179688 14.958699171182195 2418491.4305760027 1714.9538186323778 12.0 1714.9538186323778 1702.9538186323778 1000.0
130000.0 140000.0 3390.1629023437854 826.2296372070268 215.5385527313938 999.1869999999763 508.74400000000605 2171.169768382801 1835.3020927884895 1820.5239616536533 1835.3020927884895 14.778131134836151 2587403.4253027225 1838.9130272210714 12.0 1838.9130272210714 1826.9130272210714 1046.1538461538462
140000.0 150000.0 4036.408904296928 662.6212328558969 406.4062584343394 999.670999999973 131.56300390622346 1921.6861692009547 1636.5686566517772 1623.3054869577954 1636.5686566517772 13.263169693981656 2304517.626808619 1638.0508444347397 13.0 1638.0508444347397 1625.0508444347397 1166.6666666666667
150000.0 160000.0 3922.4951230468578 868.2149824218775 168.32800612135088 999.8960000000079 578.0430000000051 1776.7462066448525 1646.323339020187 1634.0136467018392 1646.323339020187 12.30969231834791 2333124.805047105 1654.7536946255527 11.30969231834791 1654.7536946255527 1643.4440023072048 950.0
160000.0 170000.0 3708.7478769530426 699.0280136718842 367.79671194957587 999.9920000000275 115.03103125002235 1937.2349996142166 1952.9189292976828 1940.0120839260173 1952.9189292976828 12.906845371665309 2760252.062945042 1948.3742483052774 7.5901971302348485 1948.3742483052774 1940.7840511750426 857.1428571428571
170000.0 180000.0 4235.100091796892 823.5571297433011 225.7281156417896 999.5960000000196 482.48399999999674 1716.018793740931 1658.4538140238947 1646.670351713908 1658.4538140238947 11.783462309986781 2338034.649320509 1657.954366780981 10.100110551417242 1657.954366780981 1647.8542562295638 900.0
180000.0 190000.0 3764.40200000006 890.7997142857057 191.8424994856637 999.984000000055 528.6269999999786 2200.0 1929.0 1914.0 1929.0 15.0 2723790.0 1929.0 11.0 1929.0 1918.0 1000.0
190000.0 200000.0 3802.0269999998854 885.4247142857306 267.39316223539623 999.6700000000419 281.4409999999916 2373.0 1729.0 1713.0 1729.0 16.0 2435246.0 1724.0 9.0 1724.0 1715.0 716.6666666666666
200000.0 210000.0 3694.0670390623854 900.8475658482306 185.21756374619207 999.9790000000503 520.9599609375 2039.0 1652.7309700347516 1638.7309700347516 1652.7309700347516 14.0 2338852.420978459 1657.2775487656777 12.0 1657.2775487656777 1645.2775487656777 900.0
210000.0 220000.0 3985.8838808594737 751.7645148925658 375.77825145261085 999.7859999999637 6.507080078125 2042.0 1699.4325761088398 1685.4325761088398 1699.4325761088398 14.0 2416275.428769689 1713.8925140831657 12.0 1713.8925140831657 1701.8925140831657 1036.3636363636363
220000.0 230000.0 3409.7980625000782 732.2446597222136 408.3977150502111 999.966999999946 85.02399999997579 2376.0 1939.262358058597 1923.262358058597 1939.262358058597 16.0 2757668.78238517 1951.4634330428357 12.0 1951.4634330428357 1939.4634330428357 928.5714285714286
230000.0 240000.0 4388.3401113281725 801.6656983816896 213.77138316151442 999.5280000000494 460.5649999999441 2005.0543527322732 1730.6196800364762 1716.8362200802576 1730.6196800364762 13.783459956218513 2429452.900524535 1723.8451684345487 12.0 1723.8451684345487 1711.8451684345487 1015.3846153846154
240000.0 250000.0 3510.9067988281604 721.0103556857599 363.5680148831674 999.5050000000047 178.735107421875 1943.6340522224234 1945.2177719721863 1931.8223861154247 1945.2177719721863 13.395385856761587 2732726.8351620086 1933.7846918846233 11.1788458129801 1933.7846918846233 1922.605846071643 933.3333333333334
250000.0 260000.0 3878.82219921879 874.4539715401728 160.0783125925514 999.5320000000065 567.555908203125 1903.379836299778 1643.9810669854605 1631.186842652862 1643.9810669854605 12.794224332598493 2313328.8275785437 1640.035440320933 9.226642883230122 1640.035440320933 1630.8087974377029 861.5384615384615
260000.0 270000.0 3851.0769082033075 878.4175845423846 210.64543091314954 998.6899999999441 432.3990917968331 1463.9317587455255 1759.7555768036887 1749.7286469492672 1759.7555768036887 10.026929854421407 2470804.8046015943 1747.7012034682161 8.594511303789778 1747.7012034682161 1739.1066921644262 920.0
270000.0 280000.0 2044.246999999974 994.4691250000033 11.33262694849763 999.9200000000419 966.5509999999776 2376.0 2311.0 2295.0 2311.0 16.0 3254859.0 2302.0 11.0 2302.0 2291.0 966.6666666666666
280000.0 290000.0 3900.071886718739 871.418301897323 249.1118841692339 999.7310000000289 338.93599999998696 2044.0 1757.622497106051 1743.622497106051 1757.622497106051 14.0 2470723.5376783744 1755.447554209243 13.0 1755.447554209243 1742.447554209243 940.0
290000.0 300000.0 4067.013121093856 741.623359863268 448.1971008189708 999.9640000000363 9.572999999974854 2024.9725121269137 1517.8052828066043 1503.90183393837 1517.8052828066043 13.90344886823442 2164033.3320368975 1534.9802257034125 12.0 1534.9802257034125 1522.9802257034125 1000.0
