ts te idle avg_span std_span max_span min_span c_bytes_all c_ack_cnt c_ack_cnt_p c_pkts_all c_pkts_data s_bytes_all s_ack_cnt s_ack_cnt_p s_pkts_all s_pkts_data videorate
0.0 10000.0 557.8410488281261 944.2158951171874 166.34113661264348 999.9629999999997 470.949951171875 5625.812704708852 2482.947114543221 2457.9937542973616 2483.947114543221 24.953360245859223 3474911.366686687 2485.2735928222064 16.953360245859223 2485.2735928222064 2467.3202325763473 0.0
10000.0 20000.0 133.12397265624895 896.9887297585228 222.3954883199066 999.7770000000019 385.552978515625 2319.8777078524213 2514.5274758063306 2498.9371931811856 2514.5274758063306 15.5902826251447 3553526.7746266434 2513.200997527345 6.818461189642738 2513.200997527345 2506.3825363377023 0.0
20000.0 30000.0 27.839923828141764 906.5600069247143 212.20280428292588 999.6979999999967 369.9560546875 2539.394415683336 2631.4566510919635 2614.518730388581 2631.4566510919635 16.937920703382403 3690836.981089253 2618.975087517577 11.968960351691202 2618.975087517577 2607.0061271658856 0.0
30000.0 40000.0 63.18294921875349 903.347004616477 219.31301697157934 999.9930000000022 332.43310546875 2691.586839423262 2639.7721468625687 2621.9202342178733 2639.7721468625687 17.85191264469571 3715754.338366707 2623.9202342178733 5.259218212806836 2623.9202342178733 2618.6610160050664 0.0
40000.0 50000.0 2299.738994140622 855.5845562065975 282.0789295539977 999.5099999999948 163.64500000000407 2180.720170975896 2116.5199739906398 2101.959523470904 2116.5199739906398 14.560450519735838 2964024.529944722 2100.3384758662714 6.0 2100.3384758662714 2094.3384758662714 0.0
50000.0 60000.0 3318.054150390628 742.4384277343747 347.0868175618632 999.0850000000064 105.61788867186988 1986.772231600721 1834.9818942211505 1821.3085675247603 1834.9818942211505 13.673326696389886 2592628.075567245 1842.3623616941852 10.0 1842.3623616941852 1832.3623616941852 0.0
60000.0 70000.0 1521.2030273437704 770.7997247869299 368.9184023629952 999.7149999999965 94.5679999999993 2281.8359297555116 2138.6190832961834 2123.1863367313913 2138.6190832961834 15.43274656479224 3004200.3631164366 2133.13745453598 12.0 2133.13745453598 2121.13745453598 0.0
70000.0 80000.0 4099.667048828138 842.904707310266 248.72207317771145 999.8429999999935 324.22699999999895 1768.4192362706947 1403.9493359384555 1391.5383546329986 1403.9493359384555 12.41098130545691 1967874.2550432987 1400.780113309684 8.607320870304607 1400.780113309684 1392.1727924393795 0.0
80000.0 90000.0 776.2178085937485 838.5256537642047 296.6019469041086 999.4170000000013 195.79511523437395 2199.660581460137 2481.5990903441034 2466.6601932294952 2481.5990903441034 14.938897114608341 3499154.210623471 2476.8832328041467 8.742557549760644 2476.8832328041467 2468.140675254386 0.0
90000.0 100000.0 3014.2341406250052 776.1962065972216 302.5990921539894 999.523000000001 163.408935546875 1849.3334600001192 1836.8426271249439 1824.7016376649174 1836.8426271249439 12.140989460026773 2575437.515341826 1826.1254275781464 7.140989460026773 1826.1254275781464 1818.9844381181194 0.0
100000.0 110000.0 2795.1079355468537 800.5435627170162 349.27136365951566 999.9890000000014 161.9250000000029 1983.5867222690492 1868.7846067804398 1855.2754746605317 1868.7846067804398 13.509132119907976 2622435.589593711 1865.003022126585 12.509132119907976 1865.003022126585 1852.493890006677 0.0
110000.0 120000.0 2522.334999999992 830.8516666666676 346.2906221380442 999.7250000000058 46.163999999989755 2044.0 1909.0 1895.0 1909.0 14.0 2680846.0 1900.0 8.0 1900.0 1892.0 0.0
120000.0 130000.0 1729.9300937499793 918.8966562500023 225.87342212566045 999.7539999999863 317.14000000001397 2204.823590700495 2227.956875320142 2212.988058508693 2227.956875320142 14.968816811448765 3161207.5563498726 2243.7697761888344 10.0 2243.7697761888344 2233.7697761888344 0.0
130000.0 140000.0 3070.8779394530866 692.9122060546913 416.1470711366925 999.9590000000026 31.16909375000978 2215.176409299505 1872.2097338827714 1857.1785506942201 1872.2097338827714 15.031183188551235 2622862.9285320817 1865.9329443167358 10.0 1865.9329443167358 1855.9329443167358 0.0
140000.0 150000.0 3317.3889589843748 742.5123378906251 379.5939600666238 999.4809999999998 78.5570000000007 2044.0 1856.8636155045788 1842.8636155045788 1856.8636155045788 14.0 2613387.0841753623 1855.789920100064 7.0 1855.789920100064 1848.789920100064 0.0
150000.0 160000.0 3283.020964843716 839.6223793945355 234.52168570215463 999.7300000000105 338.44899999999325 1712.0 1838.1541561385964 1826.1541561385964 1838.1541561385964 12.0 2558271.7280658768 1813.9870017200462 7.0 1813.9870017200462 1806.9870017200462 0.0
160000.0 170000.0 3036.095111328119 773.7672098524313 366.43187330745553 999.7760000000126 22.60595703125 2044.0 1805.7944871649634 1791.7944871649634 1805.7944871649634 14.0 2560582.8007981423 1817.687400152976 10.0 1817.687400152976 1807.687400152976 0.0
170000.0 180000.0 1928.1469980468974 807.1853001953102 329.96503956723694 999.676999999996 57.35693359375 2385.523336587275 2229.510896317649 2213.4535268201353 2229.510896317649 16.057369497513704 3133083.7848307067 2222.1506133575035 10.057369497513706 2222.1506133575035 2212.09324385999 0.0
180000.0 190000.0 4523.677027343772 684.5403715820285 353.52517702028763 999.002999999997 123.42199999999139 1683.7413946954605 1444.5273186847744 1432.6433343793801 1444.5273186847744 11.883984305394339 2034960.0714843012 1442.993663045921 7.589748436788976 1442.993663045921 1435.4039146091318 0.0
190000.0 200000.0 1624.325964843767 761.4249122869303 318.17408226248943 999.6659999999974 300.06494140625 2203.334113051322 2297.2054977306134 2282.2456536760865 2297.2054977306134 14.959844054526037 3233132.7535302816 2296.3104632903846 10.953680637320042 2296.3104632903846 2285.356782653065 0.0
200000.0 210000.0 1750.5099843749776 749.953637784093 379.9547310884703 999.8759999999893 8.10595703125 2230.4422502798357 2184.106323179983 2168.9831770939604 2184.106323179983 15.123146086023109 3074954.8778826683 2181.6746631603296 10.407316076196341 2181.6746631603296 2171.2673470841337 0.0
210000.0 220000.0 4484.885019531241 787.8735686383942 363.55265505187845 998.1389999999956 54.18400000000838 1544.6397827720607 1497.9206081103237 1487.31354805334 1497.9206081103237 10.60706005698377 2100939.4309189846 1490.1100867038047 7.6232893526218986 1490.1100867038047 1482.4867973511828 0.0
220000.0 230000.0 1847.6476777343487 741.1229383877865 367.6107362117808 999.994000000006 100.26199999998789 2264.7793274469414 2291.1002376552483 2276.0322544643523 2291.1002376552483 15.067983190896156 3225738.9014038225 2281.2070245459504 6.834854127117116 2281.2070245459504 2274.3721704188333 0.0
230000.0 240000.0 3510.2592890624655 811.2175888671918 325.95989677877725 999.7000000000116 76.469970703125 1834.6117027637538 1784.7154522121505 1772.1089469790854 1784.7154522121505 12.60650523306479 2527178.0670729317 1789.6810646375452 8.83963429684383 1789.6810646375452 1780.8414303407014 0.0
240000.0 250000.0 2541.353970703145 828.7384476996506 342.58682397642235 999.9720000000088 10.935999999986961 2169.92809240335 1998.934798098206 1984.240690522608 1998.934798098206 14.69410757559809 2793250.0149549684 1983.7053787799045 9.69410757559809 1983.7053787799045 1974.0112712043065 0.0
250000.0 260000.0 2603.467884765647 821.8369016927059 339.8166371229639 999.9720000000088 164.9890000000014 2017.4752065767498 1943.9621626810901 1930.1038783041217 1943.9621626810901 13.858284376968372 2757579.7362568313 1955.248257473413 10.28609479232279 1955.248257473413 1944.9621626810901 0.0
260000.0 270000.0 2342.5852246093564 850.8238639322938 233.55355173146873 999.914999999979 423.4120000000112 2155.548002582452 2067.5251452724215 2052.8531693532505 2067.5251452724215 14.6719759191714 2909963.4698167527 2065.178529887819 7.24416550381698 2065.178529887819 2057.9343643840025 0.0
270000.0 280000.0 3113.4739609374665 765.1695598958371 340.647177909616 999.1010000000242 51.2529296875 2127.5015539026285 1826.4053504075175 1811.8842567093088 1826.4053504075175 14.521093698208606 2543369.9459853787 1807.133472926326 8.521093698208606 1807.133472926326 1798.6123792281176 0.0
280000.0 290000.0 2033.8240195312537 885.1306644965274 312.7118741110542 999.7540000000154 52.63400000002002 2031.227620408109 1996.8935771440947 1982.9705191898288 1996.8935771440947 13.923057954265717 2832590.5647977595 2005.4562676800388 6.948646005651623 2005.4562676800388 1998.5076216743873 0.0
