ts te idle avg_span std_span max_span min_span c_bytes_all c_ack_cnt c_ack_cnt_p c_pkts_all c_pkts_data s_bytes_all s_ack_cnt s_ack_cnt_p s_pkts_all s_pkts_data videorate
0.0 10000.0 741.5191054687493 486.3479183238636 398.48735821891853 999.8719999999994 9.125 90458.27156473335 3545.5933521767374 3378.221697430622 3551.1181247695367 167.37165474611584 4799504.173622808 3501.5461478025168 83.3725902901549 3501.5461478025168 3412.648784919563 0.0
10000.0 20000.0 3494.230000000003 728.5991111111111 417.0735067141771 999.3729999999996 51.62200000000303 5600.0 2072.0 2052.0 2072.0 20.0 2955735.0 2076.0 12.0 2076.0 2064.0 0.0
20000.0 30000.0 5275.515082031241 675.5612739955375 429.26067625977345 999.6540000000023 4.444000000003143 1985.1174494653292 1528.2310378859283 1514.5857520457757 1528.2310378859283 13.645285840152585 2199945.8041285146 1547.5517502836394 12.0 1547.5517502836394 1535.5517502836394 0.0
30000.0 40000.0 5489.298992187512 370.5605540865374 444.1048495212092 999.9499999999971 5.5310000000026776 15783.936723802262 1538.4227673455027 1507.971341298501 1539.4227673455027 30.451426047001586 2167783.675404746 1543.1020549477917 19.0 1543.1020549477917 1523.1020549477917 0.0
40000.0 50000.0 4185.381333984369 385.899754365809 421.53441187404843 998.0200000000041 5.705000000001746 249744.9458267324 2118.8164463722014 1906.913158259356 2120.8164463722014 209.90328811284581 2728580.7468669764 2033.4755186576224 117.0 2033.4755186576224 1912.4755186576224 0.0
50000.0 60000.0 5246.052865234378 361.2032234933026 425.993928731669 999.7749999999942 3.2269999999989523 5407.613249997494 1631.2654808720774 1613.4223973440576 1631.2654808720774 17.843083528019815 2310051.2920578085 1633.2402701520364 16.869236273349845 1633.2402701520364 1615.3710338786864 0.0
60000.0 70000.0 5170.369845703128 412.2708737444201 407.7211414506406 999.5439999999944 26.068925781248254 5617.249968029494 1738.0764741757714 1706.885429857988 1743.0764741757714 26.191044317783607 2423326.5430533574 1735.2173507887692 17.164891572453577 1735.2173507887692 1710.0524592163158 0.0
70000.0 80000.0 5426.337294921861 514.6070783420162 436.92350246847684 998.7510000000038 5.725000000005821 5086.430843920225 1692.450891771478 1676.424405598917 1692.450891771478 16.026486172561068 2388340.8884330867 1675.7670746206472 6.3093078239239935 1675.7670746206472 1669.4577667967233 0.0
80000.0 90000.0 5088.366117187499 545.7370980902779 417.48733647087613 999.6110000000044 4.994999999995343 2246.0965074807345 1794.037576872526 1778.9361962579073 1794.037576872526 15.101380614618744 2540594.7273555086 1777.883313566618 3.850230102436458 1777.883313566618 1774.0330834641813 0.0
90000.0 100000.0 6043.9639863281045 237.27740889246513 410.3896966586621 999.6340000000055 2.562000000005355 1966.7239245787025 1436.6100593674032 1424.953326169964 1436.6100593674032 11.656733197439438 2027071.141251963 1428.9997130850907 12.093085583957874 1428.9997130850907 1416.9066275011328 0.0
100000.0 110000.0 4625.9761757812375 482.5195503305283 433.65826367733825 999.2140000000072 0.0 130855.88550599334 2094.089265337111 1974.9079931675337 2095.089265337111 119.18127216957733 2815435.1814480387 2040.7629538977849 62.71324864387825 2041.7629538977849 1976.0497052539067 0.0
110000.0 120000.0 5637.890000000014 727.018333333331 421.98508267552376 999.9670000000042 157.19099999999162 1709.0 1600.0 1588.0 1600.0 12.0 2274497.0 1588.0 2.0 1588.0 1586.0 0.0
120000.0 130000.0 3807.554976562533 560.5269166666645 414.4622354774807 999.0719999999856 5.744000000006054 10537.0 2042.0 2008.0 2044.0 32.0 2870108.0 2026.0 13.0 2026.0 2010.0 0.0
130000.0 140000.0 5006.448046875041 455.70990909090455 507.6541066126517 999.2989999999991 4.456000000005588 2041.0 1797.0 1783.0 1797.0 14.0 2550175.0 1787.0 9.0 1787.0 1778.0 0.0
140000.0 150000.0 4598.676000000036 545.4055999999953 485.9027094779862 999.609999999986 6.361999999993714 5400.0 1933.0 1915.0 1933.0 18.0 2748631.0 1931.0 10.0 1931.0 1921.0 0.0
150000.0 160000.0 4766.649000000005 660.1267499999994 444.80740600455346 999.7999999999884 6.904999999998836 2044.0 1871.0 1857.0 1871.0 14.0 2653899.0 1862.0 10.0 1862.0 1852.0 0.0
160000.0 170000.0 4787.295191406272 489.50683333333046 459.4256493605145 999.6870000000054 5.934000000008382 128285.0 1938.0 1822.0 1939.0 116.0 2599439.0 1887.0 59.0 1888.0 1826.0 0.0
170000.0 180000.0 5083.957999999984 705.2897142857172 475.39810574461916 999.9890000000014 4.516999999992549 2041.0 1742.0 1728.0 1742.0 14.0 2478222.0 1739.0 8.0 1739.0 1731.0 0.0
180000.0 190000.0 3928.676029296883 405.0135792236324 455.8857401550062 999.6359999999986 5.3179999999993015 9385.539856125612 1795.8498362000057 1769.7923671872009 1795.8498362000057 24.057469012804894 2548581.228952785 1807.9878010079324 18.0 1808.9878010079324 1787.9878010079324 0.0
190000.0 200000.0 4530.8242675781075 781.3108189174133 316.43743731915623 999.1330000000016 273.1270000000077 1866.4601438743875 1722.1501637999943 1709.2076328127991 1722.1501637999943 12.942530987195106 2436948.771047215 1713.0121989920679 12.0 1713.0121989920679 1701.0121989920679 0.0
200000.0 210000.0 6004.89811718752 674.0699804687465 463.342579019087 999.9519999999902 49.3179999999993 5587.023688157371 1363.150468744841 1344.041892310158 1363.150468744841 19.10857643468296 1948233.226214545 1375.150468744841 11.0 1375.150468744841 1364.150468744841 0.0
210000.0 220000.0 3836.7099492187845 478.87215775240196 450.21413484239076 999.5489999999991 5.040999999997439 3217.976311842629 2210.1757390424455 2191.2843154771285 2211.1757390424455 17.89142356531704 3128032.9707852458 2201.569112505014 14.0 2201.569112505014 2185.569112505014 0.0
220000.0 230000.0 4798.974992187519 285.2658425164455 391.3628704927771 999.5469999999914 4.850999999995111 123437.2987625206 1747.6145861236614 1634.3218663508094 1748.6145861236614 111.29271977285211 2328641.4803403458 1708.0503335696847 67.0 1708.0503335696847 1638.0503335696849 0.0
230000.0 240000.0 5113.809984375024 610.773751953122 410.6529923631441 999.1030000000028 9.054000000003725 1791.80564505949 1669.9060952895925 1656.620980429874 1669.9060952895925 12.2851148597186 2378879.078556763 1673.8623680337603 10.81486219380892 1673.8623680337603 1662.0475058399513 0.0
240000.0 250000.0 4615.187960937503 418.03692608173094 452.8653351305252 999.6460000000079 2.6120000000228174 5308.031216611943 1987.4661182279392 1967.2043044288819 1988.4661182279392 18.26181379905742 2795371.1937775877 1967.3600214384362 5.553067492516705 1967.3600214384362 1956.8069539459195 0.0
250000.0 260000.0 6277.559095703124 557.4307006138426 414.48333510737064 998.0320000000065 56.03000000002794 2700.600896593005 1363.0791414655303 1345.3178548232884 1365.0791414655303 15.761286642241977 1919038.3151279478 1355.0007796761442 5.860775324227247 1355.0007796761442 1346.140004351917 0.0
260000.0 270000.0 5084.968964843836 551.8524483506852 441.14158768355435 999.9710000000196 19.09399999998277 5330.8426280794465 1830.5072978910264 1813.3768074334735 1830.5072978910264 17.13049045755281 2586553.0643125707 1811.742277710211 3.9802737127108174 1811.742277710211 1807.7620039975002 0.0
270000.0 280000.0 5610.852935546893 403.1532785866452 465.6295689439359 999.5160000000033 6.059000000008382 1933.4208511355182 1577.1005532149638 1562.8319787463868 1577.1005532149638 13.268574468577086 2215561.6708849943 1565.2646383219092 11.791021276736311 1565.2646383219092 1552.473617045173 0.0
280000.0 290000.0 4347.390000000014 446.5047692307674 454.5546528103351 999.7430000000168 0.0 127114.0 2083.0 1965.0 2085.0 117.0 2801200.0 2015.0 50.0 2015.0 1963.0 0.0
290000.0 300000.0 4433.400000000023 795.2285714285681 350.8962723734905 999.5619999999763 200.01400000002468 2041.0 1845.0 1831.0 1845.0 14.0 2639197.0 1854.0 12.0 1854.0 1842.0 0.0
