ts te idle avg_span std_span max_span min_span c_bytes_all c_ack_cnt c_ack_cnt_p c_pkts_all c_pkts_data s_bytes_all s_ack_cnt s_ack_cnt_p s_pkts_all s_pkts_data videorate
0.0 10000.0 16.41112890630029 514.5991190814353 395.41419694218865 999.935999999987 0.16893749998416752 90648.39613006567 3630.363215634662 3473.0575786701293 3634.3368538047007 157.30563696453254 4943579.655927272 3606.7876114273586 87.01966485053676 3606.7876114273586 3515.794308406783 0.0
10000.0 20000.0 4721.835193359351 492.0092656250027 486.1503992662272 999.9440000000177 33.87099999998463 6519.0 1851.74122412968 1827.74122412968 1853.74122412968 22.0 2610439.1169807985 1850.6580067167313 15.0 1850.6580067167313 1832.6580067167313 0.0
20000.0 30000.0 4464.142999999924 554.8183000000078 480.0524656516558 999.8180000000284 5.516999999992549 2044.0 1841.0 1827.0 1841.0 14.0 2616818.0 1836.0 12.0 1836.0 1824.0 0.0
30000.0 40000.0 4236.65312695317 421.9174228515559 481.7370885812587 999.8929999999818 4.74800000002142 5783.0 1995.8798832060334 1975.8798832060334 1995.8798832060334 20.0 2840307.031816688 2001.8798832060334 16.0 2001.8798832060334 1985.8798832060334 0.0
40000.0 50000.0 4277.317947265634 331.5484488932286 392.15340725406764 999.8510000000242 5.510000000009313 268388.0 1934.1201167939666 1720.1201167939666 1936.1201167939666 213.0 2434395.968183312 1828.1201167939666 114.0 1830.1201167939666 1710.1201167939666 0.0
50000.0 60000.0 4582.827015625022 407.9095022321354 462.67119220374536 999.6790000000037 2.9209999999729916 5785.556019395867 1769.0477210536912 1748.0684679248004 1769.0477210536912 19.979253128890768 2513022.230721155 1784.078841360355 19.0 1784.078841360355 1763.078841360355 0.0
60000.0 70000.0 4770.852103515586 503.2024424715941 425.88816661114146 999.869000000006 10.372968750016298 2044.4439806041325 1670.750697093102 1653.7299502219928 1670.750697093102 14.020746871109232 2374403.223184452 1682.6534182963162 13.0 1682.6534182963162 1666.6534182963162 0.0
70000.0 80000.0 3706.2779492187547 454.3292195870516 445.3429383666626 999.4859999999753 4.386999999987893 5350.871832664478 2138.6513915845167 2121.135934813504 2138.6513915845167 17.51545677101269 3047470.6705320487 2149.5869492070015 13.919242795168781 2149.5869492070015 2135.6677064118326 0.0
80000.0 90000.0 4974.774066406244 558.9573259548633 445.43074450322763 999.6489999999758 5.39000000001397 1838.5657575161804 1661.358673477834 1648.8711330558283 1661.358673477834 12.48754042200551 2371663.005452461 1666.6419794082449 10.511897655989678 1666.6419794082449 1656.1300817522551 0.0
90000.0 100000.0 4562.704906250059 343.9461933593702 427.8653714686298 999.8180000000284 5.25 1459.5624098193425 1837.1915167908564 1827.1945139838747 1837.1915167908564 9.997002806981797 2610155.870109884 1839.0388117280825 17.56885954884154 1839.0388117280825 1821.4699521792409 0.0
100000.0 110000.0 4895.286853515601 476.055846153848 475.5756657527272 999.0860000000102 0.0 123139.0 1859.0 1749.0 1860.0 110.0 2499324.0 1819.0 60.0 1820.0 1757.0 0.0
110000.0 120000.0 3444.804999999993 597.3247272727259 472.53042042795835 999.9560000000056 4.4170000000158325 2374.0 2231.0 2215.0 2231.0 16.0 3179031.0 2234.0 12.0 2234.0 2222.0 0.0
120000.0 130000.0 4381.388000000035 567.867499999993 468.20964547691483 999.75900000002 5.282999999995809 5425.0 1934.0 1916.0 1934.0 18.0 2734871.0 1927.0 13.0 1927.0 1914.0 0.0
130000.0 140000.0 4537.501999999979 497.6464545454523 488.74934279062853 999.7710000000079 5.507999999972526 2044.0 1933.0 1919.0 1933.0 14.0 2739961.0 1928.0 13.0 1928.0 1915.0 0.0
140000.0 150000.0 4295.680023437482 479.92525000000023 471.318903766888 999.8319999999949 6.51600000000326 5422.0 1898.0 1880.0 1898.0 18.0 2674051.0 1892.0 15.0 1892.0 1877.0 0.0
150000.0 160000.0 4245.793000000063 640.0874444444393 442.8659041126549 999.6080000000075 6.580000000016298 2044.0 1898.0 1884.0 1898.0 14.0 2701625.0 1906.0 16.0 1906.0 1890.0 0.0
160000.0 170000.0 3910.7149999999674 404.7973749999983 448.38707037794535 999.8379999999888 4.419999999983702 125264.0 2027.0 1917.0 2028.0 109.0 2748263.0 1995.0 65.0 1995.0 1928.0 0.0
170000.0 180000.0 4077.235099609359 658.0849889322934 421.12186632477255 999.8520000000135 7.407000000006519 5855.0 1965.7586347723332 1942.7586347723332 1966.7586347723332 23.0 2824691.8773682653 1990.3492203946287 13.0 1990.3492203946287 1976.3492203946287 0.0
180000.0 190000.0 4755.224953124998 369.9741417968762 412.66473012673003 999.494000000006 4.715000000025611 10546.345401048227 1728.2841538377297 1705.1024993492683 1728.2841538377297 22.628586753302578 2443323.764326973 1732.436394708829 21.42926331959295 1732.436394708829 1710.4540636540773 0.0
190000.0 200000.0 3363.875062499894 667.1181857421994 388.8565406393967 999.594000000041 35.05691992188804 2105.6545989517717 2159.2529759275403 2144.4346304160017 2159.2529759275403 14.37141324669742 3111550.364120825 2182.4427451413203 9.570736680407048 2182.4427451413203 2172.425076196072 0.0
200000.0 210000.0 5903.795890624984 377.2785596590891 433.75957012649343 999.984999999986 6.2269999999552965 5162.72599619821 1371.8506347139569 1355.6293937730038 1371.8506347139569 16.221240940953074 1930873.9286737246 1364.5861775953526 11.0 1364.5861775953526 1353.5861775953526 0.0
210000.0 220000.0 4376.439957031282 473.22300358072 442.632025568437 999.8710000000428 4.59699999995064 1782.644238842303 1852.859233860535 1840.6549824998021 1852.859233860535 12.204251360732767 2651549.965303174 1867.8930644787079 15.42549230168584 1867.8930644787079 1852.467572177022 0.0
220000.0 230000.0 3557.938015624997 251.11314756943653 378.77676715840556 999.8730000000214 0.0 125530.65396812689 2254.4473965840525 2141.7091678354996 2255.4473965840525 109.73822874855294 3017861.875208681 2194.6849624610404 62.76846120668729 2195.6849624610404 2123.916501254353 0.0
230000.0 240000.0 4848.389068359393 577.7019924045178 461.06525991186794 999.6139999999432 5.548999999999069 1874.9757968326016 1805.5469703038525 1791.710691354091 1805.5469703038525 12.836278949761226 2564307.224998357 1799.6074352201213 8.806046491626871 1799.6074352201213 1789.8013887284942 0.0
240000.0 250000.0 3984.0848222655477 509.75875000000815 487.4320914344919 999.9200000000419 2.881999999983236 5368.0 1254.0 1235.0 1254.0 18.0 2722062.0 1925.0 9.0 1925.0 1911.0 0.0
250000.0 260000.0 3286.42499999993 839.1968750000087 297.8500271639109 999.9960000000428 286.6820000000298 2372.0 1145.0 1129.0 1145.0 16.0 3155429.0 2211.0 11.0 2211.0 2200.0 0.0
260000.0 270000.0 4357.572999999975 632.4403333333321 454.13748896093017 999.314000000013 9.582000000053085 5409.0 1013.0 994.0 1013.0 18.0 2730556.0 1924.0 9.0 1924.0 1914.0 0.0
270000.0 280000.0 4569.462000000058 494.9524545454505 489.59493607520506 999.9889999999432 6.518999999971129 2040.0 944.0 930.0 944.0 14.0 2566220.0 1801.0 11.0 1801.0 1790.0 0.0
280000.0 290000.0 3760.087019531289 488.33585714285226 432.0300234988908 999.7510000000475 0.0 120152.0 1089.0 980.0 1090.0 108.0 2691244.0 1949.0 56.0 1950.0 1891.0 0.0
290000.0 300000.0 3954.5750175782014 863.6321403459713 234.04097149099735 999.7360000000335 462.99199999996927 2376.0 1078.79454208745 1062.79454208745 1078.79454208745 16.0 2975404.8257556334 2085.9491845525235 9.0 2085.9491845525235 2076.9491845525235 0.0
