ts te idle avg_span std_span max_span min_span c_bytes_all c_ack_cnt c_ack_cnt_p c_pkts_all c_pkts_data s_bytes_all s_ack_cnt s_ack_cnt_p s_pkts_all s_pkts_data videorate
0.0 10000.0 276.0660722656248 972.3933927734375 83.34437403269692 999.9749999999985 735.200927734375 7795.0 3183.485190990216 3140.485190990216 3184.485190990216 43.0 4519226.317251363 3157.012720313446 7.0 3157.012720313446 3149.012720313446 668.9655172413793
10000.0 20000.0 3076.654927734373 769.2605635850697 359.90674251337254 999.7989999999991 127.1710000000021 2376.0 2095.514809009784 2079.514809009784 2095.514809009784 16.0 2960859.682748637 2071.987279686554 6.0 2071.987279686554 2065.987279686554 826.6666666666666
20000.0 30000.0 4087.452999999994 844.6495714285722 271.26740228838054 999.8550000000032 348.3709999999992 2044.0 1884.0 1870.0 1884.0 14.0 2675650.0 1879.0 11.0 1879.0 1868.0 960.0
30000.0 40000.0 5274.28197070313 787.6196715494783 378.0913660430746 999.6200000000026 65.11099999999715 2044.0 1506.439789997854 1492.439789997854 1506.439789997854 14.0 2138832.9725399753 1501.6632396317898 8.0 1501.6632396317898 1493.6632396317898 840.0
40000.0 50000.0 4601.013029296882 771.2838529575882 314.5920978926024 999.8769999999931 325.70797070312256 2044.0 1803.560210002146 1789.560210002146 1803.560210002146 14.0 2544451.0274600247 1787.3367603682102 6.0 1787.3367603682102 1781.3367603682102 800.0
50000.0 60000.0 4952.962703124998 841.1728828125002 355.0439471684297 999.8340000000026 118.279296875 2376.0 1564.683182609856 1548.683182609856 1564.683182609856 16.0 2235942.0667132395 1574.0391001308726 9.0 1574.0391001308726 1565.0391001308726 783.3333333333334
60000.0 70000.0 5102.589013671881 816.2351643880198 202.88180598399728 999.5209999999934 569.415283203125 1640.5539507075503 1445.6775568337741 1434.107954721078 1445.6775568337741 11.569602112696085 2054418.3980855877 1444.8912414254535 10.569602112696085 1444.8912414254535 1434.3216393127575 940.0
70000.0 80000.0 5420.493318359382 763.2511136067696 307.33943948879323 999.3410000000003 314.3249999999971 2030.804616598724 1296.633773642293 1282.7966568252723 1296.633773642293 13.837116817020789 1828069.6062772805 1286.976489567411 9.03487717378183 1286.976489567411 1277.9416123936292 650.0
80000.0 90000.0 4984.1236757812585 716.5537606026774 330.6809245167169 999.5130000000063 98.77803515625419 1813.4981189272407 1532.6475484748755 1520.2632158655724 1532.6475484748755 12.38433260930309 2178492.4602686763 1527.0039108236313 6.922888406202059 1527.0039108236313 1520.0810224174293 983.3333333333334
90000.0 100000.0 4970.892171874992 628.638478515626 404.4240151143607 999.5280000000057 142.44500000000698 1812.3347940768583 1651.57557352876 1639.1993950656044 1651.57557352876 12.376178463155547 2342606.201696817 1638.8921981498045 4.917452308770366 1638.8921981498045 1633.974745841034 1083.3333333333333
100000.0 110000.0 4671.52582617187 666.0592717285163 397.9966492030764 999.4670000000042 33.123291015625 1763.2014662087706 1754.8806015402274 1742.8488155621285 1754.8806015402274 12.03178597809886 2491406.9434768776 1741.7596671532533 6.721026648778302 1741.7596671532533 1735.0386405044749 1000.0
110000.0 120000.0 2165.3632910155866 979.3295886230517 42.11714544597996 999.4139999999898 879.06700000001 2347.6070534808564 2328.901763370214 2313.1007793504887 2328.901763370214 15.800984019725629 3314911.3234815216 2316.437392749574 6.8341533497713565 2316.437392749574 2309.6032393998025 966.6666666666666
120000.0 130000.0 4871.94200000001 854.6763333333316 257.2939743061776 999.9599999999919 366.1149999999907 2044.0 1384.0 1370.0 1384.0 14.0 1963919.0 1380.0 10.0 1380.0 1370.0 720.0
130000.0 140000.0 3148.9189999999944 856.3851250000007 263.528868355976 999.7690000000002 396.92399999999907 2376.0 2160.0 2144.0 2160.0 16.0 3075074.0 2154.0 9.0 2154.0 2145.0 933.3333333333334
140000.0 150000.0 4589.618000000017 901.7303333333306 191.35737319963803 999.8120000000054 519.8610000000044 1712.0 1618.0 1606.0 1618.0 12.0 2299074.0 1614.0 8.0 1614.0 1606.0 1000.0
150000.0 160000.0 3016.7829179687833 872.9021352539021 304.03179191343946 999.9549999999872 130.18408203125 2376.0 2152.0453184786365 2136.0453184786365 2152.0453184786365 16.0 3087100.3444222338 2157.7809678312 7.0 2157.7809678312 2150.7809678312 983.3333333333334
160000.0 170000.0 4610.27496484376 769.9607193080343 343.78396766070625 999.8729999999923 246.1559179687465 1992.3532917439427 1660.7523495226537 1647.063474271184 1660.7523495226537 13.688875251469534 2360668.896913168 1659.861137795825 9.0 1659.861137795825 1650.861137795825 983.3333333333334
170000.0 180000.0 3465.6271835937514 816.7966020507811 290.9172550666385 999.6520000000019 155.5038828125107 2092.6467082560575 1934.7407318217606 1920.42960707323 1934.7407318217606 14.311124748530466 2759363.475085796 1933.0006440572429 10.0 1933.0006440572429 1923.0006440572429 1000.0
180000.0 190000.0 5068.531031250022 616.4336210937472 425.9333558808332 999.2639999999956 74.29699999999139 2356.5971689493585 1510.7754234146632 1494.8380910715946 1510.7754234146632 15.937332343068427 2134111.6718930732 1499.7964088673093 10.0 1499.7964088673093 1489.7964088673093 857.1428571428571
190000.0 200000.0 5237.606968750013 793.7321718749978 260.25287677511574 999.997000000003 408.4100000000035 1619.079751470545 1373.5066885238418 1362.192738834882 1373.5066885238418 11.313949688959863 1940465.0654993877 1364.1351993060637 9.40102562562263 1364.1351993060637 1354.734173680441 945.4545454545455
200000.0 210000.0 3920.4308183593967 759.9461477050754 304.9672859590124 999.1909999999916 149.40906640625326 2044.9460835741893 1896.1969071682922 1882.4233741044704 1896.1969071682922 13.773533063821663 2689143.5923155923 1879.492691263907 4.898868714863056 1879.492691263907 1874.593822549044 971.4285714285714
210000.0 220000.0 5193.1048613281455 686.6993055245506 334.82469742791784 999.1870000000054 290.63525390625 1752.7315313597755 1523.3933418877998 1511.3814820839657 1523.3933418877998 12.011859803834078 2160039.0754398913 1512.417061495468 7.154873445002906 1512.417061495468 1505.2621880504653 1033.3333333333333
220000.0 230000.0 3176.9102539062733 852.8862182617158 210.94349104338485 999.9709999999905 482.17499999998836 2078.645464646132 2128.5892391823522 2114.625914082036 2128.5892391823522 13.963325100315972 3030622.8784308573 2119.515889382984 8.545232214511408 2119.515889382984 2110.970657168473 950.0
230000.0 240000.0 4383.620000000024 802.3399999999965 376.2876328236196 999.9789999999921 16.80799999998999 2044.0 1757.0 1743.0 1757.0 14.0 2501609.0 1754.0 10.0 1754.0 1744.0 900.0
240000.0 250000.0 3333.6870000000345 833.2891249999957 305.25005340232946 999.630999999994 309.5329999999958 2376.0 2088.0 2072.0 2088.0 16.0 2967699.0 2080.0 10.0 2080.0 2070.0 900.0
250000.0 260000.0 4300.195000000007 814.2578571428561 317.63851424295706 999.9319999999716 292.81400000001304 2044.0 1781.0 1767.0 1781.0 14.0 2534460.0 1778.0 10.0 1778.0 1768.0 900.0
260000.0 270000.0 4480.807056640682 788.4561347656169 369.4238310551548 999.670999999973 104.741943359375 2044.0 1616.6477214572215 1602.6477214572215 1616.6477214572215 14.0 2310677.316024539 1619.746536360732 6.0 1619.746536360732 1613.746536360732 900.0
270000.0 280000.0 5153.076691406313 807.8205514322811 263.5399513130936 999.289999999979 324.8380566406413 1975.3033680000885 1387.9663276031038 1374.3801627356333 1387.9663276031038 13.586164867470412 1970689.9156793638 1387.4882653983875 9.0 1387.4882653983875 1378.4882653983875 872.7272727272727
280000.0 290000.0 4655.149251953117 668.1063435058604 373.2947846322394 999.1259999999893 206.33074804686476 1780.6966319999115 1646.3859509396748 1633.9721158071452 1646.3859509396748 12.413835132529588 2320805.768296097 1626.7651982408804 8.0 1626.7651982408804 1618.7651982408804 1000.0
290000.0 300000.0 3607.334687500028 913.2379017857103 174.07417069140135 999.7640000000247 535.119000000006 2376.0 1973.6268740136702 1957.6268740136702 1973.6268740136702 16.0 2823243.433982105 1975.7607180431285 9.0 1975.7607180431285 1966.7607180431285 900.0
