ts te idle avg_span std_span max_span min_span c_bytes_all c_ack_cnt c_ack_cnt_p c_pkts_all c_pkts_data s_bytes_all s_ack_cnt s_ack_cnt_p s_pkts_all s_pkts_data videorate
0.0 10000.0 1452.7880000000077 949.6902222222213 147.67047812255657 999.8369999999995 555.905999999999 7209.0 3174.0 3139.0 3175.0 35.0 4504572.0 3152.0 5.0 3152.0 3146.0 681.4814814814815
10000.0 20000.0 5001.499000000003 833.0834999999994 257.08435552538174 999.8969999999972 488.6619999999966 2044.0 1684.0 1670.0 1684.0 14.0 2405370.0 1684.0 6.0 1684.0 1678.0 840.0
20000.0 30000.0 4287.900999999991 816.0141428571442 372.14695161070966 998.7280000000028 6.847999999998137 2376.0 2074.0 2058.0 2074.0 16.0 2949938.0 2060.0 4.0 2060.0 2056.0 900.0
30000.0 40000.0 5685.1029999999955 862.9794000000009 219.80950461319986 999.9950000000026 493.6949999999997 2044.0 1380.0 1366.0 1380.0 14.0 1984109.0 1398.0 10.0 1398.0 1388.0 720.0
40000.0 50000.0 4401.433078124988 799.7952745535731 360.8243215291473 999.6910000000062 92.25900000000547 2295.0868076395036 2018.2644584058544 2002.7518872754958 2018.2644584058544 15.512571130358454 2893173.5957971658 2025.7518872754958 6.0 2025.7518872754958 2019.7518872754958 950.0
50000.0 60000.0 5245.836671875004 594.2704160156245 451.92075953261826 999.1879999999946 43.919999999998254 1975.2014564928559 1601.6294410746705 1588.0438901319426 1601.6294410746705 13.585550942728048 2282870.237121895 1603.6701811087314 8.0 1603.6701811087314 1595.6701811087314 900.0
60000.0 70000.0 4619.7972773437505 768.6003889508928 384.9177092146874 999.676999999996 6.448000000003958 2108.42459625778 1783.898035624733 1769.5099356472763 1783.898035624733 14.388099977456507 2557649.0743741645 1795.3974226199446 10.48622205054301 1795.3974226199446 1784.9112005694014 900.0
70000.0 80000.0 5368.081912109366 661.7025839843762 400.9067712927872 999.898000000001 20.139999999999418 1990.9151468585342 1581.3899085735968 1567.846027769593 1581.3899085735968 13.54388080400377 2275607.7635628264 1596.3512174231744 8.028829376730378 1596.3512174231744 1588.322388046444 969.2307692307693
80000.0 90000.0 5329.17708593751 667.2604162946415 424.42196455135684 998.9140000000043 34.111999999993714 1783.8109523258593 1676.1143749357072 1663.938129942769 1676.1143749357072 12.176244992938265 2385478.1417544177 1668.9350319584432 6.019339880640785 1668.9350319584432 1662.915692077802 1050.0
90000.0 100000.0 5439.493042968752 651.5009938616068 391.32746719485135 999.3709999999992 149.51399999999558 1716.748312547893 1597.9345585382991 1586.2283787774497 1597.9345585382991 11.706179760849718 2283494.4287765874 1596.493828179574 5.617696626808286 1596.493828179574 1590.8761315527659 1050.0
100000.0 110000.0 5278.330826171878 674.5241676897318 438.71124947820573 999.9070000000065 20.30810546875 1927.8597358204718 1707.039481465128 1693.850219160833 1707.039481465128 13.189262304294932 2416304.316524357 1690.914985842937 1.8886280303294172 1690.914985842937 1689.0263578126078 900.0
110000.0 120000.0 5106.45110546879 978.709778906242 24.27663228509409 999.4709999999905 940.0849999999919 2029.9529920571022 1763.7297413820108 1749.8315312946406 1763.7297413820108 13.898210087370305 2505370.442088586 1753.4854455916995 2.9592840349481224 1753.4854455916995 1750.5261615567515 900.0
120000.0 130000.0 5261.415999999997 947.7168000000005 73.30284727553561 999.9510000000009 841.051999999996 2044.0 1708.0 1694.0 1708.0 14.0 2426911.0 1696.0 4.0 1696.0 1692.0 900.0
130000.0 140000.0 5230.448999999993 953.9102000000014 81.00306963751598 999.4910000000091 812.3589999999967 2041.0 1760.0 1746.0 1760.0 14.0 2494041.0 1744.0 3.0 1744.0 1741.0 900.0
140000.0 150000.0 5197.202000000019 960.5595999999962 56.649280033377835 999.7639999999956 871.9739999999874 2044.0 1758.0 1744.0 1758.0 14.0 2502257.0 1749.0 3.0 1749.0 1746.0 900.0
150000.0 160000.0 6043.703000000009 791.2593999999983 423.29106107771406 999.9349999999977 36.437000000005355 2043.0 1432.0 1418.0 1432.0 14.0 2031066.0 1422.0 4.0 1422.0 1418.0 720.0
160000.0 170000.0 5034.58699999997 827.5688333333383 309.06522679616586 999.622000000003 235.38200000001234 2376.0 1802.0 1786.0 1802.0 16.0 2549869.0 1786.0 2.0 1786.0 1784.0 750.0
170000.0 180000.0 5443.866999999998 911.2266000000003 139.73160552574555 999.9690000000119 678.9169999999867 2041.0 1618.0 1604.0 1618.0 14.0 2302519.0 1616.0 8.0 1616.0 1608.0 840.0
180000.0 190000.0 5181.950000000012 803.0083333333314 395.0717763909099 999.9729999999981 11.834999999991851 2201.0 1451.0 1436.0 1451.0 15.0 2066684.0 1460.0 11.0 1460.0 1449.0 720.0
190000.0 200000.0 5031.506000000052 828.0823333333246 298.10136915396197 999.7399999999907 270.3949999999895 2044.0 1663.0 1649.0 1663.0 14.0 2383844.0 1676.0 10.0 1676.0 1666.0 840.0
200000.0 210000.0 5577.718994140625 884.456201171875 205.70525306215583 999.1490000000049 524.406005859375 2218.373072207232 1507.5331966696795 1492.48275647566 1507.5331966696795 15.050440194019467 2174842.845569125 1528.583636863699 8.0 1528.583636863699 1520.583636863699 850.0
210000.0 220000.0 4805.230005859368 649.346249267579 402.780414869628 998.5450000000128 53.079999999987194 1869.6269277927684 1906.4668033303205 1893.51724352434 1906.4668033303205 12.949559805980531 2703020.154430875 1889.416363136301 2.0 1889.416363136301 1887.416363136301 1000.0
220000.0 230000.0 5031.026013671886 828.1623310546856 382.0358927227274 999.3850000000093 50.39400000000023 2352.229806621348 1723.2227339650124 1707.3659279010283 1723.2227339650124 15.856806063984024 2473666.936177481 1732.3659279010283 6.0 1732.3659279010283 1726.3659279010283 850.0
230000.0 240000.0 4675.201000000001 665.5998749999999 418.5044361624343 999.6599999999744 71.58601367188385 2067.770193378652 1741.5893079730808 1727.446114037065 1741.5893079730808 14.143193936015976 2512922.1971775424 1763.6494424844045 11.0 1763.6494424844045 1752.6494424844045 1000.0
240000.0 250000.0 5889.399910156266 685.1000149739557 338.8209885594536 999.8680000000168 159.91800000000512 1859.8790372818312 1450.508198121805 1437.748069924621 1450.508198121805 12.760128197184049 2068394.2242649454 1452.6000459455931 8.535048073944019 1452.6000459455931 1444.0649978716492 861.5384615384615
250000.0 260000.0 5200.028136718727 685.7102661830389 415.68556938804863 999.9770000000135 59.52600000001257 1924.9624905820583 1766.1414055486368 1753.0264763075224 1766.1414055486368 13.114929241114242 2516841.64910405 1759.658815434956 2.1107948324390304 1759.658815434956 1757.5480206025172 907.6923076923077
260000.0 270000.0 5740.361677734356 709.9397203776074 278.2437434058349 999.0829999999842 353.8390605468885 1967.5623301396788 1546.5782684062428 1533.190285721229 1546.5782684062428 13.38798268501382 2188075.1369284983 1533.8933167282858 3.684900038839888 1533.8933167282858 1530.208416689446 830.7692307692307
270000.0 280000.0 6184.402382812579 545.0853738839172 452.2678917742444 999.6689999999944 75.02587890625 1619.568822776699 1307.2972219427184 1296.183648437188 1307.2972219427184 11.113573505530404 1844369.1958285503 1296.7513647043663 7.0458706836195795 1296.7513647043663 1289.7054940207468 800.0
280000.0 290000.0 5335.758878906257 777.3735201822905 370.5981824871972 999.9810000000289 63.95199999999022 1992.0273192197328 1633.6628640425042 1620.0394776713467 1633.6628640425042 13.623386371157483 2328175.6605189336 1634.0810868013655 6.623386371157484 1634.0810868013655 1627.4577004302082 840.0
290000.0 300000.0 5389.744000000006 922.0511999999987 132.86311041518792 999.4980000000214 692.1570000000065 2044.0 1700.0 1686.0 1700.0 14.0 2412162.0 1689.0 2.0 1689.0 1687.0 900.0
