ts te idle avg_span std_span max_span min_span c_bytes_all c_ack_cnt c_ack_cnt_p c_pkts_all c_pkts_data s_bytes_all s_ack_cnt s_ack_cnt_p s_pkts_all s_pkts_data videorate
0.0 10000.0 14.428056640623254 510.5868528821791 402.9058152304275 999.9399999999987 0.0 89470.94985388436 3266.6839026657294 3099.384869268022 3272.6053489761007 167.29903339770735 4338392.029615488 3202.8339721322254 82.10802444306448 3202.8339721322254 3114.8045013787896 0.0
10000.0 20000.0 4932.213298828137 590.0078556857625 389.3270650425912 999.6469999999972 86.38900000000285 7517.680288979362 1324.5547391193277 1300.2795566555965 1324.5547391193277 24.275182463731092 1828722.2751732455 1306.427002163361 10.0 1306.427002163361 1296.427002163361 0.0
20000.0 30000.0 5359.838000000003 773.3603333333327 400.7778502026622 999.1299999999974 11.180999999996857 2044.0 1261.0 1247.0 1261.0 14.0 1765310.0 1251.0 8.0 1251.0 1243.0 0.0
30000.0 40000.0 4162.8809921875 477.04384675480776 449.220831630482 999.6050000000032 5.913000000000466 16084.865169848645 1794.9931664817254 1762.662653410348 1795.9931664817254 32.33051307137738 2510587.269069977 1799.662653410348 23.0 1799.662653410348 1775.662653410348 0.0
40000.0 50000.0 3361.1497578125054 428.1927026367189 407.2495862121148 999.273000000001 5.172000000005937 246227.50195269223 1842.339792050659 1635.8668887211877 1843.339792050659 205.47290332947125 2298267.9170938563 1740.8668887211877 112.0 1740.8668887211877 1625.8668887211877 0.0
50000.0 60000.0 4836.059341796878 407.9660506310096 418.3602463190206 999.2459999999992 5.5310000000026776 5286.51296069017 1402.8584429803755 1385.469810687061 1402.8584429803755 17.388632293314274 1950337.7668934911 1394.8737863399797 14.0 1394.8737863399797 1379.8737863399797 0.0
60000.0 70000.0 5124.7017988281295 513.2742201171874 361.15385830533717 999.8120000000054 97.60700000000361 4909.470940640223 1341.0581265912672 1318.1034823705431 1342.0581265912672 20.954644220724234 1901893.418110309 1362.5528138027373 12.0 1362.5528138027373 1348.5528138027373 0.0
70000.0 80000.0 4760.592830078123 499.5016518110801 430.49287043073866 999.7379999999976 4.927999999999884 5452.375830077428 1704.7705162673997 1685.8583760938614 1704.7705162673997 17.912140173538276 2371644.9654479967 1690.4560956028047 12.215694240354505 1690.4560956028047 1676.2404013624503 0.0
80000.0 90000.0 5627.535279296877 485.8294134114581 420.4986329507868 999.5409999999974 5.6560000000026776 1671.7504675797659 1263.264752241087 1251.7911409706105 1263.264752241087 11.473611270476459 1751540.6220753274 1246.9763806839421 9.31675011854736 1246.9763806839421 1237.6596305653948 0.0
90000.0 100000.0 4635.432109375019 319.60828906249833 424.40688071854106 999.7299999999959 5.392999999996391 1753.6797113744074 1619.0856576977815 1607.2034499568967 1619.0856576977815 11.882207740884569 2267747.7576678204 1610.0875746820593 16.813099057586832 1610.0875746820593 1593.2744756244724 0.0
100000.0 110000.0 4622.650689453134 427.53143470982053 439.2129032241814 999.3220000000001 0.0 130463.84296709714 1525.6295456897046 1408.0441977894911 1526.6295456897046 117.58534790021356 1986393.283641222 1473.523806756941 61.654456583511305 1474.523806756941 1409.8693501734297 0.0
110000.0 120000.0 5045.851000000024 825.6914999999959 348.6739115636588 999.0160000000033 126.20199999999022 2044.0 1633.0 1619.0 1633.0 14.0 2291389.0 1618.0 6.0 1618.0 1612.0 0.0
120000.0 130000.0 6060.684999999998 505.22749999999724 457.5188606201375 999.4340000000084 5.3109999999869615 5395.0 1231.0 1213.0 1231.0 18.0 1712434.0 1221.0 9.0 1221.0 1212.0 0.0
130000.0 140000.0 4626.692291015614 490.0328181818186 480.42658687833494 999.5950000000012 4.847999999998137 2044.0 1545.0 1531.0 1545.0 14.0 2172196.0 1541.0 14.0 1541.0 1527.0 0.0
140000.0 150000.0 4771.200000000012 532.0862999999983 455.85190442658194 999.0190000000002 5.25700000001234 5780.0 1492.0 1472.0 1492.0 20.0 2080019.0 1481.0 12.0 1481.0 1469.0 0.0
150000.0 160000.0 5602.678000000014 557.2309999999998 461.7715213807384 998.6369999999879 5.728000000002794 1712.0 1189.0 1176.0 1189.0 12.0 1665208.0 1186.0 11.0 1186.0 1175.0 0.0
160000.0 170000.0 4776.5177011718915 528.7641180752835 439.9281911717013 999.6959999999963 6.527000000001863 121589.01020199315 1657.257371852396 1542.4320091897869 1658.257371852396 114.82536266260931 2213520.9091230156 1627.4320091897869 55.0 1628.4320091897869 1570.4320091897869 0.0
170000.0 180000.0 4494.369298828155 551.9621701171855 448.9883629271517 999.8910000000033 5.940000000002328 1740.9897980068554 1769.742628147604 1757.5679908102131 1769.742628147604 12.174637337390696 2460545.0908769844 1742.5679908102131 13.0 1742.5679908102131 1729.5679908102131 0.0
180000.0 190000.0 4857.402996093762 412.0595722656248 452.0119020912621 999.5909999999858 5.527000000001863 9624.193576621787 1563.636666919081 1536.719838144251 1564.636666919081 25.916828774830034 2188720.697379533 1566.803009369421 18.0 1566.803009369421 1547.803009369421 0.0
190000.0 200000.0 5721.918917968782 479.824120225692 425.89541155330863 999.0309999999881 5.644000000000233 2884.8738718404575 1092.2067416729628 1073.2255737703094 1094.2067416729628 16.981167902653358 1518854.6723235664 1094.3464091901726 14.0 1094.3464091901726 1078.3464091901726 0.0
200000.0 210000.0 5421.9041738281085 663.4042608816983 353.9813217963807 999.7570000000123 65.73399999999674 5215.764250212503 1272.3645160766428 1255.396870006406 1272.3645160766428 16.96764607023679 1770196.251230848 1263.6554343522537 12.888035623100151 1263.6554343522537 1250.7673987291535 0.0
210000.0 220000.0 5332.365933593741 427.9547333096588 435.36898972685754 999.1579999999958 5.062999999994645 1968.770130591031 1378.7243446775688 1365.5787596500613 1378.7243446775688 13.145585027507225 1924636.7792402755 1365.1610997600903 11.621320856256022 1365.1610997600903 1353.5397789038343 0.0
220000.0 230000.0 3918.7809863281145 458.0670009765641 413.30184867723534 999.2179999999935 5.282000000006519 131244.39817073423 1774.0677306537448 1659.0789584289723 1775.0677306537448 112.98877222477259 2322475.599825777 1712.0340473280626 63.49064352064383 1712.0340473280626 1644.5434038074188 0.0
230000.0 240000.0 3736.271000000037 490.2703076923029 472.55781059488277 999.984999999986 5.165000000008149 2376.0 1861.0 1844.0 1861.0 16.0 2610319.0 1856.0 16.0 1856.0 1839.0 0.0
240000.0 250000.0 5220.061000000045 440.99145454545084 454.94211559788425 999.4290000000037 29.403999999980442 5000.0 1431.0 1414.0 1431.0 16.0 1993210.0 1428.0 12.0 1428.0 1412.0 0.0
250000.0 260000.0 5328.462000000058 778.5896666666571 342.1720607090386 999.3020000000251 289.65399999998044 2376.0 1507.0 1491.0 1507.0 16.0 2117269.0 1496.0 4.0 1496.0 1492.0 0.0
260000.0 270000.0 5164.943000000028 615.3738749999975 469.68180366391465 999.7260000000242 8.84499999997206 5457.0 1473.0 1455.0 1473.0 18.0 2059788.0 1465.0 10.0 1465.0 1455.0 0.0
270000.0 280000.0 4772.678000000014 484.65518181818135 459.7022744842163 998.7810000000172 5.309999999997672 2044.0 1445.0 1430.0 1445.0 14.0 2024721.0 1441.0 14.0 1441.0 1426.0 0.0
280000.0 290000.0 4380.226710937452 450.49573325892976 444.827728560041 999.7550000000047 0.0 121153.81847044411 1396.2062092787676 1284.8097124688634 1397.2062092787676 110.39649680990424 1834997.4382152713 1365.8184704441028 58.0 1365.8184704441028 1305.8184704441028 0.0
290000.0 300000.0 4960.714160156262 839.8809733072898 175.51271896418075 999.5239999999758 522.5740000000224 2038.6321488139702 1323.400751296363 1309.5620986913536 1323.400751296363 13.838652605009337 1850137.9622872167 1313.4939383757685 10.235149414913572 1313.4939383757685 1303.2587889608549 0.0
