ts te idle avg_span std_span max_span min_span c_bytes_all c_ack_cnt c_ack_cnt_p c_pkts_all c_pkts_data s_bytes_all s_ack_cnt s_ack_cnt_p s_pkts_all s_pkts_data videorate
0.0 10000.0 387.40696093748556 961.2593039062515 117.52341398948191 999.935999999987 626.7900390625 7629.0 2716.8798493415434 2674.8798493415434 2717.8798493415434 42.0 3793477.9394346974 2696.2683831934974 17.0 2696.2683831934974 2678.2683831934974 0.0
10000.0 20000.0 4960.983140625001 719.8595513392855 393.07379260798905 998.8030000000144 144.02000000001863 2044.0 1284.236247610489 1270.236247610489 1284.236247610489 14.0 1792550.1077993964 1274.4759377082069 12.0 1274.4759377082069 1262.4759377082069 0.0
20000.0 30000.0 4868.626941406226 642.0736323242236 430.8551526605124 998.8470000000088 5.216000000014901 2044.0 1196.010035112543 1182.010035112543 1196.010035112543 14.0 1679385.7549303854 1198.1928827386032 13.0 1198.1928827386032 1185.1928827386032 0.0
30000.0 40000.0 5996.391853515641 667.2680244140598 387.2311950222353 999.429999999993 175.35704296873882 2252.636961964301 1076.8087526740514 1061.5519035055918 1076.8087526740514 15.256849168459643 1518932.9938548398 1087.2545302667784 12.0 1087.2545302667784 1075.2545302667784 0.0
40000.0 50000.0 4315.272117187444 812.1039832589366 217.08524756419374 999.4980000000214 412.2870000000112 1571.7135650749206 1546.8527900398933 1535.9576495328445 1546.8527900398933 10.895140507048918 2170060.9357868633 1534.9759150602051 10.151989675508561 1534.9759150602051 1524.8239253846964 0.0
50000.0 60000.0 5112.156937499996 698.2632946428577 336.64169030636396 999.6379999999772 236.550048828125 1693.438924122994 1375.5829048964258 1364.078802440686 1375.5829048964258 11.504102455739488 1930150.2280392135 1366.0419457897938 9.030933275382903 1366.0419457897938 1357.011012514411 0.0
60000.0 70000.0 4806.433048828156 865.594491861974 212.32868667366805 999.6670000000158 474.65399999998044 2134.2105488377847 1414.6294203250545 1400.2855124563025 1414.6294203250545 14.343907868751948 1984038.0401546042 1405.790405242915 9.817077049108535 1405.790405242915 1395.9733281938065 0.0
70000.0 80000.0 3601.6220000000903 799.7972499999887 355.88069264281046 999.9469999999856 5.032999999995809 2044.0 1910.0 1896.0 1910.0 14.0 2694496.0 1907.0 12.0 1907.0 1895.0 0.0
80000.0 90000.0 3769.984999999986 890.0021428571448 211.88308614219878 999.9340000000084 442.0329999999958 2044.0 1702.0 1688.0 1702.0 14.0 2402202.0 1699.0 10.0 1699.0 1689.0 0.0
90000.0 100000.0 3946.2790000000386 864.8172857142802 298.73919967741267 999.9309999999823 197.57000000000698 2376.0 1812.0 1796.0 1812.0 16.0 2553019.0 1809.0 12.0 1809.0 1797.0 0.0
100000.0 110000.0 4161.170019531215 739.268747558599 425.0264744317189 999.9550000000163 43.72998046875 2044.0 1839.1133956055087 1824.1133956055087 1839.1133956055087 14.0 2630062.8441804526 1862.016769604108 10.0 1862.016769604108 1851.016769604108 0.0
110000.0 120000.0 4191.977914062503 829.7174408482139 281.31797943573883 999.795999999973 276.5090195312514 2044.0 1571.5779799674735 1557.5779799674735 1571.5779799674735 14.0 2198554.1557201026 1561.29071791689 12.0 1561.29071791689 1549.29071791689 0.0
120000.0 130000.0 4395.205986328074 700.5992517089908 352.5771575078593 999.0619999999763 204.007080078125 2041.0 1690.3221970414515 1676.3221970414515 1690.3221970414515 14.0 2378674.4009410935 1682.501565282191 10.0 1682.501565282191 1672.501565282191 0.0
130000.0 140000.0 3584.378097656183 801.9527377929771 255.86629298860876 999.7910000000265 283.8410000000149 2044.0 1842.9964315807451 1828.9964315807451 1842.9964315807451 14.0 2592973.4008319057 1837.1028140959588 12.0 1837.1028140959588 1825.1028140959588 0.0
140000.0 150000.0 3921.4590664063 675.3934370659667 397.83197667378926 999.4130000000005 5.419999999983702 2041.0 1759.3658406664172 1745.3658406664172 1759.3658406664172 14.0 2472985.904788805 1747.4639779624483 8.0 1747.4639779624483 1739.4639779624483 0.0
150000.0 160000.0 4810.207023437484 648.7241220703145 411.1278416752252 999.0810000000056 72.639892578125 2044.0 1434.0190686119586 1420.0190686119586 1434.0190686119586 14.0 2027094.9873557119 1436.4193768862888 7.0 1436.4193768862888 1429.4193768862888 0.0
160000.0 170000.0 4558.115810546908 777.4120270647275 374.7169896103614 999.0729999999749 1.0879999999888241 1769.8104680088434 1551.6438313151195 1539.6382801643742 1551.6438313151195 12.005551150745502 2164894.1622332325 1531.3990685282079 10.005551150745502 1531.3990685282079 1521.3935173774626 0.0
170000.0 180000.0 4901.929082031245 728.2958454241078 369.8432647186293 998.9959999999846 79.1020000000135 1791.1895319911566 1464.9612552113258 1452.966806362071 1464.9612552113258 11.994448849254498 2053520.1439486968 1453.8057097239075 8.994448849254498 1453.8057097239075 1444.8112608746528 0.0
180000.0 190000.0 2941.000999999873 784.3332222222364 424.2102715593289 999.814000000013 34.22900000005029 2201.0 1855.0 1840.0 1855.0 15.0 2608474.0 1848.0 11.0 1848.0 1837.0 0.0
190000.0 200000.0 4201.141999999876 828.4082857143034 295.42639978890963 999.9070000000065 323.61800000001676 2044.0 1746.0 1732.0 1746.0 14.0 2464443.0 1745.0 12.0 1745.0 1733.0 0.0
200000.0 210000.0 3389.795000000042 826.2756249999948 340.7192884216313 999.9969999999739 88.35100000002421 2376.0 2114.0 2098.0 2114.0 16.0 2982743.0 2108.0 11.0 2108.0 2097.0 0.0
210000.0 220000.0 4444.097017578199 793.7004260602573 376.839524398619 1000.0 40.031982421875 2044.0 1609.277144432233 1595.277144432233 1609.277144432233 14.0 2287071.6900329054 1620.420554468863 12.0 1620.420554468863 1608.420554468863 0.0
220000.0 230000.0 4265.22089453123 819.2541579241099 254.62607517028437 999.7129999999888 338.840087890625 2044.0 1643.835756362864 1629.835756362864 1643.835756362864 14.0 2343633.507409984 1661.0487714715355 11.0 1661.0487714715355 1650.0487714715355 0.0
230000.0 240000.0 4151.373160156305 731.0783549804619 352.18204214718116 999.76800000004 189.27899999998044 2277.752191824748 1846.034719580078 1830.6265738461939 1846.034719580078 15.408145733884025 2577962.3446011487 1826.2701487008922 11.605430489256017 1826.2701487008922 1814.6647182116362 0.0
240000.0 250000.0 4382.250005859416 702.218749267573 358.76204375678856 999.9350000000559 197.18907226563897 1884.4672746461033 1693.47105736071 1680.4320978748901 1693.47105736071 13.0389594858199 2388772.064747857 1693.0907822157783 11.394569510743983 1693.0907822157783 1681.6962127050342 0.0
250000.0 260000.0 3164.8716425781604 854.39104467773 194.8971647168657 999.9229999999516 453.561279296875 1836.0250895111176 1958.5599568393416 1946.2717030217887 1958.5599568393416 12.288253817552867 2744164.6402400313 1939.274988965547 8.279465864380661 1939.274988965547 1930.9955231011663 0.0
260000.0 270000.0 4204.20000390627 724.4749995117163 342.3811579856342 999.9429999999702 71.457275390625 1715.0135337251713 1692.8364425827172 1681.1424224865127 1692.8364425827172 11.694020096204472 2381599.9765922595 1682.6970264133397 8.078350080170393 1682.6970264133397 1674.6186763331693 0.0
270000.0 280000.0 3332.8222753906157 952.4539606584834 91.66410984582842 999.8129999999655 753.4329999999609 1982.7419102928598 1752.9849228420564 1739.4143019755177 1752.9849228420564 13.570620866538736 2469081.776375814 1749.197727764044 10.642184055448947 1749.197727764044 1738.555543708595 0.0
280000.0 290000.0 3453.378999999957 935.2315714285776 120.57920023901883 999.5770000000484 685.7580000000307 2044.0 1797.0 1783.0 1797.0 14.0 2517298.0 1786.0 12.0 1786.0 1774.0 0.0
290000.0 300000.0 3104.3769999999786 861.9528750000027 307.2267128091899 999.3880000000354 124.20700000005309 2044.0 1932.0 1918.0 1932.0 14.0 2724658.0 1925.0 8.0 1925.0 1917.0 0.0
