ts te idle avg_span std_span max_span min_span c_bytes_all c_ack_cnt c_ack_cnt_p c_pkts_all c_pkts_data s_bytes_all s_ack_cnt s_ack_cnt_p s_pkts_all s_pkts_data videorate
0.0 10000.0 652.7867558593716 612.5327566796877 373.4062400562436 999.6039999999994 0.0 112908.16224945273 2966.0288955326064 2783.131905060867 2975.789026627994 182.89699047173917 4564193.794393896 3419.8572805562776 125.24771515631286 3419.8572805562776 3284.849434304577 0.0
10000.0 20000.0 5388.13721289063 657.1572952880861 387.51427355636844 999.8550000000032 48.09799999999814 18275.724266455785 1277.6714372632641 1254.0685749053057 1277.6714372632641 23.60286235795856 2262122.7263088073 1611.6028623579587 16.534287452652855 1611.6028623579587 1595.0685749053057 0.0
20000.0 30000.0 4180.738359374998 730.9812105263148 369.45718759336324 999.8859999999986 48.04400000000169 12068.0 1731.0 1711.0 1733.0 18.0 2939051.0 2091.0 16.0 2091.0 2072.0 0.0
30000.0 40000.0 4861.904689453135 615.9770454545452 434.45857256726873 999.7649999999994 6.430000000000291 23270.0 1449.0 1420.0 1450.0 29.0 2596226.0 1855.0 22.0 1855.0 1832.0 0.0
40000.0 50000.0 5682.730906250006 585.9775625000002 394.7456202822221 999.6070000000036 5.521999999997206 270369.0 1212.0 993.0 1213.0 218.0 1781320.0 1382.0 118.0 1382.0 1261.0 0.0
50000.0 60000.0 6278.955208984378 394.92608000000064 419.5279278468755 999.8629999999976 5.0310000000026776 12886.0 971.0 954.0 971.0 16.0 1709986.0 1237.0 26.0 1237.0 1210.0 0.0
60000.0 70000.0 6056.701675781253 580.7606250000008 419.4484616737982 999.7149999999965 0.0 9475.0 1031.0 1017.0 1032.0 12.0 1769745.0 1267.0 13.0 1267.0 1251.0 0.0
70000.0 80000.0 6194.428156250011 601.2488666666671 389.0757305068141 999.1870000000054 6.346999999994296 14640.0 989.0 967.0 990.0 21.0 1743641.0 1250.0 14.0 1250.0 1234.0 0.0
80000.0 90000.0 6376.943982421872 637.9773846153828 400.865210534359 999.3929999999964 7.437000000005355 9475.0 971.0 959.0 971.0 12.0 1724958.0 1227.0 13.0 1227.0 1214.0 0.0
90000.0 100000.0 6361.6319765625085 474.3765541992172 433.92523123203273 999.7449999999953 6.123999999996158 14158.25093754064 923.661547407601 906.0135032945446 923.661547407601 17.648044113056365 1702997.4402212999 1222.4112839874638 21.648044113056365 1222.4112839874638 1200.7632398744074 0.0
100000.0 110000.0 5528.356996093746 478.1691304154837 413.8082377708501 999.351999999999 6.539000000004307 125447.74906245936 1229.1555972963247 1123.803641409381 1230.1555972963247 104.35195588694363 2010128.6040649815 1489.7929419435732 66.35195588694364 1490.7929419435732 1421.4409860566293 0.0
110000.0 120000.0 6028.084007812518 702.2590912388384 378.6254407618614 999.6259999999893 47.445999999996275 12701.277975366025 1116.7707393042012 1100.934830182193 1116.7707393042012 15.835909122008292 2043942.8066681398 1450.425526212838 8.835909122008292 1450.425526212838 1441.5896170908295 0.0
120000.0 130000.0 4764.36512695314 571.7376464843747 377.79539243168716 998.0 5.8070000000006985 11826.827993692064 1322.401511981403 1297.1844131834137 1325.401511981403 22.217098797989163 2378204.4388551726 1701.907916371283 18.217098797989163 1701.907916371283 1680.6908175732938 0.0
130000.0 140000.0 5157.730890624982 600.7400590049357 393.61229184674045 999.359999999986 0.0 11072.137255496109 1294.3592542972563 1280.614486156773 1294.3592542972563 13.744768140483268 2373923.790390312 1683.3015131951295 11.970472882700907 1683.3015131951295 1671.3310403124287 0.0
140000.0 150000.0 5510.419380859355 504.039479631695 412.6683944752404 999.4709999999905 5.541999999986729 8055.756775445801 1257.651349713214 1247.4491257736947 1257.651349713214 10.202223939519278 2220941.9198000943 1575.160818289713 13.976519197301641 1575.160818289713 1561.184299092411 0.0
150000.0 160000.0 4801.418183593749 701.6961111111094 395.00063271578125 999.7000000000116 5.198999999993248 9499.0 1465.0 1451.0 1466.0 13.0 2595138.0 1840.0 14.0 1840.0 1825.0 0.0
160000.0 170000.0 5460.571910156257 606.7805263157888 388.5506184433442 997.75 5.397999999986496 124284.0 1316.0 1211.0 1317.0 103.0 2153452.0 1584.0 57.0 1584.0 1525.0 0.0
170000.0 180000.0 5348.33774218749 679.001374999998 406.03777651771514 999.7609999999986 0.0 11850.0 1269.0 1254.0 1269.0 15.0 2245702.0 1596.0 17.0 1596.0 1579.0 0.0
180000.0 190000.0 4582.315267578146 592.6225652173933 431.4569964865176 999.7270000000135 5.39100000000326 22639.0 1508.0 1476.0 1510.0 32.0 2615116.0 1882.0 27.0 1882.0 1852.0 0.0
190000.0 200000.0 6184.224082031258 619.603857142857 419.40463226172835 999.9839999999967 24.753999999986263 9499.0 957.0 942.0 957.0 13.0 1713267.0 1227.0 12.0 1228.0 1211.0 0.0
200000.0 210000.0 6293.317980468768 643.9122857142813 412.59083464137547 999.7010000000009 0.0 12804.0 957.0 941.0 957.0 16.0 1732796.0 1238.0 13.0 1238.0 1225.0 0.0
210000.0 220000.0 6251.208132812491 548.9262352941167 412.06776880910877 997.8420000000042 6.404999999998836 10950.0 1014.0 998.0 1015.0 15.0 1805537.0 1295.0 19.0 1295.0 1274.0 0.0
220000.0 230000.0 5565.237978515652 521.3793888888888 413.88098903587064 999.765000000014 7.065000000002328 124913.0 1044.0 936.0 1045.0 106.0 1692671.0 1274.0 67.0 1275.0 1203.0 0.0
230000.0 240000.0 6434.238851562492 442.0848818824438 454.6200039361602 996.7860000000219 4.608000000007451 10652.517884029545 925.3420299736274 910.854002342277 925.3420299736274 13.488027631350436 1707986.4798335186 1225.2746899277083 22.488027631350434 1225.2746899277083 1201.7866622963577 0.0
240000.0 250000.0 5943.2579999999725 443.2577649147742 408.044887555815 986.5329999999958 0.0 13096.97597555751 1070.6061459432567 1053.301230185506 1070.6061459432567 16.30491575775092 1916675.1549492662 1373.1696708756906 14.304915757750921 1373.1696708756906 1354.86475511794 0.0
250000.0 260000.0 6736.956847656285 536.0839923377364 332.5758236228353 997.3209999999963 25.001943359384313 7758.948253627108 790.9096898908653 781.082197412864 790.9096898908653 9.827492478001293 1428725.223912312 1016.3822104449191 9.827492478001293 1016.3822104449191 1006.5547179669179 0.0
260000.0 270000.0 6672.499863281264 486.9460034466876 406.01237262659043 999.7490000000107 9.082999999984168 11226.295562979325 891.7173438612394 877.7026304087635 891.7173438612394 14.01471345247586 1575023.9252435323 1123.815684699538 12.89801527258646 1123.815684699538 1110.9176694269513 0.0
270000.0 280000.0 6472.126076171873 459.33456280838857 427.88945486247184 998.9650000000256 4.896999999997206 8974.26232380651 998.4247903310111 985.0599396505896 998.4247903310111 11.364850680421489 1716802.2160613707 1229.357744052144 16.48154886031089 1229.357744052144 1209.8761951918332 0.0
280000.0 290000.0 5808.971003906219 583.869812500001 404.2603732768003 998.5690000000177 6.536000000021886 126921.0 1107.0 999.0 1108.0 107.0 1753892.0 1304.0 58.0 1305.0 1244.0 0.0
290000.0 300000.0 5624.380908203137 863.6748461538496 274.3031307175952 999.6780000000144 10.90700000000652 11058.0 1157.0 1143.0 1157.0 14.0 2078344.0 1476.0 14.0 1476.0 1462.0 0.0
