ts te idle avg_span std_span max_span min_span c_bytes_all c_ack_cnt c_ack_cnt_p c_pkts_all c_pkts_data s_bytes_all s_ack_cnt s_ack_cnt_p s_pkts_all s_pkts_data videorate
0.0 10000.0 14.749056640604977 566.0260130004899 385.0285469852708 999.8919999999925 0.0 88710.97769290459 3491.6635399929364 3332.558718297879 3494.6635399929364 159.10482169505735 4715596.054380292 3477.702273492212 92.14086948863773 3477.702273492212 3382.5614040035744 0.0
10000.0 20000.0 3794.6908691406716 524.8473442382771 427.98431303033857 999.5360000000219 44.47999999998137 6842.011269172675 1960.7592108081262 1935.2470947287727 1960.7592108081262 23.51211607935347 2739646.0829141736 1961.5905938022859 17.0 1961.5905938022859 1943.5905938022859 0.0
20000.0 30000.0 3552.9031250000116 531.9075546874956 375.9166139992904 999.9550000000163 5.011999999987893 22781.0 2191.829222281338 2133.829222281338 2191.829222281338 58.0 3000141.0891552074 2173.5392032940445 32.0 2173.5392032940445 2141.5392032940445 0.0
30000.0 40000.0 4412.990308593726 357.1031220703153 433.08118640184426 999.4340000000084 6.14100000000326 7635.960370398066 1745.306994837571 1717.4819323652937 1745.306994837571 27.825062472277505 2435356.912950755 1749.0870415595048 19.0 1749.0870415595048 1730.0870415595048 0.0
40000.0 50000.0 4030.4400625000126 360.33699954043976 394.4684278689208 999.7199999999721 5.284999999974389 310564.7845432294 1850.5764789976618 1607.2163311468826 1853.5764789976618 242.3601478507792 2286776.960195098 1775.8459105007692 147.0 1776.8459105007692 1623.8459105007692 0.0
50000.0 60000.0 3818.62583398429 488.7332435396697 431.99999741255283 999.7210000000196 2.819000000017695 5236.992556172376 2119.699283442977 2102.178390005755 2119.699283442977 16.520893437222195 2979213.2035070322 2115.3146973733556 10.706103760278918 2115.3146973733556 2101.6085936130767 0.0
60000.0 70000.0 4440.135175781266 471.8833186848933 406.99644245465583 999.6909999999916 14.619999999995343 2693.0705931833213 1883.1124036870663 1864.6422827068095 1885.1124036870663 15.470120980256926 2641683.0441120714 1883.1099691690729 12.470120980256926 1883.1099691690729 1867.639848188816 0.0
70000.0 80000.0 4436.243960937485 373.1586739583329 449.6423997296325 999.6319999999832 4.723999999987427 1873.1919370168862 1774.437969462288 1761.614194202824 1774.437969462288 12.823775259464156 2524284.7030187207 1793.3806210190733 18.823775259464156 1793.3806210190733 1774.556845759609 0.0
80000.0 90000.0 3899.183000000019 559.973636363633 453.28592281809404 999.7509999999893 2.941999999980908 5437.0 2035.0 2017.0 2035.0 18.0 2875114.0 2041.0 10.0 2041.0 2030.0 0.0
90000.0 100000.0 4383.30880273442 449.7819230769215 463.3866514020188 999.3520000000135 5.574000000022352 2041.0 1944.0 1928.0 1944.0 14.0 2731208.0 1940.0 17.0 1940.0 1922.0 0.0
100000.0 110000.0 3113.4359023437137 401.7806710069482 450.42141554534976 999.9990000000107 0.0 122132.0 2374.566135477167 2259.566135477167 2375.566135477167 111.0 3222202.642904943 2341.948135976296 62.0 2342.948135976296 2276.948135976296 0.0
110000.0 120000.0 4739.491013671912 406.8887681790869 489.85370857261273 999.4440000000177 4.965000000025611 2039.0 1873.3470208376893 1859.3470208376893 1873.3470208376893 14.0 2638101.6645339527 1877.3429372911598 18.0 1877.3429372911598 1859.3429372911598 0.0
120000.0 130000.0 4721.178058593767 533.4144941406266 475.23939034702374 999.640000000014 5.392999999981839 5429.0 1845.1054035539078 1827.1054035539078 1845.1054035539078 18.0 2607483.22369447 1853.6301670220155 12.0 1853.6301670220155 1841.6301670220155 0.0
130000.0 140000.0 3943.595005859388 505.64049951171427 453.49476025843904 999.5889999999781 5.3329999999841675 2039.0 2034.981440131236 2020.981440131236 2034.981440131236 14.0 2870052.468866635 2033.0787597105289 12.0 2033.0787597105289 2021.0787597105289 0.0
140000.0 150000.0 4501.400937500002 621.0468958333303 454.3718040680993 999.7079999999842 40.45899999997346 5437.0 2000.7592150940732 1982.7592150940732 2000.7592150940732 18.0 2812755.11441913 1994.7449418404628 10.0 1994.7449418404628 1984.7449418404628 0.0
150000.0 160000.0 4880.671132812509 443.13537439904087 448.9235869561294 999.6199999999953 6.13900000002468 5294.730631081808 1754.8996429912813 1730.9976512377766 1756.8996429912813 21.901991753504866 2457992.6022547414 1762.207940984377 19.0 1762.207940984377 1739.207940984377 0.0
160000.0 170000.0 4478.098822265631 310.6423987630179 406.7924274076609 999.8910000000033 4.658999999985099 122617.71300956635 1904.4825318399107 1795.779441420836 1905.4825318399107 107.70309041907436 2529176.1881394074 1856.1885071004253 62.0 1856.1885071004253 1792.1885071004253 0.0
170000.0 180000.0 4517.7937871093745 609.134023654514 412.7113630646614 999.8369999999995 6.365999999979977 1774.5563593518482 1872.1626219819568 1859.7677041545362 1872.1626219819568 12.394917827420771 2657071.2143428847 1880.232643097258 10.0 1880.232643097258 1870.232643097258 0.0
180000.0 190000.0 5091.356322265638 424.74305213341273 441.09321082244105 999.6550000000279 5.425999999977648 12875.174242346666 1605.431192726562 1574.6915064421087 1606.431192726562 29.73968628445315 2215907.048143742 1595.3004097306468 19.919731100959844 1595.3004097306468 1573.380678629687 0.0
190000.0 200000.0 4670.469955077977 666.1912556152529 400.6722581267768 998.7800000000279 43.14404296875 1246.9439881906092 1919.9440153861474 1911.3812260449777 1919.9440153861474 8.562789341169701 2695423.0781857967 1898.9554149472901 4.3395337210026 1898.9554149472901 1894.6158812262875 0.0
200000.0 210000.0 3837.531845703139 565.8614506392041 480.67536549779805 998.6080000000075 5.3950000000186265 5717.881769462724 2071.320779980069 2051.6232556056916 2071.320779980069 19.69752437437715 2931115.7545142984 2081.37014229954 15.740735178037557 2081.37014229954 2065.6294071215025 0.0
210000.0 220000.0 4270.548999999999 525.8321818181906 476.9912733178275 999.8969999999972 4.559000000008382 2041.0 1908.0 1894.0 1908.0 14.0 2709092.0 1921.0 16.0 1921.0 1905.0 0.0
220000.0 230000.0 3333.0570546872914 386.2537894736926 441.32456456967077 999.9889999999432 4.560000000055879 124501.0 2379.0 2259.0 2381.0 118.0 3223663.0 2352.0 61.0 2353.0 2286.0 0.0
230000.0 240000.0 4555.296113281278 545.8292886718758 484.4761692906945 999.3719999999739 5.00199999997858 2041.0 1814.1975308663161 1799.1975308663161 1814.1975308663161 14.0 2568185.7431216356 1820.8206334769934 9.0 1820.8206334769934 1810.8206334769934 0.0
240000.0 250000.0 4744.997800781392 530.307819921861 471.2283346048267 999.7129999999888 2.6239999999525025 5397.0 1814.603347815824 1795.603347815824 1814.603347815824 18.0 2547669.190027146 1818.195426151005 15.0 1818.195426151005 1801.195426151005 0.0
250000.0 260000.0 3651.6349785157945 530.3688351236827 442.3537643038648 999.6790000000037 5.0860000000102445 2041.0 2128.266721678839 2114.266721678839 2128.266721678839 14.0 3007356.3371609948 2130.8589229292133 15.0 2130.8589229292133 2115.8589229292133 0.0
260000.0 270000.0 4565.353369140648 499.09925301846073 475.2704727030751 999.9590000000317 2.5 5592.452927349073 1710.0228710085757 1690.2791786751475 1710.0228710085757 19.743692333428154 2422338.937501677 1728.7281041454867 13.0 1728.7281041454867 1711.7281041454867 0.0
270000.0 280000.0 4568.0839824219 391.8509303850421 431.1415907374924 999.6940000000177 4.826000000000931 1751.5470726509266 1801.896185004691 1788.6398773381193 1801.896185004691 12.256307666571846 2560537.1252245973 1817.8663341908946 14.0 1817.8663341908946 1801.8663341908946 0.0
280000.0 290000.0 4428.293900390738 357.94700622557866 424.4208429120672 999.9579999999842 0.0 123973.19264012067 1846.4593346930255 1734.4581671771425 1847.4593346930255 111.00116751588291 2468719.542208013 1817.9765701736785 59.0 1818.9765701736785 1756.9765701736785 0.0
290000.0 300000.0 3983.3680761718424 752.0789904785197 343.0216444016792 999.9259999999776 262.3320000000531 1763.5839644204907 2083.825543515718 2070.672327451871 2083.825543515718 13.153216063847719 2949422.325072608 2084.2115024650448 8.90806850581144 2084.2115024650448 2075.303433959233 0.0
