ts te idle avg_span std_span max_span min_span c_bytes_all c_ack_cnt c_ack_cnt_p c_pkts_all c_pkts_data s_bytes_all s_ack_cnt s_ack_cnt_p s_pkts_all s_pkts_data videorate
0.0 10000.0 91.44408007815946 537.2690290601334 399.8693624435167 999.8329999999842 0.0 86406.55059521587 2356.38542238245 2205.834375473351 2359.38542238245 150.5510469090991 3099321.935354892 2317.545512153649 78.85884940246342 2317.545512153649 2235.6866627511854 0.0
10000.0 20000.0 4261.076000000001 649.9958888888876 420.0226010944097 999.9660000000149 111.03899999998976 6190.0 1205.0 1182.0 1205.0 23.0 1661891.0 1194.0 11.0 1194.0 1183.0 0.0
20000.0 30000.0 2807.5380000000005 719.7577999999979 411.5594391616648 999.0910000000149 5.115999999979977 2376.0 1518.0 1502.0 1518.0 16.0 2124521.0 1509.0 12.0 1509.0 1497.0 0.0
30000.0 40000.0 4434.7910937499255 411.39856473214707 465.21350124607227 998.7719999999972 5.211999999999534 5337.0 1149.6908457079055 1131.6908457079055 1149.6908457079055 18.0 1586415.0 1139.6908457079055 15.690845707905533 1139.6908457079055 1124.0 0.0
40000.0 50000.0 3941.574708984408 374.96947886028863 424.2908293335069 999.4670000000042 4.713999999978114 260397.0 1285.073160741579 1051.073160741579 1287.073160741579 233.0 1489986.0698690065 1208.8477186261327 141.30915429209446 1210.8477186261327 1063.5385643340383 0.0
50000.0 60000.0 4088.2459374999744 400.00593457031937 416.16411850653657 997.505999999994 5.047000000020489 5326.0 1256.2359935505156 1237.2359935505156 1256.2359935505156 18.0 1710354.9301309935 1231.4614356659617 14.0 1231.4614356659617 1215.4614356659617 0.0
60000.0 70000.0 4574.277052734396 633.5523240017355 401.9949611129028 998.6350000000093 90.04800000000978 2210.0 1105.0755177530434 1089.0755177530434 1105.0755177530434 15.0 1549763.839351346 1110.0755177530434 11.0 1110.0755177530434 1097.0755177530434 0.0
70000.0 80000.0 5650.51401171874 374.50616569010407 406.13827094129726 998.6689999999944 4.778999999980442 5491.916100387992 900.0230815890653 879.6380448397401 900.0230815890653 18.385036749325252 1234351.7929872216 895.4081183383905 14.0 895.4081183383905 879.4081183383905 0.0
80000.0 90000.0 3498.8578457030817 591.0129231179017 432.4857332312396 999.1030000000028 0.0 2146.0838996120083 1391.1718084528454 1376.5568452021705 1391.1718084528454 14.61496325067475 1948745.1469839783 1383.627415758131 9.0 1383.627415758131 1374.627415758131 0.0
90000.0 100000.0 4355.393146484275 320.02526963976237 404.59167224752576 999.3819999999832 5.168999999994412 6112.768801003211 1164.0544559486518 1144.530375567788 1165.0544559486518 19.52408038086363 1585892.9447500901 1146.436666116056 20.349386920575753 1146.436666116056 1125.0872791954803 0.0
100000.0 110000.0 4229.912847656233 417.1787626953155 405.8061801380585 999.5829999999842 0.0 123215.76160390726 1296.8996128350175 1187.4737137422096 1298.8996128350175 105.42589909280787 1670283.4358225097 1255.5767175603455 65.60059255309575 1256.5767175603455 1185.9761250072497 0.0
110000.0 120000.0 4068.770115234307 847.3185549665276 217.27300266220766 999.9710000000196 477.3420000000042 1908.469595089532 1216.7755234213766 1203.725502895048 1216.7755234213766 13.050020526328495 1706796.8401048544 1215.8755644740336 11.050020526328495 1215.8755644740336 1204.8255439477052 0.0
120000.0 130000.0 3152.914000000048 629.3245454545461 446.7942328037164 999.4170000000158 5.902000000001863 5729.0 1463.0 1443.0 1463.0 20.0 2042592.0 1455.0 14.0 1455.0 1441.0 0.0
130000.0 140000.0 3822.603999999992 516.1719166666686 474.2697883860193 999.2910000000265 5.052000000025146 2044.0 1246.0 1232.0 1246.0 14.0 1736312.0 1240.0 16.0 1240.0 1224.0 0.0
140000.0 150000.0 4092.4099980468745 544.0193638139172 479.33309659637905 998.5769999999902 6.811999999976251 5438.0 1192.712263949095 1174.712263949095 1192.712263949095 18.0 1668085.5310078838 1196.3100341401687 15.0 1196.3100341401687 1181.3100341401687 0.0
150000.0 160000.0 4693.08497851569 590.3065579426992 430.2413791745828 998.8420000000042 5.8439999999827705 2044.0 1078.0930691180183 1064.0930691180183 1078.0930691180183 14.0 1508264.5493441639 1076.6276971988004 12.0 1076.6276971988004 1064.6276971988004 0.0
160000.0 170000.0 3317.841242187482 501.63535784040243 414.6840984793995 999.560999999987 5.6049999999813735 118754.0 1406.5442373155104 1299.5442373155104 1407.5442373155104 106.0 1826134.4842607058 1360.7706845095463 59.0 1360.7706845095463 1299.7706845095463 0.0
170000.0 180000.0 5552.733990234381 555.9082512207024 416.2080460096002 999.8869999999879 5.532000000006519 1633.467570778199 913.7675916729086 902.2406785959313 913.7675916729086 11.526913076977102 1273887.7922606021 912.8638910787215 10.0 912.8638910787215 902.8638910787215 0.0
180000.0 190000.0 2226.7490546875633 478.29193600643123 443.7695177012577 999.9259999999776 4.880000000004657 9816.426260734966 1648.8514094843772 1620.674801925305 1648.8514094843772 27.91860443362919 2284847.366914385 1634.1948858856526 18.795934384281445 1634.1948858856526 1615.1409483759282 0.0
190000.0 200000.0 4292.779736328055 642.2811440972275 387.51393833299517 998.5470000000205 73.31003320310265 1595.3001305049386 1175.6407777432562 1164.0438734118889 1175.6407777432562 10.854907456810317 1635596.246414237 1165.36002721129 8.504490583135166 1165.36002721129 1156.1135397535975 0.0
200000.0 210000.0 4077.5092519531026 748.6640935058676 336.31619866786974 999.3040000000037 66.82200000004377 5009.806037981897 1211.3906507168344 1195.6910756842512 1211.3906507168344 15.69957503258339 1685680.0297980225 1201.8727799758208 10.69957503258339 1201.8727799758208 1191.1732049432376 0.0
210000.0 220000.0 3831.033999999985 565.6672727272803 465.50686073871447 999.7789999999804 5.02800000004936 2044.0 1231.0 1217.0 1231.0 14.0 1722556.0 1228.0 15.0 1228.0 1213.0 0.0
220000.0 230000.0 2928.4256992187584 471.8624294577098 441.6490029315729 999.9780000000028 4.7510000000474975 121451.07649275212 1546.696292583575 1433.4874048085026 1547.7659218419328 110.20888777507257 2013863.6669226848 1494.9051803586478 59.20888777507257 1495.9051803586478 1430.6266633252176 0.0
230000.0 240000.0 3487.093304687529 389.8940997242599 439.5356777224429 999.7820000000065 4.630000000004657 4880.92350724787 1219.6516357667522 1196.860523541825 1221.5820065083947 19.791112224927428 1689262.8945158808 1228.9651760138174 25.791112224927428 1228.9651760138174 1198.2436930472477 0.0
240000.0 250000.0 4639.996687499923 451.10057942708954 454.67411993810515 999.7260000000242 2.9510000000009313 5389.0 1115.9753339662013 1096.9753339662013 1115.9753339662013 18.0 1549526.0571494377 1119.4529059440636 14.0 1119.4529059440636 1101.4529059440636 0.0
250000.0 260000.0 4513.515658203163 685.8105427246046 342.133796684213 999.9529999999795 278.873291015625 2044.0 1135.9411152995756 1121.9411152995756 1135.9411152995756 14.0 1594051.4727438262 1133.4989304928756 10.0 1133.4989304928756 1123.4989304928756 0.0
260000.0 270000.0 3379.576171875 743.074425347227 330.68765393606634 999.8530000000028 67.24600000004284 5706.103974964146 1369.5500848675526 1349.7904223677685 1369.5500848675526 19.759662499784014 1905334.948195362 1359.0723821743245 11.919887499928004 1359.0723821743245 1347.1524946743966 0.0
270000.0 280000.0 4335.548201171914 473.5356499023425 446.2268749647713 999.4479999999749 5.503000000026077 1633.6930275843458 996.394763831486 984.8664925809778 996.394763831486 11.528271250508107 1385275.7356508325 992.314651331414 15.080112500071996 992.314651331414 977.234538831342 0.0
280000.0 290000.0 3407.377726562554 466.35800410155207 374.6101314966919 999.515999999945 0.0 165798.2029974515 1382.790773684857 1213.0787074351492 1387.790773684857 169.71206624970787 1648060.224821976 1296.790773684857 86.0 1297.790773684857 1204.790773684857 0.0
290000.0 300000.0 2808.627894531237 801.8863999999943 319.36765409172483 999.3199999999488 49.339999999967404 9415.0 1486.0 1459.0 1487.0 27.0 2057592.0 1476.0 18.0 1476.0 1457.0 0.0
