ts te idle avg_span std_span max_span min_span c_bytes_all c_ack_cnt c_ack_cnt_p c_pkts_all c_pkts_data s_bytes_all s_ack_cnt s_ack_cnt_p s_pkts_all s_pkts_data videorate
0.0 10000.0 1102.4759121093666 676.376961895637 366.9021516537269 999.9619999999995 0.0 130380.226250985 1894.7777047896202 1714.6242099427966 1906.7214035657835 177.1534948468231 3210202.0951778055 2480.0439926336426 137.87369234671175 2480.0439926336426 2332.226601510767 0.0
10000.0 20000.0 4868.191417968774 717.2888124999954 370.23184331969793 999.9899999999907 0.0009999999892897904 14383.0 989.0 967.0 989.0 22.0 1653419.0 1186.0 14.0 1186.0 1172.0 0.0
20000.0 30000.0 5021.2983164062025 718.6589377297821 381.3307238185672 999.00900000002 5.619000000006054 9316.705347582876 928.1380958149437 916.3379628003188 928.1380958149437 11.800133014624844 1710775.5151475535 1218.1247070525283 14.800133014624844 1218.1247070525283 1203.3245740379034 0.0
30000.0 40000.0 4831.686076171871 455.41726142940485 449.9662324761434 997.0910000000149 6.884000000020023 14567.294652417124 916.8619041850565 898.6620371996812 916.8619041850565 18.199866985375156 1580893.4848524467 1138.8752929474717 20.199866985375156 1138.8752929474717 1118.6754259620966 0.0
40000.0 50000.0 5281.131177734351 455.5870440848216 390.1179876191566 998.9610000000102 5.083999999973457 280870.0 839.6748648914404 614.6748648914404 842.6748648914404 224.0 1125143.1957778498 949.9693247744045 140.0 951.9693247744045 804.9693247744045 0.0
50000.0 60000.0 4772.300884765631 427.5858547712061 380.6558480738614 999.8539999999921 2.9479999999748543 12420.245012204961 905.9385099271196 888.441988447063 905.9385099271196 15.49652148005677 1573998.1857344098 1133.5436014874465 19.49652148005677 1133.5436014874465 1112.0470800073897 0.0
60000.0 70000.0 5935.185091796855 514.1962166940793 367.22428858879704 998.2139999999781 0.0 9234.186460931289 698.3006408940413 684.6072435556165 698.3006408940413 11.693397338424772 1210766.79854371 874.7473309842901 13.693397338424772 874.7473309842901 858.0539336458654 0.0
70000.0 80000.0 6586.2149003906525 384.6708208451693 410.61810422084085 999.2739999999758 5.726000000024214 10891.134326524518 668.1560109047907 653.6054943407958 668.1560109047907 13.550516563995009 1082175.0937904716 786.5580292599162 15.55051656399501 786.5580292599162 770.007512695921 0.0
80000.0 90000.0 6261.704535156256 566.3297180524512 365.81489801524265 996.560999999987 6.098999999987427 8134.296108734547 742.156987205703 731.8569715830226 742.156987205703 10.30001562268043 1266926.4786629209 903.9615577208499 10.28653195429477 903.9615577208499 893.6750257665552 0.0
90000.0 100000.0 4501.362814453139 524.6811448929323 451.5408223450124 996.6199999999953 5.0 83365.13809160469 1124.7729861769049 1049.813437182062 1127.7729861769049 74.95954899484302 1844977.2474906377 1367.2201557730928 50.97303266322868 1367.2201557730928 1313.247123109864 0.0
100000.0 110000.0 5387.63599999994 477.10636363636746 431.2078195555489 999.3560000000289 11.196999999985565 127450.0 1156.0 1041.0 1158.0 114.0 1471033.0 1117.0 57.0 1117.0 1057.0 0.0
110000.0 120000.0 4776.4370000000345 523.8534999999916 502.23019106543177 999.9689999999828 4.806999999971595 2044.0 1232.0 1218.0 1232.0 14.0 1722629.0 1223.0 9.0 1223.0 1214.0 0.0
120000.0 130000.0 4103.128000000026 595.9619999999937 476.9926228101826 999.9170000000158 5.434000000008382 5765.0 1417.0 1397.0 1417.0 20.0 1985283.0 1412.0 8.0 1412.0 1404.0 0.0
130000.0 140000.0 4877.791999999958 570.3908888888933 508.1085132421096 999.6630000000005 5.228000000002794 2044.0 1264.0 1250.0 1264.0 14.0 1771363.0 1255.0 6.0 1255.0 1249.0 0.0
140000.0 150000.0 4213.306740234373 299.4620531249995 435.227671471977 999.829000000027 5.244999999995343 5552.0 1395.0000118812718 1376.0000118812718 1395.0000118812718 19.0 1945668.8517457198 1394.2204844157702 17.0 1394.2204844157702 1377.2204844157702 0.0
150000.0 160000.0 3718.6430625000503 498.8026105769229 432.72191980056556 999.5979999999981 6.01400000002468 2044.0 1556.9999881187282 1541.9999881187282 1556.9999881187282 14.0 2161585.14825428 1535.77951558423 7.0 1535.77951558423 1526.77951558423 0.0
160000.0 170000.0 4660.689958984323 335.2581764705931 449.3577497430629 999.795999999973 0.0 121861.0 1303.0 1192.0 1304.0 110.0 1679046.0 1256.0 60.0 1257.0 1193.0 0.0
170000.0 180000.0 4547.422687499959 681.5721640625052 444.39489335777114 999.7229999999981 6.253000000026077 2376.0 1323.0340032555137 1307.0340032555137 1323.0340032555137 16.0 1865497.7387602893 1321.5067637862371 7.0 1321.5067637862371 1314.5067637862371 0.0
180000.0 190000.0 4882.598177734471 311.405719292528 394.25274360455103 997.679999999993 5.217999999993481 9806.835926556705 1085.7428380950532 1062.525515547004 1085.7428380950532 21.884553774437975 1499132.1375098862 1087.5009700154533 21.332768773611136 1087.5009700154533 1065.8354324682311 0.0
190000.0 200000.0 5292.266953124898 488.39897480469665 443.9520046475681 999.7539999999572 55.912000000011176 3473.4343952662853 1108.9817855461943 1087.890250733864 1110.9817855461943 18.42430358594148 1538102.4429383993 1104.7508930950703 8.667231226388864 1104.7508930950703 1092.4164306422924 0.0
200000.0 210000.0 5229.471007812419 438.94499928978354 484.27254557918667 998.2700000000186 6.824999999953434 5372.729678177011 1167.2413731032393 1149.5502304636186 1167.2413731032393 17.691142639620544 1616229.6807914255 1153.2413731032393 9.0 1153.2413731032393 1144.2413731032393 0.0
210000.0 220000.0 4220.310878906283 529.9035564630652 478.8810192484675 999.4649999999674 5.101000000024214 1934.7091689668146 1433.999763438092 1420.9128137732198 1433.999763438092 13.086949664872233 2008886.6125641535 1424.1736627678365 7.043474832436116 1424.1736627678365 1417.1301879354005 0.0
220000.0 230000.0 4902.527679687599 274.9477219121985 381.06788946141705 999.8839999999618 0.0 121469.07830437082 1239.5060660408099 1128.7520056143285 1240.5060660408099 107.75406042648147 1565667.4494254978 1182.8551969851264 56.55724666138796 1183.8551969851264 1118.2979503237384 0.0
230000.0 240000.0 4731.156281249947 316.3042187500019 442.99809804451 998.7870000000112 5.0799999999580905 1920.2125266623589 1241.494170521098 1227.3351806124517 1241.494170521098 13.158989908646294 1740360.9380103487 1244.971140247037 17.399278506175925 1244.971140247037 1226.571861740861 0.0
240000.0 250000.0 3696.0909999998985 482.00957142858533 474.78053704660886 999.6750000000466 2.719000000040978 6873.0 1503.0 1475.0 1505.0 26.0 2092255.0 1507.0 18.0 1507.0 1483.0 0.0
250000.0 260000.0 4339.929000000004 808.5815714285709 364.3758646031271 999.1820000000298 45.68400000000838 2042.0 1387.0 1373.0 1387.0 14.0 1945126.0 1380.0 8.0 1380.0 1372.0 0.0
260000.0 270000.0 3323.1200253905263 840.9529968261777 329.12797157630376 999.408000000054 50.743999999947846 5360.0 1659.456406015718 1641.456406015718 1659.456406015718 18.0 2347072.26059442 1656.6829555983331 3.0 1656.6829555983331 1653.6829555983331 0.0
270000.0 280000.0 3736.50826562522 421.61946835936203 478.81193664311803 999.984999999986 5.327999999979511 2044.0 1554.543593984282 1540.543593984282 1554.543593984282 14.0 2161679.73940558 1532.3170444016669 9.0 1532.3170444016669 1523.3170444016669 0.0
280000.0 290000.0 4550.870753906202 464.93576893028626 460.61279949987113 999.6870000000345 0.0 116015.0 1381.9214471960604 1275.9214471960604 1382.9214471960604 106.0 1808842.0695861408 1337.7897405633153 50.0 1338.7897405633153 1285.7897405633153 0.0
290000.0 300000.0 4306.949041015585 813.2929941406308 327.28878069707446 999.3719999999739 176.428955078125 2044.0 1331.8939860745363 1317.8939860745363 1331.8939860745363 14.0 1872318.7712700022 1326.8330923058277 6.0 1326.8330923058277 1320.8330923058277 0.0
