ts te idle avg_span std_span max_span min_span c_bytes_all c_ack_cnt c_ack_cnt_p c_pkts_all c_pkts_data s_bytes_all s_ack_cnt s_ack_cnt_p s_pkts_all s_pkts_data videorate
0.0 10000.0 19.54601757812634 560.1307240125868 355.6060499363451 999.6290000000008 73.285888671875 92539.17893666035 2327.153915850402 2159.838882790214 2334.1429145605225 167.31503306018735 3038228.8820785056 2285.777472415975 92.00304877850775 2285.777472415975 2186.7854249273464 0.0
10000.0 20000.0 2761.3288515624954 565.9763960336539 420.03653176445465 999.8949999999968 42.502111328125466 8313.428963338527 1447.209663257364 1420.2862198488701 1447.209663257364 26.923443408493842 2012472.3743627958 1427.5262469877248 13.734136721044068 1427.5262469877248 1413.792110266681 0.0
20000.0 30000.0 3793.632955078123 689.5963383246531 381.0432899581752 999.9689999999973 152.19997265624988 2069.2986402633655 1217.3120829945058 1203.159681547136 1217.3120829945058 14.152401447369673 1717617.3844748598 1212.1975126613834 11.0 1212.1975126613834 1201.1975126613834 0.0
30000.0 40000.0 4291.286031250005 427.0192084263389 413.5058663602589 999.9959999999992 5.588999999999942 17479.259031196645 1146.81219893426 1111.97931320416 1147.81219893426 34.83288573010027 1572439.387595333 1136.9267692673825 26.0 1136.9267692673825 1108.9267692673825 0.0
40000.0 50000.0 3991.8478378906293 453.5270792410707 410.0135823283839 997.3960000000006 4.536999999996624 246630.17925352996 1253.6768477203998 1052.760180662626 1255.6768477203998 198.91666705777376 1520287.6755779677 1218.0739855627937 145.74955278787402 1218.0739855627937 1070.3244327749194 0.0
50000.0 60000.0 4558.776175781255 321.41776801215343 411.2223867672758 999.3399999999965 2.31699999999546 5044.6087875500825 1201.2959305139902 1185.858237468149 1201.2959305139902 15.437693045841147 1637481.6963375607 1167.2732843390268 18.073152073555285 1167.2732843390268 1148.2001322654714 0.0
60000.0 70000.0 3153.3129238281253 711.6267076171877 364.72238400358134 999.0660000000062 97.11299999999756 2063.9529277233005 1448.4124770739782 1433.5997229076931 1448.4124770739782 13.812754166284817 2042679.8917000922 1437.0379854065477 9.177295138570681 1437.0379854065477 1426.860690267977 0.0
70000.0 80000.0 4362.812999999995 582.0635000000009 450.34582558351565 999.9609999999957 5.625 2044.0 1207.0 1192.0 1207.0 14.0 1699166.0 1204.0 12.0 1204.0 1190.0 0.0
80000.0 90000.0 4752.01386328123 530.7363000000026 458.37086009015604 999.6640000000043 5.086999999999534 5422.0 1050.0 1031.0 1050.0 18.0 1457045.0 1042.0 16.0 1042.0 1025.0 0.0
90000.0 100000.0 3015.422046874999 417.26047058823616 468.16975233123406 999.7609999999986 4.714000000007218 2376.0 1460.0 1444.0 1460.0 16.0 2057533.0 1458.0 19.0 1458.0 1439.0 0.0
100000.0 110000.0 4131.895099609392 461.6144948381677 442.14239219828863 999.4799999999959 0.0 116209.0 1280.2628381126292 1174.2628381126292 1281.2628381126292 106.0 1668176.91148232 1237.6795015567957 55.0 1238.6795015567957 1180.6795015567957 0.0
110000.0 120000.0 5174.144832031248 568.0829075520838 462.29855849391333 998.8839999999909 29.635999999998603 3013.0100337197655 930.4317264766859 910.6907021771692 932.4317264766859 17.74102429951666 1310675.1115436857 941.5330144334861 15.0 941.5330144334861 924.5330144334861 0.0
120000.0 130000.0 4573.905070312467 485.3519894205747 408.891484208258 999.5260000000126 4.953000000008615 6164.455063098034 1000.2465118110212 980.5811198646475 1001.2465118110212 19.665391946373695 1383257.8875963965 992.3221441641641 18.0 992.3221441641641 973.3221441641641 0.0
130000.0 140000.0 3524.015076171898 648.2089923828113 426.83619200018614 998.9830000000075 5.130000000004657 2142.5349031822007 1353.321440057247 1338.7278563031373 1353.321440057247 14.593583754109645 1910755.9903785225 1348.1370555798264 12.0 1348.1370555798264 1336.1370555798264 0.0
140000.0 150000.0 4606.747873046872 395.55615192522237 424.5145877259402 999.7129999999888 5.304999999993015 5256.894347747206 1097.9828736155844 1081.3808104304403 1097.9828736155844 16.60206318514397 1518032.2537842193 1081.777800709183 15.602063185143969 1081.777800709183 1066.1757375240393 0.0
150000.0 160000.0 3976.2100195312523 612.1704980468755 442.9890672459927 999.4519999999902 5.459999999991851 1886.1056522527938 1221.7546099268327 1207.3566731119768 1222.7546099268327 13.397936814856031 1714696.8452148563 1210.5504835565448 11.397936814856031 1210.5504835565448 1198.1525467416886 0.0
160000.0 170000.0 4109.487886718765 562.8787499999962 421.49596209628925 999.5899999999965 5.222000000008848 121846.0 1278.0 1168.0 1279.0 110.0 1657077.0 1234.0 61.0 1235.0 1171.0 0.0
170000.0 180000.0 4065.9610175781127 562.6799166666679 417.4406384685065 998.6300000000047 4.921999999991385 3812.0 1257.0 1234.0 1260.0 22.0 1760668.0 1253.0 15.0 1253.0 1235.0 0.0
180000.0 190000.0 2087.435921874945 472.2768932674645 464.10730616625574 999.5620000000054 4.875 9423.0 1506.6924955700183 1482.4548321714597 1506.6924955700183 24.0 2112010.5649202648 1500.9690106316584 18.237663398558603 1500.9690106316584 1482.4936838345411 0.0
190000.0 200000.0 4281.955816406262 641.1811228298595 447.20184425226734 998.8299999999872 52.58592187499744 2044.0 1141.863188856562 1127.1008522551206 1141.863188856562 14.0 1619575.9949219287 1141.2311053522637 7.762336601441396 1141.2311053522637 1132.7064321493808 0.0
200000.0 210000.0 4558.688312499988 693.9118359375025 352.4383873858969 999.93299999999 109.98300000000745 5363.997856792674 1141.784629187056 1124.1882565557748 1141.784629187056 17.596372631281163 1624768.9339665426 1147.9474523671515 9.0 1147.9474523671515 1138.9474523671515 0.0
210000.0 220000.0 4603.01500976563 451.75041585286334 429.46013594205874 998.2300000000105 5.418999999994412 1984.502270372328 1033.8646833880525 1020.2231034460506 1033.8646833880525 13.641579942001975 1447445.3924707177 1023.8194760773317 12.0 1023.8194760773317 1011.8194760773317 0.0
220000.0 230000.0 2963.321529296867 496.05061953125016 416.4299976741389 998.0290000000095 5.503999999986263 117928.03456986597 1472.7647639448264 1364.511543644429 1473.7647639448264 107.25322030039736 1935840.5051589173 1422.0027165181095 55.0 1423.0027165181095 1364.0027165181095 0.0
230000.0 240000.0 4634.822207031219 414.54813822115716 440.25418023447537 998.6510000000126 5.019999999989523 1928.5231198126078 1110.2410349169913 1095.9701202894319 1110.2410349169913 13.270914627559481 1549261.1786672194 1103.6066015869646 16.762087501239982 1103.6066015869646 1085.8445140857245 0.0
240000.0 250000.0 3520.0104003905435 518.3341482872582 464.84650302893107 999.8879999999772 31.510986328125 1575.7364379008343 1319.9692878728451 1308.5734459918792 1319.9692878728451 10.395841880965852 1836489.0150211765 1301.8564082144012 7.269498375201185 1301.8564082144012 1290.5869098392 0.0
250000.0 260000.0 5107.080986328074 708.2668590959927 376.8977898899298 999.9810000000289 64.94900000002235 5013.205745255595 1001.8199162636487 985.9778456458546 1001.8199162636487 15.842070617794167 1401004.414873233 990.5672292521194 6.9684141235588335 990.5672292521194 983.5988151285605 0.0
260000.0 270000.0 3433.059107421839 662.7081818181852 408.4446011379812 999.554999999993 18.01699999999255 8004.0 1431.0 1403.0 1433.0 28.0 1990300.0 1420.0 17.0 1420.0 1401.0 0.0
270000.0 280000.0 3816.970611328201 489.2646923076872 468.54031311765965 999.8420000000042 5.068000000028405 5424.0 1287.0 1268.0 1287.0 18.0 1801171.0 1278.0 13.0 1278.0 1264.0 0.0
280000.0 290000.0 3982.570070312533 508.43991766827037 445.3489997842714 998.8090000000084 0.0 115356.0 1269.3388357490433 1163.3388357490433 1270.3388357490433 104.0 1657621.7299295063 1222.8333119504043 52.0 1222.8333119504043 1168.8333119504043 0.0
290000.0 300000.0 3831.8104023438063 535.7966158854155 424.98723388999235 999.6869999999763 76.45400000002701 8195.82581223204 1288.896207936813 1257.7583275873262 1289.896207936813 27.13788034948685 1806268.6822063313 1285.4714068426358 10.137880349486847 1286.4714068426358 1272.333526493149 0.0
