ts te idle avg_span std_span max_span min_span c_bytes_all c_ack_cnt c_ack_cnt_p c_pkts_all c_pkts_data s_bytes_all s_ack_cnt s_ack_cnt_p s_pkts_all s_pkts_data videorate
0.0 10000.0 5.596027343748574 632.221184920401 352.2878559080005 999.6820000000007 87.3090000000011 118290.4392713506 2305.464402655597 2122.175926886092 2314.894241303827 183.28847576950517 3323135.5524249203 2546.7754239927863 118.64523243801551 2546.7754239927863 2418.7003529065405 0.0
10000.0 20000.0 4673.290865234379 620.6363796502976 437.19264755186674 998.3830000000016 0.0 19431.862261768856 990.8431918510177 962.3534667730266 990.8431918510177 28.48972507799098 1554676.986678908 1127.0550742628618 23.435224842885148 1127.0550742628618 1103.6198494199768 0.0
20000.0 30000.0 5227.78896679687 604.3906347656257 394.38195355383095 999.6840000000011 52.830000000001746 4694.137738231145 749.4784413903026 731.9681664682935 749.4784413903026 17.51027492200902 1036948.9506178376 748.6221692895634 12.564775157114848 748.6221692895634 736.0573941324486 0.0
30000.0 40000.0 3096.4216562499932 441.3590839843755 439.00322207360296 999.4320000000007 4.97899999999936 16247.0 1421.9890044691724 1388.9890044691724 1422.9890044691724 33.0 1941227.2983819784 1402.9890044691724 25.0 1402.9890044691724 1375.9890044691724 0.0
40000.0 50000.0 4732.389173828131 523.6243559194705 407.7089217277534 997.4600000000064 0.0 266684.2507869848 1249.0912742631017 1039.8909182795635 1250.0912742631017 206.20035598353817 1460960.584361853 1201.9922828831266 159.20035598353817 1201.9922828831266 1039.7919268995884 0.0
50000.0 60000.0 4696.772937500005 316.157161184209 415.54572828595246 998.7590000000055 4.9429999999993015 4381.749213015219 1075.9911004115454 1059.1914563950836 1076.9911004115454 16.799644016461816 1478650.0466735428 1071.0900917915205 19.799644016461816 1071.0900917915205 1049.2904477750587 0.0
60000.0 70000.0 2908.86099999999 467.3058125000007 453.2290940673346 999.3739999999962 5.2189999999973224 5722.0 1491.0 1470.0 1491.0 20.0 2070482.0 1486.0 18.0 1486.0 1465.0 0.0
70000.0 80000.0 4912.328999999998 657.5651249999992 408.08161933593584 999.9440000000031 5.169999999998254 1712.0 1007.0 994.0 1007.0 12.0 1404485.0 1007.0 14.0 1007.0 992.0 0.0
80000.0 90000.0 3331.3711132812314 562.2217405598967 469.73700166741395 999.8179999999993 5.062000000005355 6797.0 1346.8126548887235 1323.8126548887235 1347.8126548887235 23.0 1868099.5577809103 1340.2400622521773 17.0 1340.2400622521773 1322.2400622521773 0.0
90000.0 100000.0 4306.78389453124 383.7551434895839 454.47753673336973 999.9470000000001 5.039999999993597 2024.0454154731992 1195.0969267047356 1181.2171350452586 1195.0969267047356 13.879791659477105 1679031.8998372164 1197.871602746511 16.0 1197.871602746511 1181.871602746511 0.0
100000.0 110000.0 3121.4127636718767 374.62859138569144 436.25690158790314 999.3270000000048 0.0 125567.9545845268 1281.1250285115011 1170.0048201709783 1282.1250285115011 109.1202083405229 1640916.7891910172 1234.7274434110764 63.0 1234.7274434110764 1169.7274434110764 0.0
110000.0 120000.0 4603.148302734364 451.06105810546916 436.23010874756807 999.4560000000056 5.100999999995111 2154.9446699537207 1114.4600247122369 1097.9362616402266 1115.4600247122369 15.523763072010366 1547450.5560419983 1108.2510664393653 15.261881536005182 1108.2510664393653 1091.9891849033602 0.0
120000.0 130000.0 4326.768898437498 573.4917101562489 416.9308279724159 999.734999999986 5.23499999998603 5156.208412848713 1162.372109888772 1145.7788216361268 1162.372109888772 16.593288252644946 1614364.3552010737 1155.480903300943 13.85516978865013 1155.480903300943 1141.625733512293 0.0
130000.0 140000.0 4318.382140624977 568.1617859375023 456.09179684890603 999.6270000000077 4.951000000000931 1983.1110340662212 1204.8691643064624 1191.7577288306366 1204.8691643064624 13.11143547582591 1677988.494691141 1192.0313000634815 10.11143547582591 1192.0313000634815 1181.9198645876556 0.0
140000.0 150000.0 4318.594933593762 363.0435041503897 426.904088642249 998.7589999999909 5.0460000000020955 5227.735883131345 1189.2640909875684 1171.4925777880496 1189.2640909875684 16.771513199518775 1638037.3472566432 1179.3976217864456 19.771513199518775 1179.3976217864456 1158.6261085869269 0.0
150000.0 160000.0 4846.867999999988 473.5989090909107 481.90574476705683 999.9979999999923 5.304000000003725 2044.0 1037.0 1023.0 1037.0 14.0 1442339.0 1033.0 15.0 1033.0 1018.0 0.0
160000.0 170000.0 3362.0942265624763 609.887416666667 433.40733227918565 999.8990000000049 4.5719999999855645 119588.0 1395.0 1285.0 1396.0 110.0 1809274.0 1349.0 58.0 1350.0 1289.0 0.0
170000.0 180000.0 4124.247999999992 543.9331818181831 453.8555447943352 999.5320000000065 6.170000000012806 3055.0 1198.0 1178.0 1200.0 18.0 1663917.0 1197.0 17.0 1197.0 1177.0 0.0
180000.0 190000.0 2942.3259374999907 482.3206170572919 434.3010083593112 999.2220000000088 4.989999999990687 10607.0 1331.2863016864173 1307.464726264813 1331.2863016864173 23.0 1843714.2613074635 1323.2863016864173 18.82157542160433 1323.2863016864173 1303.6431508432088 0.0
190000.0 200000.0 4329.490255859331 708.8137180175836 415.6012393966977 999.2950000000128 21.70374414062826 2044.0 1182.7136983135827 1168.535273735187 1182.7136983135827 14.0 1656475.7386925365 1179.7136983135827 11.17842457839567 1179.7136983135827 1168.3568491567912 0.0
200000.0 210000.0 4706.456044921884 534.2900955078105 480.5547495615846 998.8010000000068 5.4359999999869615 5549.300180285149 1087.0496517272568 1068.1562771472259 1087.0496517272568 18.89337458003101 1517637.469264817 1090.6894042470708 16.0 1090.6894042470708 1074.6894042470708 0.0
210000.0 220000.0 4471.851068359392 465.66749430338433 437.4736385624953 999.8500000000058 5.309000000008382 1729.699819714852 1099.7287094120024 1087.6220839920336 1099.7287094120024 12.106625419968989 1544403.8112918618 1103.4284392800153 15.0 1103.4284392800153 1088.4284392800153 0.0
220000.0 230000.0 4374.114593749982 458.03231580529024 401.1709550464051 999.43299999999 4.744999999995343 124073.88648527012 1157.0464845743263 1044.9314916952376 1158.0464845743263 111.11499287908856 1473448.4094673523 1114.166973702854 60.11499287908856 1115.166973702854 1051.0519808237652 0.0
230000.0 240000.0 4360.797093749978 381.8572604166693 458.68360991244566 999.9809999999998 4.89100000000326 1818.15231848464 1199.18508082833 1185.0497917033867 1199.18508082833 12.135289124943125 1649592.690376759 1178.225673320039 14.885232724136786 1178.225673320039 1162.3404405959022 0.0
240000.0 250000.0 3746.419898437569 437.7150734374998 452.09043443492874 999.810999999987 4.835000000020955 1866.9611962452395 1350.9900734580847 1337.2403554621162 1350.9900734580847 12.749717995968311 1871148.6195992096 1339.4895094500212 11.999774396774649 1339.4895094500212 1323.4897350532465 0.0
250000.0 260000.0 4228.858000000007 583.3736999999965 452.79117780423553 998.810999999987 19.19900000002235 5367.0 1242.0 1224.0 1242.0 18.0 1724260.0 1233.0 9.0 1233.0 1222.0 0.0
260000.0 270000.0 4034.7380000000703 670.54522222221 421.20915237438726 999.7179999999935 8.452999999979511 2041.0 1243.0 1229.0 1243.0 14.0 1741944.0 1239.0 11.0 1239.0 1227.0 0.0
270000.0 280000.0 2546.6849999999395 550.1757857142948 475.00674456574626 999.6280000000261 5.657999999995809 5721.0 1517.0 1496.0 1517.0 20.0 2098826.0 1503.0 16.0 1503.0 1486.0 0.0
280000.0 290000.0 4087.5038925781264 407.2848071289045 446.53916824112 999.3989999999758 0.0 122901.0 1285.4673624204852 1176.4673624204852 1286.4673624204852 109.0 1677039.0816291978 1245.539674937771 54.0 1246.539674937771 1189.539674937771 0.0
290000.0 300000.0 3517.2679140625405 728.1958984374974 381.8411590856167 999.234999999986 71.03100000001723 5457.0 1311.5326375795148 1293.5326375795148 1311.5326375795148 18.0 1824124.9183708022 1300.460325062229 13.0 1300.460325062229 1287.460325062229 0.0
