ts te idle avg_span std_span max_span min_span c_bytes_all c_ack_cnt c_ack_cnt_p c_pkts_all c_pkts_data s_bytes_all s_ack_cnt s_ack_cnt_p s_pkts_all s_pkts_data videorate
0.0 10000.0 14.619019531237427 520.4066952566932 413.0396602222421 999.8609999999753 5.113000000012107 86880.00884640918 2605.031974780529 2456.8490502172162 2608.031974780529 148.18292456331244 3446620.1232302673 2568.359422620948 79.08654365906749 2568.359422620948 2486.2728789618805 0.0
10000.0 20000.0 3093.547531249933 523.4833645368344 440.31947865520425 999.3059999999823 2.482000000018161 6164.0 1722.158213235552 1698.158213235552 1722.158213235552 23.0 2385901.3426328846 1699.5277225966354 9.0 1699.5277225966354 1687.5277225966354 0.0
20000.0 30000.0 3886.4440000000177 873.3651428571403 325.1169611731721 999.9130000000005 136.19099999999162 2376.0 1502.0 1486.0 1502.0 16.0 2108361.0 1489.0 4.0 1489.0 1485.0 0.0
30000.0 40000.0 4577.985429687484 377.7279315104204 460.1967420128574 999.6599999999744 4.653999999980442 8806.0 1291.522384375544 1266.522384375544 1292.522384375544 25.0 1800245.4456343737 1295.4062989587565 16.0 1295.4062989587565 1278.4062989587565 0.0
40000.0 50000.0 4213.248574218713 337.6278398437555 422.6416014414233 999.789999999979 0.0 247868.0 1338.7498782788746 1136.7498782788746 1340.7498782788746 201.0 1607139.4276142805 1272.594312559909 123.0 1274.594312559909 1145.5943125599088 0.0
50000.0 60000.0 3882.5699824218755 401.9151790771539 439.98072907289094 999.1680000000051 2.6880000000237487 5333.0 1447.010655853733 1429.010655853733 1447.010655853733 18.0 2014249.331201342 1437.064657704021 15.0 1437.064657704021 1421.064657704021 0.0
60000.0 70000.0 4941.651968749997 533.0767968750035 433.67334104583284 999.9280000000144 11.775000000023283 2028.6763076625464 1245.0853631883053 1230.1776745879285 1245.0853631883053 13.907688600376785 1727439.16384853 1230.57994667264 6.0 1230.57994667264 1222.57994667264 0.0
70000.0 80000.0 4232.293843749969 390.2802421875017 411.54088994733155 999.6979999999749 6.1749999999883585 9789.928649989179 1317.4947556601069 1286.826510780654 1319.4947556601069 27.668244879452878 1804866.7500190565 1303.4900210217484 20.0 1304.4900210217484 1279.4900210217484 0.0
80000.0 90000.0 4858.332935546932 571.2963404947853 423.88648907042136 999.4519999999902 7.107000000018161 1782.395042348276 1213.895190217183 1201.4711236970127 1213.895190217183 12.424066520170339 1716762.7349965048 1219.443792014359 10.0 1219.443792014359 1209.443792014359 0.0
90000.0 100000.0 3801.465140625136 333.1797294407826 447.35945782777856 998.5779999999795 4.846000000019558 5462.105148804193 1553.0190664796512 1534.6895791590746 1553.0190664796512 18.329487320576664 2159218.273242902 1533.5277524425408 12.904212474368094 1533.5277524425408 1520.6235399681727 0.0
100000.0 110000.0 4534.946531249967 374.2232959558845 407.2589599588717 998.9280000000144 0.0 124871.11175522555 1266.9084703990725 1156.2296227605411 1267.9084703990725 106.67884763853118 1615883.8628630862 1216.7325565973488 62.81364536524955 1217.7325565973488 1148.9189112320992 0.0
110000.0 120000.0 2785.364685546898 660.5469376775542 401.2738753485789 999.9589999999735 51.380999999993946 5193.914060657292 1797.1653599512397 1780.380720858803 1797.1653599512397 16.784639092436812 2515984.540699256 1776.3334098516277 5.67862918615468 1776.3334098516277 1770.654780665473 0.0
120000.0 130000.0 5061.458310546819 494.9294689453207 456.1779813541413 999.8150000000023 5.26500000001397 1930.8690353129632 1194.14887559629 1179.9418496478347 1194.14887559629 13.20702594845535 1667794.469880668 1194.8272521770489 11.603512974227675 1194.8272521770489 1182.2237392028212 0.0
130000.0 140000.0 3556.597999999998 464.3562142857159 488.40100374623813 999.9830000000075 4.702999999979511 2042.0 1439.0 1425.0 1439.0 14.0 2037626.0 1453.0 16.0 1453.0 1436.0 0.0
140000.0 150000.0 3031.4700000000303 507.46621428571024 460.14384150447114 999.74099999998 4.9139999999897555 6405.0 1684.0 1660.0 1686.0 22.0 2343616.0 1682.0 16.0 1682.0 1663.0 0.0
150000.0 160000.0 5042.833000000042 555.8256666666647 489.9243845679096 999.9990000000107 5.092000000004191 2044.0 1218.0 1204.0 1218.0 14.0 1704848.0 1208.0 7.0 1208.0 1201.0 0.0
160000.0 170000.0 3605.4039277342963 468.837400000003 462.58922092574863 999.9500000000116 0.0 119971.0 1678.0 1570.0 1679.0 108.0 2216309.0 1622.0 50.0 1623.0 1570.0 0.0
170000.0 180000.0 3124.816999999981 764.4770000000005 401.15520840131865 998.6670000000158 5.10999999998603 2042.0 1612.0 1598.0 1612.0 14.0 2288857.0 1615.0 5.0 1615.0 1610.0 0.0
180000.0 190000.0 3620.015740234463 484.3420666666546 459.3285087150082 999.9560000000056 0.0 9335.0 1574.0 1550.0 1574.0 24.0 2185287.0 1563.0 15.0 1563.0 1548.0 0.0
190000.0 200000.0 4821.067035156186 739.8475664062591 397.156704313258 998.8510000000242 44.709000000031665 2044.0 1234.838968198991 1219.838968198991 1234.838968198991 14.0 1736200.1260090172 1233.01377180089 4.0 1233.01377180089 1228.01377180089 0.0
200000.0 210000.0 2977.7457187499385 707.5789281250094 408.0013795251779 999.8869999999879 12.370035156258382 5782.0 1702.329763223099 1682.329763223099 1702.329763223099 20.0 2399951.8224617275 1702.1549596212 9.0 1702.1549596212 1693.1549596212 0.0
210000.0 220000.0 3867.719048828003 472.21728876202656 453.34044339497325 999.0540000000037 6.545999999972992 2044.0 1480.83126857791 1466.83126857791 1480.83126857791 14.0 2058922.0515292552 1458.83126857791 8.0 1458.83126857791 1450.83126857791 0.0
220000.0 230000.0 4539.9650449219625 311.3362197265572 439.3125772955442 999.9649999999674 5.072999999974854 125573.0 1307.7359523156174 1192.7359523156174 1308.7359523156174 111.0 1678549.9399067014 1260.7359523156174 60.0 1261.7359523156174 1195.7359523156174 0.0
230000.0 240000.0 2834.8180292969337 571.6774592848512 435.7752718710738 999.9749999999767 5.072000000043772 3424.4292612170875 1724.0103782360359 1702.4957441323186 1726.0103782360359 18.514634103717395 2416677.1276207343 1719.4664759248838 13.0 1719.4664759248838 1703.4664759248838 0.0
240000.0 250000.0 5251.02002343745 413.0757480468698 438.2168022476203 999.7280000000028 26.726000000024214 5164.527581920232 1050.8589460843518 1033.0485389643502 1050.8589460843518 16.810407120001393 1465844.1880750442 1057.2403277836445 11.0 1057.2403277836445 1042.2403277836445 0.0
250000.0 260000.0 4144.570617187535 731.9286728515581 355.6072289539534 998.560999999987 77.86499999999069 1552.3172653438728 1398.2663476643518 1387.5604170874822 1398.2663476643518 10.705930576869559 1971726.5638113655 1395.5527554785644 5.4247774404706774 1395.5527554785644 1390.1279780380937 0.0
260000.0 270000.0 1621.9892421874683 702.5904798177071 380.785966587404 999.39300000004 53.074999999953434 5410.684498977006 1967.3963784175444 1949.6885197293052 1967.3963784175444 17.707858688239178 2790383.0921605057 1975.5233453660323 9.722988657294827 1975.5233453660323 1965.8003567087374 0.0
270000.0 280000.0 2537.1750429685926 578.1048428485653 460.76070782947374 999.75 5.535000000032596 1942.041392541802 1753.7319972820987 1740.4708277709262 1753.7319972820987 13.261169511172477 2498132.088425649 1763.4811431312578 7.852233902234495 1763.4811431312578 1755.628909229023 0.0
280000.0 290000.0 3123.0497851562686 544.8554285714303 474.96411678807004 998.5470000000205 0.0 120283.0 1743.0 1635.0 1744.0 108.0 2306287.0 1691.0 51.0 1692.0 1638.0 0.0
290000.0 300000.0 4889.696999999927 851.7171666666787 329.3317807837263 999.6600000000326 181.49199999996927 2044.0 1190.0 1176.0 1190.0 14.0 1680117.0 1195.0 10.0 1195.0 1185.0 0.0
