ts te idle avg_span std_span max_span min_span c_bytes_all c_ack_cnt c_ack_cnt_p c_pkts_all c_pkts_data s_bytes_all s_ack_cnt s_ack_cnt_p s_pkts_all s_pkts_data videorate
0.0 10000.0 230.31589257810265 976.9684107421897 69.30526513752848 999.9720000000088 779.735107421875 7733.071281479512 2332.4248018503517 2286.864131479993 2333.4248018503517 45.56067037035851 3352256.34933119 2358.864131479993 11.0 2358.864131479993 2346.864131479993 713.7931034482758
10000.0 20000.0 2925.6711074217455 786.036543619806 331.3924018931139 999.4710000000196 219.49589257815387 2116.9287185204876 1582.5751981496483 1568.1358685200069 1582.5751981496483 14.43932962964149 2239626.65066881 1579.1358685200069 9.0 1579.1358685200069 1570.1358685200069 646.1538461538462
20000.0 30000.0 4477.386117187503 690.85886035156 438.5365592038012 999.9799999999814 4.256999999983236 2376.0 1307.2131635181358 1291.2131635181358 1307.2131635181358 16.0 1863215.4818163635 1312.339185278244 7.0 1312.339185278244 1305.339185278244 600.0
30000.0 40000.0 5417.290826171869 763.7848623046884 361.86360236754655 999.4930000000168 150.8300000000163 2036.2113614658153 1085.9162006436188 1071.963120152861 1085.9162006436188 13.953080490757923 1539783.9307631804 1084.8840179019949 6.0 1084.8840179019949 1078.8840179019949 818.1818181818181
40000.0 50000.0 3375.4127871093806 736.0652458767355 366.78196149584585 998.6830000000191 46.91594335937407 2010.614611686575 1616.117450341587 1602.318567138656 1616.117450341587 13.798883202931176 2290006.1725863563 1606.271647629414 6.0 1606.271647629414 1600.271647629414 784.6153846153846
50000.0 60000.0 3213.472173828166 678.6527826171834 418.5711001905403 999.8829999999725 27.885000000009313 2085.1740268476096 1622.3196894255266 1608.0716531192156 1622.3196894255266 14.248036306310901 2310734.1979058236 1624.0716531192156 8.0 1624.0716531192156 1616.0716531192156 830.7692307692307
60000.0 70000.0 4819.6612167968415 863.3897972005265 144.48038869960254 999.6290000000154 677.8410000000149 1987.43264432663 1298.044822932118 1284.4413230887071 1298.044822932118 13.603499843410958 1832727.4193687204 1286.4500726972344 3.9339166405684933 1286.4500726972344 1282.516156056666 750.0
70000.0 80000.0 4140.496621093713 651.5588198784777 423.6789396809039 999.88400000002 4.526000000012573 1955.8693704502284 1416.2749340296994 1403.0065022650497 1416.2749340296994 13.268431764649716 2003658.3848632884 1408.485479088765 7.546034508046274 1408.485479088765 1400.9394445807186 876.9230769230769
80000.0 90000.0 4133.813246093749 651.7985282118057 417.91018593208867 998.9859999999753 39.06201171875 1372.7121139500944 1362.5104033896164 1353.1082656228348 1362.5104033896164 9.402137766781468 1940902.7845141925 1361.1686779402764 7.559201619219825 1361.1686779402764 1353.6094763210567 900.0
90000.0 100000.0 3339.912011718785 951.4411411830307 105.70045932775923 999.6739999999991 714.1240000000107 2003.9858712730475 1619.603335719698 1605.87740509454 1619.603335719698 13.725930625157858 2301091.628182075 1609.3292663448558 3.9608472321654085 1609.3292663448558 1605.3684191126904 840.0
100000.0 110000.0 3305.969000000041 743.7812222222177 393.10431145681036 999.7089999999735 72.99900000001071 2376.0 1458.0 1440.0 1458.0 16.0 2064102.0 1458.0 11.0 1458.0 1446.0 600.0
110000.0 120000.0 4073.1330000000307 846.6952857142813 259.5030524378658 999.5420000000158 459.83299999998417 2044.0 1316.0 1302.0 1316.0 14.0 1891309.0 1332.0 9.0 1332.0 1323.0 660.0
120000.0 130000.0 2927.3760000000475 884.0779999999941 240.31455939128787 999.685999999987 330.85899999999674 2044.0 1702.0 1688.0 1702.0 14.0 2422445.0 1700.0 6.0 1700.0 1694.0 840.0
130000.0 140000.0 4923.456000000006 725.2205714285707 467.2833060977267 999.9139999999898 9.14299999998184 2044.0 1190.0 1176.0 1190.0 14.0 1691151.0 1191.0 6.0 1191.0 1185.0 600.0
140000.0 150000.0 4411.7867343749385 798.3161808035802 343.61067303470804 999.8560000000289 95.32500000001164 2376.0 1311.7877722219691 1295.7877722219691 1311.7877722219691 16.0 1895100.4618726529 1336.1933763004533 8.0 1336.1933763004533 1328.1933763004533 750.0
150000.0 160000.0 2974.477369140659 702.5522630859341 399.2406968022902 999.9859999999753 6.694000000017695 1874.0 1771.1949246325737 1758.1949246325737 1771.1949246325737 13.0 2519835.6215978884 1763.7893205540893 2.0 1763.7893205540893 1761.7893205540893 1236.3636363636363
160000.0 170000.0 2965.329873046896 703.4670126953104 401.1022304391677 999.545999999973 53.786000000021886 2376.0 1690.8182345118432 1674.8182345118432 1690.8182345118432 16.0 2416023.9638584475 1693.5937249016995 8.0 1693.5937249016995 1685.5937249016995 892.3076923076923
170000.0 180000.0 4067.2869238281273 741.5891345214841 349.43701810161355 999.984999999986 11.76600000000326 2044.0 1349.2770483998165 1335.2770483998165 1349.2770483998165 14.0 1922950.4951941576 1358.3739549959428 10.0 1358.3739549959428 1348.3739549959428 738.4615384615385
180000.0 190000.0 3042.7600039063254 773.0266662326305 321.2901501027151 998.9889999999432 240.31200000003446 2510.619624347454 1624.1550456808513 1605.726144144225 1624.1550456808513 18.428901536626398 2320040.38562706 1632.4877678099804 9.592072526161711 1632.4877678099804 1622.8956952838187 1015.3846153846154
190000.0 200000.0 4920.29778125009 634.9627773437387 434.88762269420994 998.6840000000084 40.90399999998044 1380.3094706660165 1187.381896096375 1177.9277216397584 1187.381896096375 9.45417445661655 1688101.232004416 1184.8260049609921 6.7529817547261075 1184.8260049609921 1178.073023206266 825.0
200000.0 210000.0 2232.2213144531706 863.0865206163144 211.97980158984777 999.7010000000009 499.52800000004936 2101.0709049865295 1883.3850784565711 1869.2681544498141 1883.3850784565711 14.116924006757053 2684036.839845377 1879.7358504768422 6.65494571911218 1879.7358504768422 1873.0809047577302 800.0
210000.0 220000.0 3235.582999999984 845.552125000002 283.3351906142501 999.8780000000261 346.4910000000382 2044.0 1493.0 1479.0 1493.0 14.0 2133578.0 1501.0 11.0 1501.0 1490.0 780.0
220000.0 230000.0 3430.1219531251118 821.234755859361 344.09991985386614 999.3260000000009 89.998046875 2376.0 1366.301115790407 1350.301115790407 1366.301115790407 16.0 1959165.3552877028 1377.8185003103113 10.0 1377.8185003103113 1367.8185003103113 600.0
230000.0 240000.0 5770.816166015691 528.6479792480386 501.66401260676287 998.7589999999618 33.7510000000475 2044.0 844.349132605973 830.349132605973 844.349132605973 14.0 1213713.4083999423 864.131753976892 12.0 864.131753976892 852.131753976892 654.5454545454545
240000.0 250000.0 4326.4378691406455 810.5088758370506 346.71409939310905 998.8059999999823 49.04000000003725 1686.0 1340.4214904393418 1329.4214904393418 1340.4214904393418 11.0 1927642.2172510598 1349.971260253564 6.0 1349.971260253564 1343.971260253564 720.0
250000.0 260000.0 4572.128947265679 603.0967836371468 469.74448017949754 998.9599999999627 47.756999999983236 2376.0 1165.2826795840977 1149.2826795840977 1165.2826795840977 16.0 1664104.3815858352 1178.4329038790524 11.0 1178.4329038790524 1167.4329038790524 646.1538461538462
260000.0 270000.0 4569.875138671952 775.732123046864 315.375415350211 999.9549999999581 175.28099999995902 1993.7580888115194 1183.96330607048 1170.3154689993712 1183.96330607048 13.647837071108782 1677351.533192896 1183.2589802126977 9.706530892590651 1183.2589802126977 1173.552449320107 646.1538461538462
270000.0 280000.0 3599.678925781278 800.0401342773403 334.81587331637456 999.8560000000289 58.60607421875466 1238.2419111884806 1345.6822755097003 1337.330112580809 1345.6822755097003 8.352162928891218 1920686.1042825638 1349.3866013674829 6.293469107409349 1349.3866013674829 1343.0931322600734 844.4444444444445
280000.0 290000.0 1113.9879999998957 987.3346666666782 29.23829349073417 999.6850000000559 910.6689999999944 2376.0 1842.0 1826.0 1842.0 16.0 2630998.0 1852.0 12.0 1852.0 1840.0 766.6666666666666
290000.0 300000.0 3819.6639999999898 882.9051428571444 294.4023151615341 998.9179999999469 215.47100000001956 2044.0 1367.0 1353.0 1367.0 14.0 1957889.0 1378.0 10.0 1378.0 1368.0 720.0
