ts te idle avg_span std_span max_span min_span c_bytes_all c_ack_cnt c_ack_cnt_p c_pkts_all c_pkts_data s_bytes_all s_ack_cnt s_ack_cnt_p s_pkts_all s_pkts_data videorate
0.0 10000.0 1.9305859375017462 682.7037580180923 345.4939200083839 999.3600000000006 30.95799999999872 127744.47517629818 2071.4708292842624 1880.2615979807315 2085.42884713889 188.2092313035306 3536431.8570479834 2721.872108336307 136.16472444773564 2721.872108336307 2573.7493660339433 0.0
10000.0 20000.0 5855.948923828124 621.1793131510424 375.7231275098696 999.8969999999972 39.081697265624825 17342.0 730.9932114600435 705.9932114600435 730.9932114600435 25.0 1243149.2524316055 903.7694806733866 18.0 903.7694806733866 885.7694806733866 0.0
20000.0 30000.0 5540.539300781253 826.3743846153845 254.4588386827163 999.6779999999999 339.34300000000076 10262.0 710.0 693.0 710.0 17.0 1333779.0 959.0 13.0 959.0 946.0 0.0
30000.0 40000.0 5192.321339843751 511.7072727272723 426.8120297857435 999.9479999999967 0.0 23371.0 678.0 647.0 679.0 29.0 1243823.0 918.0 26.0 918.0 889.0 0.0
40000.0 50000.0 4423.667808593738 621.2142836681551 389.6781979376087 999.8399999999965 4.948999999993248 263521.0 920.9802621776728 717.9802621776728 922.9802621776728 202.0 1439049.4582054226 1141.2958390794277 111.0 1141.2958390794277 1026.2958390794277 0.0
50000.0 60000.0 5958.041685546894 393.773906808034 382.73046370642317 998.4860000000044 5.039000000004307 11215.0 591.0197378223272 576.0197378223272 591.0197378223272 14.0 1081989.5417945774 787.7041609205723 18.0 787.7041609205723 768.7041609205723 0.0
60000.0 70000.0 5650.382117187502 760.6342838541653 338.7881947214691 999.9130000000005 108.24599999999919 11058.0 724.6933795403659 709.6933795403659 724.6933795403659 14.0 1404211.270402491 1008.9959876002217 16.0 1008.9959876002217 991.9959876002217 0.0
70000.0 80000.0 6439.067031250001 490.0493134765614 398.5610062896233 999.9649999999965 0.0 11387.708186352857 635.6845561356196 621.5014190919762 635.6845561356196 14.18313704364342 1058415.4516911842 765.6586771547659 12.18313704364342 765.6586771547659 752.4755401111224 0.0
80000.0 90000.0 1233.2218984374922 614.5775574869782 395.2160570919403 999.8359999999957 0.0 20144.41532175183 1660.7768429727403 1616.401041475519 1663.7768429727403 43.37580149722134 2526081.0622768863 1861.3875514934816 16.31295247832227 1861.3875514934816 1841.0745990151595 0.0
90000.0 100000.0 429.11696874999325 589.2139847560973 409.27552266612685 999.851999999999 5.082999999998719 108043.87649189531 1423.8452213512742 1286.404159892139 1424.8452213512742 137.44106145913526 2084356.2156294382 1604.9577837515308 64.50391047803431 1604.9577837515308 1539.4538732734964 0.0
100000.0 110000.0 5166.893999999986 511.9928181818197 422.5213826572135 999.9470000000001 21.364000000001397 124868.0 1152.0 1039.0 1154.0 113.0 1479602.0 1131.0 65.0 1132.0 1063.0 0.0
110000.0 120000.0 3965.665000000008 762.0105000000003 424.2385541683502 998.9409999999916 61.74900000001071 2230.0 1448.0 1431.0 1449.0 16.0 2037669.0 1447.0 10.0 1447.0 1435.0 0.0
120000.0 130000.0 2355.8980000000156 641.8129166666646 452.11536783445365 999.9180000000051 5.997999999992317 5760.0 1828.0 1808.0 1828.0 20.0 2570004.0 1822.0 9.0 1822.0 1813.0 0.0
130000.0 140000.0 4468.163999999961 615.2520000000045 472.0113185475551 999.494000000006 5.4320000000006985 2044.0 1231.0 1216.0 1231.0 14.0 1727543.0 1232.0 11.0 1232.0 1220.0 0.0
140000.0 150000.0 3484.8616523437668 325.55437760416646 442.1149753739196 999.6529999999912 5.570999999996275 5761.018148124405 1286.2628179019475 1262.4735519493909 1287.2628179019475 21.789265952556658 1818439.1604034794 1314.6842859968342 25.0 1314.6842859968342 1287.6842859968342 0.0
150000.0 160000.0 4543.088046875026 440.47922716345954 416.6097176738195 999.2799999999988 7.209000000002561 2892.9818518755947 1197.2680514562667 1178.0573174088233 1199.2680514562667 16.210734047443342 1661244.6540013545 1199.3191747154087 18.0 1199.3191747154087 1178.3191747154087 0.0
160000.0 170000.0 4711.2455605469 490.2252207031204 440.59930108850745 999.1460000000079 7.921999999991385 122484.04688995749 1245.384533889733 1136.5770225044469 1246.384533889733 107.80751138528606 1597698.0026586694 1191.489408379846 52.0 1192.489408379846 1137.489408379846 0.0
170000.0 180000.0 4857.174347656284 515.6190652343706 442.5272737805214 999.9599999999919 6.459000000002561 2003.3176553268877 1129.0684738171128 1115.3135481826134 1129.0684738171128 13.754925634499324 1609255.620597339 1142.5539488344732 8.56243701978539 1142.5539488344732 1133.9915118146878 0.0
180000.0 190000.0 5097.009607421904 292.68958912417446 391.23432884565335 999.3559999999998 5.171999999991385 9719.761521551485 1132.7823465692059 1110.404151523116 1132.7823465692059 21.637117599707736 1558570.5708770067 1128.260928534592 21.27841773634295 1128.260928534592 1106.2414333518673 0.0
190000.0 200000.0 2795.063066406292 722.8562839843711 368.7518863729989 999.125 23.625906250003027 2057.7142859067117 1739.0177534659488 1725.0247597873122 1739.0177534659488 13.734071125018257 2441823.328789812 1722.9302072769851 6.50604583948077 1722.9302072769851 1716.165238883886 0.0
200000.0 210000.0 4257.520941406256 579.424305859374 452.738785410798 999.5979999999981 51.763999999995576 5063.8501506352995 1366.9817651000035 1351.1567640084431 1366.9817651000035 15.825001091560141 1907148.067309907 1355.1967675014357 8.260000873248112 1355.1967675014357 1346.9367666281876 0.0
210000.0 220000.0 5135.940054687497 491.6047945312515 493.6520068957182 998.4519999999902 5.923000000009779 1939.30949662213 1151.2342577997824 1137.992884635854 1151.2342577997824 13.241373163928477 1608143.5953624328 1142.565278760425 9.393098531142781 1142.565278760425 1133.1721802292823 0.0
220000.0 230000.0 3603.3533828124637 529.384785714287 464.7077498296359 999.9500000000116 5.456999999994878 122541.0 1559.0 1445.0 1560.0 111.0 2039936.0 1513.0 60.0 1514.0 1450.0 0.0
230000.0 240000.0 4397.333822265646 335.3903529411747 450.9876841845233 999.0860000000102 5.144999999989523 2044.0 1319.0 1304.0 1319.0 14.0 1843724.0 1319.0 18.0 1319.0 1300.0 0.0
240000.0 250000.0 4163.795589843707 490.86794287109416 495.8541471624314 999.8310000000056 2.651000000012573 5359.0 1376.5969634379708 1357.5969634379708 1376.5969634379708 18.0 1943958.109891357 1391.3740265345637 12.0 1391.3740265345637 1374.3740265345637 0.0
250000.0 260000.0 3505.783314453147 721.5796317274281 390.1457240480682 999.9739999999874 166.91800000000512 2044.0 1577.4030365620292 1563.4030365620292 1577.4030365620292 14.0 2199195.890108643 1554.6259734654363 6.0 1554.6259734654363 1548.6259734654363 0.0
260000.0 270000.0 4029.1318886718364 670.656567925348 464.3250105874134 999.765000000014 12.701999999990221 5682.257669791567 1360.126395983859 1340.3597835152352 1360.126395983859 19.766612468623897 1926115.5502660368 1375.126395983859 14.0 1375.126395983859 1361.126395983859 0.0
270000.0 280000.0 4991.128898437542 321.4870092773417 416.7552005791809 999.5989999999874 5.204000000027008 1868.9208904854502 1051.4049005810768 1037.4595940118875 1051.4049005810768 12.945306569189459 1480570.9174740126 1064.0489410621703 16.0 1064.0489410621703 1047.0489410621703 0.0
280000.0 290000.0 4963.93134374998 393.3086183035713 408.0529775004674 999.7550000000047 0.0 119865.86633234697 1192.6581469236967 1085.6830485360645 1193.6581469236967 105.97509838763226 1536006.3051884167 1150.701123868049 52.0 1150.701123868049 1096.701123868049 0.0
290000.0 300000.0 4205.062966796802 724.3671291503997 341.8237797917647 999.2480000000214 202.7050000000163 1908.1401541487198 1388.736142172204 1374.0824932539372 1388.736142172204 14.65364891826692 1954106.4690874445 1384.0491247467585 8.468133268742507 1384.0491247467585 1375.5809914780157 0.0
