ts te idle avg_span std_span max_span min_span c_bytes_all c_ack_cnt c_ack_cnt_p c_pkts_all c_pkts_data s_bytes_all s_ack_cnt s_ack_cnt_p s_pkts_all s_pkts_data videorate
0.0 10000.0 1675.3392812500242 687.8647204639642 338.54464601576456 999.9729999999981 0.9789999999920838 125585.22751604786 1753.3657330365747 1580.000926258475 1764.2643076519835 170.36480677809985 2973420.5752055096 2307.6240598057548 125.62291441797137 2307.6240598057548 2171.1025707723747 0.0
10000.0 20000.0 5591.1297578124795 590.7855882353033 394.948185873644 999.9120000000112 58.57900000002701 15012.0 774.0 750.0 775.0 23.0 1355624.0 985.0 15.0 985.0 968.0 0.0
20000.0 30000.0 5112.031636718777 708.7591249999969 397.7096764372865 999.7280000000028 7.663000000000466 11058.0 901.0 887.0 901.0 14.0 1531285.0 1095.0 15.0 1095.0 1080.0 0.0
30000.0 40000.0 5582.289013671922 468.4261052631528 431.4032953228749 998.2189999999828 6.679000000003725 12883.0 782.0 766.0 782.0 16.0 1386272.0 998.0 17.0 998.0 981.0 0.0
40000.0 50000.0 4126.307904296962 619.1781694123638 394.27656572468624 999.1510000000126 4.992000000027474 277570.0 1204.5102552612968 991.5102552612967 1206.5102552612968 212.0 1671355.2507792814 1328.2981439607474 138.0 1329.2981439607474 1186.2981439607474 0.0
50000.0 60000.0 5246.82797460939 423.2151030273405 384.34403533452 999.0439999999944 5.238000000012107 11997.0 790.5831883277415 773.5831883277415 790.5831883277415 15.0 1391242.4308156997 1007.0538739629088 19.0 1007.0538739629088 986.0538739629088 0.0
60000.0 70000.0 5431.917193359404 529.9794965820299 366.99262252565023 997.7110000000102 0.0 8974.4753856046 821.2545526636216 808.8880729410614 821.2545526636216 11.366479722560175 1403702.0557967543 1008.2739449702606 13.366479722560175 1008.2739449702606 992.9074652477004 0.0
70000.0 80000.0 6524.339798828063 337.11718805803685 356.4626213392828 999.5740000000224 0.0 10874.580570121334 634.3235703958987 618.7957620287483 634.3235703958987 13.527808367150529 1062801.7438310366 773.5144929357043 15.527808367150529 773.5144929357043 755.9866845685539 0.0
80000.0 90000.0 4472.82211914059 678.6895595238117 389.3559975459805 999.9099999999744 6.114000000001397 8774.944044274065 1099.3284333514416 1088.2227214411523 1099.3284333514416 11.105711910289298 1877245.518777228 1332.8595441703787 12.105711910289298 1332.8595441703787 1320.7538322600894 0.0
90000.0 100000.0 4366.942033203086 467.5882534993555 450.4058388441455 999.2509999999893 4.804999999993015 12837.0 1100.9382156297593 1083.9382156297593 1101.9382156297593 17.0 1968037.0796558165 1422.7532204053891 23.0 1422.7532204053891 1398.7532204053891 0.0
100000.0 110000.0 4993.446414062462 574.3970870916171 365.0091270274678 999.9519999999902 18.45199999999022 205485.0 992.0617843702408 817.0617843702408 994.0617843702408 173.0 1382949.9203441835 1111.2467795946109 102.0 1112.2467795946109 1005.2467795946109 0.0
110000.0 120000.0 5389.431109375029 778.271785714281 285.2551589453749 999.7010000000009 250.10899999999674 10266.0 862.0 849.0 862.0 13.0 1523895.0 1088.0 13.0 1088.0 1075.0 0.0
120000.0 130000.0 4291.471603515674 664.664714285713 407.25406865077497 998.5860000000102 4.802000000025146 14444.0 1173.0 1155.0 1173.0 18.0 2023091.0 1444.0 17.0 1444.0 1427.0 0.0
130000.0 140000.0 5086.185830078146 651.0947333333315 403.0156938320493 999.1460000000079 0.0 9475.0 755.0 743.0 755.0 12.0 1360097.0 972.0 14.0 972.0 958.0 0.0
140000.0 150000.0 5988.8213535157265 422.609999999994 438.87682226283675 995.0960000000196 5.472999999998137 12828.0 797.0 781.0 797.0 16.0 1270700.0 920.0 20.0 920.0 900.0 0.0
150000.0 160000.0 5345.454738281202 701.877718750004 369.8620669856961 995.7249999999767 7.884000000020023 10266.0 880.8361030927229 867.8361030927229 880.8361030927229 13.0 1596921.7426859003 1137.773629331863 14.0 1137.773629331863 1123.773629331863 0.0
160000.0 170000.0 5563.081091796863 382.7672081250046 348.34978884864097 999.7280000000028 0.0 130558.24781905954 821.4935159690369 707.3162115201626 823.4935159690369 112.17730444887427 1206245.1126142628 936.0478314896745 62.17730444887427 937.0478314896745 869.8705270408002 0.0
170000.0 180000.0 5526.125166015583 606.8296044921917 327.1050622050559 999.8319999999949 1.3549999999813735 8310.313485347502 821.4675126318032 810.9407099080355 821.4675126318032 10.526802723767581 1359924.2472625496 968.9962987031538 11.526802723767581 968.9962987031538 957.4694959793862 0.0
180000.0 190000.0 5853.749056640721 456.20286417643365 390.11004349496955 999.9399999999441 5.2049999999580905 17452.421358685853 826.8463710207678 806.4343134271253 826.8463710207678 19.412057593642576 1355146.7059700862 985.9096357116551 21.412057593642576 985.9096357116551 963.4975781180126 0.0
190000.0 200000.0 5499.300658203079 708.7603228759908 393.8250422893752 999.7789999999804 5.854000000050291 8596.017336907105 831.3564972856694 820.4726620519539 831.3564972856694 10.88383523371558 1479985.1914672013 1055.2726047636536 12.88383523371558 1055.2726047636536 1042.388769529938 0.0
200000.0 210000.0 5973.425361328176 650.6341666666558 393.00231977684075 995.4459999999963 5.12699999997858 13674.0 738.0 721.0 738.0 17.0 1288490.0 927.0 15.0 927.0 912.0 0.0
210000.0 220000.0 5306.874925781274 605.3168947368395 423.57838621321815 999.73199999996 4.645999999949709 9475.0 883.0 871.0 883.0 12.0 1573093.0 1123.0 15.0 1123.0 1108.0 0.0
220000.0 230000.0 4918.13804882823 519.901526315775 403.5116882233048 999.9520000000484 5.650999999954365 133298.0 1013.0 901.0 1014.0 108.0 1579362.0 1193.0 62.0 1193.0 1126.0 0.0
230000.0 240000.0 4593.456566406181 595.5702916666633 449.99587002775564 999.6739999999991 6.459999999962747 11058.0 1044.0 1029.0 1044.0 14.0 1784982.0 1281.0 21.0 1281.0 1259.0 0.0
240000.0 250000.0 5502.182982421829 504.55200000000184 424.23472423510924 999.1049999999814 0.0 12882.0 820.0 804.0 820.0 16.0 1453726.0 1049.0 14.0 1049.0 1031.0 0.0
250000.0 260000.0 5504.371316406294 724.0537857142792 335.84042362251967 999.8149999999441 9.270999999949709 9475.0 739.0 726.0 739.0 12.0 1325900.0 951.0 13.0 951.0 937.0 0.0
260000.0 270000.0 5960.656412109383 742.2886849459118 355.84418927771236 999.8220000000438 76.91099999996368 12836.611082368996 716.5469002949628 700.5675933727797 716.5469002949628 15.979306922183076 1244676.2918676627 891.6774764126556 10.979306922183076 891.6774764126556 880.6981694904725 0.0
270000.0 280000.0 5469.575066406047 464.2003039062605 427.03234833267567 998.4290000000037 5.187000000034459 9491.388917631004 700.8542492494214 688.8335561716045 700.8542492494214 12.020693077816924 1209725.0151755388 868.4279559397866 15.020693077816924 868.4279559397866 853.4072628619697 0.0
280000.0 290000.0 5822.314060546923 492.4150823242147 408.14422799579427 995.8149999999441 5.074000000022352 129791.57559932754 735.459718928375 621.6283697391546 738.459718928375 111.83134918922045 1108131.1542995763 866.1985140214091 63.83134918922044 867.1985140214091 798.3671648321888 0.0
290000.0 300000.0 5140.146181640681 639.679786534932 377.8544763093543 999.905999999959 9.397699218709022 6540.132908199164 794.8642451774066 786.578916876135 794.8642451774066 8.28532830127153 1242124.5776280127 885.4462159835283 8.28532830127153 885.4462159835283 877.1608876822568 0.0
