ts te idle avg_span std_span max_span min_span c_bytes_all c_ack_cnt c_ack_cnt_p c_pkts_all c_pkts_data s_bytes_all s_ack_cnt s_ack_cnt_p s_pkts_all s_pkts_data videorate
0.0 10000.0 26.95781640624773 532.42148828125 398.1569448525304 999.8990000000013 43.60099999999875 92773.68055858638 2662.8132825663984 2493.6291025621217 2668.759123179551 169.18418000427678 3487264.4494730746 2616.5693431440486 91.81467223547608 2616.5693431440486 2518.80883029542 0.0
10000.0 20000.0 2684.446191406245 627.9919840494795 418.17590369728305 999.8389999999999 23.3369140625 7073.937513628717 1655.5151370558526 1633.2865978171253 1655.5151370558526 22.228539238727212 2309000.915381302 1642.476969814089 10.0 1642.476969814089 1632.4769698140892 0.0
20000.0 30000.0 3877.968810546874 765.2538986816407 364.90613180466465 999.3830000000016 85.16108593749959 2044.0 1376.297833077274 1362.297833077274 1376.297833077274 14.0 1958432.297902998 1386.878921841583 9.0 1386.878921841583 1377.878921841583 0.0
30000.0 40000.0 3269.6499238281176 463.08387373621287 448.9727971445197 999.8629999999976 6.42500000000291 19151.78955968588 1558.6878106808215 1521.4360663453645 1560.6878106808215 37.251744335457104 2155776.1032728413 1561.0584498421788 29.0 1561.0584498421788 1529.0584498421788 0.0
40000.0 50000.0 3931.4058925781283 413.8228687499999 400.4543923096892 999.8120000000054 5.05800000000454 250450.2104403141 1420.2634417143681 1218.5151860498254 1421.2634417143681 199.7482556645429 1710195.37077505 1342.9910677054215 129.0 1342.9910677054215 1210.9910677054215 0.0
50000.0 60000.0 5085.661050781244 344.2302557291686 419.9034819010941 999.7400000000052 2.9389999999984866 5354.4745639556695 1112.904354031819 1095.311133767026 1112.904354031819 17.59322026479319 1551440.4966030272 1114.5094787470118 14.458876791167988 1114.5094787470118 1099.0506019558438 0.0
60000.0 70000.0 4099.437906249994 535.2389305013021 425.4782028301327 999.3849999999948 20.888000000006286 3356.3595448357873 1415.6246940683682 1394.025151888361 1417.6246940683682 18.599542180006743 1964539.0064806165 1406.7104478679646 9.137504431231978 1406.7104478679646 1394.5729434367327 0.0
70000.0 80000.0 5283.183070312516 436.9252663352249 460.7072065687264 998.7069999999949 5.127999999996973 5005.647267630835 1136.1481049290155 1120.6669324923505 1136.1481049290155 15.481172436664728 1573318.7718965118 1121.3698635840124 6.740586218332364 1121.3698635840124 1113.62927736568 0.0
80000.0 90000.0 5433.393923828131 456.6606076171869 455.03669641507474 999.6739999999991 5.649999999994179 1762.7183555543563 1095.779059602293 1083.7506599138278 1095.779059602293 12.028399688465115 1526029.3003206074 1086.0557706583006 8.014199844232557 1086.0557706583006 1078.041570814068 0.0
90000.0 100000.0 5136.350996093752 328.38613359374966 435.62541484827045 999.320000000007 4.838000000003376 1967.8002680233524 1099.0570707156273 1083.759405285557 1099.0570707156273 14.297665430070227 1523232.3076913685 1091.7694573374229 15.648832715035113 1091.7694573374229 1075.1206246223878 0.0
100000.0 110000.0 4793.524000000005 426.97649999999913 461.14245832676716 999.804999999993 0.0 122730.0 1326.0 1216.0 1327.0 110.0 1714648.0 1288.0 63.0 1289.0 1223.0 0.0
110000.0 120000.0 3038.703999999998 870.1620000000003 323.93813971497366 999.9429999999993 73.77900000000955 2376.0 1693.0 1677.0 1693.0 16.0 2381567.0 1684.0 7.0 1684.0 1677.0 0.0
120000.0 130000.0 5784.072000000015 427.05799999999874 494.0354597590438 999.5540000000037 5.532000000006519 5059.0 1007.0 991.0 1007.0 16.0 1390141.0 996.0 10.0 996.0 986.0 0.0
130000.0 140000.0 3679.7320000000473 702.8428888888835 445.4879660558874 999.255999999994 5.3179999999993015 2376.0 1535.0 1519.0 1535.0 16.0 2160014.0 1523.0 5.0 1523.0 1518.0 0.0
140000.0 150000.0 5002.286046874971 421.6255000000019 499.81366613195894 999.4249999999884 5.844000000011874 5457.0 1180.0 1162.0 1180.0 18.0 1631776.0 1168.0 15.0 1168.0 1153.0 0.0
150000.0 160000.0 3513.0920000000333 721.5146666666616 412.09222861029974 999.2039999999979 6.723999999987427 2044.0 1575.0 1561.0 1575.0 14.0 2216160.0 1566.0 8.0 1566.0 1558.0 0.0
160000.0 170000.0 2854.354871093732 569.3733156550487 436.5470368449226 999.3699999999953 7.36600000000908 121762.0 1744.388825760854 1632.388825760854 1745.388825760854 111.0 2316555.899449978 1696.7947906832962 56.0 1697.7947906832962 1638.7947906832962 0.0
170000.0 180000.0 3488.7620937500033 520.3573774038456 471.3711729558132 999.7699999999895 4.9429999999993015 5691.539642789493 1554.5124327410774 1532.4971336881285 1555.5124327410774 22.015299052948752 2183799.4035955584 1557.0758697127376 15.0 1557.0758697127376 1541.0758697127376 0.0
180000.0 190000.0 4964.779111328098 396.09850725446967 421.18003898090643 999.4670000000042 5.347000000008848 8923.778588762776 1207.71929592969 1186.1121959973843 1208.71929592969 20.607099932305886 1661048.6198564328 1189.6587072272773 13.0 1189.6587072272773 1175.6587072272773 0.0
190000.0 200000.0 4002.6108281250345 749.6736464843707 353.9789842920274 999.9310000000114 164.915283203125 2134.079678583378 1257.4665966803673 1242.9239480142023 1257.4665966803673 14.54264866616493 1787614.2169321778 1270.722831140097 12.0 1270.722831140097 1258.722831140097 0.0
200000.0 210000.0 4368.8493847656355 631.9065128038185 428.2347049584563 999.7019999999902 56.00800000000163 4868.8657041759125 1362.0228905161525 1347.5482399364164 1362.0228905161525 14.474650579736226 1914191.603235663 1356.0306229551852 6.319849115577894 1356.0306229551852 1349.7107738396076 0.0
210000.0 220000.0 4797.966898437473 404.1755462740391 476.3838367162286 999.676999999996 5.9139999999897555 1952.7363856884408 1234.889958371859 1221.5296566030147 1234.889958371859 13.360301768844211 1725902.2569301906 1228.7171782814066 11.680150884422105 1228.7171782814066 1217.0370273969845 0.0
220000.0 230000.0 4373.502999999968 448.99300000000335 461.5595555443871 999.9910000000091 5.576000000000931 126033.0 1361.0 1246.0 1362.0 113.0 1747437.0 1305.0 60.0 1306.0 1242.0 0.0
230000.0 240000.0 3403.26356445314 476.33542857142623 486.11112037866627 999.4979999999923 4.7889999999897555 2376.0 1475.0 1458.0 1475.0 16.0 2074605.0 1482.0 17.0 1482.0 1464.0 0.0
240000.0 250000.0 4693.398999999976 486.85927272727713 492.9211389898236 999.5960000000196 2.6890000000130385 5373.0 1254.0 1235.0 1254.0 18.0 1737408.0 1246.0 10.0 1246.0 1231.0 0.0
250000.0 260000.0 4820.6337050781585 739.9094707031202 441.40933257418465 999.0360000000219 93.02899999998044 2044.0 1177.2141945498347 1163.2141945498347 1177.2141945498347 14.0 1673077.36485006 1190.1086124150665 9.0 1190.1086124150665 1181.1086124150665 0.0
260000.0 270000.0 4745.042029296921 490.23308824573706 438.70184274190547 999.3369999999995 8.299999999988358 5277.719667616226 1185.3173410510917 1166.7527647401507 1186.3173410510917 17.56457631094112 1655269.1266464598 1182.2937705639777 7.0 1182.2937705639777 1174.2937705639777 0.0
270000.0 280000.0 4387.911265624978 440.94867187500665 461.2374857417071 999.9699999999721 5.324000000022352 2116.2803323837743 1330.4684643990736 1315.0330407100146 1330.4684643990736 14.435423689058881 1841340.50850348 1311.5976170209556 12.0 1311.5976170209556 1298.5976170209556 0.0
280000.0 290000.0 4215.84381445311 473.7919503348198 451.9958152239333 999.7220000000088 0.0 115616.99444702797 1478.7023132056127 1367.7505394283357 1481.7023132056127 107.95177377727691 1941844.7370916237 1443.7505394283357 56.0 1443.7505394283357 1383.7505394283357 0.0
