ts te idle avg_span std_span max_span min_span c_bytes_all c_ack_cnt c_ack_cnt_p c_pkts_all c_pkts_data s_bytes_all s_ack_cnt s_ack_cnt_p s_pkts_all s_pkts_data videorate
0.0 10000.0 19.96898242190946 579.3589122353794 375.95576814877404 999.9679999999935 7.362000000022817 92408.69103328057 2566.755447040808 2404.995637494438 2570.5703347348144 161.75980954636933 3423637.814642308 2543.706647843095 80.04091142264961 2543.706647843095 2459.850848726439 0.0
10000.0 20000.0 3795.2651191406185 695.3195423177094 430.6859816877638 998.8800000000047 53.14100000000326 5648.0 1492.4441697305551 1472.4441697305551 1492.4441697305551 20.0 2094918.1162930843 1475.2277269615167 6.0 1475.2277269615167 1469.2277269615167 0.0
20000.0 30000.0 3584.3130000000237 588.9653636363641 476.85213980987197 999.545999999973 5.673000000009779 2044.0 1498.0 1483.0 1498.0 14.0 2120128.0 1490.0 9.0 1490.0 1481.0 0.0
30000.0 40000.0 4499.497906249948 428.2647782451912 475.95528407261355 999.3130000000237 6.338999999978114 5668.0 1216.0836609182018 1196.0836609182018 1216.0836609182018 20.0 1732831.4717222105 1230.0836609182018 17.0 1230.0836609182018 1213.0836609182018 0.0
40000.0 50000.0 3975.232808593719 349.5747187500011 412.1571143966873 999.8530000000028 5.0939999999827705 272442.9192468291 1396.8776008152947 1181.1070029428301 1398.8776008152947 214.7705978724644 1664238.745174024 1302.8776008152947 125.0 1304.8776008152947 1173.8776008152947 0.0
50000.0 60000.0 5357.273082031286 380.03260907451534 424.6021420255878 998.1379999999772 2.919999999983702 4865.821281534533 905.0305418322461 890.2522952962785 905.0305418322461 14.778246535967659 1284765.3990653586 918.86499499272 14.548844408432071 918.86499499272 903.3161505842879 0.0
60000.0 70000.0 2325.6598535156227 532.4652764322896 436.30246372469236 999.8910000000033 34.44099999999162 2191.587127625928 1900.2353514693136 1882.7477050832965 1901.2353514693136 14.48764638601693 2669289.221814989 1883.1725267001166 9.75250878918893 1883.1725267001166 1869.4200179109275 0.0
70000.0 80000.0 5187.255136718799 403.66458138020727 465.3130907998105 998.994000000006 0.0 2743.324612178484 1164.8396352452112 1151.9318090290442 1164.8396352452112 12.907826216166875 1638229.1709582598 1158.5453500157748 8.429221696495512 1158.5453500157748 1150.1161283192791 0.0
80000.0 90000.0 3066.1549824218964 583.1963253580665 460.9569595007685 999.9089999999851 6.098999999987427 5320.347731831962 1709.9332097197328 1687.8775267303488 1711.9332097197328 20.055682989384124 2407281.9912651572 1700.4558665578923 8.269425105883487 1700.4558665578923 1690.1864414520087 0.0
90000.0 100000.0 4678.399046874954 336.918875000003 462.86108401518504 999.3229999999749 5.363000000012107 2044.0 1234.0 1220.0 1234.0 14.0 1734568.0 1230.0 17.0 1230.0 1213.0 0.0
100000.0 110000.0 4044.283691406308 470.68753333333103 450.3686483174267 998.6520000000019 0.0 123905.0 1377.0 1265.0 1378.0 110.0 1790575.0 1329.0 61.0 1330.0 1265.0 0.0
110000.0 120000.0 4478.576999999932 690.1778750000085 436.45956171821894 999.75900000002 38.726000000024214 4973.0 1255.0 1232.0 1256.0 23.0 1747012.0 1243.0 8.0 1243.0 1234.0 0.0
120000.0 130000.0 4135.553000000014 592.8149000000034 469.03177635385106 999.7669999999925 5.282000000006519 5764.0 1429.0 1409.0 1429.0 20.0 2002424.0 1414.0 9.0 1414.0 1405.0 0.0
130000.0 140000.0 4034.705999999889 597.6225000000093 498.0988697170431 999.945000000007 5.228000000002794 2049.0 1392.0 1378.0 1393.0 13.0 1986468.0 1398.0 8.0 1398.0 1389.0 0.0
140000.0 150000.0 3723.0780468750745 427.38286666666005 484.3522379411031 999.8790000000154 7.5499999999883585 5765.0 1493.0 1473.0 1493.0 20.0 2093888.0 1484.0 16.0 1484.0 1468.0 0.0
150000.0 160000.0 3405.0169999999925 659.4983000000008 445.9579887729815 999.5499999999884 6.379000000015367 2044.0 1530.0 1516.0 1530.0 14.0 2168992.0 1531.0 12.0 1531.0 1519.0 0.0
160000.0 170000.0 4338.1861953125335 440.5903150540857 468.99719654900605 999.8699999999953 6.027000000001863 121454.0 1279.2762799142165 1168.2762799142165 1280.2762799142165 110.0 1680305.0995355754 1245.652846899705 55.0 1246.652846899705 1188.652846899705 0.0
170000.0 180000.0 5131.24377929687 608.5945275878912 433.93653983836595 999.3420000000042 36.413000000000466 2000.5392237488345 1116.485308088525 1102.7471199936526 1116.485308088525 13.738188094872497 1579881.5871883724 1110.1087411030364 5.0 1110.1087411030364 1105.1087411030364 0.0
180000.0 190000.0 3699.711425781308 417.6000358886704 435.41103787073007 999.9610000000102 4.761000000056811 9299.499796897497 1522.5265638218077 1496.854878298329 1522.5265638218077 23.67168552347889 2139185.251903403 1514.5265638218077 11.0 1514.5265638218077 1502.5265638218077 0.0
190000.0 200000.0 4945.176933593815 631.8528833007731 419.4962785077564 999.60699999996 38.43799999996554 2011.31161643886 1184.589626383602 1170.7865443568617 1184.589626383602 13.803082026740121 1675692.733706233 1176.3766707385103 4.0 1176.3766707385103 1172.3766707385103 0.0
200000.0 210000.0 5134.846992187435 702.4981439732281 401.2183373789515 998.9150000000373 52.334000000031665 5276.346559675117 1128.2709242454364 1111.25992648806 1128.2709242454364 17.010997757376348 1582949.1432798663 1124.5991952965214 10.223953402467853 1124.5991952965214 1114.3752418940535 0.0
210000.0 220000.0 3463.4217949218582 506.76100030048894 452.64513080226124 999.8129999999655 4.609000000054948 1762.8433390728483 1563.2946852089592 1551.4470927995123 1563.2946852089592 11.847592409446786 2209347.7588313827 1553.7034919680714 11.847592409446786 1553.7034919680714 1541.8558995586247 0.0
220000.0 230000.0 4444.174968749983 389.92886875000937 417.1626869835826 999.8240000000224 5.878000000026077 125638.45946416685 1290.556612337453 1176.6281581493677 1291.556612337453 109.92845418808537 1666636.4255551666 1242.0324901723475 59.92845418808536 1243.0324901723475 1176.104035984262 0.0
230000.0 240000.0 2673.4130234373733 529.741071428588 482.5154732563083 999.810999999987 5.261999999987893 2044.0 1727.0 1712.0 1727.0 14.0 2453708.0 1729.0 15.0 1729.0 1713.0 0.0
240000.0 250000.0 2791.6720000000205 558.4948461538431 471.19378585936346 999.9899999999907 2.4479999999748543 5702.0 1525.0 1504.0 1525.0 20.0 2159548.0 1535.0 14.0 1535.0 1517.0 0.0
250000.0 260000.0 3271.3040000000037 841.0869999999995 299.4390499092584 999.0999999999767 233.41500000003725 2044.0 1562.0 1548.0 1562.0 14.0 2229351.0 1567.0 9.0 1567.0 1558.0 0.0
260000.0 270000.0 4336.674908203073 714.4787614746165 404.9284935894071 999.9790000000503 52.50500000000466 5756.0 1272.3911169813073 1252.3911169813073 1272.3911169813073 20.0 1816716.842749708 1286.8110019095195 10.0 1286.8110019095195 1276.8110019095195 0.0
270000.0 280000.0 5002.195806640666 455.3301993963012 451.8140111380319 999.8279999999795 4.812000000034459 2035.9729176167764 1113.4231916899437 1099.471547607915 1113.4231916899437 13.951644082028773 1578913.953208297 1117.9549508437601 13.0 1117.9549508437601 1104.9549508437601 0.0
280000.0 290000.0 4646.700300781173 360.36937994792436 419.8548235079304 999.5219999999972 0.0 121498.95708559673 1249.8139492385014 1140.3322800481594 1250.8139492385014 108.48166919034179 1607185.9532076106 1190.9956786117314 53.0 1191.9956786117314 1135.9956786117314 0.0
290000.0 300000.0 3563.408019531169 715.176886718759 359.9469808240379 999.6160000000382 151.06396484375 2034.7688779657392 1493.552131707551 1478.7767918487552 1493.552131707551 14.775339858795748 2135421.0908655417 1502.2101051211257 12.20865313116631 1502.2101051211257 1490.0014519899594 0.0
