ts te idle avg_span std_span max_span min_span c_bytes_all c_ack_cnt c_ack_cnt_p c_pkts_all c_pkts_data s_bytes_all s_ack_cnt s_ack_cnt_p s_pkts_all s_pkts_data videorate
0.0 10000.0 0.0 624.2701458858367 384.553259122035 999.7789999999986 0.0 132431.47725708992 1998.1825881804607 1806.9522864123753 2013.6693881970887 187.2303017680853 3584915.83198979 2775.180297438827 146.39613622159288 2775.180297438827 2615.2973612006062 0.0
10000.0 20000.0 4854.093863281247 555.3619566066578 400.42921902231086 998.2949999999983 49.91100000000006 19227.723601534068 936.8369507118568 912.1810590762956 936.8369507118568 24.655891635561204 1641410.4115881957 1183.4250442030757 21.944727483618834 1183.4250442030757 1161.4803167194568 0.0
20000.0 30000.0 3331.697011718752 865.6737894736843 249.57189820383303 999.2479999999996 121.25499999999738 12442.0 1143.0 1127.0 1143.0 16.0 2086599.0 1483.0 15.0 1483.0 1468.0 0.0
30000.0 40000.0 4333.118601562499 623.2644545454546 417.97776604272735 999.6589999999997 0.0 23110.0 935.0 905.0 936.0 29.0 1647446.0 1201.0 30.0 1201.0 1169.0 0.0
40000.0 50000.0 3407.9420136718836 671.5417727272718 419.39397553930166 999.4909999999945 0.001999999993131496 261369.0 1211.0 1013.0 1212.0 196.0 1813102.0 1392.0 106.0 1392.0 1283.0 0.0
50000.0 60000.0 4364.822021484375 521.2383680245532 459.3574258894231 998.9660000000003 5.804000000003725 13883.0 997.0520312063301 977.0520312063301 998.0520312063301 19.0 1756118.244430736 1268.3135512229703 24.0 1268.3135512229703 1242.3135512229703 0.0
60000.0 70000.0 4713.08131054687 703.5299833984383 354.8401778908813 999.8450000000012 93.64969531250244 10152.75729299521 948.9110923239014 935.0548951026096 948.9110923239014 12.856197221291758 1635063.9149985001 1168.4880634996734 13.856197221291758 1168.4880634996734 1153.6318662783817 0.0
70000.0 80000.0 5140.226269531238 583.4055706054685 367.64524483864886 999.3910000000033 6.115000000005239 11919.803610212637 861.466315969063 845.6451717053129 861.466315969063 14.821144263750064 1501083.107358488 1077.345178877951 14.821144263750064 1077.345178877951 1061.524034614201 0.0
80000.0 90000.0 3834.3453417968703 638.9926959375001 387.8841169004909 999.8350000000064 6.5570000000006985 9763.084581936226 1149.9018793777732 1134.573573615386 1150.9018793777732 13.328305762387155 2019213.38616614 1439.007940643505 14.328305762387155 1439.007940643505 1422.6796348811176 0.0
90000.0 100000.0 5087.110173828129 481.5099848632829 421.0225462549285 998.4729999999981 5.232000000003609 10909.131726361793 841.3566608446165 827.7475982437614 841.3566608446165 13.609062600855012 1538868.7326671914 1101.2419818797882 16.60906260085501 1101.2419818797882 1084.6329192789333 0.0
100000.0 110000.0 4604.862427734377 649.1162311197908 402.30798771522353 998.8129999999946 5.563999999998487 125630.22278849414 1135.3120202783157 1027.9267301266 1137.3120202783157 107.385290151716 1762779.614378944 1326.603283876112 69.385290151716 1327.603283876112 1254.2179937243961 0.0
110000.0 120000.0 4742.049992187502 875.9999374999989 252.49944524017283 999.9310000000114 0.0020000000076834112 10293.0 1029.0 1012.0 1030.0 16.0 1726057.0 1233.0 14.0 1234.0 1217.0 0.0
120000.0 130000.0 4667.064529296884 675.3867894736835 427.04328545029153 999.3239999999932 0.0 12852.0 952.0 936.0 952.0 16.0 1728314.0 1236.0 15.0 1236.0 1221.0 0.0
130000.0 140000.0 3392.7277304687595 846.7312999999995 294.982113452951 999.9230000000098 5.125 11058.0 1161.0 1147.0 1161.0 14.0 2121664.0 1508.0 15.0 1508.0 1493.0 0.0
140000.0 150000.0 5441.097855468746 520.0040000000016 466.1877421315026 999.551999999996 5.100000000005821 11230.0 793.0 779.0 793.0 14.0 1414991.0 1018.0 18.0 1018.0 1000.0 0.0
150000.0 160000.0 3935.9067441406078 775.4487619047591 348.9909156208645 999.6339999999909 5.75700000001234 11058.0 1111.0 1097.0 1111.0 14.0 2017009.0 1436.0 17.0 1436.0 1419.0 0.0
160000.0 170000.0 5391.549396484392 583.5935789473664 464.3104090144306 999.4860000000044 6.320999999996275 121885.0 897.0 797.0 898.0 100.0 1403637.0 1057.0 56.0 1058.0 999.0 0.0
170000.0 180000.0 3433.7433164062386 695.9645909090905 423.78308279351097 999.0 5.11799999998766 12533.0 1149.0 1132.0 1150.0 17.0 2091327.0 1497.0 19.0 1497.0 1477.0 0.0
180000.0 190000.0 4821.396818359412 551.7684786086293 445.6809491141007 998.1579999999958 5.505000000004657 16435.0 828.444677853128 807.9002182738072 828.444677853128 19.0 1457290.0765448615 1055.1757344436814 22.544459579320815 1055.1757344436814 1030.542355705719 0.0
190000.0 200000.0 4289.200853515591 643.9295553710938 390.08205870203153 998.3960000000079 10.236000000004424 10267.0 1053.2614778766074 1038.8059374559282 1053.2614778766074 13.0 1890138.5384666887 1349.7516943428466 14.455540420679185 1349.7516943428466 1333.385073080809 0.0
200000.0 210000.0 4769.544085937494 634.0428705357134 399.6514948466695 999.8699999999953 25.10999999998603 14439.0 977.3868394436548 959.3868394436548 977.3868394436548 18.0 1656038.801039582 1185.43790537569 15.0 1185.43790537569 1170.43790537569 0.0
210000.0 220000.0 4856.075806640612 570.4016960565502 391.80098868962347 998.6430000000109 4.268000000010943 9268.581623915272 918.066452462772 901.6074620410616 920.066452462772 14.45899042171035 1659075.6906545917 1193.7936986524799 18.458990421710354 1193.7936986524799 1173.3347082307696 0.0
220000.0 230000.0 4019.021246093762 537.5015027204239 422.343887085018 999.80799999999 0.0009999999892897904 129092.93564419656 1241.8353880143636 1131.8831798016024 1243.8353880143636 107.95220821276106 2006989.1105922183 1489.5495489351176 59.95220821276105 1489.5495489351176 1425.5973407223569 0.0
230000.0 240000.0 4963.939798828127 487.26188539062275 417.2748732658378 999.1199999999953 5.5679999999993015 9412.153351392371 953.558213204722 940.6417147276344 953.558213204722 11.916498477087671 1676929.8198727067 1200.7999656302654 18.91649847708767 1200.7999656302654 1180.8834671531777 0.0
240000.0 250000.0 5299.888998046867 601.7380259850534 353.53149599771405 996.9810000000289 43.493896484375 11544.194199672842 870.1672938558302 851.7898831631315 870.1672938558302 14.377410692698554 1542236.6501313383 1110.7594994264632 13.377410692698554 1110.7594994264632 1091.3820887337647 0.0
250000.0 260000.0 4647.153980468691 788.434258422858 299.5871143670968 998.5069999999832 193.76799999998184 8920.135180822956 971.2796572889224 959.9847650931799 971.2796572889224 11.294892195742365 1736097.3126980122 1231.7319531934556 11.294892195742365 1231.7319531934556 1220.4370609977132 0.0
260000.0 270000.0 4883.637080078071 779.9493125000081 342.13488048891696 999.7430000000168 7.695000000006985 12688.0 915.0 899.0 915.0 16.0 1676535.0 1198.0 13.0 1198.0 1185.0 0.0
270000.0 280000.0 4414.379335937498 644.232857142855 426.45150144550416 998.5769999999902 5.581000000005588 9475.0 997.0 984.0 997.0 12.0 1821388.0 1300.0 16.0 1300.0 1283.0 0.0
280000.0 290000.0 4432.147361328185 683.3679094366778 387.9510453461853 999.1120000000228 9.496999999973923 70804.48822197557 1012.1107151474446 950.4542496351843 1012.5424963518426 60.65646551226031 1723678.4719944592 1257.2937166067077 35.54412335832917 1257.2937166067077 1220.3178120439802 0.0
290000.0 300000.0 4442.590162109409 788.0809835707701 348.07853548978665 999.2889999999898 36.132999999972526 62391.51177802442 1001.8892848525554 949.5457503648157 1002.4575036481574 52.34353448773969 1752323.5280055408 1269.7062833932923 32.45587664167083 1269.7062833932923 1236.6821879560198 0.0
