ts te idle avg_span std_span max_span min_span c_bytes_all c_ack_cnt c_ack_cnt_p c_pkts_all c_pkts_data s_bytes_all s_ack_cnt s_ack_cnt_p s_pkts_all s_pkts_data videorate
0.0 10000.0 16.957841796858702 591.9269656032977 393.48176909488114 999.8549999999814 16.748929687484633 87715.3282680631 2224.1002606450493 2072.8475376792017 2228.0021360042706 150.74379137161625 2915833.7453425773 2191.8364890689118 84.33709656162483 2191.8364890689118 2103.088585553834 0.0
10000.0 20000.0 3870.2840019532014 493.16261748798064 430.31466772873114 999.8040000000037 29.191070312517695 7760.083091029037 1433.84427144525 1410.3210238193747 1434.84427144525 22.032179220106748 1979181.155823117 1404.479326358674 9.007158015821979 1404.479326358674 1392.9810999370834 0.0
20000.0 30000.0 3449.7899472656427 728.4492280815934 387.70294732862646 999.2729999999865 5.8329999999841675 3122.0 1361.4529121131063 1342.4529121131063 1361.4529121131063 19.0 1971973.7320621675 1399.319258376505 14.0 1399.319258376505 1385.319258376505 0.0
30000.0 40000.0 3048.3997890625033 409.2037365451397 441.1197112865206 999.6830000000191 6.777000000001863 6851.0 1582.5759167717583 1558.5759167717583 1583.5759167717583 24.0 2222559.660554237 1580.8247642737758 19.0 1580.8247642737758 1560.8247642737758 0.0
40000.0 50000.0 3790.3283671874087 414.5496116943432 411.9434280875959 999.7989999999991 4.983000000007451 256793.22904876655 1358.723373121204 1153.0472945141764 1361.723373121204 202.6760786070275 1653234.852604053 1278.5517077136228 101.0 1280.5517077136228 1172.5517077136228 0.0
50000.0 60000.0 4055.774130859296 350.85904828559273 425.7427253340663 999.0310000000172 2.6790000000037253 5508.770951233434 1353.8883817980243 1334.5644604050517 1353.8883817980243 18.323921392972494 1906388.8110901897 1364.9672367092533 19.0 1364.9672367092533 1343.9672367092533 0.0
60000.0 70000.0 4085.62905078131 556.2129953835181 439.55660415917237 999.375 47.01000000000931 1509.3110595401577 1388.3060034966209 1377.0538231727412 1389.3060034966209 10.25218032387961 1970334.081813926 1392.7879808753162 8.87681693656634 1392.7879808753162 1381.91116393875 0.0
70000.0 80000.0 4761.754916015605 583.7972315538209 450.9743066810334 999.4319999999716 5.059000000008382 1722.6889404598423 1233.0534126992861 1221.3055930231658 1233.0534126992861 11.74781967612039 1738623.8618754267 1224.5490520515268 9.12318306343366 1224.5490520515268 1215.4258689880933 0.0
80000.0 90000.0 4645.692999999912 551.8598000000114 473.48498212739275 998.5470000000205 6.901000000012573 5428.0 1216.0 1197.0 1216.0 18.0 1709469.0 1218.0 15.0 1218.0 1202.0 0.0
90000.0 100000.0 1665.4560937498463 444.11462664474294 487.7968379876349 999.890000000014 5.223999999987427 2376.0 1929.5594736192293 1913.5594736192293 1929.5594736192293 16.0 2751075.199276792 1941.004344845825 20.0 1941.004344845825 1921.004344845825 0.0
100000.0 110000.0 3157.607953125029 457.6108779296883 424.1192428503265 999.4699999999721 0.0 121596.0 1518.7155905594732 1407.7155905594732 1519.7155905594732 109.0 1998314.0849929247 1470.842774381189 58.0 1471.842774381189 1409.842774381189 0.0
110000.0 120000.0 3766.3669609374483 779.204129882819 386.3241310228313 999.9139999999898 105.66004687501118 2043.0 1447.848000829305 1433.848000829305 1447.848000829305 14.0 2081444.0814899614 1466.2759457809934 10.0 1466.2759457809934 1456.2759457809934 0.0
120000.0 130000.0 3253.23904492188 566.3097462565105 442.92715325215465 999.5970000000088 6.62300000002142 5724.0 1540.2933038305255 1520.2933038305255 1540.2933038305255 20.0 2186922.2053678096 1549.2933038305255 15.0 1549.2933038305255 1534.2933038305255 0.0
130000.0 140000.0 5021.6420039062505 453.5755450994316 437.6137376583284 999.5630000000237 5.072999999974854 2000.1299664278351 1026.020412705654 1012.2846900163298 1026.020412705654 13.735722689324309 1470587.953623515 1046.28469001633 16.0 1046.28469001633 1030.28469001633 0.0
140000.0 150000.0 2116.57784960937 499.32388439941496 464.8750315224135 999.9529999999795 4.340000000025611 5468.870033572165 1805.845683823015 1787.5814065123395 1805.845683823015 18.26427731067569 2572261.611289956 1817.469174506914 17.0 1817.469174506914 1800.469174506914 0.0
150000.0 160000.0 4657.728171874944 598.1912031250088 419.8044154233087 997.8180000000284 7.657000000006519 1507.2085388496191 1240.0922330752937 1229.779127721311 1240.0922330752937 10.313105353982747 1758863.0355606175 1236.681160071871 9.387863212389648 1236.681160071871 1227.2932968594814 0.0
160000.0 170000.0 5210.733914062439 395.7650061384026 432.4474575085962 999.4670000000042 5.183000000019092 123460.77140779003 1192.985289588827 1084.193395316831 1193.985289588827 108.7918942719961 1530404.1833501619 1141.718593849633 56.699636475926056 1142.718593849633 1083.0189573737068 0.0
170000.0 180000.0 4601.916007812542 674.7604990234322 456.91628474283715 999.8240000000224 6.559000000008382 2029.020053360351 1277.6400119686768 1263.7450115946558 1277.6400119686768 13.895000374021153 1798483.645048262 1265.4300127167194 6.912500311684295 1265.4300127167194 1258.517512405035 0.0
180000.0 190000.0 1512.673058593762 557.6654374999925 470.35648181565375 999.6169999999693 4.795999999972992 9209.0 1831.0 1809.0 1831.0 22.0 2586019.0 1828.0 17.0 1828.0 1811.0 0.0
190000.0 200000.0 3809.1870000000345 687.8681111111073 465.2721295530937 999.6720000000205 38.10999999998603 2044.0 1521.0 1506.0 1521.0 14.0 2152474.0 1510.0 3.0 1510.0 1506.0 0.0
200000.0 210000.0 2654.41100000008 821.545999999986 324.1394340214708 999.3789999999572 48.324999999953434 5697.0 1826.0 1806.0 1826.0 20.0 2584180.0 1811.0 3.0 1811.0 1808.0 0.0
210000.0 220000.0 5027.964000000036 499.0256000000052 500.72625435288745 999.359000000055 5.6480000000447035 2044.0 1189.0 1175.0 1189.0 14.0 1677017.0 1183.0 12.0 1183.0 1171.0 0.0
220000.0 230000.0 2604.67102929682 448.5103888888908 444.03027144396833 998.9740000000456 4.947999999974854 129763.0 1816.0 1693.0 1818.0 120.0 2416670.0 1781.0 65.0 1782.0 1710.0 0.0
230000.0 240000.0 4586.263000000035 452.3761666666639 489.6367791869087 999.6770000000251 7.246999999973923 2044.0 1212.0 1197.0 1212.0 14.0 1714921.0 1220.0 15.0 1220.0 1204.0 0.0
240000.0 250000.0 4486.46575976559 476.7721739908836 472.8421479378766 999.5479999999516 2.9899999999906868 5768.0 1217.4573950975441 1196.4573950975441 1217.4573950975441 20.0 1731451.6066827634 1235.3643101963635 11.0 1235.3643101963635 1220.3643101963635 0.0
250000.0 260000.0 5340.470140625141 776.5883098958099 326.0216338875108 999.7979999999516 148.02899999998044 1712.0 1107.8416190622129 1095.8416190622129 1107.8416190622129 12.0 1561783.9737072866 1101.9347039633935 8.0 1101.9347039633935 1093.9347039633935 0.0
260000.0 270000.0 3574.347925780923 589.0958249290071 441.696499770504 999.954000000027 5.258000000030734 5617.955564743223 1517.030852587444 1497.6817226793523 1517.030852587444 19.349129908091705 2136006.36260939 1508.030852587444 10.0 1508.030852587444 1498.030852587444 0.0
270000.0 280000.0 4387.6407441406045 514.9673868963092 474.9878615922907 999.1180000000168 5.0829999999841675 1976.8928317166497 1285.3090337047565 1271.7208458288765 1285.3090337047565 13.588187875880026 1831389.8624885303 1294.0941232498024 12.946272386261482 1294.0941232498024 1281.147850863541 0.0
280000.0 290000.0 4041.8531855468173 413.3831876302138 447.5885327383089 999.9499999999534 0.0 121856.94739196204 1459.4390530566102 1352.2726620432322 1460.4390530566102 105.16639101337806 1905640.0681025162 1393.7922419080307 51.605582012413414 1393.7922419080307 1340.1866598956174 0.0
290000.0 300000.0 5268.473982421798 675.9322882254575 381.87550054378283 997.6360000000568 98.10800000000745 1941.9973035376001 1119.840942976741 1105.53387854347 1119.840942976741 14.307064433270764 1576771.8380955895 1108.5553578879294 6.437763319187095 1108.5553578879294 1102.1175945687423 0.0
