ts te idle avg_span std_span max_span min_span c_bytes_all c_pkts_all s_bytes_all s_pkts_all video_rate
0.0 10000.0 7255.109068359365 914.9636438802117 142.92498831182056 998.1570000000065 749.929931640625 30662.931189355233 313.7950696255621 911558.6389721937 648.8453799052594 634.2857142857143
10000.0 20000.0 65.27565234369831 903.1567588778456 232.61765592337312 999.7920000000158 249.51106835936662 83810.07069462915 1344.7359371706218 3490242.769833938 2446.3057280879448 1358.0
20000.0 30000.0 148.30632812489057 895.60851562501 229.8550083697345 999.0470000000205 283.8737207031227 82461.53138922801 1475.7432185449552 3780441.9343698015 2625.6698263734415 2300.0
30000.0 40000.0 3250.6508593749604 674.9349140625039 421.28052256688414 999.9330000000191 0.0 59370.825473463075 1040.4248720334454 3541962.8436231967 2457.6772269519524 2500.0
40000.0 50000.0 3233.415140624915 751.8427621527873 374.2105733382685 999.13400000002 153.67890820314642 63551.400166489926 1118.7146586922872 4145604.042766506 2885.6288864290436 3000.0
50000.0 60000.0 119.35291015624534 898.2406445312504 220.3438011811661 999.7800000000279 399.592041015625 81047.38586443292 1477.3329464482963 5308579.229238915 3699.3268234340553 4000.0
60000.0 70000.0 82.36602148436941 901.6030889559664 215.70853382371413 999.9409999999916 358.52001953125 85681.31896701104 1560.3197768279954 5841162.58947903 4059.6735725397775 4400.0
70000.0 80000.0 111.48509570321767 898.9559003906165 220.10604110500566 999.9859999999753 318.846923828125 90879.56902907057 1634.414979181901 6143223.670724002 4242.38613686226 4400.0
80000.0 90000.0 1491.1339414062095 850.8866058593791 197.09378086986038 999.8740000000107 497.031982421875 79170.62297395918 1424.0168514291913 5387767.43152135 3739.099393995678 4400.0
90000.0 100000.0 31.870892578037456 906.1935552201784 203.72325939993348 999.4760000000242 485.51708984375 94032.62432623454 1702.0534502584578 6673643.02806408 4615.1967990395215 4400.0
100000.0 110000.0 45.57499414065387 904.9477278053951 206.91791933344373 999.9980000000214 460.923095703125 85631.51100556538 1554.928736318249 5900589.873720478 4096.758444227823 4400.0
110000.0 120000.0 103.19897851563292 899.7091837713061 212.61581877100994 999.9270000000251 411.2451171875 90270.54809603064 1586.9387619524882 5858453.81251458 4048.3173639907573 4400.0
120000.0 130000.0 1412.3510253907298 780.6953613281155 366.59312216105036 999.5079999999725 28.444091796875 92478.21548231387 1517.2501252203472 5702925.4162018895 3947.4177433479 4400.0
130000.0 140000.0 68.21616992185591 993.1783830078144 11.210450020061987 999.9330000000191 970.5809082031483 90565.15963074961 1633.718293558284 6203100.873409417 4289.1874792828785 4400.0
140000.0 150000.0 598.4616171874804 854.6853075284108 311.43597433318746 999.4679999999935 19.388078125019092 85062.08542917315 1542.2642522300066 6255051.429707729 4321.068991653411 4400.0
150000.0 160000.0 293.0962070313399 882.4457993607873 222.31221097568434 998.9619999999995 411.97509765625 81256.04408746926 1454.8996827970568 5560171.058403712 3856.1681767902433 4400.0
160000.0 170000.0 36.03481445304351 905.8150168679051 211.07278537242513 999.734999999986 390.415283203125 85346.75648241899 1536.1681741008472 5965725.625944896 4129.04080704378 4400.0
170000.0 180000.0 40.32225195306819 905.4252498224483 213.80666269091472 999.710000000021 367.83203125 86666.95216062976 1574.7459788284896 6040092.87788522 4179.659059361656 4400.0
180000.0 190000.0 1105.3800859375042 889.4619914062496 230.62971195839074 999.564000000013 436.4039687499753 87960.23699001751 1570.4663267549665 6030196.307790796 4172.94132621476 4400.0
190000.0 200000.0 492.37694531236775 864.3293686079666 319.2196056552682 999.3489999999874 0.0 83750.21056175821 1527.0679080265506 5849063.545828266 4057.630834467858 4400.0
200000.0 210000.0 1527.0810351562686 941.4354405381923 171.47588886792587 999.9679999999935 484.18896484375 82089.27389914873 1452.9291602279136 5705789.811383938 3947.412436208447 4400.0
210000.0 220000.0 43.04297851561569 905.1779110440349 208.04075411826204 999.5620000000345 457.760986328125 101620.86255766253 1804.202713373022 6489707.932135765 4488.002878782509 4400.0
220000.0 230000.0 607.2119042966515 939.2788095703348 144.75138287809318 999.9370000000345 541.34801367193 90827.89372462351 1641.5651157140653 6296980.110278676 4357.22022177258 4400.0
230000.0 240000.0 513.5961249999236 862.4003522727343 313.892437859685 999.9969999999739 20.676917968783528 84221.13772045168 1493.0703012158276 5740398.670905862 3970.0114719277494 4400.0
240000.0 250000.0 150.10687109385617 895.4448299005585 214.05304365957156 999.890000000014 447.6630859375 97521.33121199203 1735.005306949446 6317571.742389488 4368.589000636917 4400.0
250000.0 260000.0 107.41012304695323 899.326352450277 207.63798999327364 999.875 417.761962890625 89068.4222471954 1593.4025353070363 6005958.142600138 4167.949534538097 4400.0
260000.0 270000.0 114.8198984375922 898.6527365056735 217.38464502749545 999.4159999999683 361.466064453125 84287.9126526748 1515.5442525765814 5737142.546577839 3979.483847505399 4400.0
270000.0 280000.0 523.4590820310405 947.654091796896 116.93157840548498 999.7480000000214 636.454935546848 91724.66172017096 1622.9800512380339 6306395.8862824915 4357.8415194783 4400.0
280000.0 290000.0 639.8528906251304 850.9224644886245 315.1545753832565 999.3469999999506 12.475017578108236 85534.69611620222 1535.2288739926198 5836049.6860710345 4043.693729160384 4400.0
