ts te idle avg_span std_span max_span min_span c_bytes_all c_pkts_all s_bytes_all s_pkts_all video_rate
0.0 10000.0 8316.841953125 841.5790234374999 222.49960083609093 998.9099999999999 684.248046875 21752.14385140962 291.95193207207706 1010539.765822527 815.1977326348401 2300.0
10000.0 20000.0 820.5050468749978 917.9494953125002 216.7154246869504 999.7150000000001 305.3339531249985 88534.85614859038 1639.048067927923 6398727.234177473 5082.802267365159 2300.0
20000.0 30000.0 711.6219902343728 928.8378009765627 170.99183491271265 999.9179999999978 465.260009765625 71140.31646197486 1383.9055784938387 5367496.534210468 4279.720147961782 4400.0
30000.0 40000.0 130.58595117186633 897.2194589843758 223.4792567328299 999.5690000000031 370.31005859375 72043.88396126564 1382.7681311391818 5611708.046347863 4472.896312461233 3525.0
40000.0 50000.0 36.034746093748254 905.8150230823866 213.68575959981024 999.9729999999981 354.9453125 73779.6118887713 1421.3366635955572 5444217.216510982 4338.812584617003 4400.0
50000.0 60000.0 42.375433593741036 905.2385969460236 217.5977962272742 999.8420000000042 333.02587890625 76270.93277591499 1449.1147775655654 5689614.687083903 4529.622493961326 4400.0
60000.0 70000.0 52.752798828150844 904.2952001065318 221.09164654269009 998.4719999999943 309.632080078125 87086.84692781506 1685.1159519203966 6670159.914245583 5307.221822157398 4400.0
70000.0 80000.0 46.92198828124674 904.825273792614 227.01221616403748 999.9649999999965 280.069091796875 74751.77466021481 1433.5579314651154 5649192.86444948 4499.5965564548005 4400.0
80000.0 90000.0 31.010103515625815 906.2718087713067 228.70703592891834 999.6919999999955 265.31298828125 75056.15486344928 1436.5464977741908 5613281.541751205 4475.432168849489 4400.0
90000.0 100000.0 1971.7520253906114 892.0275527343765 172.45014239533543 999.7880000000005 525.886962890625 62208.54789747741 1162.7846269584004 4553032.571257232 3628.4229658549407 4400.0
100000.0 110000.0 1792.933853515642 820.7066146484358 292.46135730253593 999.9909999999945 235.4649999999965 70849.81165002205 1283.5892371592183 5020547.314711512 4008.954112243299 3420.0
110000.0 120000.0 92.20810351561522 900.7083542258532 214.57915697717385 999.6239999999962 459.156005859375 84675.2107691917 1627.170036336044 6226833.877734243 4954.47585338435 4400.0
120000.0 130000.0 3778.681005859369 691.2576660156257 355.903499346714 999.609999999986 59.29300000000512 55512.90814390289 1036.1105675924916 4068436.4316975297 3238.8449820543806 3840.0
130000.0 140000.0 562.5421093750047 943.7457890624995 168.61891830597648 999.5489999999991 463.962890625 72131.2400629073 1336.2475048378637 5152355.235580438 4107.310104006535 3466.6666666666665
140000.0 150000.0 112.54880078122369 898.8591999289797 217.15891817002353 999.8559999999998 395.76708984375 76894.70461018935 1463.9462440344666 5599471.912513882 4464.020745856657 4400.0
150000.0 160000.0 66.44616992183728 903.0503481889239 216.35850764100195 999.9860000000044 372.617919921875 75913.84892633445 1453.369266993662 5666360.966764086 4515.104669732256 4400.0
160000.0 170000.0 39.02360937499907 905.5433082386364 214.35009427738547 999.7669999999925 353.893310546875 74155.792101274 1428.4469742234012 5623918.468987709 4486.885178125653 4400.0
170000.0 180000.0 43.01022460940294 905.1808886718725 217.27267838047564 999.9349999999977 333.5380859375 80464.96040407811 1546.7072534285016 6052052.590497139 4817.832621634194 4400.0
180000.0 190000.0 45.231189453130355 904.9789827769881 219.59746171000762 998.8979999999865 314.368896484375 85321.95221088052 1627.0017703921044 6353724.111642554 5060.2484646466355 4400.0
190000.0 200000.0 35.3386367187486 905.878305752841 221.24181944792628 999.6300000000047 302.291259765625 75247.57544314578 1438.6098637451703 5614339.540178545 4475.527603058752 4400.0
200000.0 210000.0 39.89697851557867 905.4639110440384 224.3559493355542 999.6840000000084 287.11328125 76728.20150775129 1459.4737505997873 5695886.686753187 4535.537815700661 4400.0
210000.0 220000.0 44.91616796873859 905.007621093751 228.21392515561067 999.9890000000014 268.76611328125 87766.17214139868 1697.8917745901924 6704969.2605883265 5323.80937268153 4400.0
220000.0 230000.0 42.451076171855675 905.2317203480131 232.3821280242243 999.6140000000014 247.488037109375 74458.82104177072 1424.6186128982765 5577233.61530012 4446.191558227319 4400.0
230000.0 240000.0 2004.1100996093883 888.4322111545124 177.97213345895324 997.9929999999877 506.3359375 59864.209625972406 1102.9255402737488 4285583.644007484 3415.0931746055157 3933.3333333333335
240000.0 250000.0 2040.0689667968545 795.9931033203145 309.93966037213903 999.814000000013 121.20800000001327 65633.92181263493 1196.6177371502738 4669419.260463561 3723.5259063199505 3000.0
250000.0 260000.0 119.01089257816784 898.2717370383484 212.38431946879948 999.9859999999753 465.705078125 84849.34128056353 1606.5276959624362 6134528.536482054 4885.58612969796 4200.0
260000.0 270000.0 133.9500937499688 896.9136278409119 223.98254117981185 999.8429999999935 369.083984375 76844.93129111307 1462.0463588330697 5691432.212786351 4535.694272145668 4400.0
270000.0 280000.0 28.148720703087747 906.5319344815375 214.54820655986674 999.9870000000228 354.145263671875 75468.08363689114 1443.712964129443 5634041.657896879 4484.658288453697 4400.0
280000.0 290000.0 40.778369140578434 905.3837846235838 216.91294190164624 999.7579999999725 335.94189453125 74283.7151324924 1426.8865282399406 5688420.19500112 4533.063616104033 4400.0
290000.0 300000.0 82.58281249995343 901.5833806818224 229.32999136301592 998.6880000000237 280.30908203125 76410.3661857314 1451.4398734413023 5672612.120196251 4521.065278653038 4400.0
