ts te idle avg_span std_span max_span min_span c_bytes_all c_pkts_all s_bytes_all s_pkts_all videorate
0.0 10000.0 5939.617078125069 812.0765843749862 376.76902000464855 999.7579999999725 140.294921875 52371.0604073892 650.5645630701287 2347873.0088123814 1668.3560666751937 1436.6666666666667
10000.0 20000.0 351.3789882812416 964.8621011718758 55.69018097525013 999.6199999999953 856.7400781249744 88876.45702223112 1653.3388954332952 6467166.587762145 4476.650542535913 5428.571428571428
20000.0 30000.0 55.7476835938287 904.0229378551065 274.928857226482 999.9980000000214 80.8820664062514 92168.73704181716 1763.1613407728084 7032827.272406233 4853.711376377694 5428.571428571428
30000.0 40000.0 99.90634375001537 900.0085142045441 265.46674773567713 999.8169999999809 108.83175000001211 93650.58268613832 1729.6095110296606 6438591.496684047 4461.68762558556 4400.0
40000.0 50000.0 1894.015906250046 900.6648993055504 287.1025958096505 999.8310000000056 135.2580937499879 75764.1628424242 1377.3256896941073 5286359.634335194 3659.594388825639 4400.0
50000.0 60000.0 100.40011132811196 989.9599888671888 28.570937661550666 999.7600000000093 908.660888671875 98980.12875814423 1780.713283138329 6822742.498201085 4716.9233482064565 4400.0
60000.0 70000.0 2061.4227949218475 793.8577205078152 390.9862455585408 999.1770000000251 28.755999999993946 78974.8627698891 1296.9429676447942 4758270.444633544 3305.0510855339367 3700.0
70000.0 80000.0 66.53605273441644 903.0421770241439 256.1885351289517 999.9319999999716 151.23890624998603 93325.11960067503 1675.4020209612631 6406065.044883345 4441.8427682659385 4400.0
80000.0 90000.0 975.3659199218964 902.4634080078104 251.62928489186564 998.6770000000251 195.21695898438338 83391.38598772488 1474.1142045862396 5630997.358811118 3896.963162007762 4400.0
90000.0 100000.0 76.75300585932564 902.1133631036977 261.5705636120291 999.7640000000247 127.07587890623836 90733.89250515848 1642.1479502575505 6393555.434014935 4419.537666663611 4400.0
100000.0 110000.0 114.79014453128912 898.6554414062465 250.99379315209546 999.8709999999846 161.9418847656343 89708.29637067366 1586.9309750032078 6010182.582744563 4172.13473512238 4400.0
110000.0 120000.0 88.29895898443647 901.0637310014149 245.67207996333084 999.454000000027 194.41302929684753 89672.41755819328 1598.241450680306 5953046.704089249 4127.721561866937 4400.0
120000.0 130000.0 564.3929121093242 857.782462535516 253.82569081796254 999.9899999999907 247.29798828123603 90746.9835496839 1626.4690241530716 6072583.42930996 4199.170532782235 4400.0
130000.0 140000.0 1873.8482109375764 902.9057543402693 205.4142466995283 999.9519999999902 373.9409003906185 85196.2727675662 1497.9438579152811 5760591.344094004 3982.6079489030594 4400.0
140000.0 150000.0 1585.2888710938278 841.4711128906172 313.3989182473056 999.4170000000158 79.4421113281278 81829.04313136313 1462.6386385834771 5642322.740912685 3899.868324167487 4400.0
150000.0 160000.0 25.56989648437593 906.766373046875 262.2746949697547 999.7310000000289 126.04398242186289 99110.6822205693 1799.618278375847 7017569.043012817 4847.734871446508 4400.0
160000.0 170000.0 1416.0571152343182 858.3942884765681 286.2904334853965 999.935999999987 138.31787890626583 78582.74792793646 1418.2558940364256 5477433.400111458 3790.2115993223397 4400.0
170000.0 180000.0 89.35109179688152 900.9680825639199 275.09504739851155 999.5869999999995 81.85799414064968 86866.19838289496 1548.8722951210018 6098575.658939737 4219.697884904388 4400.0
180000.0 190000.0 84.34381640620995 901.4232894176173 257.2659527665869 998.8030000000144 145.10308593750233 90008.68686641769 1632.9659922314618 6357209.106334019 4394.769214727427 4400.0
190000.0 200000.0 2518.846152343671 748.1153847656329 373.39931921612464 999.625 170.75 74841.72562615496 1308.5076930206421 4905574.189151084 3402.5460002964387 4400.0
200000.0 210000.0 1003.1720234374516 899.6827976562548 270.1582536833806 998.8399999999674 135.1490546874702 95251.83362936095 1710.68599921432 6420637.178955221 4438.0083235841275 4400.0
210000.0 220000.0 109.72780859377235 899.1156537642025 270.5712847482201 999.0829999999842 94.00007812504191 90756.05168694246 1623.4872687196055 6134635.029171877 4248.358203284775 4400.0
220000.0 230000.0 1009.5518203125102 899.0448179687489 267.13977326875437 999.5010000000475 142.52688671869691 83634.63531520855 1519.5008728693856 6012004.755222503 4163.033569896535 4400.0
230000.0 240000.0 1278.7800273436587 872.1219972656341 287.6531231131028 999.5470000000205 85.76170703128446 84935.70433885937 1540.9242750859894 6096321.849478018 4214.597353777779 4400.0
240000.0 250000.0 1516.614269531332 848.3385730468668 289.4405349727911 999.8460000000196 103.41273437498603 82971.05850064942 1482.8553772179055 5652221.241862215 3911.5285244723746 4400.0
250000.0 260000.0 1975.530730468803 891.6076966145774 251.83445562628748 999.7099999999627 229.1140039062593 78699.7781714035 1395.596501497595 5316030.774697987 3685.0266664733253 4400.0
260000.0 270000.0 97.54426367173437 900.223248757115 274.3451437561666 999.9980000000214 81.3367343749851 96509.36956848655 1762.8184468093734 6961621.038487967 4806.425271973878 4400.0
270000.0 280000.0 39.39275195309892 905.5097498224455 261.7230743083776 999.8919999999925 127.93799804686569 90550.09412728473 1638.9001624660123 6429558.786170088 4446.6559067095595 4400.0
280000.0 290000.0 1934.9672656249022 806.5032734375097 384.18086741052815 999.8980000000447 18.881999999983236 78802.53623149461 1418.1009063073977 5642587.688988279 3903.361179658782 4400.0
