ts te idle avg_span std_span max_span min_span c_bytes_all c_pkts_all s_bytes_all s_pkts_all video_rate
0.0 10000.0 9786.364093750017 106.81795312499162 17.41031687512629 119.12890625 94.50699999998324 5816.128272776415 43.63435856926083 127329.28702768755 94.05558290010606 2300.0
10000.0 20000.0 78.31694726564456 901.9711866122142 269.41566647037274 999.9810000000289 97.157958984375 101100.73092190214 1746.4060156998908 6759062.849304831 4675.0655399073485 2300.0
20000.0 30000.0 53.35692773433402 904.2402792968787 276.4573906309612 999.4020000000019 75.08203125 76283.84128504225 1431.995292670198 5640617.187507572 3901.016974532739 4400.0
30000.0 40000.0 402.54001757811056 959.745998242189 95.26592705138493 999.9400000000023 696.864013671875 80894.54263377216 1528.0274917413192 5992527.565743436 4155.237024682459 4400.0
40000.0 50000.0 521.202113281237 861.7088987926148 295.7205915992534 999.3119999999763 227.347900390625 81908.57525962271 1552.454215609071 6055773.032385105 4187.258433052163 4400.0
50000.0 60000.0 780.6787988280994 921.93212011719 123.38370014263698 999.9050000000279 724.2480000000214 80090.74547864188 1458.8412019176956 5735418.963826265 3962.8718759134053 4400.0
60000.0 70000.0 531.3281054687104 860.7883540482991 301.22493376058674 999.6620000000112 240.02099609375 81708.11506849958 1495.8065570227361 5868889.958411957 4061.905261555589 4400.0
70000.0 80000.0 129.60673242178746 897.3084788707466 261.56907695390345 999.2660000000033 138.645263671875 77732.75436104402 1426.7812447719054 5728010.122722145 3966.4002040684854 4400.0
80000.0 90000.0 124.2492031250149 897.7955269886351 289.2918871649252 999.6130000000121 34.612060546875 82567.0789386814 1476.7107343125754 5863784.749600852 4064.0800927333335 4400.0
90000.0 100000.0 1279.0940820312244 872.0905917968776 206.85296327468035 998.5520000000251 424.51500000001397 78309.52572697327 1392.2427669375113 5337000.795364803 3690.620918789129 4400.0
100000.0 110000.0 221.37199218739988 888.9661825284182 231.04471530090825 999.835000000021 260.79302148439456 87427.54545543753 1598.5283969934633 6281258.831444672 4345.284024228591 4400.0
110000.0 120000.0 55.2310957032023 904.0699003906179 223.92360320004462 999.8150000000023 304.92501367186196 76996.8549620063 1403.5620769915488 5635131.053579185 3898.135124725834 4400.0
120000.0 130000.0 1683.2377714843606 831.6762228515639 276.1886843930085 999.5979999999981 343.33810937497765 83720.50523386268 1518.917930281095 5958731.111863817 4115.957941934603 4400.0
130000.0 140000.0 423.020046874939 870.6345411931874 273.4841379332401 999.359999999986 127.424072265625 79326.5083943364 1428.3785777521991 5767770.5324782375 3994.230020277114 4400.0
140000.0 150000.0 25.191134765686 906.8008059303921 267.1000480634773 999.9859999999753 109.8359375 86249.55345447804 1567.2696451619263 6103381.407393628 4220.717503772922 4400.0
150000.0 160000.0 502.22803515626583 949.7771964843735 103.6492985182559 999.6369999999879 699.64990234375 79396.5174144859 1445.5575752863565 5613164.313092905 3880.403952248932 4400.0
160000.0 170000.0 522.858880859334 861.5582835582424 298.47997507165087 999.2729999999865 218.572021484375 88965.02587699828 1622.777538803368 6210653.630641962 4289.954094214358 4400.0
170000.0 180000.0 261.9790410156129 885.2746326349443 270.18475199509174 999.8979999999865 98.72998046875 85532.0548382561 1545.2148767663325 5860833.250112912 4059.2661606110373 4400.0
180000.0 190000.0 64.46305078128353 903.230631747156 272.7424314618994 999.939000000013 86.2529296875 87651.44320634141 1569.403937112328 5978464.866025342 4143.192512639257 4400.0
190000.0 200000.0 474.72784960933495 952.5272150390665 94.7546728143812 999.5179999999818 697.882080078125 81887.16844413581 1493.8009612554372 5875565.778164892 4058.1858082994036 4400.0
200000.0 210000.0 87.40914453123696 901.144623224433 220.75609462638235 999.9790000000503 301.40691992186476 86282.23016186891 1572.6083458018218 5904641.300021152 4082.858322682722 4400.0
210000.0 220000.0 548.5479453124572 859.222914062504 298.4507832499449 999.7460000000428 195.364990234375 81035.68805681872 1400.7682350027176 5428304.9742654255 3765.3309468612415 4400.0
220000.0 230000.0 552.1689902343787 944.7831009765621 108.34723549837949 999.7569999999832 690.1210000000428 99882.86655401812 1751.3120235392416 6061395.439021214 4206.971679369226 4400.0
230000.0 240000.0 50.64710937498603 994.9352890625014 10.551983263862176 999.6929999999702 965.087890625 93389.1501483504 1667.8571843150708 6189462.320566028 4286.365105773093 4400.0
240000.0 250000.0 357.7425839842763 876.5688560014295 294.71657890901326 999.6970000000438 34.15010937501211 95385.56560962053 1694.6260000893392 6121092.393350959 4236.835928730916 4400.0
250000.0 260000.0 578.2339902344393 856.52418270596 298.6666737457965 999.9649999999674 200.29931640625 90514.13267078181 1621.6320101456784 6177321.790762047 4273.623961898506 4400.0
260000.0 270000.0 63.417343749897555 903.3256960227366 248.10195929043985 999.9640000000363 187.14697265625 87311.28410520234 1566.8849643533147 5825904.462458411 4032.442815799795 4400.0
270000.0 280000.0 399.52288671873976 872.7706466619328 267.701992539209 999.4089999999851 135.9130859375 94326.41259543198 1678.7590345428284 6221460.765372498 4318.834620655777 4400.0
280000.0 290000.0 61.04209570318926 903.5416276633464 269.26033486190596 999.7789999999804 101.114990234375 86307.27646001344 1556.620658485912 5883268.394768005 4077.0271313829235 4400.0
290000.0 300000.0 519.6319843749516 948.0368015625048 93.81109091945328 999.5060000000522 699.656005859375 87496.37918080257 1583.2083366230968 5821288.056595027 4024.4050707635374 4400.0
