ts te idle avg_span std_span max_span min_span c_bytes_all c_pkts_all s_bytes_all s_pkts_all video_rate
0.0 10000.0 6886.676912109426 778.3307719726436 439.3306450228255 999.6969999999856 119.340087890625 44115.00238446226 630.6020896565686 2306455.646602426 1608.1064635589125 2300.0
10000.0 20000.0 411.1220878906315 958.8877912109368 66.29634227304395 999.4799999999814 818.7700000000186 100240.99761553774 1732.3979103434312 6366536.353397574 4418.893536441087 2300.0
20000.0 30000.0 1115.3670195312588 987.1814422743046 34.11703259922599 999.6940000000177 896.22998046875 82612.93866963495 1492.677977210782 5704333.5485655265 3948.5644273867265 4400.0
30000.0 40000.0 722.209886718716 843.435464843753 277.7165284466002 999.7820000000065 103.08701953123091 80955.93585189941 1495.9779750952803 5914920.13761015 4092.2210640783437 4400.0
40000.0 50000.0 1599.0267949218978 840.0973205078102 321.91931029915463 999.1759999999776 173.08790624997346 88654.8471145046 1601.5454945446843 5995215.81797916 4143.470854464381 4400.0
50000.0 60000.0 1753.6033867187216 824.6396613281279 359.57979392944145 999.8580000000075 38.036701171891764 82438.92308005417 1482.974573379759 5831473.39124086 4027.246873965155 4400.0
60000.0 70000.0 147.47885351558216 895.6837405894926 284.21559893382323 999.984999999986 43.613087890611496 88143.90660428054 1593.0657975102786 6081929.213305044 4215.489967915822 4400.0
70000.0 80000.0 51.75817382801324 904.3856205610897 269.2466695400593 999.5310000000172 99.09094140626257 83838.27013501844 1513.868521946628 5927417.799362923 4102.365564299534 4400.0
80000.0 90000.0 2157.376955078158 784.2623044921842 362.4930857647414 999.9789999999921 111.72999999998137 73534.14762157266 1321.2492597456103 5280747.199319882 3658.841330639167 4400.0
90000.0 100000.0 97.08194726554211 900.2652775213144 289.41549964490264 999.5109999999986 33.960070312488824 89136.6607191833 1613.05178202327 6498266.687147589 4495.904866481679 4400.0
100000.0 110000.0 157.30388281261548 894.7905561079441 265.35185813569007 999.8279999999795 117.29101757809985 85612.87612935653 1563.5775164695456 6148263.0351025695 4265.154138134895 4400.0
110000.0 120000.0 83.18011328129796 901.5290806107911 241.1932169209987 999.6080000000075 208.08390039060032 79364.4402157419 1441.9919041677247 5806787.467054303 4022.9897395544135 4400.0
120000.0 130000.0 1846.000666015665 815.3999333984335 356.6679939699805 999.3169999999809 53.4033203125 80372.43117470555 1457.7867821657064 5645070.597965554 3907.9111439930643 4400.0
130000.0 140000.0 1135.6093515624525 984.9322942708386 20.552505502808412 999.6959999999963 943.4936796874972 85996.42336120774 1551.3610554078782 6147498.820838263 4244.290609784711 4400.0
140000.0 150000.0 105.88488671870437 899.4650102982996 294.87317112910046 999.8919999999925 15.80003124999348 81780.17111259411 1496.9123134912534 5938182.552824126 4106.905578457995 4400.0
150000.0 160000.0 2025.793082031305 886.0229908854105 293.7275153817439 999.9629999999888 106.03591796872206 74964.02821024614 1342.9590468415995 5306801.731684049 3667.6438408441127 4400.0
160000.0 170000.0 140.53691015631193 985.9463089843688 32.617085018123774 999.8319999999949 893.51708984375 88112.89688495343 1623.2399051713635 6542910.062029032 4529.771030901149 4400.0
170000.0 180000.0 365.87608984380495 875.8294463778359 283.82809167668984 999.9749999999767 105.28291015623836 82921.10311504657 1513.7600948286365 6032017.937970968 4174.228969098851 4400.0
180000.0 190000.0 1856.884999999893 904.7905555555675 281.91059195962583 999.8260000000009 153.03100000001723 77500.0 1397.0 5517992.0 3813.0 4400.0
190000.0 200000.0 2529.4730605468503 933.8158674316437 146.0941760521176 999.2669999999925 581.36599999998 72024.01071147987 1223.991434770332 4937483.588142071 3418.1648824684917 4400.0
200000.0 210000.0 1282.9480449218536 871.7051955078147 290.5331139906691 999.9340000000084 95.25506054691505 85082.93301247018 1506.8453812106284 5805713.324112266 4016.553327818024 4400.0
210000.0 220000.0 1009.3758945313748 899.0624105468626 305.4221710934659 999.7759999999544 30.097105468739755 88375.05627604995 1613.1631840190398 6251765.087745663 4319.281789713485 4400.0
220000.0 230000.0 2303.216117187403 962.0979853515746 60.67277398274991 999.1030000000028 837.7120000000577 80937.72665514135 1371.8663224608579 5421876.044716457 3750.1765761926445 3700.0
230000.0 240000.0 131.04688281239942 897.1775561079637 289.5079136241265 999.8710000000428 32.48311718751211 86599.27334485865 1574.1336775391421 6133674.955283543 4242.8234238073555 4400.0
240000.0 250000.0 2184.0750039062696 976.9906245117163 47.289722723373245 999.8769999999786 863.0670000000391 76037.66031434423 1342.1400327622719 5285144.206270628 3651.6410058885303 4400.0
250000.0 260000.0 108.00910546875093 899.2718995028408 289.90144592577775 999.8560000000289 31.516003906261176 89452.53627294337 1632.8110089116892 6500178.80397998 4486.187274272558 4400.0
260000.0 270000.0 100.67197265615687 899.938911576713 264.26769935121683 999.7439999999478 117.14810937503353 85489.2887187391 1533.772974659703 5995914.83786709 4157.693343556045 4400.0
270000.0 280000.0 26.00994921894744 906.7263682528229 251.3444978586597 999.935999999987 166.9110820312053 89339.28871039225 1609.5516096116119 6216105.992176605 4295.2107352264065 4400.0
280000.0 290000.0 1398.0849433593685 860.1915056640631 289.6844896051515 999.1289999999572 161.91603125003166 82593.40062068243 1497.111258698459 5830293.974883854 4027.4183402149692 4400.0
