ts te idle avg_span std_span max_span min_span c_bytes_all c_pkts_all s_bytes_all s_pkts_all videorate
0.0 10000.0 9122.137939453125 877.862060546875  877.862060546875 877.862060546875 16129.522719064309 187.18471936148512 639517.9119007629 449.06756616769434 2300.0
10000.0 20000.0 32.19780078122858 906.1638362926155 263.6285172201787 999.5920000000042 121.0689394531073 121804.12043865203 2022.8378827922622 7032167.63340974 4876.781354100146 2623.076923076923
20000.0 30000.0 1920.8102031249437 807.9189796875056 325.6059955575525 999.9290000000037 138.2987402344006 76807.6800337173 1401.812746135851 5171919.188915653 3579.790703854857 4400.0
30000.0 40000.0 1178.119763671828 882.1880236328172 209.62997189367763 999.7449999999953 394.3569433593657 83998.96412784889 1484.3407070484382 5549714.147102285 3864.622472552257 3777.777777777778
40000.0 50000.0 1146.9552382812253 885.3044761718775 207.88561859790505 999.2640000000247 392.4257070312742 83164.13482129984 1526.7831147549605 5756092.10098187 3989.5931540884535 4400.0
50000.0 60000.0 1138.9700820312137 886.1029917968787 224.22944381478874 999.8589999999967 351.9389453125186 82936.22940453996 1498.2392893533672 5768335.492120163 3992.041491170516 4400.0
60000.0 70000.0 57.50800585944671 903.8629085582321 209.41763384913824 999.5729999999749 391.9310273437295 92217.02788701198 1665.9434414174043 6215876.521950112 4309.324502107139 4400.0
70000.0 80000.0 108.87895117176231 899.1928226207489 216.21274981409982 999.9180000000051 397.2570332031464 93516.4867998701 1680.642174126533 6236207.729922139 4332.917230143535 4400.0
80000.0 90000.0 120.44706249999581 898.141176136364 203.8904851977979 999.9459999999963 464.25998437497765 98282.57259250074 1748.1898059685077 6246056.812308571 4341.973467007757 4400.0
90000.0 100000.0 1944.0008378906641 895.1110180121484 192.5103946980101 999.8310000000056 487.4270468750037 79906.12773129251 1314.6860818621078 4702028.641360774 3267.4429354070367 3400.0
100000.0 110000.0 172.06115234375466 893.4489861505677 234.6133055133835 999.8300000000163 315.0138847656199 97247.35872108462 1707.5167779046642 6024724.1630757665 4168.826269580292 4400.0
110000.0 120000.0 634.3220019531436 851.4252725497142 290.1644705383127 999.3119999999763 236.0849609375 88598.48634949808 1592.8012947617726 5815725.909394896 4037.565092415323 4400.0
120000.0 130000.0 561.6588613280328 858.0310126065425 303.75197517126475 999.9560000000056 2.652099609375 89687.07829270173 1597.5766938474374 5921149.42056063 4113.349907831479 4400.0
130000.0 140000.0 423.66300585935824 957.6336994140642 124.35297831237615 999.960000000021 603.87109375 99656.86153145075 1777.5030406755218 6393286.216979773 4427.987094597726 4400.0
140000.0 150000.0 74.0661074219388 902.3576265980056 210.76030269275117 999.9820000000182 394.20190624997485 92981.25562615463 1663.76110148586 6049524.365162374 4193.0193885315975 4400.0
150000.0 160000.0 1337.6640605467837 866.2335939453217 304.31570440742286 999.6149999999907 72.16701367188944 90187.46525561952 1597.9647593082236 5994411.632675542 4149.7700194979425 4400.0
160000.0 170000.0 1925.7269394531613 807.4273060546839 334.02284746239576 999.9880000000121 61.931999999971595 78826.74737509867 1388.746373347241 4930940.471353293 3424.123091265918 4400.0
170000.0 180000.0 1607.1277011718485 839.2872298828152 267.0086209740875 999.9490000000224 344.0700136718806 86954.08204918152 1558.1327098817083 5889788.194191979 4077.0812013521468 4400.0
180000.0 190000.0 30.47840624989476 906.3201448863732 214.41219218287293 999.9330000000191 348.49371484376024 107128.10045075596 1922.850587646341 7178042.654979238 4959.478711458735 4400.0
190000.0 200000.0 70.28992968751118 902.7009154829535 214.50571233346454 999.9629999999888 362.82112109375885 91378.48812519581 1621.9951552125392 6035306.239582891 4179.797534093117 4400.0
200000.0 210000.0 1596.768888671766 840.3231111328234 261.7420839149193 999.9579999999842 381.3400507812621 85944.56506258488 1520.9128446406426 5464435.549832081 3790.6444696362037 4400.0
210000.0 220000.0 76.65215429663658 902.1225314275785 219.5174840891971 999.9300000000512 348.05293945316225 93734.56838347671 1691.8927490349934 6250490.157887472 4329.698881793139 4400.0
220000.0 230000.0 1473.335640624864 852.6664359375136 317.4765627112844 999.7770000000019 17.29509374999907 91774.8107594001 1636.9593656484212 6076626.583215792 4199.839064018082 4400.0
230000.0 240000.0 606.0583027343964 853.9946997514185 276.18073611383676 999.7800000000279 239.636962890625 93590.55217301147 1676.7621918846446 6318020.874472205 4382.913135698343 4400.0
240000.0 250000.0 1316.9289843748556 868.3071015625144 239.58579922074554 999.5740000000224 380.427978515625 81210.8895830835 1476.4265085226577 5723315.32465022 3961.5215386320374 4400.0
250000.0 260000.0 708.131978515652 929.1868021484348 128.07648537877512 999.6450000000186 616.103021484334 81862.82370590439 1523.5378833764146 5974700.06201378 4138.829722998527 4400.0
260000.0 270000.0 1382.672035156167 957.4808849826481 122.92334356457877 999.5799999999581 629.68896484375 82236.65978735895 1501.9025548739523 5958666.4504479375 4120.72522671791 4400.0
270000.0 280000.0 105.07201562495902 899.5389076704582 215.23805673024438 998.4760000000242 366.19003515620716 83978.1297342195 1537.6717606319 5759292.258416387 4008.6907190946113 4400.0
280000.0 290000.0 1085.8598398437025 891.4140160156297 207.4196900915254 999.5890000000363 412.51905078126583 84249.84823509943 1498.0204448300858 5648217.00996458 3915.4774612542333 4400.0
290000.0 300000.0 149.2259960938245 895.524909446016 210.92967555770116 999.9719999999506 387.56189062504563 96936.35273202942 1761.820899660031 6633329.4615460485 4583.945457976415 4400.0
