ts te idle avg_span std_span max_span min_span c_bytes_all c_pkts_all s_bytes_all s_pkts_all video_rate
0.0 10000.0 7450.8327460937435 849.7224179687522 244.72850232587467 991.6570000000065 567.13525390625 22266.22723379644 214.2452644597126 491698.58677478245 358.64759816330997 1092.8
10000.0 20000.0 2942.0092265625135 705.7990773437486 376.58838354282256 998.1010000000242 67.01600000000326 39683.282908291294 500.33279927034926 1288591.4124319826 933.9225970271742 288.0
20000.0 30000.0 1727.490068359417 827.2509931640583 293.07913351030317 996.9689999999828 226.782958984375 44231.56431358879 618.2914816112074 1570386.7090827026 1116.3490253945486 840.0
30000.0 40000.0 5337.547962890589 582.8065046386764 342.1673324352209 999.9990000000107 108.54200000001583 39557.46744402164 559.2560265421077 1973414.371618845 1393.6806828689644 1457.7777777777778
40000.0 50000.0 1066.4071113280952 893.3592888671905 201.23523347398597 999.9349999999977 388.8190000000177 68275.79449737744 1188.1822676528907 4351543.783836565 3039.52031409866 2900.0
50000.0 60000.0 3250.766638671863 674.9233361328137 361.8219299519273 998.3850000000093 225.67724609375 65176.49645322907 1160.9015169857782 4336689.630980059 3018.108542636629 3000.0
60000.0 70000.0 3227.7101601562463 752.4766488715281 369.31610897935116 999.61599999998 225.7880859375 71587.79652840256 1272.6708724146035 4753522.664047046 3290.5653535094975 4200.0
70000.0 80000.0 1235.8490703125135 876.4150929687487 260.2449835567232 999.9789999999921 175.416015625 82903.5776286042 1508.7477255835358 5692964.645683912 3934.9941349668534 4400.0
80000.0 90000.0 35.08099414064782 905.9017278053957 251.39350501947902 999.8730000000214 164.572021484375 100926.60685293002 1797.3539341256744 6949408.471314263 4805.762850678184 4400.0
90000.0 100000.0 66.50274218752747 903.0452052556793 262.56289888085274 999.7829999999958 125.061279296875 87319.89070448071 1577.995276086246 6243047.796607756 4318.336782647427 4400.0
100000.0 110000.0 1989.0062792969402 801.099372070306 379.8866906031289 998.7820000000065 21.804999999993015 70295.29543527782 1208.0228352678942 4665986.927622086 3242.1121180087516 3400.0
110000.0 120000.0 1805.1860683594132 910.5348812933985 263.2921592176145 999.7390000000014 208.429931640625 82811.31151257534 1447.223584209304 5536366.516297466 3834.9842451140894 4400.0
120000.0 130000.0 1961.5020410155994 803.8497958984401 360.12556418186944 999.6510000000126 48.4550000000163 80647.78796599203 1422.1194318603655 5425704.171702056 3757.8784876679506 4400.0
130000.0 140000.0 1431.048875000095 856.8951124999905 263.043441617388 999.9419999999809 217.916015625 83149.20624257466 1504.0731029214944 5903720.163981938 4082.8639009508365 4400.0
140000.0 150000.0 91.99809179687873 900.7274462002838 252.92710750926267 999.8499999999767 164.346923828125 100407.63242216669 1803.546052856114 6941069.753675033 4796.5550491871945 4400.0
150000.0 160000.0 1533.7808222656022 846.6219177734398 277.24898940970604 999.5559999999823 216.3291015625 83012.21779162015 1482.6720335589926 5804102.945505747 4016.8314769734743 4400.0
160000.0 170000.0 147.02099414065015 895.7253641690318 254.45737841948758 999.6579999999958 153.735107421875 92578.41993147343 1615.2922439631834 6155971.535979136 4261.973651529236 4400.0
170000.0 180000.0 2022.145792968804 886.4282452256884 254.2425216183542 999.3580000000075 222.247314453125 70594.32966027438 1250.442082115358 4869727.280794386 3380.7839653924816 4400.0
180000.0 190000.0 82.92924999992829 901.5518863636429 253.9902896232203 999.9770000000135 162.216064453125 98250.01399271969 1759.5228957497532 6675334.873881159 4612.731393537654 4400.0
190000.0 200000.0 1028.6421679687337 897.1357832031266 243.26795919080556 999.670999999973 221.493896484375 90196.84077591379 1603.8178608110888 6295027.841616398 4358.114829256806 4400.0
200000.0 210000.0 1563.2069687498733 843.6793031250127 287.25618076611846 999.4120000000112 169.200927734375 77965.65894433163 1416.0069099950597 5562090.2472961 3850.505350211779 4400.0
210000.0 220000.0 1138.1948339842493 886.180516601575 244.8162251456367 999.6600000000326 219.49609375 87300.75936528547 1546.0640705956516 6040620.724562785 4174.272285236261 4400.0
220000.0 230000.0 1730.3190527344123 826.9680947265588 302.8408964064001 999.6720000000205 182.342041015625 69844.30301794196 1260.6869388988243 5039966.838453409 3486.717727126114 4400.0
230000.0 240000.0 84.04001562506892 901.4509076704483 265.71866071042234 999.2850000000326 117.176025390625 93093.45368221348 1688.5863631974503 6780540.144725604 4690.184803369597 4400.0
240000.0 250000.0 80.7709726562025 901.7480933948907 281.23119931481943 999.7519999999786 60.654052734375 92048.12423882367 1641.2703325591358 6227185.512093237 4314.16519709422 4400.0
250000.0 260000.0 1837.5690234375652 816.2430976562434 368.4413341127476 999.5699999999488 24.957999999984168 76556.1544729738 1385.4589172782785 5540619.512525207 3831.6656422349915 4400.0
260000.0 270000.0 99.58605859370437 900.037631036936 256.1311836087856 999.7550000000047 154.094970703125 88376.57921630725 1626.229137907216 6487926.185691752 4484.881501716632 4400.0
270000.0 280000.0 2001.2610117188888 799.8738988281111 373.11899866004234 999.6729999999516 0.0 74027.5843989441 1324.1451490007685 5249744.100981376 3628.2938767999462 4400.0
280000.0 290000.0 60.273984375060536 903.6114559659036 246.7308028382399 999.8699999999953 183.198974609375 91369.66635726814 1660.8760415506329 6655312.276373255 4603.856689697184 4400.0
290000.0 300000.0 1590.2099687500158 840.9790031249984 288.93629757643885 999.8860000000568 174.656005859375 75914.10990794814 1364.3655560241573 5444316.6772792665 3771.514825064984 4400.0
