ts te idle avg_span std_span max_span min_span c_bytes_all c_pkts_all s_bytes_all s_pkts_all videorate
0.0 10000.0 6331.08869140625 917.2278271484374 149.60851992909596 995.1270000000004 692.84130859375 25608.88389687485 460.783643162486 1395640.492217669 1153.7592617154883 2300.0
10000.0 20000.0 1039.9873417968738 814.5466052911933 312.9002325344412 999.5520000000033 256.47699999999895 32931.708128942395 712.7415139583329 1894672.9420050469 1562.3349772923248 657.3333333333334
20000.0 30000.0 3221.241966796879 847.3447541503901 182.16903561667363 999.6359999999986 557.1170332031252 23531.407974182755 521.4748428791811 1598204.565777284 1342.905760992187 840.0
30000.0 40000.0 1764.544906250012 915.0505659722209 157.44096932947988 999.502999999997 504.49609375 26336.47698711406 655.0386140421977 2959545.620668882 2443.5048267552747 1842.857142857143
40000.0 50000.0 1925.7390937500095 807.426090624999 248.30114354529627 999.9799999999959 449.75 38064.47999353506 1004.1230681566672 4088409.139544245 3324.22074707549 2900.0
50000.0 60000.0 169.87203710938047 893.64799662642 215.7489765657038 999.3739999999962 383.136962890625 43213.807149502405 1149.4196151212884 4696865.47603051 3839.86004505439 3800.0
60000.0 70000.0 1990.0860664062639 889.9904370659707 197.93982454435914 999.8479999999981 482.243896484375 35442.30542913223 971.1404529411913 4039478.906716866 3277.5013069652196 4400.0
70000.0 80000.0 1068.653933593756 893.1346066406244 209.2694716494238 999.448000000004 477.636962890625 50524.34490277807 1262.9199958292518 4884358.057538934 3970.6104417097613 3200.0
80000.0 90000.0 116.28865820314968 898.5192128906227 222.16763108549537 999.8319999999949 386.9873046875 47155.548526753824 1220.6804669196274 5001016.515500728 4048.710981439136 4400.0
90000.0 100000.0 1351.5823046874866 864.8417695312513 308.26171129805743 999.3260000000009 60.369000000006054 48957.037011184344 1286.6777869897767 5335497.283999834 4309.591651000728 4400.0
100000.0 110000.0 601.0461152343632 939.8953884765637 180.43427217862813 999.7670000000071 426.431884765625 52175.491047356074 1359.0433056026166 5608139.2361325165 4530.473729955617 4400.0
110000.0 120000.0 61.802867187478114 903.4724666193201 208.76139880453033 999.7339999999967 404.218017578125 57289.591628079645 1500.0274010847893 6212746.417150006 5033.256452030316 4400.0
120000.0 130000.0 631.8318964843929 936.8168103515607 134.4288718008488 999.9709999999905 588.0229824218841 57156.15180035675 1479.8972547250617 5975375.514941743 4824.704254908245 4400.0
130000.0 140000.0 1924.7560976562672 807.5243902343733 294.023547208497 999.7030000000086 179.11387890623882 50153.22524635371 1306.2198162813083 5381496.850998104 4343.403161398445 4400.0
140000.0 150000.0 42.95792187502957 905.1856434659064 207.25206729104067 999.7149999999965 458.7041015625 51801.8183463887 1357.2570978627457 5573108.664916754 4520.1040644327 4400.0
150000.0 160000.0 1634.7951054687437 836.5204894531256 263.11915177336056 999.7000000000116 352.8040000000037 50934.66991426629 1334.1360046526843 5564658.560928751 4498.272933328973 4400.0
160000.0 170000.0 1941.34398632808 805.865601367192 325.04730821421737 998.0780000000086 96.67399999999907 45151.42549654439 1169.5282034679537 4804190.658578746 3879.492452331997 3700.0
170000.0 180000.0 1349.9560019531928 865.0043998046807 211.10668703323057 999.6570000000065 503.9580078125 51495.852177596 1326.9995928433616 5410661.470539781 4383.246236483024 4400.0
180000.0 190000.0 140.41001171868993 896.3263625710282 212.79962740058045 999.4079999999958 439.89599609375 52531.43361115273 1364.6241792598062 5373667.166518525 4357.56789089086 4400.0
190000.0 200000.0 682.0719960937568 931.7928003906243 148.6716574918201 999.9340000000084 559.656003906246 54434.3407319057 1432.2671442196727 5919646.459295075 4775.478824239821 4400.0
200000.0 210000.0 564.3147480468615 943.5685251953139 169.88435161642346 999.5979999999981 460.083251953125 55968.123362182276 1460.8417355957522 6122525.997879666 4934.084798303733 4400.0
210000.0 220000.0 1984.0591601562337 890.660093315974 211.2009083477788 999.9869999999937 501.069091796875 47121.30508437759 1226.8930016803024 5016497.299539167 4059.7291427836517 3800.0
220000.0 230000.0 2396.1840917968657 844.8684342447928 254.75960851588488 998.9720000000088 321.1449999999895 46246.57155344013 1194.2652627239454 4803427.702581166 3884.1860589126154 4120.0
230000.0 240000.0 630.8610644531436 936.9138935546856 179.7216426571317 999.9830000000075 426.158935546875 49468.07643264111 1286.2617213597755 5297086.686961717 4280.664740195879 4400.0
240000.0 250000.0 438.64096875005635 869.2144573863585 298.082022901553 999.9309999999823 59.615966796875 45268.21970124302 1160.101299936873 3629631.7662001373 2943.9567416465843 3700.0
250000.0 260000.0 4381.416849609348 702.3228937988315 338.11312743367034 996.1830000000191 106.05099999997765 34858.49021146378 846.3808701649655 3429413.85254955 2810.81307203191 2075.0
260000.0 270000.0 1497.650185546896 850.2349814453104 240.82105981484955 999.3580000000075 430.804931640625 44656.43535342755 1143.043374687831 4671596.668381827 3783.1584369839 3400.0
270000.0 280000.0 62.06186718743993 903.4489211647782 213.6506690516587 999.9239999999991 389.716064453125 59779.51959061215 1538.9686928358788 6175327.936425589 4974.011142830903 4400.0
280000.0 290000.0 28.66494335938478 906.4850051491468 209.4358276839873 999.9309999999823 381.34912109375 53261.607983039044 1400.0334580940396 5756546.439605773 4658.7738870919175 4400.0
290000.0 300000.0 646.9291445312556 935.3070855468744 126.60885814472036 999.8080000000191 615.65087890625 51225.50505623154 1342.1988041171498 5582461.733493624 4520.665068306993 4400.0
