ts te idle avg_span std_span max_span min_span c_bytes_all c_pkts_all s_bytes_all s_pkts_all videorate
0.0 10000.0 6695.4580234374735 826.1354941406316 331.89595870065745 997.935999999987 328.3759765625 31595.94988576266 272.9384073184862 763421.5500933629 555.2815707602249 862.8571428571429
10000.0 20000.0 71.47289453126723 902.5933732244303 226.10176301583675 999.2370000000228 288.68408203125 70993.22366266132 1163.1275422585509 3247457.109855956 2244.477477641966 2647.0
20000.0 30000.0 1351.2401113281376 864.8759888671863 218.20747382474272 999.8699999999953 480.219970703125 69513.52441862573 1053.139082111672 2889796.6944603585 2014.162414465218 1138.3333333333333
30000.0 40000.0 2120.3019003905356 875.5220110677183 229.99749536907302 999.804999999993 332.1750292968936 61733.08706009934 973.424406737819 3638098.029368498 2533.844192606846 2340.0
40000.0 50000.0 613.1167929687654 853.3530188210214 303.5580974633055 998.4990000000107 92.15892968751723 63230.1151916339 1102.934354576669 4063404.92872977 2833.103365691109 3000.0
50000.0 60000.0 563.7532167969039 857.8406166548269 295.927949746132 999.9780000000028 65.362060546875 72084.97460062391 1274.2272238040816 4815632.850617007 3353.3506536724276 3800.0
60000.0 70000.0 36.74094726552721 905.7508229758612 286.1194732196914 999.9170000000158 45.14111328125 84262.3424636925 1565.556593406131 6172387.347053142 4267.055667848054 4400.0
70000.0 80000.0 484.08413085946813 951.5915869140532 111.63284447315142 999.804999999993 639.310999999987 89640.33099839468 1564.6833157022772 5856644.656931432 4054.400288126431 4400.0
80000.0 90000.0 82.70210351556307 901.5725360440397 292.66559909273417 999.8680000000168 23.302017578098457 91281.78987134076 1575.766888677545 6085343.730013723 4215.746533118775 4400.0
90000.0 100000.0 703.5429667968419 845.1324575639235 301.9937998522916 999.7029999999795 94.05312109377701 86637.78240607935 1535.821688824436 5830783.364406101 4030.7281539266282 4400.0
100000.0 110000.0 388.39360351563664 873.7823996803967 297.4109844082287 999.9899999999907 63.59130859375 89395.75153527784 1606.3283393628715 6274031.302948089 4343.147200534976 4400.0
110000.0 120000.0 56.93702343752375 903.9148160511342 291.7066972299885 999.8630000000121 26.21728515625 88030.36530914108 1572.143231933353 6139329.184263819 4247.031611584278 4400.0
120000.0 130000.0 577.6620371093741 942.2337962890626 162.3820882487407 999.7519999999786 480.8420000000042 83253.05756996978 1477.0288201747135 5779709.500864865 3997.5890017516754 4400.0
130000.0 140000.0 558.712294921861 858.2988822798308 318.5724340405526 999.7989999999991 18.578751953144092 80588.06418900538 1486.3028009413192 6085861.412628545 4200.047889094167 4400.0
140000.0 150000.0 123.60464257810963 897.85412340199 211.30671854918253 999.2860000000219 428.893310546875 78585.17819312302 1413.0908464962044 5632899.37803116 3897.5681056497906 4400.0
150000.0 160000.0 530.1480605468387 860.8956308593783 299.3583778755005 999.8400000000256 43.03125 84281.69967276203 1525.1087513779103 5950886.474106035 4127.428414708567 4400.0
160000.0 170000.0 1091.2672499999753 989.8591944444472 16.315742209297316 999.7920000000158 956.212750000006 80339.76297180669 1459.3777062959598 5897172.4856281355 4074.037458818867 4400.0
170000.0 180000.0 625.5890527344891 937.4410947265511 189.29065628258468 998.7010000000009 398.720947265625 84236.25303725337 1527.3890290431264 6166331.80724302 4255.970832175951 4400.0
180000.0 190000.0 1851.0250410155277 814.8974958984472 239.74849597317905 999.929999999993 470.00599999999395 88640.86399974917 1421.6573554978302 5532736.63269736 3832.855228389049 4400.0
190000.0 200000.0 77.74491210939595 902.0231898082367 210.47129634875358 999.7010000000009 438.343994140625 87998.18982292384 1603.921827022257 6362116.53995199 4400.381914567487 4400.0
200000.0 210000.0 46.92999414075166 904.8245459872044 209.12223593521801 998.8860000000568 414.625 83762.37555469564 1517.88601085293 5829444.598385401 4042.757443346352 4400.0
210000.0 220000.0 47.256042968831025 904.7949051846517 211.24295604129938 999.3919999999925 388.98095703125 80048.27952841755 1436.2761739160658 5732485.9757690765 3960.065713559867 4400.0
220000.0 230000.0 740.8878417969681 925.9112158203031 140.1286789977819 999.5400000000373 608.4000429688022 82556.41010789068 1493.378755797881 5971012.915949406 4121.320830220204 4400.0
230000.0 240000.0 551.6278515625745 858.9429225852205 312.0543276868412 999.4960000000428 70.06888476561289 81374.10012483569 1478.8312339735435 5976932.398360053 4129.238167463064 4400.0
240000.0 250000.0 368.2839804687537 875.6105472301133 285.4246098942837 999.5910000000149 105.665283203125 83107.54826802648 1508.4475684512195 6002334.972370752 4146.635944680407 4400.0
250000.0 260000.0 146.38797851570416 895.782911044027 289.1858377950952 999.8009999999776 29.2373046875 78668.66598582987 1426.2683704603999 5686439.356624339 3937.20739030816 4400.0
260000.0 270000.0 796.8950234375661 920.3104976562433 169.65000434147754 999.8959999999497 485.36328125 79638.1842161049 1437.026805442146 5782616.193605721 3997.147383056071 4400.0
270000.0 280000.0 737.0232812499162 926.2976718750084 163.87351950717397 999.9830000000075 512.9377187499776 76914.1293542728 1405.916869542601 5686202.609042881 3928.419152233389 4400.0
280000.0 290000.0 62.88602343760431 993.7113976562396 12.072069381813115 999.6840000000084 959.8759765625 99677.17768606395 1753.175967168868 6487913.914880263 4483.022900943861 4400.0
