ts te idle avg_span std_span max_span min_span c_bytes_all c_pkts_all s_bytes_all s_pkts_all videorate
0.0 10000.0 8213.802921875002 893.0985390624992 147.98820167147053 997.7419999999984 788.455078125 20764.039422390953 306.93813387633463 1057730.1825823803 849.0759522261767 2300.0
10000.0 20000.0 406.869019531252 872.1028164062499 254.16022990669214 999.3230000000003 209.91592187499919 88134.3555586642 1613.5478564089387 6218744.538129107 4949.004609025062 2300.0
20000.0 30000.0 110.35876171875861 899.0582943892038 216.11137884697337 998.5789999999979 403.3759414062515 83055.35053812695 1634.8763238045142 6271610.251320997 4992.115560078804 4400.0
30000.0 40000.0 2001.942318359368 888.673075737848 215.00113860960622 999.0999999999985 468.13370312500047 63136.885356365354 1242.4834163350504 4867160.768667863 3877.435039991675 4400.0
40000.0 50000.0 146.98772265623847 895.7283888494329 221.18417943543176 999.1880000000019 445.2850214843784 87220.17879888495 1707.303279670064 6592845.088977377 5249.43539916651 4400.0
50000.0 60000.0 44.679939453119005 905.0290964133528 207.86623223824066 999.9890000000014 429.04931640625 76547.34316161154 1468.1697897116549 5631538.916867967 4491.027338094357 4400.0
60000.0 70000.0 50.053375000017695 904.5406022727257 210.3397421095583 999.9109999999928 404.93994140625 75265.1466823832 1441.5515666184422 5595464.870227493 4464.353382725104 4400.0
70000.0 80000.0 30.887046875010128 906.2829957386355 209.26383059164743 999.8610000000044 391.69189453125 77164.33774980785 1478.6785688957386 5765102.121294157 4593.634549092423 4400.0
80000.0 90000.0 28.413015624988475 906.5079076704556 212.05340132434924 999.9630000000034 375.90087890625 78894.24805735785 1514.610785166745 5941003.075073241 4729.093686877572 4400.0
90000.0 100000.0 626.9539726562507 937.304602734375 117.31398822832236 999.471000000005 620.3861210937466 68589.65391092308 1249.9363050170673 4898880.428764147 3910.270364582826 3600.0
100000.0 110000.0 583.5428046875022 856.0415632102271 302.86476618125846 999.7890000000043 72.49409375000687 71205.58469074915 1311.7867298415392 5023117.078675955 4008.698937357273 3600.0
110000.0 120000.0 88.50812695316563 901.0447157315303 210.11909876362589 999.9379999999946 457.323974609375 91105.21413310422 1758.0224097591706 6754083.769036224 5369.253148580452 4400.0
120000.0 130000.0 1089.5977070312365 891.0402292968763 218.41294780474394 998.5329999999958 418.5460000000021 73644.96268569448 1424.1020110818133 5532857.80727726 4397.002454836528 4400.0
130000.0 140000.0 47.19721093750559 904.8002535511358 293.12662638989053 999.752999999997 22.095732421876164 79012.3608205494 1519.2508592539718 5856984.337408081 4667.50406417727 4400.0
140000.0 150000.0 511.33015429691295 862.6063496093716 305.40296125641703 999.8390000000072 45.530943359364755 74855.93806922979 1423.8256784202156 5456810.44643328 4351.7699107956705 4400.0
150000.0 160000.0 182.6608378906676 892.4853783735757 227.37358165015343 999.7330000000075 396.216064453125 79950.29397946045 1535.6476439847147 5981523.074410535 4763.141245031964 4400.0
160000.0 170000.0 55.4660507812805 904.0485408380654 212.90838776234077 999.630999999994 369.864013671875 88016.56981802166 1691.3491231266753 6525651.244471666 5192.095748745499 4400.0
170000.0 180000.0 33.032009765680414 906.0879991122109 214.14515827210263 999.9819999999891 353.10400390625 72976.29827153793 1396.2306256401068 5446263.863496443 4339.55303911438 4400.0
180000.0 190000.0 38.24006640620064 905.6145394176182 217.492394595494 999.9340000000084 331.9609375 75903.7516816916 1456.0457484974168 5589482.777628185 4454.2746284317645 4400.0
190000.0 200000.0 241.64499804688967 887.1231819957374 220.83259149957317 999.5819999999949 311.387939453125 77628.13026727721 1493.9612705003372 5765308.788956012 4591.2142066685155 4400.0
200000.0 210000.0 37.620623046852415 905.6708524502861 223.8947303914913 999.9590000000026 293.04931640625 86557.9082350211 1657.1746044154165 6419743.18527199 5107.524924477956 4400.0
210000.0 220000.0 36.514404296904104 905.7714177911905 227.64488614524086 999.4979999999923 272.284912109375 78487.91199350523 1513.6622776501135 5945393.975137219 4736.181888883435 4400.0
220000.0 230000.0 40.193927734333556 905.4369156605152 231.4742847645416 999.9010000000126 253.208984375 75658.23303307683 1451.0093933035037 5665508.316189155 4516.913982705131 4400.0
230000.0 240000.0 43.56605859377305 905.130358309657 233.29551735786768 999.9439999999886 239.27392578125 72951.51554385007 1390.7429495003232 5402910.020775165 4309.419010785324 4400.0
240000.0 250000.0 38.1489628906711 905.6228215553936 237.79232345779153 999.810999999987 221.886962890625 80210.1343957268 1536.746208933447 5824272.28839471 4643.970142676017 4400.0
250000.0 260000.0 41.35495312511921 905.3313678977164 244.43400105911252 999.984999999986 196.010009765625 86506.32563860432 1662.3201726097457 6504528.183943168 5170.625364204833 4400.0
260000.0 270000.0 47.19697460945463 904.8002750355041 250.7340533334959 999.3429999999935 169.43603515625 79234.91913515369 1533.1235879970689 5924530.0558902845 4719.247872866088 4400.0
270000.0 280000.0 47.9357812498929 904.7331107954643 257.17916713709405 999.3400000000256 144.38525390625 75211.36308037731 1445.030592275937 5647998.157142468 4501.440973917034 4400.0
280000.0 290000.0 48.2301562501234 904.706349431807 263.49963400874674 999.3719999999739 120.97509765625 75413.15736951679 1442.9086862019733 5556470.803915714 4427.011287317832 4400.0
290000.0 300000.0 43.83901171875186 905.1055443892044 270.2701823137173 999.8989999999758 97.4130859375 74737.35282442601 1442.0261526509878 5604159.544357396 4469.17477043117 4400.0
