ts te idle avg_span std_span max_span min_span c_bytes_all c_pkts_all s_bytes_all s_pkts_all videorate
0.0 10000.0 9198.097027343749 400.9514863281256 341.4554813390012 642.39697265625 159.50600000000122 12242.580289009453 157.64779025534136 482068.64772716875 403.8350188986439 2300.0
10000.0 20000.0 333.9498945312589 878.7318277698855 267.0076742799621 999.8489999999983 220.57002734375055 63737.061056155086 1624.420362691449 6470245.552850789 5225.652997047613 2300.0
20000.0 30000.0 910.1460976562448 826.3503547585232 304.36530491578986 999.9490000000005 166.60498046875 54063.469933097054 1499.0970430715577 5797564.428899296 4710.840806195914 4100.0
30000.0 40000.0 1681.5219941406249 924.275333984375 129.01511772894395 999.9300000000003 624.635986328125 47034.752334345394 1284.2987939194954 5016762.007141245 4104.303872352319 3388.8888888888887
40000.0 50000.0 1464.6070683593716 853.5392931640629 236.5584530558991 999.872000000003 375.21801367187436 42596.14956847317 1136.002837680976 4369893.7179241665 3583.763983993777 3800.0
50000.0 60000.0 104.1229453124979 899.6251867897729 220.1467204133962 999.5099999999948 368.9380820312508 61322.99539906476 1612.3447615187704 6248126.81250682 5063.322807532891 4400.0
60000.0 70000.0 204.60969140622183 890.4900280539798 237.68058961118268 999.997000000003 379.86328125 55086.84057624949 1447.73059145571 5648792.089766891 4585.881567543081 4400.0
70000.0 80000.0 409.161392578113 871.8944188565351 212.77253823607566 999.224000000002 337.285888671875 52666.442666099996 1388.5214480747527 5423781.05270618 4429.888000357645 4400.0
80000.0 90000.0 223.86580664063513 888.7394721235786 248.9740016428566 999.5080000000016 201.43408203125 52908.28286740315 1396.8934183841195 5487251.998946069 4472.479641074025 4400.0
90000.0 100000.0 143.02515820314875 896.0886219815319 277.0421995152151 999.7909999999974 80.971923828125 53592.58582137352 1414.3833256555147 5576916.20573353 4548.919716365816 4400.0
100000.0 110000.0 1534.7739941406326 940.5806673177075 120.3680486636405 998.7109999999957 630.6279296875 48896.88833667557 1291.162487613809 4996161.825574174 4059.6208052297634 4400.0
110000.0 120000.0 106.09691992186708 899.4457345525575 222.42245460505353 999.7899999999936 365.067070312507 50387.37500209635 1304.7281025701834 5060352.924056462 4150.226480287074 3777.777777777778
120000.0 130000.0 4147.390072265611 731.5762409667987 359.92032454370656 999.9349999999977 0.0 35736.398200543 923.4779273204576 3504201.648442532 2860.4052354114756 3200.0
130000.0 140000.0 1130.4279296875466 886.9572070312454 240.85102127139655 999.9459999999963 319.167062499997 45499.68105520096 1166.917909677416 4431445.348784733 3623.219500004635 3350.0
140000.0 150000.0 68.77402539059403 902.8387249644915 210.76197581745924 999.6639999999898 430.7829921875091 54886.86446374043 1445.4729985635154 5511768.184997634 4504.250898569514 4400.0
150000.0 160000.0 609.4769980468845 853.6839092684651 256.7452049495189 998.377999999997 229.708984375 52171.080234175344 1375.9244449414743 5365360.8418099675 4368.809790330337 4400.0
160000.0 170000.0 704.0069941405964 929.5993005859403 146.31457722272003 999.6369999999879 565.989990234375 45011.65664454533 1165.2924227907224 4486134.197921822 3673.697592315978 2922.222222222222
170000.0 180000.0 1048.3129804687342 895.1687019531266 212.34245283804984 999.9189999999944 433.9660097656306 48960.58104076294 1268.5724295560547 4799518.66345709 3930.910478902516 3466.6666666666665
180000.0 190000.0 49.37702929691295 904.6020882457352 207.18095644688003 999.5789999999979 439.3089902343636 59991.89152315038 1586.9805025858202 6136321.47732562 4972.182508844733 4400.0
190000.0 200000.0 185.45572851566249 892.2312974076671 231.01553911622898 1000.0 391.833251953125 55148.59293508731 1450.885059419142 5730999.805019044 4663.162079864144 4400.0
200000.0 210000.0 213.31333984373487 889.6987872869332 243.88023691673908 999.6430000000109 245.284912109375 55627.770456122045 1462.6573824963762 5739943.776691178 4681.980983752223 4400.0
210000.0 220000.0 1928.4060273437644 896.8437747395817 155.58473369902825 999.9239999999991 646.681884765625 44679.06097470984 1186.6616953850926 4611045.84097132 3748.121574714377 4400.0
220000.0 230000.0 160.6099179687153 894.4900074573895 222.95997825627478 999.5190000000002 349.8511152343708 52248.4165886599 1365.3955135910048 5328867.751084005 4349.877233882989 3777.777777777778
230000.0 240000.0 201.47484960933798 890.7750136718784 234.2608679084584 999.8820000000123 397.7451171875 52841.22898260844 1382.6538135539083 5237864.424257733 4273.978934419044 4400.0
240000.0 250000.0 1516.8251914062712 848.3174808593728 216.61348567128175 999.9500000000116 423.31200000000536 44225.94227420211 1155.0783298060267 4453224.173258919 3625.943158546639 3200.0
250000.0 260000.0 1019.6638105469174 898.0336189453083 218.8395757579571 999.3979999999865 369.8750742187258 32152.611007097043 807.6169520442788 3048918.840244912 2509.822577740759 2300.0
260000.0 270000.0 1093.743199218763 890.6256800781237 213.27230245206886 999.8379999999888 369.05088476563105 38692.55663235976 968.7594925427728 3629440.234005465 2984.1282802327423 2825.0
270000.0 280000.0 161.89703515620204 894.3729968039817 220.33270149773747 999.6589999999851 354.0990839843871 50385.024329368185 1321.3786643392991 4989268.064232982 4066.1321054807136 4400.0
280000.0 290000.0 72.58078710938571 902.4926557173286 210.40376829951978 999.7129999999888 429.20011914061615 53780.27347088997 1415.3920788938033 5455371.27834343 4445.938072789749 4400.0
290000.0 300000.0 218.51218164060265 889.2261653053997 242.3026467734165 998.9290000000037 335.784912109375 54351.258980672144 1430.496743978888 5549299.447683278 4534.163113319902 4400.0
