ts te idle avg_span std_span max_span min_span c_bytes_all c_pkts_all s_bytes_all s_pkts_all video_rate
0.0 10000.0 7922.037943359348 692.6540188802173 404.1990682536496 988.7860000000219 232.16800000000512 29043.381518771566 387.322895824912 1421429.081828408 993.2475573975134 2300.0
10000.0 20000.0 315.9459746093489 880.3685477627864 276.1706639591393 999.9820000000182 142.61894335935358 97476.27425211147 1712.1551699328243 6535680.898146371 4522.331443097121 2650.0
20000.0 30000.0 65.88099804683588 903.1017274502876 214.1128782644347 999.8250000000116 416.53491796873277 85135.06684049293 1589.585215202818 5943247.522865223 4126.351166832993 4400.0
30000.0 40000.0 2693.1270527344313 811.8747719183965 323.6534036677192 999.3489999999874 79.52700000000186 72313.73436079733 1302.2461291332352 4916229.8232554 3406.643807347749 3933.3333333333335
40000.0 50000.0 1446.5691425781115 855.3430857421888 290.40383881260493 999.9469999999856 102.99196875002235 83932.65986311344 1532.5264402895257 5786648.966319873 4013.7926689480505 3875.0
50000.0 60000.0 54.8478261717828 904.1047430752925 266.1255372461215 999.9729999999981 110.50711132813012 99807.01859614743 1669.0684202266734 6210789.839177983 4297.596438841046 4400.0
60000.0 70000.0 101.63807031250326 899.8510845170451 262.2091787233951 999.7229999999981 133.08893750002608 84861.61621671033 1518.709321303548 5741208.0758527815 3971.500614490932 4400.0
70000.0 80000.0 3209.999992187426 848.7500009765718 287.6206676158519 999.5540000000037 213.7770078125177 68921.2483518555 1253.3864080864635 4713409.792553959 3267.536303044595 4400.0
80000.0 90000.0 130.53196093748556 986.9468039062515 36.87116509288056 999.8219999999856 882.0400390625 99522.59390323605 1796.968866682112 6834240.761928255 4725.3875285602335 4400.0
90000.0 100000.0 1830.3290390624315 816.9670960937568 332.5340321234232 999.8510000000242 101.73596093751257 80553.40609676397 1440.031133317888 5385834.238071745 3734.6124714397665 4400.0
100000.0 110000.0 249.04708789061988 975.0952912109381 53.98439921793907 999.8379999999888 836.034912109375 93424.62760933733 1682.1570416942914 6362357.8840009915 4401.037260779923 4400.0
110000.0 120000.0 571.5259707031073 857.1340026633538 270.4374528681746 999.7800000000279 162.90308789064875 90915.31985850622 1642.5329770537812 6258279.805004881 4337.930036558962 4400.0
120000.0 130000.0 1345.838912109437 865.4161087890564 224.75299075209085 999.2019999999902 415.6870585937286 81608.47569803159 1413.095638420577 5371068.263242871 3734.254731142379 3933.3333333333335
130000.0 140000.0 36.35694140626583 905.7857325994304 226.29336604978397 999.9259999999776 277.12297070311615 87653.70665257482 1587.157287411876 5943476.330330772 4119.609582026718 4400.0
140000.0 150000.0 349.48298632807564 877.3197285156294 239.03841034665714 999.5370000000112 295.113912109402 85999.76095035164 1541.2898117983332 5796349.297854621 4008.358871884675 4400.0
150000.0 160000.0 1557.4280214843457 844.2571978515655 309.21743075546846 999.2939999999944 108.07799999997951 84291.34510768017 1528.9641381845645 5980176.928944824 4128.205947550432 4400.0
160000.0 170000.0 2019.2050878906157 798.0794912109384 394.22134572944015 999.99099999998 0.0 83734.96230335484 1426.5701497898078 5401457.710386211 3741.9838531732885 4400.0
170000.0 180000.0 40.3657089843764 905.4212991832385 266.22419359404046 999.2199999999721 110.35100781248184 90708.45506368212 1666.9923132842687 6464303.396226972 4465.632193733623 4400.0
180000.0 190000.0 1891.648375000048 810.8351624999952 305.84463380418845 999.5370000000112 124.42971679684706 80553.2715554935 1388.6314665211441 5123664.058121843 3554.0361967822228 4400.0
190000.0 200000.0 76.55995507811895 902.1309131747165 269.84480241777135 999.4180000000051 99.1490917968913 96139.5421983617 1670.3244754484958 6368966.707115764 4408.549971483727 4400.0
200000.0 210000.0 1294.1148730469868 870.5885126953013 274.2808487466631 999.8839999999618 147.3280468749581 88490.15746612514 1605.054044711599 6153731.572494403 4247.988788578372 4400.0
210000.0 220000.0 1867.19078710943 813.280921289057 360.61540799870517 999.7380000000121 108.36191992182285 73397.4382226975 1309.28167206013 5055301.427117332 3499.262002146923 4400.0
220000.0 230000.0 47.012021484435536 904.8170889559605 264.3257150541105 999.6570000000065 119.31870703119785 96228.36654564322 1765.8477094047785 6672057.230545121 4608.055146328536 4400.0
230000.0 240000.0 1951.3043261718703 804.869567382813 380.9477239840659 999.9440000000177 25.084999999962747 82801.19920462904 1496.3068799154225 5727528.807811897 3957.7136131005313 4400.0
240000.0 250000.0 57.11984960944392 903.8981954900505 268.81860619548553 999.7510000000475 103.96005468745716 98580.00326526136 1767.7872079932263 6732750.1684574215 4664.133586861869 4400.0
250000.0 260000.0 1824.9920742188115 817.5007925781189 356.4511164718478 999.8649999999907 141.83499999996275 78146.98174250584 1416.8551829997987 5384173.969496961 3722.3307624376407 4400.0
260000.0 270000.0 84.05709179677069 901.4493552912027 268.7072173890331 1000.0 101.7809785156278 97717.71225487512 1736.7859780397027 6434601.712831165 4461.825801538799 4400.0
270000.0 280000.0 162.8886113280896 894.2828535156282 263.19755153627074 999.8969999999972 145.18607031251304 99665.12183735358 1783.3643943627837 6140272.464768411 4259.229030416475 4400.0
280000.0 290000.0 2305.1983183593256 854.9779646267416 257.83320776834677 999.7079999999842 290.95968164061196 87778.55246353528 1559.0016309054186 5505470.265247537 3816.8626234749045 4400.0
290000.0 300000.0 1570.3959687501192 936.6226701388756 150.77970591484961 999.8429999999935 544.8050000000512 89934.97817459475 1572.3572892391674 5774448.312725013 3998.4420613793745 4400.0
