ts te idle avg_span std_span max_span min_span c_bytes_all c_pkts_all s_bytes_all s_pkts_all videorate
0.0 10000.0 7785.421703125001 738.1927656249997 441.81453288401906 993.3630000000121 228.029296875 23777.61116048739 267.5214309608642 881937.297791182 624.3245763985976 1900.0
10000.0 20000.0 109.25031640636735 899.1590621448757 252.95039545862434 999.2849999999744 163.97998046875 65432.8562489637 1117.2761139532497 3162544.019518736 2201.6263417725063 1500.0
20000.0 30000.0 72.47199609386735 902.5025458096484 265.2354995810153 999.9679999999935 116.708984375 64726.582697450605 1115.3953342233922 3159892.197807763 2191.41340908863 1500.0
30000.0 40000.0 2621.943710937514 819.784032118054 283.91095542164163 999.6930000000284 217.92800000001444 60790.35578574275 930.6733491169952 3359368.9597878433 2355.817146000142 2177.777777777778
40000.0 50000.0 1050.6192128905677 894.9380787109433 292.3112055839596 997.1610000000219 64.45672656252282 65910.17094419352 1149.2755845799225 4166302.3398257443 2915.631288654408 3000.0
50000.0 60000.0 1357.4650410156464 785.6849962713048 370.85900389686583 998.9400000000023 7.578939453116618 76111.2218726465 1345.4252548735656 5160082.862930316 3578.834399009671 3800.0
60000.0 70000.0 1874.3119277343503 902.8542302517388 121.16899203758774 999.9859999999753 676.444091796875 82533.93741002576 1439.6466751995013 5318764.644645587 3678.1980158788733 4400.0
70000.0 80000.0 527.551166015619 861.1317121803983 304.4973036869786 999.9050000000279 174.52392578125 83344.60686993993 1518.01029986603 6135281.751787446 4238.594104223599 4400.0
80000.0 90000.0 54.83301171858329 904.1060898437652 256.8736236500172 999.0580000000191 146.0869140625 82853.84620959903 1498.930027675567 5992872.83699186 4149.046024689099 4400.0
90000.0 100000.0 43.564837890618946 905.130469282671 263.4985625226741 999.8680000000168 121.528076171875 86737.6537805924 1473.8890959275398 5716910.427971274 3964.321401624521 4400.0
100000.0 110000.0 564.0749785156804 943.592502148432 127.09205936211877 999.2729999999865 598.7949999999837 90411.0502360265 1595.0978405722221 5858211.258323505 4054.3815982247997 4400.0
110000.0 120000.0 857.3180761719123 831.1529021661898 301.72956828673995 999.5929999999935 15.575902343727648 90534.4758368879 1637.871837785807 6401835.421370812 4420.304820297457 4400.0
120000.0 130000.0 42.54706640628865 905.2229939630647 218.88225224771907 999.7430000000168 323.9539785156376 87290.28773395675 1552.3255984918494 5927261.528305865 4099.540308750596 4400.0
130000.0 140000.0 723.3880761719774 843.3283567116384 300.3912654233173 999.8769999999786 165.27587890625 84095.68145791421 1520.1549652176707 6008353.448439053 4160.857423875305 4400.0
140000.0 150000.0 308.59593554685125 969.1404064453149 58.10470468463225 999.4969999999739 834.3731210937258 86145.12261985632 1524.0743827613142 5809043.426602801 4025.974495848341 4400.0
150000.0 160000.0 35.75265429686988 905.8406677911936 296.1278105327015 999.9899999999907 13.484056640649214 78863.42987536374 1433.6956560323622 5657243.794851577 3911.436981370213 4400.0
160000.0 170000.0 868.1692070313147 830.1664357244259 303.6372786151715 999.8630000000121 8.751710937474854 91239.02628587474 1649.40379465365 6455104.90958532 4461.775575131176 4400.0
170000.0 180000.0 43.84216796874534 905.1052574573868 217.4378046069168 998.0449999999837 324.56991796876537 83935.34383095155 1502.4543627505618 5875269.041580751 4063.0661243649047 4400.0
180000.0 190000.0 126.43997265619691 897.5963661221639 224.2327469618812 999.8400000000256 325.10008593747625 88171.37569191692 1521.7444829101307 5685948.8640088895 3955.098120978305 4400.0
190000.0 200000.0 525.8268359373906 861.2884694602373 289.18481038665925 999.3950000000186 174.80810546875 88535.39391488743 1601.1342375249883 6033744.405006803 4176.48404019153 4400.0
200000.0 210000.0 461.1330117188627 867.1697262073761 269.83098509878045 999.8969999999972 148.24609375 88688.26592247949 1580.8109966079974 6160548.970604873 4254.31265193173 4400.0
210000.0 220000.0 1090.417187500163 890.9582812499837 169.3141934749593 999.4200000000419 544.2219999999506 85922.87617778059 1520.2080325373245 5802118.690872845 4012.866866992318 4400.0
220000.0 230000.0 703.2557890624739 845.1585646306842 296.1709288170139 999.4710000000196 167.6201171875 86894.11529503955 1566.4425754275933 6137180.91081261 4240.388282052506 4400.0
230000.0 240000.0 43.344845702988096 905.1504685724557 257.55167578777224 999.6389999999665 143.853271484375 87929.60149747209 1581.1868195446007 6078355.184618773 4213.850408449842 4400.0
240000.0 250000.0 78.28615039063152 901.9739863281244 261.8258634210725 999.5019999999786 123.59912109375 88392.40141775252 1549.8203912844504 5797350.996576303 4010.890849447848 4400.0
250000.0 260000.0 509.2942304686876 949.0705769531312 102.28121953681942 998.7900000000373 680.212890625 84478.37636927409 1557.0771936237386 6208204.440786243 4289.435565279782 4400.0
260000.0 270000.0 333.4028046875028 878.781563210227 225.28506095031346 999.7560000000522 315.9331093749497 86615.83342884135 1587.3997985010806 6099967.960354129 4211.356003649034 4400.0
270000.0 280000.0 627.0061562500196 852.0903494318164 320.8052601578799 999.9200000000419 118.8779296875 77161.49019229 1401.4086186388479 5541714.668225796 3826.935292234261 4400.0
280000.0 290000.0 359.0156582031632 964.0984341796836 52.82907450042688 999.3040000000037 873.0119999999879 88222.91291046 1597.4894288449495 6225686.486805754 4317.559378831361 4400.0
290000.0 300000.0 751.6943378905999 840.7550601917636 350.61058838066776 999.7430000000168 86.03872851561755 81443.270159481 1494.6916034741164 5640360.243118238 3893.8693963847054 4400.0
