ts te idle avg_span std_span max_span min_span c_bytes_all c_pkts_all s_bytes_all s_pkts_all videorate
0.0 10000.0 7395.097058593703 868.3009804687657 225.9125539491586 999.079000000027 607.43994140625 33756.273840620204 459.3986697244733 1645526.4894235828 1149.7815885143166 2300.0
10000.0 20000.0 497.35391015629284 863.8769172585188 252.24793840852323 998.8279999999795 354.08203125 96251.36893118068 1676.1171628538407 6558532.710617465 4536.877640164091 2681.818181818182
20000.0 30000.0 42.36312695307424 905.2397157315387 217.61902976104005 999.8630000000121 332.076904296875 84763.31798894856 1577.804663434484 6084803.292923525 4205.641021046003 4400.0
30000.0 40000.0 64.81191601557657 903.1989167258566 223.50647756770155 999.929999999993 300.18798828125 87897.74888770255 1627.0788365516148 6190952.040291418 4296.065131305886 4400.0
40000.0 50000.0 33.07872265618062 906.0837524858017 226.79582534646735 999.8229999999749 278.447265625 81490.96568502876 1498.9194181592993 5845233.488805267 4044.791917897507 4400.0
50000.0 60000.0 1347.8973242188222 865.2102675781177 225.90376214224787 999.570000000007 413.06494140625 86575.19352020272 1544.2944267087676 5904549.552219113 4090.619956086225 4400.0
60000.0 70000.0 614.5850585937733 853.2195401278387 252.15168396731798 999.1439999999711 321.3798828125 87659.531554338 1557.6370969221439 5889720.84831254 4074.6757227617654 4400.0
70000.0 80000.0 1688.7065957031446 831.1293404296855 288.8493373295246 999.9870000000228 224.545999999973 81312.19602634922 1463.5688258185655 5582427.816918286 3860.0528034118142 4400.0
80000.0 90000.0 130.82938281237148 897.197328835239 226.7272660595356 999.8910000000033 329.951904296875 97605.06402031396 1718.9494805346612 6555323.987559266 4534.215786225806 4400.0
90000.0 100000.0 37.2039492186741 905.7087318892114 218.9048997934611 999.9650000000256 316.178955078125 89829.87547334822 1621.4613552989126 6320340.625910125 4368.9472619703665 4400.0
100000.0 110000.0 1120.7969999999623 887.9203000000037 234.42814062737614 999.88400000002 380.928955078125 82178.32664993241 1463.5494015038723 5757488.151085533 3980.4949435238773 4400.0
110000.0 120000.0 2738.688013671839 806.8124429253512 223.92418704050255 999.6290000000154 424.68994140625 71461.33976665231 1288.0797209754926 4956966.861418994 3433.358962556358 4400.0
120000.0 130000.0 1579.9056738280342 842.0094326171966 230.74999027326362 999.960000000021 425.249267578125 82605.57019363166 1459.0681989442521 5575569.444647128 3858.2590368271226 3800.0
130000.0 140000.0 127.85637695307378 897.4676020951752 219.2685285886144 999.8040000000037 356.587890625 79919.42311212853 1407.2989523499782 5539755.9946887195 3841.032472966643 3875.0
140000.0 150000.0 71.17184179677861 902.6207416548383 217.79698048236517 999.3709999999846 330.800048828125 85436.59414256 1558.0836717949612 6211976.887578679 4293.157650334256 4400.0
150000.0 160000.0 1164.0140488281613 883.5985951171839 204.50583148290355 999.8240000000224 409.75 83049.74294869324 1516.3272349247834 5960645.252809661 4124.747931090464 4400.0
160000.0 170000.0 1490.3921054686652 850.9607894531334 294.6599271611285 999.9839999999967 219.84600000001956 85919.13689408277 1531.434479510613 5861211.554668404 4054.731190468309 4400.0
170000.0 180000.0 1964.6548886717646 803.5345111328236 341.9982499204895 999.9839999999967 20.03000000002794 74578.45982333636 1335.6009353064624 5276875.680316243 3654.8018116645862 4400.0
180000.0 190000.0 1835.9770625000237 816.4022937499976 306.86097245819826 999.7019999999902 188.34399999998277 83193.56785715642 1489.2515804684722 5714906.608773953 3950.873037185335 3700.0
190000.0 200000.0 519.4639433593838 861.866914240056 310.6775537728636 997.9430000000284 0.0 73727.30268379342 1300.0758882143496 4884151.711032099 3396.874133999268 4166.666666666667
200000.0 210000.0 3228.784050781396 846.4019936523255 281.64962419147207 999.8869999999879 357.3719999999739 76837.26797661686 1306.2867910368252 4888321.021009989 3386.9157743687592 3525.0
210000.0 220000.0 1220.3789667970268 877.9621033202973 214.38255851183214 999.8249999999534 417.781982421875 94530.65878222481 1658.900433380371 6264604.287769339 4334.327190055975 4400.0
220000.0 230000.0 1633.910898437607 836.6089101562393 263.70465614552575 999.8789999999572 394.736083984375 80184.65122240713 1447.7043831718518 5681443.79046624 3933.1730818876404 4400.0
230000.0 240000.0 99.52908789052162 900.0428101917707 212.54363083269584 999.9590000000317 365.14599609375 84829.6125875182 1552.0862439142536 6192640.152384724 4286.551569537982 4400.0
240000.0 250000.0 1965.594947265694 803.4405052734306 343.93416945939407 999.8279999999795 28.461000000010245 76236.28071675285 1330.4900937170767 5019752.248316101 3481.6635824598306 4400.0
250000.0 260000.0 53.19503125001211 904.2549971590898 215.55676407134723 999.9340000000084 358.968017578125 101853.43945233562 1788.3560347880784 6954454.338303378 4810.827986410523 4400.0
260000.0 270000.0 1960.352087890613 803.9647912109388 346.5258238651521 999.9620000000577 0.0 77184.77470511386 1361.0006991889425 5370387.0261095315 3718.4532192447127 4400.0
270000.0 280000.0 79.98192578100134 901.8198249289999 211.27380611412437 999.9740000000456 388.85400390625 97500.20658092637 1767.2663447119469 6997313.360107094 4834.961671311766 4400.0
280000.0 290000.0 88.27288867207244 901.0661010298116 221.25125660770252 999.98199999996 332.818115234375 82819.84528934937 1470.3040670492778 5578228.29373655 3869.29180857679 4400.0
290000.0 300000.0 44.05179687496275 905.0862002840943 220.84550717248825 999.2550000000047 311.351318359375 89473.0563963745 1560.4297229983183 5919455.186364961 4099.386935776684 4400.0
