ts te idle avg_span std_span max_span min_span c_bytes_all c_pkts_all s_bytes_all s_pkts_all videorate
0.0 10000.0 9093.957019531226 453.0214902343869 488.02175204047984 798.10498046875 107.93800000002375 15652.451886624169 169.79870144508217 578493.2816920321 410.49927520464814 2300.0
10000.0 20000.0 133.28496484382777 896.9740941051066 247.2567302301292 999.8310000000056 198.27001953125 115053.26441858437 1986.2849592153475 7019251.146866535 4877.091481424844 2300.0
20000.0 30000.0 973.7509863280575 902.6249013671943 244.0191770645919 998.6730000000098 224.43298437498743 81939.34065222506 1469.5862447709026 5501958.845200574 3819.4879443065556 4100.0
30000.0 40000.0 31.112970703165047 906.2624572088032 251.21715400971948 999.6689999999944 166.88797070313012 84758.60990527243 1581.1464975758606 5996558.660076388 4146.678293476593 4400.0
40000.0 50000.0 859.1990585937747 830.9819037642023 303.566704811363 999.3369999999995 182.04394140624208 90896.33313729399 1669.183596992807 6030287.06616447 4171.243005587359 4400.0
50000.0 60000.0 357.0511171874241 964.2948882812576 108.72468512002375 999.8699999999953 654.8798828125 91152.52649151618 1629.819840187141 6156077.490427938 4258.444108864004 4400.0
60000.0 70000.0 1850.8757714843377 814.9124228515662 330.4426092108755 999.7280000000028 71.99400000000605 78828.51423440436 1401.5320280040085 5152011.876797361 3572.5614372907135 4400.0
70000.0 80000.0 90.23003906256054 900.88817826704 270.19448659566217 999.2939999999944 100.58688867185265 100555.8418591227 1753.968316268163 6479166.0185086625 4495.22474705049 4400.0
80000.0 90000.0 35.32607226568507 905.8794479758468 250.35635026520924 999.8219999999856 170.24292773439083 97133.11741495677 1727.6798155406875 6014320.614266037 4159.769706794792 4400.0
90000.0 100000.0 834.9330605468131 916.5066939453187 260.8429094732697 999.8730000000214 174.137939453125 87472.48469698144 1557.1166426907264 5861792.625249387 4049.8831841599144 4400.0
100000.0 110000.0 1524.3756894532125 847.5624310546788 265.0665594807526 999.4780000000028 204.78125 88304.31266961603 1586.0516466741212 5812013.94284761 4020.0893782628536 4400.0
110000.0 120000.0 364.2272753905854 963.5772724609415 68.44509549146532 999.875 793.8127499999828 94186.6232318953 1679.0355166146824 6299217.305567628 4361.663013687801 4400.0
120000.0 130000.0 899.2750878906809 827.3386283735745 316.41546934724323 998.7860000000219 102.27202539064456 89496.22022748113 1579.5460489281998 5810456.469935365 4024.39083132744 4400.0
130000.0 140000.0 477.2046035155072 865.7086724076812 259.4381230742153 999.5900000000256 184.915283203125 91298.07709291721 1664.9255753312839 6314330.284838324 4366.127560873359 4400.0
140000.0 150000.0 667.0150097656297 933.298499023437 108.89320782729858 999.9249999999884 708.1552734375 82848.27546125225 1490.945011669653 5711144.081506681 3950.394022564219 4400.0
150000.0 160000.0 598.9513359374832 854.640787642047 305.58848533817064 999.609999999986 188.7109375 80048.19673779102 1453.2115606981959 5707400.818304976 3946.581616423627 4400.0
160000.0 170000.0 396.51900781254517 960.3480992187455 70.02228221695454 999.4309999999823 810.3830624999828 85747.80425288748 1575.4463987428694 6210778.347264355 4301.7573118440805 4400.0
170000.0 180000.0 48.29393945314223 904.7005509588053 257.41280226894594 999.9579999999842 144.99207031249534 90407.80789248552 1607.290369934611 5998662.656686239 4155.083144355717 4400.0
180000.0 190000.0 525.7169023438473 861.2984634232866 264.7787582344462 999.1790000000037 175.4080097656115 86668.70043352102 1466.5312541887797 5364890.105331312 3719.5299641891643 4400.0
190000.0 200000.0 85.8891367187025 901.2828057528452 227.42376309374265 999.7280000000028 294.6799121093936 89970.35778985929 1611.8397088793458 6038980.779050649 4181.2319129591615 4400.0
200000.0 210000.0 481.54500195314176 865.3140907315326 291.91768254758074 999.9549999999581 202.64794921875 93728.81401116334 1623.0884494797526 6153452.298948588 4260.260287679876 4400.0
210000.0 220000.0 53.26367773441598 904.2487565695985 248.60248775362552 999.9610000000102 177.353271484375 87540.83516617924 1582.8716589647954 5856153.715708651 4070.2381465639724 4400.0
220000.0 230000.0 33.08317968738265 906.083347301147 252.62407649699873 999.2199999999721 161.694091796875 85223.96267510105 1537.2165364634716 5924370.992410023 4099.971971713064 4400.0
230000.0 240000.0 747.8329999999842 925.2167000000015 119.92875496340177 999.39300000004 703.069091796875 86604.3739660495 1550.8483692743823 5786556.526212961 4000.78673855576 4400.0
240000.0 250000.0 88.3998417967232 901.0545598366615 228.16692079334805 999.2280000000028 288.8869082031306 91185.08843154462 1604.6995691901209 6182473.161607899 4272.579224673049 4400.0
250000.0 260000.0 514.221929687541 862.3434609374963 295.88631613013763 999.7909999999683 187.9033203125 77785.68603124995 1417.8687042449992 5545665.189605923 3839.45056682321 4400.0
260000.0 270000.0 621.9522167968098 937.804778320319 100.61970123611681 999.7290000000503 730.8279999999795 83377.08862303129 1554.6681014372834 6137785.639570342 4247.499620864165 4400.0
270000.0 280000.0 707.6611328123836 844.7580788352378 331.4677000414584 999.8919999999925 145.4598964843899 82114.13006583629 1510.2905995875972 5997562.791162366 4142.492976964545 4400.0
280000.0 290000.0 44.431076171807945 905.0517203480175 245.82268930541014 999.6130000000121 187.06689453125 78730.92561333753 1450.9308654853626 5789927.921044969 4000.4461960395543 4400.0
290000.0 300000.0 733.3727851562435 926.6627214843757 113.02723356867546 999.8020000000251 702.912109375 86170.32057766712 1554.996417192924 5948992.201088392 4117.0949995667615 4400.0
