ts te idle avg_span std_span max_span min_span c_bytes_all c_pkts_all s_bytes_all s_pkts_all videorate
0.0 10000.0 6439.308031250024 890.172992187494 214.92316373590006 999.2779999999912 567.79296875 48176.050346298485 637.7141415144897 2299854.1655219025 1607.2247324317004 1728.5714285714287
10000.0 20000.0 4165.38796875003 648.2902256944411 417.8733171592662 999.039999999979 52.09000000002561 61598.949653701515 968.2858584855103 3360120.8344780975 2352.7752675682996 1500.0
20000.0 30000.0 3510.511910156347 811.1860112304566 309.94306177830185 999.9579999999842 312.01708984375 75650.05693911127 1263.4112507741565 4713611.445027068 3263.434829508251 3350.0
30000.0 40000.0 1595.363093749911 840.4636906250089 276.93916938381795 999.9130000000005 211.39599609375 71016.27890528263 1272.0258062379442 4741689.849297729 3303.734218317849 3000.0
40000.0 50000.0 189.4316914062947 891.8698462357914 276.47831540660013 999.9810000000289 79.7373046875 85403.74876365374 1522.4124943668328 5679609.854081861 3954.6999652075538 3700.0
50000.0 60000.0 1981.923345703166 890.8974060329815 253.36672809378177 999.8190000000177 236.532958984375 62672.48944424534 1117.8365053539007 4373856.424716189 3042.7115531114573 4400.0
60000.0 70000.0 69.48006054689176 902.7745399502826 242.20686335499875 999.8969999999972 204.5458984375 97379.1162275967 1780.0275388345792 6929447.06267291 4788.807316464218 4400.0
70000.0 80000.0 1944.7269882812398 895.0303346354178 236.69257846002273 999.8069999999716 293.73291015625 76886.93125338205 1375.312520957984 5392339.495141907 3728.367717209998 4400.0
80000.0 90000.0 2022.7838925780961 797.7216107421904 358.5696906439549 999.3310000000056 0.36599999997997656 72648.78463941826 1253.115403054855 4958366.0675217705 3440.2718129914115 3400.0
90000.0 100000.0 2645.051017578051 817.2165536024388 327.76585543022236 999.765000000014 26.472999999998137 65946.59382731002 1163.8584804197476 4182608.801540567 2913.972587189262 3000.0
100000.0 110000.0 2085.2149999999674 879.4205555555592 330.2465665037696 999.960000000021 0.0 65026.0 1107.0 4319916.0 3007.0 3466.6666666666665
110000.0 120000.0 3483.996000000101 814.5004999999874 358.8925961402509 999.4859999999753 48.257999999972526 70806.0 1199.0 4359536.0 3027.0 3233.3333333333335
120000.0 130000.0 1037.9848906249972 896.2015109375003 243.61559806285933 999.5140000000247 230.287109375 73146.51900014549 1238.1797852896684 4731920.357201508 3287.555597640568 3400.0
130000.0 140000.0 1945.7961269530933 894.9115414496563 235.76432423682485 999.9259999999776 301.031982421875 75711.56187614897 1354.6724320142275 5377118.413566514 3718.945621896637 4400.0
140000.0 150000.0 2018.278003906249 798.1721996093751 350.7609321929328 999.6049999999814 30.255999999993946 73403.05696983189 1331.0560706722217 5318544.910044958 3678.75924008089 4400.0
150000.0 160000.0 64.81887304689735 903.1982842684639 224.55007239706606 999.9089999999851 283.93310546875 88926.39311615401 1641.511181581579 6528273.214177169 4512.749707144241 4400.0
160000.0 170000.0 2615.4221054687514 820.5086549479165 281.22399238227194 999.1080000000075 334.1809999999823 61251.469037719646 1042.5805304423034 4040907.105009851 2805.9898332376633 3000.0
170000.0 180000.0 2665.915105468768 814.8983216145813 370.79686586916296 999.8420000000042 35.271000000007916 69136.50371613541 1158.2595694255715 4161959.8692496014 2893.066418857817 3000.0
180000.0 190000.0 1626.3567949217977 837.3643205078203 274.7419553127584 999.7079999999842 270.402099609375 70813.3316107449 1216.7987383522698 4691199.546679834 3259.694406017209 3400.0
190000.0 200000.0 127.45210937509546 897.5043536931731 239.72049006639088 999.7800000000279 216.614990234375 79902.20895981256 1391.3619804546897 5360991.190500542 3726.316134350276 3800.0
200000.0 210000.0 130.74097851547413 897.2053655895023 247.59994371759376 999.6520000000019 181.31201171875 71367.75483676567 1239.7966460633768 4673215.545390768 3256.6132554973883 3000.0
210000.0 220000.0 3660.8329765624367 792.3958779296954 321.4836808454222 999.6920000000391 270.06400000001304 59983.49449551769 1019.3440291137092 3868598.159901271 2686.667929269672 3000.0
220000.0 230000.0 2070.803917968762 792.9196082031237 355.0498819662853 999.594000000041 24.236000000033528 69914.20993922625 1164.573101484657 4599802.6238228725 3189.1887128644807 3311.1111111111113
230000.0 240000.0 5172.1608710937435 603.4798911132821 368.44775065598475 999.6260000000475 88.15200000000186 46651.60040316816 790.9447367497146 3175569.5812217975 2202.0738696056696 3000.0
240000.0 250000.0 2018.485314453137 798.1514685546863 357.8234426838792 999.2879999999423 4.7299999999813735 62845.81835311666 1061.1351981526773 4001098.266540803 2778.611906669364 3000.0
250000.0 260000.0 1357.5839316407219 864.2416068359278 318.94472257174897 999.3739999999525 0.0 78302.07768551269 1356.7860002033344 5016823.216692513 3481.7673668681214 3350.0
260000.0 270000.0 2713.0630117187975 809.659665364578 370.44368981588894 999.8460000000196 25.775999999954365 69104.09732970758 1157.2745390549026 4465254.233290006 3099.9384626045216 3200.0
270000.0 280000.0 2015.8430039061932 798.4156996093807 359.1789446010079 999.9220000000205 30.444000000017695 67439.29634459491 1171.5699567549382 4513492.568808796 3131.5600907326257 3000.0
280000.0 290000.0 1566.4920761716785 843.3507923828322 262.17486764653876 999.8880000000354 264.680908203125 62993.7983876478 1070.2816807156032 4161375.767161457 2892.8587504207 3000.0
