ts te idle avg_span std_span max_span min_span c_bytes_all c_pkts_all s_bytes_all s_pkts_all video_rate
0.0 10000.0 6659.817007812504 835.045748046874 327.25416481013104 999.7069999999985 344.1669921875 24583.135161667946 427.078037915565 1418399.769963657 1177.0733463687277 1820.0
10000.0 20000.0 405.5689921875128 959.4431007812487 107.56144569761 999.9879999999976 654.6840078124987 43464.864838332054 981.921962084435 2866201.230036343 2354.9266536312725 904.6153846153846
20000.0 30000.0 1244.117999999995 972.8757777777784 55.35456823239032 999.9320000000007 827.247000000003 33324.0 779.0 2097808.0 1731.0 1368.0
30000.0 40000.0 7325.877999999997 534.8244000000007 292.6471442715622 842.0310000000027 58.9429999999993 13353.0 291.0 1226608.0 1041.0 840.0
40000.0 50000.0 6725.768999999993 654.8462000000014 88.85296024162948 774.3160000000062 549.653999999995 14177.0 313.0 1240754.0 1064.0 840.0
50000.0 60000.0 7585.125000000015 482.97499999999707 262.8510823375087 803.3549999999959 72.71899999999732 13265.0 282.0 1130053.0 966.0 840.0
60000.0 70000.0 3030.7101113281096 871.1612360839863 275.4509778197278 999.6180000000022 215.785888671875 29558.300570127896 718.4975917592985 2919120.899287658 2405.110324966153 1900.0
70000.0 80000.0 3223.550591796884 847.0561760253895 265.473366190395 999.6710000000021 217.029296875 26821.276100755833 694.1549148808991 2894974.7000077777 2381.3253662436177 2300.0
80000.0 90000.0 1122.8652792968787 887.7134720703122 255.64336647278535 999.9410000000062 187.718017578125 30459.949647133435 772.4929679313506 3029504.0021320423 2481.174272569728 2300.0
90000.0 100000.0 1080.0807128906308 891.9919287109369 246.04320483432798 999.5639999999985 213.4873046875 30298.036437734547 749.3620226846191 3004286.4042295367 2465.1953861771303 2300.0
100000.0 110000.0 2280.755304687482 857.6938550347243 313.55986033632456 999.8089999999938 42.3350000000064 36030.437244248285 895.4925027438326 3627935.9943429856 2958.194650043371 2300.0
110000.0 120000.0 3771.0209062500217 778.6223867187473 401.7454706553611 999.4409999999916 46.54099999999744 29248.958275792436 725.0515335734851 2954617.7289811517 2427.577300360228 2300.0
120000.0 130000.0 2859.2200957031164 793.4199893663204 345.5142313114001 999.9759999999951 192.822998046875 30764.287811477472 757.3134869182906 3056300.18245204 2491.5897777496784 2300.0
130000.0 140000.0 1439.3419980468752 951.1842224392361 75.96848289258115 999.2030000000086 781.3140019531129 31299.75391273009 756.6349795082243 2938396.0885668085 2418.8329218900935 2300.0
140000.0 150000.0 2868.6969414062332 891.4128823242208 284.3813437419425 999.4539999999979 188.56005859375 29244.570004910474 723.2892816868867 2886325.1765082334 2368.9008837954952 2300.0
150000.0 160000.0 2202.3370371093915 866.4069958767343 267.50772773980646 999.3800000000047 174.322021484375 38985.42009175321 934.3766901102089 3556245.653489232 2913.0344991140882 2300.0
160000.0 170000.0 1120.4407500000088 887.9559249999991 256.59365112808695 999.5270000000019 175.103271484375 30372.947797538778 734.5453884773482 2903250.958463052 2389.838284328841 2300.0
170000.0 180000.0 1144.9453789062682 885.5054621093732 251.90248143419012 999.0210000000079 192.889892578125 30831.36597694489 757.2171498346282 2988281.192531622 2454.634355868026 2300.0
180000.0 190000.0 72.36095117189689 902.5126408025549 257.0930444323571 999.7969999999914 147.81494140625 36881.57825153492 867.226686213487 3324298.212486841 2730.6346477815277 2300.0
190000.0 200000.0 3023.4688398437866 872.0663950195267 270.89164972318173 998.810999999987 214.3291015625 33711.51855328412 845.2506603952247 3298316.7437870624 2696.004623105945 3350.0
200000.0 210000.0 69.75119531256496 902.7498913352214 254.0142244527069 999.9979999999923 162.87890625 49331.99944562403 1248.33280115949 5001101.024674968 4082.0821229725125 3175.0
210000.0 220000.0 156.17190625000512 894.8934630681814 285.66019838192716 998.9439999999886 45.875 38378.85011499061 974.3131974794825 3898740.429108407 3190.4684263367167 3000.0
220000.0 230000.0 202.77900781252538 979.7220992187474 36.51424264453308 999.9230000000098 886.0050000000047 42120.15402617713 1061.298346091442 4311252.249985452 3515.057706451838 3000.0
230000.0 240000.0 3400.369976562477 733.2922248263915 387.39900706579004 998.7270000000135 27.117007812514203 35649.57859234346 906.9498416894609 3627409.960158606 2953.7727774209425 3540.0
240000.0 250000.0 1655.5897031250643 834.4410296874936 301.12019651753724 999.8030000000144 185.1953125 37301.09757435831 948.9417008960968 3741498.5249670306 3053.942544840945 2883.3333333333335
250000.0 260000.0 436.43831250001676 956.3561687499983 86.48517102977594 999.9239999999991 773.2239999999874 36765.91957054006 908.2582559662442 3615080.873839494 2956.629127983122 2300.0
260000.0 270000.0 1924.9651210937882 897.2260976562458 266.26722200014 999.4720000000088 190.27587890625 30976.8777626443 765.0933067978525 3021768.2764847125 2483.332104325906 2300.0
270000.0 280000.0 88.58683789061615 901.0375601917622 261.8879253535997 999.9239999999991 129.842041015625 37318.74735160896 914.3099489744748 3620496.951389518 2966.608825809524 2300.0
280000.0 290000.0 2672.070041015686 915.9912448730392 175.13867051900502 999.6259999999893 505.7750000000233 38956.374885746736 1010.5967442276727 4123980.7721257694 3333.0590698645697 4050.0
290000.0 300000.0 3009.2939999999944 873.8382500000007 329.9931621229872 998.9130000000005 58.26600000000326 33489.0 839.0 3471749.0 2831.0 2720.0
