ts te idle avg_span std_span max_span min_span c_bytes_all c_pkts_all s_bytes_all s_pkts_all video_rate
0.0 10000.0 0.0 0.0 0.0 0.0 0.0 0.0 0.0 0.0 0.0 0.0
10000.0 20000.0 7136.096951171872 715.975762207032 450.6629819609349 997.9460000000036 51.832000000002154 33950.5388294749 476.6555298369359 1902620.9593352475 1517.4751925259786 1500.0
20000.0 30000.0 707.8061406250054 844.7448963068177 281.8677363664048 999.8380000000034 179.13795117187692 78418.63860800007 1450.5785258683954 6130172.742933526 4876.62609561531 2950.0
30000.0 40000.0 156.65996289063332 894.8490942826697 221.97954338218562 999.3369999999995 440.2939453125 70712.92276222388 1383.3632498667323 6198859.820888748 4921.335309962016 4400.0
40000.0 50000.0 57.064640625008906 903.9032144886355 209.215174744551 999.739999999998 414.9873046875 60673.204111449646 1175.5744854107509 5608478.114687616 4458.749567584546 4400.0
50000.0 60000.0 1260.263371093737 873.9736628906263 198.54365023728027 998.8680000000022 580.2850000000035 64411.10482028812 1212.665977848776 5666923.661584207 4495.591116211868 4400.0
60000.0 70000.0 57.575988281241735 903.8567283380689 210.71933647720834 999.9560000000056 400.64806640625466 74377.39151796281 1379.3248270861654 6495237.96961454 5150.733022678247 4400.0
70000.0 80000.0 256.8720566406264 885.7389039417612 226.41564445150001 997.9600000000064 425.96605468749476 66990.72530686572 1247.8300312547394 5818117.80916634 4625.146960505969 4400.0
80000.0 90000.0 37.413984375001746 905.6896377840908 208.49156103318137 999.9689999999973 411.576904296875 63321.93160614761 1180.275131213626 5584024.703167673 4443.406692914857 4400.0
90000.0 100000.0 57.27278515625221 903.8842922585226 210.75006990507393 999.3830000000016 387.297119140625 65456.07753922738 1224.9048882375903 5688900.072813669 4525.871779432588 4400.0
100000.0 110000.0 44.67707421875093 905.0293568892045 214.29805218474087 999.9060000000027 362.946044921875 64561.12899035771 1199.4710214438 5627228.953858985 4471.918021260304 4400.0
110000.0 120000.0 41.72402734373463 905.2978156960241 216.2453559331916 999.6130000000121 342.968017578125 76869.29455035845 1451.9457840099 6690084.03553873 5306.740864464952 4400.0
120000.0 130000.0 4737.359017578157 751.8058546316918 361.7527592246362 999.9789999999921 42.06099999998696 34393.041357643684 655.4105479225883 2874753.1564107193 2284.405376843364 4400.0
130000.0 140000.0 1812.914900390606 909.6761221788215 151.64117399489513 999.5789999999979 600.777099609375 68793.197551182 1167.6729042414102 5238280.010938517 4165.961172171004 2930.0
140000.0 150000.0 138.64199999999255 896.4870909090915 221.41962037830848 999.5869999999995 397.66190039063804 70483.64524411038 1333.2330896666967 5527620.047915464 4408.353193485591 4400.0
150000.0 160000.0 72.65311914062477 902.486080078125 209.77156258463924 999.997000000003 464.60498046875 67779.20360150181 1259.3433683769463 5942864.641826192 4722.404084357994 4400.0
160000.0 170000.0 70.49396289067226 902.6823670099388 206.02150866192144 998.7539999999863 443.968017578125 78419.37058932341 1482.1822308986232 6467293.265603673 5138.905404021727 4400.0
170000.0 180000.0 39.99705273436848 905.4548133877847 205.00369334430766 999.2119999999995 433.81396484375 71604.465171489 1364.1840616324462 5580372.936029003 4442.601192328232 4400.0
180000.0 190000.0 49.99084960939945 904.5462863991455 210.38088755711573 999.2779999999912 405.818115234375 72860.90040622072 1388.671920693987 5658944.719624133 4509.233733675241 4400.0
190000.0 200000.0 942.4390058593708 905.7560994140629 166.37373215400106 999.765000000014 593.0288847656338 70856.82869716687 1359.9909648728137 5516810.1382573 4384.758042233965 4400.0
200000.0 210000.0 355.6281464843487 876.761077592332 218.1644666780165 999.877999999997 396.017890624993 80837.58403427487 1538.4216708681793 6056457.491161792 4825.131675706781 4400.0
210000.0 220000.0 101.54405468748882 899.8596313920465 213.51885390521633 999.8470000000088 442.360037109378 83361.55679009379 1596.7450220551748 6289238.127196748 5007.327405010214 4400.0
220000.0 230000.0 65.40164453122998 903.1453050426154 204.0850272892943 999.9230000000098 480.645263671875 76106.6600121854 1457.4847126107268 5699587.6011396265 4540.403931578911 4400.0
230000.0 240000.0 1979.8602910156187 891.1266343315979 193.2245893503275 999.7129999999888 518.8067363281152 72825.53845918954 1394.3098707259783 5463861.61221749 4352.413985962038 4400.0
240000.0 250000.0 1018.920929687476 898.1079070312524 192.40060650533442 999.9049999999988 405.58702734374674 77969.29280170282 1487.4357376483692 5787418.668052146 4612.683799978796 4400.0
250000.0 260000.0 857.6651171874837 831.1213529829561 302.7253400561904 999.6319999999832 153.7989570312784 86386.2748939488 1657.9211424693235 6468498.388034363 5147.436282602374 4400.0
260000.0 270000.0 84.25904101558262 901.4309962713106 212.00008035791038 999.9330000000191 408.6940742187435 80394.66381853503 1529.9594785208121 5858841.78300917 4669.935100815436 4400.0
270000.0 280000.0 116.4616093749064 898.5034900568266 210.97478816911232 999.6780000000144 451.9901152343955 75523.56248837954 1447.135237142561 5575611.547119819 4443.749681153154 4400.0
280000.0 290000.0 66.92334375000792 903.0069687499993 205.85080881334528 999.7139999999781 472.179931640625 74900.06618185106 1427.0632323255122 5529826.224777162 4411.935325889759 4400.0
290000.0 300000.0 76.0098261719686 902.1809248934574 205.61527117063608 998.6089999999967 451.93310546875 76008.64737217262 1452.2724494379677 5652014.761276989 4507.796427045233 4400.0
