ts te idle avg_span std_span max_span min_span c_bytes_all c_pkts_all s_bytes_all s_pkts_all video_rate
0.0 10000.0 8478.615900390607 760.6920498046966 338.23031621050956 999.8570000000182 521.527099609375 23207.109646605953 254.90717873862204 936670.5240252868 657.681584222612 2300.0
10000.0 20000.0 1265.7981738281087 873.4201826171891 234.3540191348802 999.5599999999977 394.94699999998556 95717.81276797503 1632.3100681523786 5915583.603058735 4123.196769914643 2300.0
20000.0 30000.0 2643.0900253906148 817.434441623265 312.83204448009184 999.460000000021 123.50307421875186 71511.90131098378 1297.3129698988594 5022400.632119497 3475.6973513368653 3800.0
30000.0 40000.0 37.61700585932704 905.6711812855157 263.035062430127 999.4619999999995 122.81309960939689 99960.27135530853 1818.3595587964298 6963918.914427056 4817.022750374901 4400.0
40000.0 50000.0 474.0398945311317 865.9963732244426 264.6800059434005 999.5819999999949 141.637105468777 87405.9049191267 1634.1102244137103 6251750.326369425 4321.401544150978 4400.0
50000.0 60000.0 1317.1019316405873 964.7664520399347 99.27191544897144 999.9830000000075 700.070068359375 75731.22342980561 1354.1247744962202 5361633.547149992 3711.345418147377 4400.0
60000.0 70000.0 1243.980769531161 875.6019230468839 240.70335366511557 999.8389999999781 297.6439316406031 80079.74186096544 1450.3502482938966 5710585.273890744 3946.996212403085 4400.0
70000.0 80000.0 1698.3124179687584 830.1687582031242 327.7434302549106 999.9789999999921 119.35870117187733 83074.62920178559 1503.0108904504798 5801106.479563123 4009.6363515724474 4400.0
80000.0 90000.0 44.39290429686662 905.0551905184667 261.39861598635815 999.7829999999958 128.57511914061615 103301.91171567954 1875.1823308607052 7050825.8474411005 4874.0119474327 4400.0
90000.0 100000.0 1483.7630390625563 851.6236960937443 280.93568156211074 999.9969999999739 145.08502343751024 88501.23736792122 1530.0012663080627 5535754.219579619 3841.6263881606574 4400.0
100000.0 110000.0 28.753921875031665 906.4769161931789 212.62003224621085 1000.0 365.60206250002375 102466.95436749591 1859.1905851631886 6863763.255387338 4746.816796562269 4400.0
110000.0 120000.0 2380.719945312536 846.5866727430516 229.7526539156704 999.50900000002 381.754984374973 71963.14793047441 1255.8577090932117 4712770.201782085 3273.8940841849603 4400.0
120000.0 130000.0 2120.3981718749856 787.9601828125014 323.07617911915463 999.4409999999916 165.16692968748976 86560.53271266446 1446.253176070149 5339040.144742648 3695.94312933776 3490.0
130000.0 140000.0 227.05982226564083 888.4491070667599 271.89329074535465 999.8130000000237 123.33810156252002 92036.2049060964 1618.322467013837 5917684.445347949 4105.49510944709 4400.0
140000.0 150000.0 1199.8921679686755 880.0107832031324 215.62092037059114 999.1290000000154 325.642923828098 97384.10894832457 1696.6634012924408 5993793.689468196 4153.056259964323 4400.0
150000.0 160000.0 124.0980292968452 897.8092700639231 261.6184297697495 999.8470000000088 128.22409179690294 93758.99213777272 1647.5678195684295 5820577.2906499235 4030.0096649208435 4400.0
160000.0 170000.0 1638.951865234354 836.1048134765646 310.1448884070683 999.9739999999874 194.9621210937621 84652.6127274246 1519.8974010651166 5844344.273776322 4041.792423312075 4400.0
170000.0 180000.0 72.02970898430794 902.5427537286993 262.71498519463904 999.3119999999763 124.54098632815294 92416.16658892558 1683.4858324608792 6474345.060845003 4474.913451385885 4400.0
180000.0 190000.0 74.27032031258568 902.339061789765 252.3222094845788 999.304999999993 164.44269531249302 93155.51459675732 1678.1443086596933 6196011.7045697635 4285.851976270938 4400.0
190000.0 200000.0 607.3549843751243 853.8768196022614 315.8878893494124 999.9230000000098 204.041015625 91720.02150790663 1658.9477892036898 6316650.565806193 4367.6107868975905 4400.0
200000.0 210000.0 2243.6670273438795 969.5416215820151 52.586552255974496 999.3830000000307 869.89697265625 76031.56685428366 1360.0709080341348 5387426.206033875 3722.8314091142392 4400.0
210000.0 220000.0 166.74802539043594 893.9319976917785 264.1577027044176 999.7750000000233 126.87102734379005 90676.29041836536 1630.181816017417 6250307.923860399 4326.843854127228 4400.0
220000.0 230000.0 1929.9999902345007 896.6666677517221 250.2675555392915 999.9179999999469 239.35505273437593 76181.5134642989 1322.884273303292 5015512.023949968 3484.360300640519 3600.0
230000.0 240000.0 1162.3809804687044 883.7619019531296 268.9666471874605 999.8830000000307 134.46404296869878 87299.59122930233 1542.470250990712 5855597.995257024 4062.339883157453 4200.0
240000.0 250000.0 147.90272656246088 895.6452066761399 263.4046778490855 999.935999999987 126.79502343747299 94343.55007798946 1696.1294033091497 6305185.544607639 4365.095542566812 4400.0
250000.0 260000.0 2071.238250000053 792.8761749999946 343.2897701030725 999.9479999999749 189.45999999996275 72348.48795576028 1339.2633483452944 5343882.306291094 3689.529010393748 4400.0
260000.0 270000.0 3101.7529296875 862.2808837890625 333.71959832497 999.7310000000289 43.069000000017695 68498.84543285483 1168.0591797998109 4520507.0216079755 3135.2739400516357 4400.0
270000.0 280000.0 42.16417773452122 905.2578020241344 262.71893956169293 999.8340000000317 123.85292968747672 103429.13734680609 1786.4871333366739 6578289.9225195125 4557.754258383273 3890.909090909091
280000.0 290000.0 362.5689414063236 876.1300962357888 258.55242746360733 999.9919999999693 143.2701074219076 92907.60984383553 1652.3391558364012 6001805.835529038 4160.141778332948 4400.0
290000.0 300000.0 1287.9138378907228 871.2086162109277 245.11403717390684 999.8449999999721 261.754048828152 69769.72076754777 1276.9808627851085 5152291.110040673 3567.2379297222606 4400.0
