ts te idle avg_span std_span max_span min_span c_bytes_all c_pkts_all s_bytes_all s_pkts_all videorate
0.0 10000.0 8226.939912109374 886.5300439453131 159.5444408910646 999.3450000000012 773.715087890625 17445.993010678056 278.4290715150565 934831.8796832017 789.6086899997059 2300.0
10000.0 20000.0 43.40919531249165 905.1446186079553 237.49360558275941 999.9720000000016 222.32691210937628 62021.441956078546 1607.8869519980863 6441462.257903738 5204.980147931922 2300.0
20000.0 30000.0 1048.642585937494 813.7597649147733 324.19186519668614 999.5140000000029 216.44400000000314 46843.00919444954 1297.3470484287795 5212830.608534221 4254.8907709026535 4400.0
30000.0 40000.0 114.75622265625134 898.6585252130681 205.45003473241837 999.2679999999964 482.236083984375 55693.80315330488 1563.8079267456806 6418441.663185172 5194.987918610783 4400.0
40000.0 50000.0 89.84896484375349 900.9228213778406 216.1178634406421 999.7830000000031 415.422119140625 59251.21976668036 1576.2229275603354 6516199.794891024 5271.874235912819 4400.0
50000.0 60000.0 1933.4010546875143 896.2887717013873 200.63713119276264 999.6849999999977 506.716064453125 44291.36478362246 1170.9584760823125 4794058.962107622 3890.8200120938586 4400.0
60000.0 70000.0 122.35205859375128 897.9679946732954 215.94035355971312 999.8540000000066 431.406005859375 49286.990806896436 1248.8425988010483 5055068.722616447 4128.0097742106245 3260.0
70000.0 80000.0 79.64295507814677 901.8506404474412 216.19362146508337 999.4790000000066 387.60205078125 54050.7150064662 1418.7183001139376 5632365.178612293 4583.288047396663 4400.0
80000.0 90000.0 1875.4190410156007 902.7312176649333 190.64857667795155 999.9679999999935 525.760009765625 42891.572253978346 1125.11813749365 4545869.519489412 3703.1359959968013 4400.0
90000.0 100000.0 125.90591796874651 897.6449165482958 215.16022395367165 998.005999999994 454.694091796875 46673.57602553725 1208.667820415057 4845476.646025767 3967.7172072305552 3350.0
100000.0 110000.0 103.79011914062721 899.6554437144885 217.94082475631973 998.8000000000029 426.14697265625 54087.546000421215 1417.6657604243157 5640775.552381646 4593.001721968164 4400.0
110000.0 120000.0 63.535857421855326 903.3149220525586 213.37919107141278 999.6940000000031 387.318115234375 52913.35570841774 1399.7975025983012 5696201.266768137 4609.673868251152 3875.0
120000.0 130000.0 3087.160996093735 768.0932226562517 355.48765412783285 999.6780000000144 41.179000000003725 41723.32365717337 1062.4790689963722 4208025.204004634 3450.617925239729 2977.777777777778
130000.0 140000.0 222.11302148434334 888.8988162286961 260.10002720124595 999.3030000000144 174.47509765625 52537.49490365967 1387.6225685238921 5410834.446464222 4406.134243328796 4200.0
140000.0 150000.0 810.156187500048 918.9843812499952 158.55346224291364 997.7989999999991 502.60791015625 50395.4332559045 1330.5625077024183 5257942.213698636 4288.3032029198985 4400.0
150000.0 160000.0 159.74595898439293 894.568549183237 216.70497312052578 999.3500000000058 426.199951171875 53833.39383114939 1410.8092823498068 5710256.820440505 4639.228581443811 4400.0
160000.0 170000.0 153.85105273438967 895.1044497514191 234.6139149337726 999.5940000000119 300.4208984375 54565.333975828275 1429.4197866176316 5748158.990562354 4681.902839627245 3700.0
170000.0 180000.0 270.84699609378004 884.4684549005655 255.85851991275098 999.2140000000072 163.52490234375 51702.39296413137 1363.2662371016204 5343163.328491526 4361.477502187264 4400.0
180000.0 190000.0 48.338974609359866 904.6964568536946 255.64525999205333 999.9049999999988 148.075927734375 54097.22516858588 1430.0891637244774 5635027.094702691 4581.248480271552 4400.0
190000.0 200000.0 204.70092968750396 890.4817336647724 270.0728862697945 999.7729999999865 96.072998046875 53288.47968282512 1410.1450163939458 5609520.374874878 4583.918708242993 4400.0
200000.0 210000.0 137.96601562504657 896.5485440340867 276.76792017440357 999.7919999999867 69.531982421875 56574.90075983246 1485.7398292210382 5956793.510881447 4834.517218983344 4400.0
210000.0 220000.0 55.35198828118155 904.0589101562563 288.15052724901756 999.948000000004 37.468994140625 59459.1164824235 1585.7950809795507 6338109.8821726665 5140.438954396014 4400.0
220000.0 230000.0 1306.9759941406373 965.8915562065959 76.28991776415079 999.7509999999893 765.8919999999925 44644.31765195542 1186.6089362126863 4635930.081507763 3790.2239528536475 4400.0
230000.0 240000.0 511.5717128906399 948.842828710936 155.7730308204267 999.5020000000077 505.519287109375 58237.83620220083 1532.6835499528524 6147175.801138415 4993.351441559283 4400.0
240000.0 250000.0 94.61236523438129 900.4897849786926 211.55695233933895 999.7309999999998 453.669921875 51759.82494017352 1324.6148045885247 5150108.414548881 4208.307086208134 3350.0
250000.0 260000.0 1957.4378535156138 804.2562146484386 339.99219708309585 999.810999999987 18.804999999993015 49853.79358670338 1318.5235950388007 5119747.629037896 4153.776622624872 4400.0
260000.0 270000.0 84.22511328133987 901.4340806107873 215.043045360625 999.9799999999814 434.678955078125 57268.955680000356 1511.0204564524247 5982287.699231751 4860.102057546883 4400.0
270000.0 280000.0 240.24392968747998 887.2505518465928 251.71044632187827 999.5239999999758 240.176025390625 53993.033405506154 1415.618438712275 5622729.178299041 4584.860698969987 4400.0
280000.0 290000.0 40.08306640625233 905.4469939630679 238.86661840815293 999.9400000000023 218.782958984375 58383.15947461601 1544.502528029549 6194515.512198713 5018.97443287364 4400.0
290000.0 300000.0 232.04599999991478 887.9958181818259 290.9383624671845 999.7930000000051 33.032958984375 57523.57019723811 1525.1589292352708 6065215.402686724 4928.325870498479 4400.0
