ts te idle avg_span std_span max_span min_span c_bytes_all c_pkts_all s_bytes_all s_pkts_all video_rate
0.0 10000.0 6176.232888671861 955.9417778320349 86.98602402124533 999.935999999987 825.464111328125 53586.03211405178 779.7216293355656 2821927.402812637 1959.5160324828094 2300.0
10000.0 20000.0 1779.1468066405505 822.085319335945 301.0582817864232 999.5260000000126 163.78388867189642 84435.72498220853 1439.8068271650714 5515526.750594496 3822.135036207946 2300.0
20000.0 30000.0 2989.8004179687123 778.9110646701431 354.3803954114635 999.9139999999898 44.31500000000233 69265.98045402566 1236.6984771916905 4625397.757868084 3208.2065915486146 3800.0
30000.0 40000.0 39.817873046849854 905.4711024502864 209.22318911840762 999.9710000000196 395.53211328125326 92904.63825412349 1757.616111526016 7094493.558395999 4893.840321627858 4400.0
40000.0 50000.0 244.58889257808914 886.8555552201738 239.72441775208205 999.9839999999967 392.84912109375 79682.69485245264 1473.0576351522486 5844356.420388335 4055.2613217807343 4400.0
50000.0 60000.0 2049.7182109375717 883.3646432291587 183.83511895027908 998.545999999973 553.3068789062672 67654.43863966345 1195.9887451943514 4665367.994469167 3240.11020900066 4400.0
60000.0 70000.0 1314.2808535156655 868.5719146484334 222.3383818090317 999.670999999973 392.27208984375466 83418.50528499382 1521.745926984077 6145260.02307348 4240.669842448245 4400.0
70000.0 80000.0 109.95902929693693 899.0946337002785 212.95431595015367 999.88400000002 401.7849433593801 93816.67277747969 1701.765498227739 6766262.9384613065 4671.555826102897 4400.0
80000.0 90000.0 673.7907792968908 932.6209220703109 171.01091828098768 999.2889999999898 452.99097265623277 83612.60534491848 1533.6291633770784 6150804.59785705 4256.153471638083 4400.0
90000.0 100000.0 1977.982308593695 802.2017691406305 334.97816715402683 999.3680000000168 91.86275195312919 78164.708147791 1392.4837408854821 5476882.490890663 3786.503092899906 4400.0
100000.0 110000.0 2025.7799570311909 797.4220042968809 342.1445126333877 999.3379999999888 28.57400000002235 75312.71381512332 1340.817152625683 5128364.924754979 3552.9968495831968 4400.0
110000.0 120000.0 33.44104882807005 906.0508137429027 210.6894898632778 999.9000000000233 389.2190175781143 96830.50825913288 1764.3519208413202 6779443.562708461 4683.642122445422 4400.0
120000.0 130000.0 106.79291406244738 899.3824623579593 213.8003173656853 998.7810000000172 387.6530664062593 89300.1774840175 1608.0051101253955 6296001.921731862 4351.488720254648 4400.0
130000.0 140000.0 96.01392187498277 900.3623707386379 211.85703770056838 999.9589999999735 433.0939804687514 81932.1015149468 1514.588598373288 6090368.074069251 4215.2536293023095 4400.0
140000.0 150000.0 2926.5030976562994 884.1871127929626 195.3244112085954 999.7839999999851 448.30590234376723 66741.49807507098 1203.723462994993 4688503.581924229 3245.6669326766714 4400.0
150000.0 160000.0 1457.2061171875102 949.1993203124989 138.25659229018592 998.9890000000014 581.0048828125 75311.78206678803 1293.8451168475112 5154205.248334034 3570.17976298978 3200.0
160000.0 170000.0 3307.1218828125275 743.6531241319414 364.46122804560844 999.5050000000047 26.240999999979977 72099.21793321197 1210.1548831524888 4435255.751665966 3075.82023701022 3466.6666666666665
170000.0 180000.0 2038.1489375000237 884.6501180555529 230.2775922923342 999.829000000027 373.16399999998976 83636.96869916654 1467.735760269952 5589288.977500244 3864.002512425575 4400.0
180000.0 190000.0 85.25300976564176 901.3406354758507 216.50431915811455 999.8969999999972 386.07693749998 98069.60732138643 1778.463011497091 6826028.235270904 4723.939002704279 4400.0
190000.0 200000.0 106.89479101559846 899.3732008167638 213.12500563444087 999.0270000000019 443.57694726565387 87030.05353664745 1575.83104831637 6135803.1975429775 4259.303056020703 4400.0
200000.0 210000.0 30.166298828087747 906.3485182883556 204.10604525286217 999.7750000000233 483.011962890625 86831.99528110064 1554.6329627047005 5760624.702565306 4002.5011033927294 4400.0
210000.0 220000.0 1988.2338476562873 890.1962391493014 191.68310598861493 999.9830000000075 510.89003710937686 74448.99358734315 1326.9152637735638 5091283.051661702 3524.1939365438434 4400.0
220000.0 230000.0 33.56810351565946 906.0392633167583 210.88927392497774 999.719000000041 394.05188476562034 101784.06521384671 1854.8644958272184 7231151.48017692 4993.923780591969 4400.0
230000.0 240000.0 95.60989062511362 900.3991008522624 209.5076250481665 999.8959999999497 417.8019882811932 88252.02869683423 1578.6682116571358 6104770.367262803 4235.6951949758 4400.0
240000.0 250000.0 1001.6881523436168 818.028349786944 325.704183864903 999.9020000000019 67.91796875 85992.96180085384 1562.9096296765629 5932435.484344557 4107.560342005169 4400.0
250000.0 260000.0 888.2956914063543 911.1704308593646 185.17512292647564 999.9490000000224 408.25927734375 84470.92290068054 1491.8128816801686 5618996.290486403 3906.6681145987563 4400.0
260000.0 270000.0 25.654296875 906.7587002840909 208.44844705801285 999.969000000041 397.85498046875 90407.32992149956 1581.7227386765271 6155228.202801572 4264.087605235242 4400.0
270000.0 280000.0 671.8440488282358 932.8155951171764 130.36166258875255 999.5289999999804 597.3940195312025 84192.00624443473 1540.9989997862986 6121500.832228724 4230.959250846228 4400.0
280000.0 290000.0 1995.4678535155253 800.4532146484474 338.192646959978 999.7539999999572 91.93106835940853 71550.97940945327 1273.2840182791988 5033297.022591194 3480.7368263791377 4400.0
290000.0 300000.0 47.90598632814363 904.7358194247142 209.02050571993303 999.3969999999972 412.4079218750121 88020.33139424036 1615.0883667763935 6382276.787046313 4419.458529524253 4400.0
