ts te idle avg_span std_span max_span min_span c_bytes_all c_pkts_all s_bytes_all s_pkts_all video_rate
0.0 10000.0 6998.1620917968685 750.4594770507829 493.10256503245836 997.4020000000019 10.805908203125 38869.60128998102 531.9028178921466 2138943.4076376823 1484.2327492034033 2300.0
10000.0 20000.0 623.8289414062165 937.6171058593784 124.63110566374692 999.3950000000186 676.1670000000158 108654.80163547357 1803.5566462125867 6330192.029310651 4397.58809997517 2650.0
20000.0 30000.0 82.97506445320323 901.5477214133451 231.7713929884083 999.7689999999711 270.1560332031222 99095.84919238038 1807.9893645949026 6723804.421962257 4659.482772660675 4400.0
30000.0 40000.0 1040.381871093763 895.9618128906237 215.40798239026032 999.4589999999735 332.4950976562686 75073.27945724234 1377.8005926998842 5328108.327734527 3693.878351253218 4400.0
40000.0 50000.0 1108.3220351563068 889.1677964843693 238.57795305253535 999.8819999999832 269.85396874998696 81060.98328161039 1468.1542950479204 5865109.285989714 4059.3328152235317 4400.0
50000.0 60000.0 1149.9280488282093 885.0071951171791 220.74533144970613 999.8549999999814 310.6750039062463 79274.82419438558 1426.9447454733695 5722512.830821316 3955.4957512543497 4400.0
60000.0 70000.0 77.01184570306214 902.0898322088125 228.28848081727028 999.9120000000112 275.34205273439875 89995.94017962564 1639.371058146693 6722368.738440301 4645.514727206531 4400.0
70000.0 80000.0 132.10108593752375 897.0817194602251 221.5449696512608 999.6849999999977 316.34589843748836 82434.55148255193 1463.7076538167744 5742678.809407026 3987.2257615122644 4400.0
80000.0 90000.0 665.6759492187412 848.5749137073872 259.27505895985837 999.9619999999995 367.26806640625 78719.6391503379 1417.2855561291196 6017327.679559691 4159.20150080487 4400.0
90000.0 100000.0 1282.267060546903 871.7732939453097 211.10683149515503 999.8300000000163 436.1620000000112 76396.23640375638 1378.1876205287513 5618143.799329657 3882.7047231048987 4400.0
100000.0 110000.0 2439.0910117187304 840.1009986979188 227.27101649801617 999.7260000000242 324.3109941406292 72147.66958835162 1297.0320774603924 5406115.683437112 3733.4103850111474 4400.0
110000.0 120000.0 66.41599414055236 903.053091441768 230.11220831218958 999.8869999999879 270.24100585939595 92261.06272232051 1659.8764089388512 6877892.465873741 4753.126907902663 4400.0
120000.0 130000.0 60.196011718711816 903.6185443892081 221.05641621234673 999.9880000000121 316.60899999999674 74948.1437676749 1346.4709918829378 5560463.1586132515 3859.1553105486432 4400.0
130000.0 140000.0 77.36803906253772 902.0574509943148 218.12154688788425 999.7380000000121 351.3490117187612 93507.53768123541 1682.9404539757766 6649155.55437963 4606.387753648804 4400.0
140000.0 150000.0 1663.6869589842972 833.6313041015703 309.9058823706955 999.8960000000079 53.75705078127794 78018.11183896397 1366.6070535863882 5362021.037337767 3709.976736305753 4400.0
150000.0 160000.0 1656.0940820312244 834.3905917968775 234.1865406495928 999.945000000007 342.49400976562174 82671.0366488295 1474.9608798991019 5860928.196927013 4054.5393918230116 4400.0
160000.0 170000.0 78.20787499996368 901.9811022727306 226.9075542965221 999.6919999999809 278.5830917968997 86105.36576477413 1556.984762595549 6320625.318118079 4371.872746859423 4400.0
170000.0 180000.0 1237.282125000027 876.2717874999973 226.77538450117444 999.9980000000214 311.0239667968708 81556.70315661977 1456.0158200822978 5783064.378790059 4010.883112476794 4400.0
180000.0 190000.0 1162.0089511718834 883.7991048828117 233.78510857845467 999.9699999999721 272.24609179690015 82229.25668377739 1474.7736531465496 5924010.746356656 4099.405152832198 4400.0
190000.0 200000.0 61.568839843792375 903.4937418323825 228.9489735534727 999.3379999999888 272.4990429687314 81967.20551759652 1460.6318131416062 6090190.341230983 4210.652312983073 4400.0
200000.0 210000.0 1821.838796874974 817.8161203125026 324.49494445979207 999.9560000000056 146.625 85450.30380614453 1478.097234090865 5804736.590600697 4013.2904110516074 3800.0
210000.0 220000.0 199.17421093746088 890.984162642049 231.43287559326305 999.954000000027 270.7116796874907 88646.57948166833 1549.1583632629515 5971915.72619976 4146.569887279159 4200.0
220000.0 230000.0 105.21423046884593 899.5259790482868 220.24310202051495 999.7010000000009 359.05889062501956 89875.32263154375 1617.8033153774438 6223799.79271207 4316.726255234031 4400.0
230000.0 240000.0 773.8438144529937 838.7414714133643 280.3916070930735 999.7780000000494 318.93312109378166 83454.85271534188 1489.539506619611 5815396.030763562 4019.4308507623828 4400.0
240000.0 250000.0 1551.23707812489 844.876292187511 288.0226894620765 999.9150000000373 120.91599999996834 78767.75323006177 1391.6174691421118 5406348.26394086 3747.1411635741724 4400.0
250000.0 260000.0 39.98668359371368 905.4557560369351 221.8349588752801 999.969000000041 312.9530136719113 92455.02617125894 1672.6807368498821 6718402.753123915 4643.106132894321 4400.0
260000.0 270000.0 1031.1141875000903 896.8885812499909 212.08781000554038 999.9200000000419 342.720697265584 75090.89783879703 1336.7493497341268 5286106.621599232 3670.10399855893 4400.0
270000.0 280000.0 35.5061445311876 905.863077769892 226.51885029750068 999.908000000054 273.53788476565387 95045.04205256775 1709.344152310746 6544522.127757015 4529.2888371969975 4400.0
280000.0 290000.0 1513.6179726561531 848.6382027343847 233.92791554833383 998.7850000000326 285.6910292968387 85594.15985440985 1525.806960834995 5691413.473106979 3943.2007390543936 4400.0
290000.0 300000.0 1292.9870507812593 870.701294921874 239.03228786167443 999.7870000000112 274.1750019531464 88239.49143866017 1564.6014428154406 6035914.11930838 4172.779107504822 4400.0
