ts te idle avg_span std_span max_span min_span c_bytes_all c_pkts_all s_bytes_all s_pkts_all videorate
0.0 10000.0 6296.079099609342 925.9802250976645 146.25730554724427 999.8670000000275 706.597900390625 46943.07045535338 611.9366317780718 1917849.4102282508 1350.324828346033 1766.6666666666667
10000.0 20000.0 66.28579882811755 903.064927379262 226.11831213707583 999.9739999999874 289.9700996094034 75195.58718750947 1267.6717306298888 3440963.433306797 2389.174384091946 1500.0
20000.0 30000.0 918.8260312500643 825.5612698863578 297.37625370346274 999.8989999999758 314.70799999998417 81493.03182432475 1385.595855143448 3489169.4556914996 2430.4596713268606 1766.6666666666667
30000.0 40000.0 2193.7569648438366 780.6243035156164 326.4540862608873 998.36599999998 29.56500000000233 66728.32828136352 1170.1245061988534 3693997.452241168 2569.089259370145 2562.5
40000.0 50000.0 2935.9511640625424 706.4048835937458 331.76216729993257 999.4099999999744 195.43994140625 64428.44149517712 1110.3041325611882 4025905.7490721857 2793.112867727503 3000.0
50000.0 60000.0 1640.95864257816 928.7823730468712 101.12719010260044 999.9340000000084 729.831298828125 76481.03335872146 1378.4971647455625 5219243.75047154 3615.4562419002114 3800.0
60000.0 70000.0 86.33032421878306 901.2426977982924 231.8906916430454 999.9720000000088 268.4777011718834 89246.4055824254 1648.499546164169 6296232.40009185 4363.014682908655 4400.0
70000.0 80000.0 532.5710917969118 860.6753552911898 295.6071710177849 999.8939999999711 169.76302539062453 80835.00483198697 1447.6723851889587 5703146.332215457 3957.329585909816 4400.0
80000.0 90000.0 952.4308925780933 904.7569107421907 195.19880041138975 999.695000000007 457.864990234375 83630.9950397246 1516.9963948725035 6014141.207864493 4160.306782534281 4400.0
90000.0 100000.0 742.243728515692 841.6142064985735 279.54965486950846 999.8939999999711 228.59326171875 78760.96225821845 1402.5113931060735 5505732.24566881 3806.169324570534 4400.0
100000.0 110000.0 533.3713164062356 946.6628683593765 103.84826973259165 999.9899999999907 733.6689453125 84062.7608277155 1534.3734376923983 6102018.822390647 4208.383486494936 4400.0
110000.0 120000.0 364.8229003906599 875.9251908735764 258.4546491873778 999.984999999986 266.3100546874921 88594.69565371232 1587.5986471006468 6159257.471888881 4265.508049236562 4400.0
120000.0 130000.0 649.6961464842898 850.0276230468827 242.59146602502588 999.8829999999725 389.1708984375 80484.59833989001 1450.7695968240516 5713515.39335932 3950.70153989922 4400.0
130000.0 140000.0 829.9508085937705 917.004919140623 142.53579360640077 999.9629999999888 608.5461015625042 92756.27690341289 1646.2070115407364 6124072.866697243 4228.644182917819 4400.0
140000.0 150000.0 802.5538417969365 836.1314689275513 297.87204873289255 999.679999999993 236.729248046875 88950.19240174511 1599.508985400832 5997847.215702701 4138.78806516964 4400.0
150000.0 160000.0 610.5233574219164 938.9476642578084 104.71864281256373 999.4369999999763 736.337890625 91840.38449684101 1631.9190547891037 6043689.063823215 4180.085443404418 4400.0
160000.0 170000.0 412.4597714843112 871.594566228699 267.2210998908054 999.8620000000228 262.78110937500605 90504.78275616237 1609.4599048364219 6007762.990687686 4167.979308912113 4400.0
170000.0 180000.0 77.66802734375233 902.0301793323862 220.00901706043433 999.2689999999711 352.319091796875 91379.90501208782 1641.6105188737642 6277007.570879819 4341.423969746999 4400.0
180000.0 190000.0 516.7219960937509 862.1161821732953 247.23978653203426 999.8890000000247 225.048095703125 90462.3692741139 1594.563888793533 5868555.888536549 4062.167967969024 4400.0
190000.0 200000.0 120.10518164071254 898.1722562144806 260.47506292536974 999.6620000000112 139.0869140625 90042.38328686026 1626.125543262145 6195360.776483212 4277.277522415478 4400.0
200000.0 210000.0 698.9146035156446 930.1085396484356 142.62205830821935 999.9949999999953 650.6420859375503 82999.25098050892 1506.4606332031422 5999767.935490516 4151.654677217384 4400.0
210000.0 220000.0 830.6702070311876 833.5754357244375 263.23736496086457 999.8660000000382 331.19168945308775 78450.61046631493 1402.5289901298206 5353004.751875833 3716.9012105850657 4400.0
220000.0 230000.0 185.9418574217707 892.1871038707482 239.06910409122526 999.3560000000289 303.67724609375 88394.98497666462 1576.6436651909714 6152532.712964886 4248.675540114106 4400.0
230000.0 240000.0 620.4392832029844 852.6873378906378 270.67212188349185 999.6879999999655 183.636962890625 87161.98821728598 1559.6698202618995 6060891.4848919455 4191.252524672367 4400.0
240000.0 250000.0 61.688080078107305 903.4829018110812 251.70147414622426 999.4420000000391 162.8798828125 88112.13652891587 1599.8543816349152 6375969.014835431 4400.805985018674 4400.0
250000.0 260000.0 997.4159863281529 900.2584013671847 190.61896454697734 999.60699999996 461.993896484375 82474.47613291512 1503.399807453384 5739764.715132367 3983.6747888475397 4400.0
260000.0 270000.0 163.1608652343275 894.2581031605157 219.8130195816492 999.1230000000214 404.33203125 90791.23277811507 1623.8000125898147 6019501.692569399 4172.571298616839 4400.0
270000.0 280000.0 72.92291796859354 902.461552911946 212.60190171027347 999.8190000000177 377.89111328125 87214.14633802505 1549.8637775651177 5948468.790823969 4110.498440522631 4400.0
280000.0 290000.0 1476.757837890531 852.3242162109469 252.09294577668155 999.6700000000419 226.957275390625 86706.22634324926 1560.5834065508566 6186449.081581184 4271.535778276927 4400.0
290000.0 300000.0 62.09532421862241 903.4458796164889 243.83328218622103 999.9560000000056 197.574951171875 82704.01510946025 1512.0938613926974 6025401.407454945 4165.847035596796 4400.0
