ts te idle avg_span std_span max_span min_span c_bytes_all c_pkts_all s_bytes_all s_pkts_all videorate
0.0 10000.0 6310.874999999942 922.2812500000146 144.37521750951547 999.4650000000256 705.9729999999981 55841.0 714.0 2695532.0 1948.0 1164.4444444444443
10000.0 20000.0 3472.927884765726 815.8840144042842 334.9023798076411 999.8339999999735 71.45299999997951 70146.49344014208 1146.293824743067 4309334.065793489 2992.3898524748547 4410.0
20000.0 30000.0 110.80710546876071 899.0175358664764 210.6666021687163 999.8819999999832 426.0908847656101 89896.81752687092 1657.332680404468 6479473.285262133 4482.83379459993 4400.0
30000.0 40000.0 90.98993164068088 900.8190971235745 214.5223343217243 999.5690000000177 462.205078125 86332.44241783764 1610.2540186204724 6546591.133784207 4524.45513319707 4400.0
40000.0 50000.0 107.00408203131519 899.3632652698805 218.82469270947223 999.9020000000019 396.27099609375 83165.82956447313 1430.807490142657 5364343.303758289 3740.4441334846915 3622.222222222222
50000.0 60000.0 249.18408398440806 886.437810546872 236.88519572854088 999.9830000000075 293.534912109375 85961.97911423144 1535.394775244322 5818069.999648741 4041.9044677519687 4400.0
60000.0 70000.0 2034.317634765699 885.0758183593667 173.49257509789155 999.6120000000228 534.25927734375 72169.4038618344 1243.5635631602793 4841050.342453318 3356.5204832644954 3600.0
70000.0 80000.0 271.69134960940573 884.3916954900541 237.87384526423057 999.3649999999907 395.200927734375 77884.20706158018 1350.3914034664185 5330311.642818365 3702.907150794588 4166.666666666667
80000.0 90000.0 1567.70292773447 936.9218969183922 138.21905324731313 999.460000000021 590.1440722655971 84721.82701303021 1512.9622442183158 5722868.226481458 3950.544984432403 4400.0
90000.0 100000.0 3044.4249999999884 869.4468750000015 244.9502719168166 999.4949999999953 376.0370000000112 71877.0 1213.0 4714492.0 3267.0 3466.6666666666665
100000.0 110000.0 499.5331152342842 950.0466884765716 152.05610896533432 999.7420000000275 517.306884765625 92111.11116643972 1569.4950595676303 5972102.740922696 4147.393161472156 3700.0
110000.0 120000.0 289.41776757803746 882.7802029474511 234.3244767461888 999.4039999999804 350.3701171875 83562.67962909499 1450.716682036984 5431133.9090024065 3784.125655540899 4166.666666666667
120000.0 130000.0 3299.5111171875615 837.5611103515548 268.7471100722606 999.8429999999935 332.4650000000256 71324.2092044653 1213.7882583953856 4579738.3500748975 3172.481182986945 3400.0
130000.0 140000.0 2027.3280000000377 885.8524444444403 312.66151843452576 999.9459999999963 53.46999999997206 74550.0 1302.0 5056919.0 3508.0 3933.3333333333335
140000.0 150000.0 1770.1080312500126 914.4324409722208 157.66194225662997 999.7129999999888 589.04296875 79568.9742039934 1359.17717229925 5332721.596029851 3695.891504016828 3400.0
150000.0 160000.0 259.0650000000023 885.5395454545452 234.99855446574222 999.640000000014 409.8180312499753 86092.37838351347 1493.30012498121 5658170.393027848 3942.0521556037943 4400.0
160000.0 170000.0 1653.9769687500084 927.3358923611102 137.59809482795526 999.4029999999912 573.0540312500088 73049.6474124931 1325.52270271954 4991751.010942301 3471.0563403793776 4400.0
170000.0 180000.0 2383.5610234374763 846.2709973958359 326.1235818621989 999.0690000000177 55.26799999998184 72870.61883562258 1185.7003660434882 4512711.887012479 3134.4254419372996 2766.6666666666665
180000.0 190000.0 2638.380060546857 817.9577710503493 239.3522411444032 999.5839999999735 412.85702343750745 70194.50850451965 1195.0975257917687 4626093.743515226 3208.5211900462964 3600.0
190000.0 200000.0 415.9708144530887 871.2753805042647 230.85083060662203 999.4740000000456 411.53508398437407 83204.18276650131 1445.3959005761685 5616147.050727454 3910.4864262580077 3800.0
200000.0 210000.0 2042.678062500083 884.1468819444352 226.82916754025956 999.954000000027 446.12889843748417 78796.83551614582 1388.6323462719497 5196541.965537526 3604.3809270770753 4400.0
210000.0 220000.0 1136.3849804688944 886.3615019531105 204.15331787580385 999.5139999999665 474.7769609375391 79397.86258549022 1339.3168650359032 5134654.2068292005 3558.607513601593 3525.0
220000.0 230000.0 85.4179628904676 901.3256397372302 212.41871989570922 999.9220000000205 466.9629414062947 81247.52025593205 1480.8294927387387 5736222.1293439455 3972.0149031510714 4400.0
230000.0 240000.0 155.4759999999078 894.9567272727356 227.60721397865558 999.9150000000373 409.923095703125 89153.13323902524 1575.1815391732048 5929836.957336872 4108.358946925809 4400.0
240000.0 250000.0 2373.6728281249525 847.3696857638942 229.07787902893648 999.9529999999795 462.67599999997765 70356.11560182973 1156.3935084263048 4328818.947851384 3006.254450960411 3400.0
250000.0 260000.0 142.18325195310172 896.1651589133544 213.36513814335055 999.9710000000196 414.44873242184985 79326.29697654171 1377.352823125207 5320290.296565498 3689.2346808718157 3525.0
260000.0 270000.0 212.18674999999348 889.8012045454551 225.7282885134959 999.375 406.947265625 79388.69392637842 1394.6364257308212 5514443.631689636 3831.4044832216896 4050.0
270000.0 280000.0 1716.61627734371 828.338372265629 302.19976560668334 999.8850000000093 115.82099999999627 80707.30238449574 1453.9782813594875 5628996.101932345 3892.5216515702537 4400.0
280000.0 290000.0 57.00491601554677 903.9086439985866 210.4834967252683 999.8719999999739 410.11001171870157 100572.4167304159 1785.9798816320579 6803665.311646182 4711.131063291681 4400.0
290000.0 300000.0 2213.973072265624 778.6026927734376 365.49662609165864 999.9370000000345 54.199999999953434 73950.51267710164 1260.5050440948999 4675188.770012252 3259.6583210869976 3400.0
