ts te idle avg_span std_span max_span min_span c_bytes_all c_pkts_all s_bytes_all s_pkts_all videorate
0.0 10000.0 6206.788697265671 948.3028256835823 99.58468983284078 999.6539999999804 798.935302734375 38177.75425374628 484.85939379155843 1732173.427822798 1211.4604620448004 1820.0
10000.0 20000.0 62.2091914062039 903.4355280539814 243.5747907494616 999.8040000000037 201.03569726564456 88878.15367407785 1487.7692421990062 4264441.441633966 2976.857345998706 1500.0
20000.0 30000.0 559.7531601562514 858.2042581676135 301.9848577551794 999.9990000000107 144.2748886718764 72183.94449180635 1267.7987741510108 3285222.4522582395 2288.293506337643 2000.0
30000.0 40000.0 1654.9768964843242 834.5023103515675 264.9140557737393 999.8360000000102 369.9560546875 63439.880027549254 1077.3027716422637 3701429.6877880953 2575.4107413794654 2562.5
40000.0 50000.0 3854.289054687484 682.8567717013907 350.95917920334716 999.3670000000275 159.045999999973 57001.26755282027 1011.2698182161607 3868762.990496901 2685.977944239385 3000.0
50000.0 60000.0 938.8199785156758 906.1180021484324 210.75367039119988 999.8800000000047 361.822021484375 80186.96957863851 1413.6077739783611 5452996.109016945 3778.884766709641 3800.0
60000.0 70000.0 315.4061171875219 880.4176257102253 281.12259125947065 999.24099999998 100.451904296875 84583.84479061808 1523.989971675766 5746886.709176948 3994.2881391566807 4400.0
70000.0 80000.0 138.09390429692576 986.1906095703074 31.907016747663494 999.9639999999781 896.2730957031017 90325.18563074339 1628.4022543458732 6184866.181806107 4291.827094133678 4400.0
80000.0 90000.0 1221.8720292968792 877.8127970703121 255.59908024582975 999.9859999999753 304.969970703125 85331.88339297242 1496.8899301810582 5806514.161913884 4018.508580302142 4400.0
90000.0 100000.0 1264.4539667968638 873.5546033203136 221.3772566438623 999.9969999999739 342.60400390625 94608.14095212115 1660.32517718507 6162628.801441142 4264.44856914063 4400.0
100000.0 110000.0 1332.7380644531804 866.7261935546819 227.87555453667179 999.9710000000196 356.262939453125 83385.42868680964 1511.026062301045 6172137.247411394 4263.946985597725 4400.0
110000.0 120000.0 2030.5819863281213 796.9418013671878 342.1888478473451 999.9830000000075 64.76400000002468 74711.70963224136 1297.3748659241053 4894133.994948815 3395.8364826055495 4400.0
120000.0 130000.0 1773.2000214844593 822.679997851554 304.54643985701745 999.8989999999758 197.37800000002608 79522.14790763023 1359.385924990167 5195100.824151929 3596.530143342147 4400.0
130000.0 140000.0 1558.3328203125275 844.1667179687472 239.32895751548517 999.5949999999721 362.839111328125 87104.46151613702 1481.2528914476436 5630424.94535209 3903.041312172641 3622.222222222222
140000.0 150000.0 1212.7971113281674 878.7202888671833 217.79973366551337 999.140000000014 368.0 86765.26916004124 1543.671988492696 5957098.873333184 4118.862753665912 4400.0
150000.0 160000.0 86.75572656246368 901.2040248579578 225.60143299854718 999.9440000000177 309.4052734375 81351.25466062425 1460.76660993802 5739755.726296555 3964.3361795066885 4400.0
160000.0 170000.0 182.29827929689782 892.5183382457366 263.21417080286284 999.7519999999786 149.093994140625 96386.75225979816 1713.5763750422461 6579643.060694113 4557.685983011209 4400.0
170000.0 180000.0 2003.9788867187453 888.4467903645839 207.25733498643086 999.9749999999767 368.735107421875 70907.28634037534 1228.872772152615 4674130.721095814 3244.0736553799884 4400.0
180000.0 190000.0 484.45898632809985 865.0491830610819 250.70043715840433 999.3859999999986 225.34912109375 96257.18413456054 1663.1639929460077 6155087.842354021 4275.715029512929 3700.0
190000.0 200000.0 1803.8332148438785 819.6166785156122 331.47873515855247 999.2149999999674 70.1940000000177 81850.55546296977 1439.1807079235223 5428126.763062319 3753.2146586178337 4400.0
200000.0 210000.0 2013.1069453124655 798.6893054687534 347.9861108668954 999.8549999999814 19.540000000037253 80000.86174719776 1422.8343141757523 5515731.195839971 3810.0828337391154 4400.0
210000.0 220000.0 1501.3246601562714 849.8675339843728 245.91028473893795 999.6790000000037 365.13330078125 89134.1165935687 1603.9083583287395 6241178.959774689 4305.899412851335 4400.0
220000.0 230000.0 45.14420703111682 904.9868902698985 215.4814603722345 999.5470000000205 345.12109375 95531.63710691762 1721.2074991697048 6798309.574995725 4696.975561783358 4400.0
230000.0 240000.0 1913.2770937500754 898.5247673611027 165.26210597455645 999.9899999999907 579.4710000000196 84195.3104460348 1440.5625298016068 5354550.307334355 3714.8418587707965 4400.0
240000.0 250000.0 792.2589101562044 920.7741089843796 210.77007804294158 999.5820000000531 322.64208984375 90743.3687361741 1553.8413085100838 5945896.709845379 4124.7947204216125 4400.0
250000.0 260000.0 1151.4520078125643 884.8547992187436 211.75701266420714 999.9719999999506 368.30908203125 76816.99363712867 1377.5671229363363 5473484.624231431 3783.9371187503834 4400.0
260000.0 270000.0 1371.1821679688292 862.881783203117 218.11663262938083 999.9529999999795 366.7119140625 89112.54313248394 1602.4669021880693 6204091.27072734 4290.617474219266 4400.0
270000.0 280000.0 1145.0569785156986 885.4943021484302 218.87945255437663 999.658000000054 358.283935546875 92630.84466871795 1599.9334545002682 6133997.768913143 4253.036526209515 3777.777777777778
280000.0 290000.0 563.3089414061978 857.8810053267093 262.782693967927 999.984999999986 214.343994140625 89220.22840396668 1586.5849894048845 6116234.825662311 4239.0444198131645 4400.0
290000.0 300000.0 2192.4759941407247 867.5026673176973 314.7320555684281 999.3279999999795 49.64000000001397 72675.02142152865 1321.606222460358 5157856.800620396 3567.5697405860583 4400.0
