ts te idle avg_span std_span max_span min_span c_bytes_all c_pkts_all s_bytes_all s_pkts_all video_rate
0.0 10000.0 8777.038738281233 611.4806308593834 546.7878111589365 998.1180000000168 224.84326171875 19268.634481757555 202.87337881982853 685684.338066449 483.84625013977734 2300.0
10000.0 20000.0 33.72332226566505 906.0251525213032 242.26425302051646 999.9290000000037 204.262939453125 103863.44446134806 1786.851017615822 6609678.611134466 4582.529293773067 2623.076923076923
20000.0 30000.0 82.16384179686429 901.6214689275578 254.92208192550422 999.9990000000107 155.85009765625 79550.63374136921 1496.2923784070292 5753822.887647283 3994.102305156162 4400.0
30000.0 40000.0 33.42617773427628 906.0521656605204 258.78157158765293 999.9710000000196 138.367919921875 88599.54932261459 1668.8914050729936 6366424.492102413 4412.743302249778 4400.0
40000.0 50000.0 486.2859667968005 951.3714033203199 115.34408228131821 999.9089999999851 638.1080800781492 95464.07481589878 1718.0534576955847 6086252.618891962 4217.057668130177 4400.0
50000.0 60000.0 174.05795312509872 893.2674588068093 272.21396107106824 999.9319999999716 110.73204687499674 89679.6631770118 1601.038362388742 5899212.052157426 4088.721180551038 4400.0
60000.0 70000.0 344.4171152343042 965.5582884765696 103.96661366053887 999.9490000000224 669.681884765625 87883.51564969026 1553.4219990880292 5718483.936050037 3962.4532928838044 4400.0
70000.0 80000.0 547.142794921936 859.3506550070967 302.1842303766562 999.8850000000093 177.51708984375 91332.17704299762 1623.5347914902386 5891803.881591791 4084.8712080246837 4400.0
80000.0 90000.0 485.2351210936904 951.476487890631 78.3090126242218 999.9720000000088 811.1500000000233 92501.62799856988 1678.3299107074417 6193999.56069934 4289.150762563848 4400.0
90000.0 100000.0 79.63205078121973 901.8516317471618 269.7147412375302 999.8400000000256 102.40603125002235 90832.63724662873 1626.7135557498818 6120912.773358813 4234.375391968421 4400.0
100000.0 110000.0 262.8719472656376 885.1934593394875 255.0340511564682 999.814000000013 164.71508203126723 92362.02616022195 1642.52204511086 5977665.789413035 4143.819626765892 4400.0
110000.0 120000.0 92.5250449218438 900.6795413707415 230.37348920154898 999.439000000013 287.0200292968657 88963.17597059906 1607.0391723990952 6049811.08598282 4188.096391586698 4400.0
120000.0 130000.0 30.511031250003725 906.3171789772724 213.198157033923 999.6610000000219 361.5990742187714 101882.73730964297 1795.7245141275992 6430965.111787683 4448.948297889517 4400.0
130000.0 140000.0 27.61700195312733 906.5802725497157 211.437182884338 999.7110000000102 376.3101054687286 87290.83017133312 1552.388562320526 5659979.593439113 3938.51142798837 4400.0
140000.0 150000.0 793.0619335937663 920.6938066406234 190.85026943616202 999.9930000000168 387.88710742187686 89987.41466482455 1612.4367294382694 6019257.834276175 4171.30704839957 4400.0
150000.0 160000.0 102.2206386718899 899.7981237571009 268.7208122047462 999.8470000000088 105.58304101560498 91885.83520589444 1636.3347993816312 5966365.892126263 4131.128839953624 4400.0
160000.0 170000.0 40.482417968742084 905.4106892755689 249.8754037716505 998.9579999999842 173.3346796875121 89778.8324624599 1601.189929270218 6033298.074760033 4172.609430137129 4400.0
170000.0 180000.0 652.8690097656217 849.739180930398 327.8366802586365 998.9529999999795 176.889892578125 88912.59547657566 1588.8715779751033 5858790.513986205 4058.5416754137245 4400.0
180000.0 190000.0 419.19997265626444 958.0800027343736 68.04161106916358 999.8869999999879 821.2401074218797 90674.86710311662 1638.5601565228035 6220621.223879896 4317.370218037447 4400.0
190000.0 200000.0 31.892609374946915 906.1915809659139 270.05036640422577 999.9980000000214 98.77308007812826 95930.86646529287 1702.484569755083 6249378.329034043 4326.016938800032 4400.0
200000.0 210000.0 1495.853326172044 850.4146673827956 281.9420643446834 999.8649999999907 112.83068945311243 82594.52992011781 1461.414204258902 5372985.012634164 3729.133956438471 4400.0
210000.0 220000.0 539.2269062499981 860.0702812500002 280.80418823812795 999.7719999999972 99.0190156250028 100885.07769786441 1803.0809793590097 6676769.02728954 4614.941606452675 4400.0
220000.0 230000.0 1141.6608085936168 805.3035628551257 330.1207153636514 999.890999999945 202.55126953125 89063.20101491422 1599.5422082544137 5938889.776238095 4114.901934658423 4400.0
230000.0 240000.0 602.0380078125745 939.7961992187426 101.07451750356957 999.3869999999879 728.60699999996 82212.01225471694 1516.9443677138001 5938970.898684247 4111.404813767211 4400.0
240000.0 250000.0 2033.5852578125196 796.641474218748 344.9052465506382 999.9799999999814 109.31873828126118 76358.20707178462 1391.3959992789928 5349577.21234579 3702.9869346596215 4400.0
250000.0 260000.0 1381.7049179687165 861.8295082031284 283.64721733101663 999.1820000000298 97.20699609373696 80046.2679570878 1460.8666464692776 5713517.234743049 3957.3563668858665 4400.0
260000.0 270000.0 70.17612109379843 902.7112617187456 269.28590489540426 999.3079999999609 102.30791406251956 87583.76906274902 1621.653762083936 6482937.673216675 4474.669525189364 4400.0
270000.0 280000.0 303.4736542968312 881.5023950639244 265.38620855298154 999.8739999999525 152.64603515621275 82378.35399809598 1512.6300365047798 5762211.343525463 3992.333911440752 4400.0
280000.0 290000.0 44.152373046730645 905.0770569957517 213.75145668850814 999.9810000000289 367.79268945311196 82816.23883865062 1532.2974194021808 5999306.64362912 4153.810360626116 4400.0
290000.0 300000.0 587.3909374998184 855.691732954562 310.9862426074374 999.6639999999898 92.03300000005402 82857.2032561709 1515.6220633379276 5880965.577308608 4069.2600394687383 4400.0
