ts te idle avg_span std_span max_span min_span c_bytes_all c_pkts_all s_bytes_all s_pkts_all videorate
0.0 10000.0 5743.315044921881 851.3369910156238 299.21893342025015 998.6390000000247 317.803955078125 55683.8923691434 843.535341105598 3067153.245912104 2135.5208305179776 2300.0
10000.0 20000.0 56.95799999998417 903.9129090909105 225.651845342265 999.710000000021 286.553955078125 91581.72561774704 1601.2171211172765 6309770.192947328 4365.408535087691 2872.7272727272725
20000.0 30000.0 843.7426757813082 915.6257324218692 124.51556999979027 999.7750000000233 708.561279296875 86580.35373738874 1596.8774601200323 5911066.313409741 4092.92583568164 4400.0
30000.0 40000.0 774.4999765625107 838.681820312499 345.04005586541047 999.8130000000237 15.435302734375 84096.73050477896 1584.9349892770997 6225491.611631465 4302.223266350885 4400.0
40000.0 50000.0 703.0203027342795 929.6979697265721 153.5503139192681 999.6500000000233 509.7160000000149 76994.29777094188 1419.4350883799937 5706851.636099363 3946.921532361806 4400.0
50000.0 60000.0 790.2959726563422 920.9704027343657 233.33447507339125 999.9689999999828 257.22802734375 77823.842977547 1409.372662183382 5655865.980926031 3925.147380127817 4400.0
60000.0 70000.0 85.22006640624022 901.3436303267055 244.65480584667645 999.7669999999925 201.5849609375 85699.02699945016 1539.1882522068572 6034383.409281557 4181.3776819986215 4400.0
70000.0 80000.0 569.4226445312961 943.0577355468704 112.77176063331474 999.8960000000079 676.29931640625 88641.95600356167 1602.7163232196294 6101675.036723666 4218.342311793158 4400.0
80000.0 90000.0 62.93341992190108 903.369689098009 219.13918878550356 999.6439999999711 322.895683593757 86726.62880868682 1543.1080860765228 5866590.05625473 4058.7848430717995 4400.0
90000.0 100000.0 1643.4069785156753 835.6593021484325 282.0214430296252 999.8310000000056 302.69091796875 84436.82651878639 1512.9196914570084 5696582.38287387 3938.154223031621 4400.0
100000.0 110000.0 127.75595703127328 897.4767311789751 232.3365869631548 999.9949999999953 251.3349609375 89730.84971146598 1637.4057880221126 6357703.7812884385 4407.783808840418 4400.0
110000.0 120000.0 170.43203906255076 893.5970873579499 271.9110384332396 999.5839999999735 105.294921875 87421.42171719464 1572.2803526447942 6057446.344922642 4197.959460303373 4400.0
120000.0 130000.0 1664.989810546802 833.5010189453199 277.38477912691513 999.7679999999818 303.714111328125 90027.60779311955 1600.023054632831 5907988.499694725 4086.8666394897377 4400.0
130000.0 140000.0 1359.808134765597 785.4719877485821 327.78095206160253 999.7660000000033 172.2729999999865 90178.6664875184 1630.224614839171 6203230.459880129 4291.097408989313 4400.0
140000.0 150000.0 634.691087890591 936.5308912109409 107.71650420070524 999.9330000000191 688.785888671875 85109.45730740594 1521.9533153358948 5850410.094557216 4051.1692090989177 4400.0
150000.0 160000.0 30.086607421864755 906.3557629616487 219.84042744786737 999.9619999999995 310.9441113281064 85721.4575960902 1544.7925416883943 5922023.080744668 4104.806340199876 4400.0
160000.0 170000.0 680.4771640624967 847.2293487215912 279.0335083787198 999.8609999999753 299.1201171875 92823.53204265484 1646.472752136682 6152471.077877326 4263.073830900021 4400.0
170000.0 180000.0 199.1261933593778 890.9885278764202 249.12889576529065 999.9610000000102 192.346923828125 84555.00808108246 1515.6199521685044 5837255.571343727 4032.33972058079 4400.0
180000.0 190000.0 83.50298632815247 901.4997285156225 259.3301373307133 999.2949999999837 143.2109375 81694.42235063828 1467.0317481135414 5668774.635748286 3914.077248298364 4400.0
190000.0 200000.0 520.9188203125959 947.9081179687404 95.20475673220568 999.7709999999497 713.4951171875 87045.28325795512 1573.4269240537124 6131718.339892522 4246.964047873093 4400.0
200000.0 210000.0 648.6530429688282 850.1224506391974 291.75088732042235 999.6369999999879 254.97607421875 82493.83030683958 1483.612982739953 5627445.085989478 3901.713881198355 4400.0
210000.0 220000.0 218.70908984378912 889.2082645596555 264.12117872055813 999.9989999999525 126.208984375 89910.98254442662 1610.7392525337525 6288818.203422055 4350.732750523697 4400.0
220000.0 230000.0 88.41568749991711 901.0531193181894 270.90232650865903 999.7550000000047 98.529296875 88731.26376873495 1605.9397844067967 6162399.365446034 4258.920267261172 4400.0
230000.0 240000.0 28.381292968639173 906.5107915483055 274.9028067980068 999.9320000000298 82.60400390625 83117.2235592632 1503.450337962022 5899075.054296006 4074.7876264510046 4400.0
240000.0 250000.0 137.296970703057 896.6093662997221 292.81229038628993 999.939000000013 17.384033203125 87852.53999491173 1567.2247669239143 6056796.150976167 4196.702850264697 4400.0
250000.0 260000.0 130.47899414075073 986.9521005859249 22.262518163458033 999.9499999999534 928.0400390625 85533.58522647065 1535.650484066401 5842677.230762722 4048.317182573959 4400.0
260000.0 270000.0 1132.4271015624981 806.1429907670456 328.9334772607345 999.73199999996 71.81996093748603 88963.43736567076 1591.4694846922696 6058550.470816569 4191.209326881272 4400.0
270000.0 280000.0 462.756687499932 867.022119318188 254.78767036675447 999.5280000000494 208.78125 86625.48309785777 1561.9934299227912 5982130.758593202 4130.082205336136 4400.0
280000.0 290000.0 1713.8242617188953 828.6175738281105 285.8942067477547 999.7589999999618 303.81298828125 82809.02429281492 1484.535236682986 5798520.394444808 4007.7172660081633 4400.0
290000.0 300000.0 172.1709628906101 893.4390033735809 242.4101517598036 999.9089999999851 214.676025390625 86822.36866553561 1573.2042384524284 6028850.45885663 4174.270478745795 4400.0
