ts te idle avg_span std_span max_span min_span c_bytes_all c_pkts_all s_bytes_all s_pkts_all video_rate
0.0 10000.0 6008.669999999984 997.8325000000041 2.445062712216704 999.9720000000088 994.3580000000075 49815.0 753.0 2814725.0 1960.0 2300.0
10000.0 20000.0 2696.859999999928 811.460000000008 372.0417820282395 999.6070000000182 66.94000000000233 74584.0 1315.0 4946810.0 3441.0 2300.0
20000.0 30000.0 245.66107031254796 975.4338929687452 71.27248796499404 999.7079999999842 772.6279296875 87876.48146127138 1602.340626740746 6354398.353683792 4390.435505291868 4400.0
30000.0 40000.0 211.86204882815946 889.8307228338036 243.18691285778047 999.744000000006 226.4060703124851 90303.91266701416 1701.0396917658645 6573573.783855255 4544.380016429239 4400.0
40000.0 50000.0 1765.6618808594649 914.9264576822817 214.78180714952447 999.9569999999949 350.47211914061336 77138.60587171446 1422.6196814933894 5512684.862460953 3813.1844782788935 4400.0
50000.0 60000.0 2601.2999999999884 924.8375000000015 138.66514772234257 999.7760000000126 655.3379999999888 73656.0 1306.0 5211469.0 3601.0 3933.3333333333335
60000.0 70000.0 1817.5458808594267 909.161568793397 204.51150519659052 999.9099999999744 389.33500000002095 79952.57147217194 1343.3587213567762 5087986.401483052 3531.1336792706816 3400.0
70000.0 80000.0 2069.8262343750685 793.0173765624932 368.5072203984379 999.9099999999744 45.40200000000186 83559.99700438601 1469.1170124724297 5320013.44094627 3686.997296954615 4400.0
80000.0 90000.0 1944.7798437499441 805.5220156250056 363.1082161289232 999.9760000000242 0.0 81405.6992255134 1455.2514120294559 5704183.3562742835 3941.853935442942 4400.0
90000.0 100000.0 40.83808203128865 905.3783561789737 244.08705414396118 999.8960000000079 195.92595898435684 100622.53034275511 1822.4572392809898 7090910.745362718 4895.656234382947 4400.0
100000.0 110000.0 2046.3978867188562 795.3602113281144 363.9658462935949 999.4309999999823 30.84299999999348 79363.13035017897 1362.5685803993317 5296965.103306302 3670.27843180388 3777.777777777778
110000.0 120000.0 1983.4190214843838 890.7312198350685 254.15217410246933 999.4639999999781 232.03892773436382 66431.11826019334 1165.842373477637 4533054.604929972 3144.0196483350855 4400.0
120000.0 130000.0 90.86917187500512 900.8300752840904 248.73839832286328 999.7710000000079 184.7719492187607 92025.7125628527 1660.3077915355045 6282242.962951794 4332.828431953458 4400.0
130000.0 140000.0 2095.5118789062253 878.2764578993083 258.27123952344493 999.13400000002 240.71112109377282 78535.24078194855 1387.096869447875 5417934.384745607 3751.232341856391 3700.0
140000.0 150000.0 222.0621132812812 977.7937886718719 64.56048597994275 999.3790000000154 794.10888671875 96662.2671935843 1742.2935094150387 6729928.926469008 4645.5315157728655 4400.0
150000.0 160000.0 3126.3468964843196 763.7392337239645 375.5953811606783 999.960000000021 38.95400000002701 65251.52812686972 1126.1592752224292 4320695.3815332055 2998.153022735994 3400.0
160000.0 170000.0 4961.848990234372 629.7688762207035 445.33386915365344 999.2880000000005 43.67200000002049 50114.20467954598 862.5472153625323 3221712.6919977856 2234.3154614911405 3000.0
170000.0 180000.0 2157.7760839844705 871.3582128906144 314.6809446104736 999.2199999999721 48.18400000000838 78651.61033046499 1328.7088738183186 5061214.895958446 3511.828928100653 3400.0
180000.0 190000.0 1119.2558496093843 888.0744150390616 254.1690238468404 999.9980000000214 185.20408398436848 84753.22525624136 1520.7149635665598 5830269.891287403 4031.973023535318 4400.0
190000.0 200000.0 1391.6140664062114 860.8385933593788 294.13448126822635 999.5719999999856 185.3449335937621 81320.16441329365 1477.576162615122 5736156.212754151 3971.198048364029 4400.0
200000.0 210000.0 274.92701757804025 972.5072982421959 80.37932527655566 999.1530000000494 743.781982421875 90327.44618667156 1620.2858551537183 6511187.453352042 4500.029926550993 4400.0
210000.0 220000.0 1746.2870664061047 825.3712933593895 305.0372976575445 999.6920000000391 255.10101757815573 84320.20774324454 1476.5596684263162 5353814.149021184 3706.6354567644116 4400.0
220000.0 230000.0 56.95262109360192 903.9133980823998 231.68860838697688 999.9529999999795 255.89308398438152 92859.40778430842 1651.669411150945 6295392.23204985 4359.598194494246 3525.0
230000.0 240000.0 2028.8462773439242 885.6837469617863 250.39365054962357 999.6589999999851 239.3527050780831 77391.18195194867 1347.5540106216565 5219277.832342077 3618.9827290169 4400.0
240000.0 250000.0 1578.321904296754 842.1678095703246 272.6673946954602 999.6380000000354 191.8969824218657 84096.94422064134 1417.6055153924115 5299000.754107062 3675.4413710816225 3777.777777777778
250000.0 260000.0 125.44313476548996 897.6869877485918 211.7953835722062 999.6300000000047 374.6438867187826 85448.62151750937 1544.5408920376924 5608981.872113969 3882.013518805908 4400.0
260000.0 270000.0 2105.8349160156213 877.129453776042 247.40079971841956 998.8029999999562 250.03202148433775 71089.86988997059 1191.7969786654664 4404868.861755314 3057.372259653589 3233.3333333333335
270000.0 280000.0 3350.008062500041 738.887993055551 395.5022294788199 999.2160000000149 26.584999999962747 69408.32070570551 1168.9876685517936 4468441.845258502 3094.9265436323294 3400.0
280000.0 290000.0 2198.2660429688403 866.8593285590177 319.6918258678139 999.1060000000289 30.013999999966472 73740.41408238524 1275.2261600579252 4925785.812329869 3416.210593007128 3933.3333333333335
290000.0 300000.0 2067.407708984334 793.2592291015666 374.62595947685753 1000.0 5.456000000005588 72980.59264282565 1266.8753435819551 4963462.950362025 3443.056796350247 3200.0
