ts te idle avg_span std_span max_span min_span c_bytes_all c_pkts_all s_bytes_all s_pkts_all video_rate
0.0 10000.0 9269.922119140625 730.077880859375  730.077880859375 730.077880859375 6824.50519058526 80.50354648411567 261855.3493497282 226.14178057810673 2300.0
10000.0 20000.0 819.9428808593693 918.0057119140631 229.54842210179157 999.6739999999991 267.50011914062634 62848.49480941474 1563.4964535158842 6145998.650650272 4951.858219421893 2115.3846153846152
20000.0 30000.0 969.4460859374958 903.0553914062505 207.31275437454013 999.8369999999995 409.0869140625 53064.6627540015 1451.6533491287576 5681290.192802483 4622.055562105872 3985.714285714286
30000.0 40000.0 1578.1039531249917 935.7662274305565 173.47167049341846 999.0169999999998 474.0340859374992 41899.05916985619 1139.7751757424019 4546074.897710305 3694.5088226111097 3400.0
40000.0 50000.0 46.22269921874977 904.8888455255682 292.2026475020723 999.9349999999977 25.117039062497497 58454.54351233361 1580.7203381419188 6299858.20669231 5117.200982771664 4400.0
50000.0 60000.0 1436.5412617187394 856.3458738281261 317.3570255483765 999.5430000000051 49.228738281250116 46253.7345638087 1226.8511369869218 4863190.702794902 3948.234632511354 4400.0
60000.0 70000.0 65.38289062499825 993.4617109375001 11.003770229455546 999.5749999999971 962.912109375 52971.20736758643 1373.8937766959095 5447761.620096191 4447.688149188871 3600.0
70000.0 80000.0 3355.1361796874844 738.3182022569462 415.5073508365634 998.224000000002 36.77289062499767 33702.56724205805 845.4398777868807 3313214.9730006 2725.27451854012 3800.0
80000.0 90000.0 57.847814453125466 903.8320168678977 298.7092712108434 999.8169999999955 3.81307031250617 53871.64315126604 1418.34236680142 5567188.635858758 4546.181216982099 3800.0
90000.0 100000.0 54.78522265625361 904.110434303977 288.0582315758801 999.9809999999998 38.58888476563152 59162.01594331015 1550.8799799513597 6196999.714232983 5023.906534548442 4400.0
100000.0 110000.0 44.17681445310882 905.0748350497174 275.86952618907776 999.9839999999967 78.03310742187023 56431.39039620688 1498.7050579753522 6033137.13191195 4902.23715713274 4400.0
110000.0 120000.0 62.190091796874185 903.4372643821024 270.9911340774761 999.8760000000038 95.15992187500524 52170.34642372964 1361.0016729300435 5433508.452352768 4427.508088142645 4400.0
120000.0 130000.0 680.105673828104 847.2631205610815 277.6754379345368 999.7680000000109 132.56301367186825 50847.77958674554 1354.4456567254185 5430581.602243645 4423.439879721655 4400.0
130000.0 140000.0 1988.0442167969013 890.2173092447888 308.3855517806812 999.1339999999909 68.08368750000955 44424.00128899595 1149.3519313740364 4500540.748497156 3662.1253867516607 3466.6666666666665
140000.0 150000.0 82.70913085938082 901.5718971946018 293.2453594663413 999.6080000000075 19.961904296884313 56506.52637080614 1480.6932716707527 5579967.024227475 4568.305645736389 4400.0
150000.0 160000.0 513.8678749999963 862.3756477272731 282.56552356031955 999.2850000000035 73.80403515623766 53955.76415157983 1432.912272752588 5503641.914924999 4482.383212081519 4400.0
160000.0 170000.0 102.17414257815108 899.8023506747136 216.73362205856606 998.6359999999986 350.7309101562423 57520.04163279391 1503.0069333635206 5772696.329931562 4707.125129575034 3700.0
170000.0 180000.0 39.676015624951106 905.4839985795498 210.68964632383987 999.4120000000112 392.9600527343864 54128.85757487052 1430.8186365212077 5349959.00225891 4369.467625971629 4400.0
180000.0 190000.0 44.40366210939828 905.0542125355092 208.3105722605399 999.5769999999902 415.2990683593671 55381.834594719054 1468.0084471419048 5658478.418256152 4597.8571006983775 4400.0
190000.0 200000.0 42.036236328131054 905.269433061079 206.94311650212697 999.109999999986 436.33173046875163 54567.581893780116 1444.2286244645184 5553489.651349398 4517.513686398626 4400.0
200000.0 210000.0 35.92601367190946 905.8249078480083 205.24399638005406 999.9880000000121 456.6059667968657 54675.50132767381 1448.657999882857 5561970.757794893 4542.5634950256745 4400.0
210000.0 220000.0 1977.0620195312658 891.437553385415 212.6846237712488 999.8990000000049 472.1729804687493 48204.94105387795 1275.6134939622307 4905949.023062561 3986.423173504517 3700.0
220000.0 230000.0 85.82872070313897 991.4171279296861 12.683997266898727 999.7039999999979 959.811279296875 39862.090979110035 1028.1590766156478 3886822.860087194 3194.6229182256284 3000.0
230000.0 240000.0 1990.2551699219039 800.9744830078096 407.3299236166202 998.301999999996 20.238000000012107 51566.0870049025 1307.7137133087726 4907140.809518687 3986.8284546081586 3233.3333333333335
240000.0 250000.0 1635.7921562499832 836.4207843750016 328.7979298010037 998.2110000000102 23.841890624986263 49305.80441815437 1288.6186787811555 4925070.123954802 3999.9896261176136 3200.0
250000.0 260000.0 2014.25104296871 798.574895703129 409.40546667593003 999.890000000014 3.7080468750209548 45457.45659586438 1180.7648148989251 4482941.192435479 3676.751829156935 3800.0
260000.0 270000.0 1999.97299804684 800.002700195316 412.83745236900216 999.9070000000065 0.0 47978.53432028986 1250.2220272798572 4660106.009814241 3817.302133336483 3525.0
270000.0 280000.0 64.42782226559939 903.233834339491 293.44227904379244 999.7679999999818 19.990087890648283 49800.532737581525 1304.733490268677 4926431.55829613 4012.4754527966725 3800.0
280000.0 290000.0 118.05015234375605 898.3590770596585 292.04076749193797 999.6610000000219 24.884910156251863 54357.35008178398 1418.8328892670079 5439199.128553572 4453.453627534835 4400.0
290000.0 300000.0 350.7188242186676 877.2073796164848 267.27040662152945 999.5210000000079 121.77706250001211 57251.82490359858 1522.701650332697 5893814.42930161 4798.249163125942 4400.0
