ts te idle avg_span std_span max_span min_span c_bytes_all c_pkts_all s_bytes_all s_pkts_all videorate
0.0 10000.0 5664.365949218802 867.1268101562397 291.289456555763 999.7729999999865 346.10205078125 51732.84911236814 718.4694740385145 2641640.294828623 1848.5177310548056 1700.0
10000.0 20000.0 1446.8819863280514 777.5561830610862 358.3162031801279 999.9650000000256 2.716064453125 87558.65211675804 1520.7669590450644 5819892.529480991 4033.1399333845743 2660.0
20000.0 30000.0 927.9181425781571 907.2081857421842 190.34224441794572 999.8219999999856 499.294921875 84107.02711834558 1551.747468979592 5837021.624308592 4040.3010490873403 4400.0
30000.0 40000.0 82.55761523440015 901.5856713423273 210.8611027126018 999.2770000000019 452.039306640625 77883.27574501927 1481.4173034353773 5845961.200424026 4047.157597027316 4400.0
40000.0 50000.0 381.16021484381054 874.4399804687445 266.6733675948065 999.8190000000177 180.569091796875 80616.26051348278 1475.0580992249668 5815620.146752113 4026.8739069351814 4400.0
50000.0 60000.0 47.87099804688478 904.7390001775559 257.32971336806145 999.9039999999804 146.37109375 85174.94639134378 1532.5674678577766 5938677.239353749 4107.301527647818 4400.0
60000.0 70000.0 542.9810507813236 945.7018949218676 110.44340857468084 999.6039999999921 668.7870000000112 88751.01803632164 1551.866256019147 6036547.398618425 4169.175023554309 4400.0
70000.0 80000.0 509.02305273438105 862.8160861150562 315.06822681985716 999.7829999999958 21.77995703124907 83352.7324083523 1503.8892131544922 5906875.857148932 4088.8484905181117 4400.0
80000.0 90000.0 1077.464111328125 811.1396262428977 327.4673702348803 999.954000000027 197.52587890625 83609.86058891346 1471.400235818069 5821650.00622928 4033.1257167855374 4400.0
90000.0 100000.0 1065.270845703024 893.4729154296977 251.05312290753062 999.1450000000186 201.134033203125 78239.08688889808 1442.2126710903844 5718697.794926385 3950.7384094776617 4400.0
100000.0 110000.0 365.95198437495856 963.4048015625042 70.76977900976733 999.9459999999963 798.4779667968978 85963.1287992706 1550.7145288494955 6319396.991806371 4367.01626458071 4400.0
110000.0 120000.0 574.0740859375219 856.9023558238616 313.45000370703434 999.6930000000284 22.179951171856374 80179.45582892011 1446.7959009980093 5643714.200218242 3898.686638870166 4400.0
120000.0 130000.0 58.17668554687407 903.8021194957387 208.22711367484146 999.6780000000144 473.50927734375 88803.62457855775 1620.427200415956 6263869.71723906 4334.973395916548 4400.0
130000.0 140000.0 797.3389921875205 836.6055461647709 290.9968139754762 999.9710000000196 166.71728515625 81678.04591936985 1468.667110725336 5812998.4470097935 4029.5805743504047 4400.0
140000.0 150000.0 223.8882675782079 888.7374302201629 297.0371036457886 999.9789999999921 6.718017578125 82070.5046599983 1504.3557568605245 6051410.176590317 4178.669587670714 4400.0
150000.0 160000.0 862.5531230468187 913.7446876953181 181.0135642806729 999.6550000000279 498.19189453125 80609.46809691584 1460.8747762445823 5700265.944977415 3939.2616255302028 4400.0
160000.0 170000.0 106.23495117184939 899.4331862571046 208.12652875377623 999.9920000000275 457.866943359375 91467.60431733905 1626.9916726521838 6117263.94601347 4231.514209443259 4400.0
170000.0 180000.0 291.1210097656003 882.6253627485818 266.5891213240873 999.8539999999921 192.60693359375 86308.53503147328 1563.3156083640813 6011773.970093485 4159.837208499388 4400.0
180000.0 190000.0 157.76998828124488 894.7481828835232 264.53569096961894 999.9340000000084 116.0439453125 83579.1615887549 1497.117933658097 5808122.947402429 4020.775898523872 4400.0
190000.0 200000.0 685.3188730467809 931.4681126953219 163.93242351088958 999.7640000000247 476.674072265625 82840.51026135721 1530.3915742493841 6143345.978616873 4240.395440406892 4400.0
200000.0 210000.0 688.5809824219905 846.4926379616372 273.7472469189494 999.765000000014 194.26708984375 82752.30429386963 1508.9560435273 5934447.288581335 4099.562676362454 4400.0
210000.0 220000.0 1357.1311152343405 864.286888476566 255.8590463154886 999.9989999999525 288.73291015625 79027.29835109042 1433.6846460668055 5674558.619700767 3919.9329183243544 4400.0
220000.0 230000.0 55.85789648431819 904.0129185014256 209.68231587927647 999.6439999999711 464.955078125 82005.45502483264 1501.6991830992517 5908049.749318606 4088.4286580779562 4400.0
230000.0 240000.0 424.6890800782712 870.4828109019753 271.58965487129944 999.7939999999944 166.947998046875 82690.76441225816 1495.0697489683962 5822492.160243708 4029.8241060441064 4400.0
240000.0 250000.0 779.6189960936317 838.2164549005789 321.0103957331182 999.7989999999991 55.302001953125 83739.00206091274 1504.761088301805 5721598.502137372 3959.0719711689894 4400.0
250000.0 260000.0 532.4140644529834 860.6896305042742 316.09345201489623 999.5280000000494 1.7109375 85051.27607262181 1576.0889394568335 6312525.555056035 4358.15859482673 4400.0
260000.0 270000.0 643.3460507811978 935.6653949218802 157.36611329934428 999.0389999999898 501.23388671875 79287.26003354153 1433.5016493041508 5523767.230962582 3826.880374124595 4400.0
270000.0 280000.0 442.2480019532377 868.8865452769784 272.7702885126116 1000.0 199.681884765625 91591.3715545117 1679.3992176600427 6336883.474480733 4389.072939493467 4400.0
280000.0 290000.0 72.34891992190387 902.5137345525542 256.6637232129313 999.8059999999823 149.93896484375 88683.7564931559 1566.4049569109245 5970339.737400651 4131.607098373391 4400.0
