ts te idle avg_span std_span max_span min_span c_bytes_all c_pkts_all s_bytes_all s_pkts_all videorate
0.0 10000.0 8318.647064453107 840.6764677734463 223.8240905581381 998.9440000000177 682.408935546875 22354.960239005537 266.6308489413501 889862.4492859715 624.7350657572854 2300.0
10000.0 20000.0 300.8629355468438 881.7397331321051 259.54303571033734 999.810999999987 314.9650644531357 100605.03976099446 1784.36915105865 6735817.550714029 4652.264934242715 2300.0
20000.0 30000.0 1077.835000000021 991.3516666666643 11.606255123843919 999.4199999999837 963.2910000000265 83363.0 1460.0 5222018.0 3633.0 4400.0
30000.0 40000.0 974.1097246093559 902.5890275390644 301.25483717649746 999.3769999999786 45.207275390625 77038.46372056933 1409.2888372029706 5243706.2344180215 3643.5619285148523 4400.0
40000.0 50000.0 1025.7433964844095 897.425660351559 244.76193316511126 999.9479999999749 220.15087890625 88110.49850411319 1636.6881700966483 6061647.153994608 4190.718298861356 4400.0
50000.0 60000.0 356.7289394531399 876.6610055042601 290.35622207525853 999.5229999999865 29.762939453125 85317.88565196462 1515.9645275447779 5611889.923942181 3891.20039774707 4400.0
60000.0 70000.0 34.571990234428085 905.9480008877792 294.3483079113387 999.9099999999744 18.89794921875 102352.21198698545 1857.6368584181682 7048306.704352915 4866.03935883521 4400.0
70000.0 80000.0 259.16903124999953 974.083096875 41.391678116228654 999.8389999999781 886.5179999999818 83279.42405115561 1500.3845388991522 5465250.8905652 3794.789869535261 4400.0
80000.0 90000.0 199.95900000003166 890.9128181818153 270.4419969249621 999.4650000000256 89.5810820312472 91983.66097098889 1635.254491465562 6155145.901782325 4262.938928208574 4400.0
90000.0 100000.0 1654.2679179687984 834.5732082031202 290.658742935156 999.9619999999995 164.33008203125792 87287.8551142229 1600.7825763727208 5981134.190944752 4129.751218297676 4400.0
100000.0 110000.0 809.2467519531492 919.0753248046851 250.20849707296946 999.8009999999776 206.979248046875 95140.65898905763 1700.6681047882655 6262331.827838695 4331.941980969747 4400.0
110000.0 120000.0 81.98915429681074 901.6373496093809 248.34733592117004 999.920999999973 176.12109375 86437.61994559954 1553.8309223509325 5870781.992040573 4069.4165133005763 4400.0
120000.0 130000.0 2006.455152343784 799.3544847656216 294.41201368412925 999.8130000000237 217.56494140625 81374.57382042341 1405.9112223393604 5003548.250690202 3479.1362103851075 3800.0
130000.0 140000.0 121.93497656250838 898.0059112215902 266.75498285270015 999.9070000000065 117.81396484375 96123.19664385922 1678.60847488027 6149307.121040847 4268.524437126108 4000.0
140000.0 150000.0 1560.6010566406185 843.9398943359381 243.99337620433354 999.5210000000079 220.180908203125 80363.72752386313 1430.608457267192 5385487.194250275 3729.8364958634966 4400.0
150000.0 160000.0 75.71985351562034 902.2072860440345 253.5364037735274 999.6670000000158 163.9560546875 93128.76961452415 1693.0773540746532 6447303.954158312 4462.274761817019 4400.0
160000.0 170000.0 301.53596875001676 969.8464031249983 52.43078312102231 999.8910000000033 833.6809453124879 92180.35019459056 1680.234777729215 6179332.398111586 4281.783332032774 4400.0
170000.0 180000.0 2950.0790449218475 704.9920955078153 419.6770730412272 999.9560000000056 43.39000000001397 66707.66312147598 1161.5229932849475 4390967.219658283 3057.110955283038 4400.0
180000.0 190000.0 2025.6890488281497 797.431095117185 356.45159760574995 999.0619999999763 68.5419921875 97308.24581623527 1518.7014561646765 5354070.484866693 3740.958427213343 3420.0
190000.0 200000.0 1599.4430097654695 840.055699023453 317.0740060099205 999.6350000000093 217.781982421875 86086.89201564707 1492.9835590954774 5570716.563097717 3860.9192977241783 4400.0
200000.0 210000.0 71.15203710948117 902.6225420809562 249.88602498046433 999.5559999999823 175.4189453125 104338.5899098792 1891.4021674902715 6897187.10630997 4773.562431868928 4400.0
210000.0 220000.0 235.53496484388597 887.6786395596467 296.6510052173314 999.6650000000373 8.35498046875 94394.68242592616 1611.2699061364344 5833654.391431006 4049.6761578265673 4400.0
220000.0 230000.0 138.53289453138132 986.1467105468619 25.90913990854163 999.9170000000158 934.2880859375 85199.83316804103 1522.6214131262027 5727758.174824492 3982.9180056956247 4400.0
230000.0 240000.0 1946.0960917968769 805.3903908203123 357.7243964397237 999.140000000014 65.15191406244412 87197.72415826624 1392.8240823144704 5254241.127174109 3641.2914098995243 4400.0
240000.0 250000.0 40.717027343809605 905.3893611505628 242.66096656177237 999.2589999999618 200.615966796875 100887.56945865626 1790.7332657985728 6683096.53002274 4616.501053734671 4400.0
250000.0 260000.0 123.81706250016578 897.8348124999849 262.0602918407805 999.7970000000205 128.701904296875 83537.61551103948 1554.4591716433806 6012036.526631111 4166.760781000845 4400.0
260000.0 270000.0 1942.684646484442 895.2572615017286 260.4398096722114 999.9889999999432 212.4892578125 74028.49082518934 1356.7289981730707 5477564.374126906 3784.821795278781 4400.0
270000.0 280000.0 77.24114453129005 902.0689868607918 248.38108349233963 999.579000000027 177.51611328125 85248.75378621613 1588.5515635656852 6333073.076658362 4377.474435019203 4400.0
280000.0 290000.0 1087.679138671956 891.2320861328044 259.49650199106156 999.9510000000009 170.448974609375 80331.71201779383 1488.2768570357348 5823629.747990717 4032.190147972671 4400.0
290000.0 300000.0 1401.5138613278978 859.8486138672102 261.0813638593515 999.2110000000102 190.64111328125 82064.74805560747 1502.2931001168602 5927429.834763371 4098.126567979683 4400.0
