ts te idle avg_span std_span max_span min_span c_bytes_all c_pkts_all s_bytes_all s_pkts_all video_rate
0.0 10000.0 6094.192025390625 976.4519936523438 23.687484441483665 992.8430000000008 941.448974609375 28582.666427946224 447.87332855892447 1395112.9538356117 1166.384165197773 1326.6666666666667
10000.0 20000.0 1280.021056640624 871.9978943359376 298.9242378350716 999.3389999999999 51.4150253906264 41275.24932477898 946.0999205658801 2772276.269940908 2271.677029849901 1132.0
20000.0 30000.0 922.289917968752 825.2463710937499 302.6106416315164 999.7180000000008 245.3200820312486 39223.08424727479 944.0267508751955 2772235.7762234802 2268.9388049523263 1600.0
30000.0 40000.0 3369.902111328127 828.7622360839841 203.83789017086445 998.8009999999995 474.23099999999977 27182.56829630152 665.598892310176 3101148.049478459 2546.338017219675 2371.4285714285716
40000.0 50000.0 1076.1309902343564 811.2608190696039 314.10205829916725 999.9820000000036 148.4208984375 35792.81628760163 940.3479521665785 4233598.5538801495 3456.0158050913997 3000.0
50000.0 60000.0 748.7077968749945 925.1292203125006 117.07944558081526 998.9140000000043 695.8600000000006 38772.90354217118 1028.542589065885 4222764.28113211 3456.1708156209947 3400.0
60000.0 70000.0 125.30219921877142 897.6998000710208 238.84767712959794 999.9349999999977 246.4848984374985 51366.86706534787 1342.3842280626602 5737485.254665407 4645.872969813891 4400.0
70000.0 80000.0 47.88000976564945 904.7381809303955 215.6040151321289 999.4590000000026 341.91309765624464 54232.121050400376 1411.430711090678 6098968.625853403 4919.559004261663 4400.0
80000.0 90000.0 1274.691892578121 872.5308107421879 250.5034350884744 999.2700000000041 362.1531074218801 43958.723758177424 1162.6956273040223 5106848.234990471 4134.043387992377 4400.0
90000.0 100000.0 299.07897265623615 970.0921027343763 87.9061841136375 999.9250000000029 719.97802734375 54104.79584926111 1402.9916249753278 6237638.086677981 5030.353153632617 4400.0
100000.0 110000.0 62.58993164061394 903.4009153053987 228.72143398421628 999.7850000000035 279.37397265624895 53285.559245189026 1391.763450723715 6019507.896560101 4872.1266977819605 4400.0
110000.0 120000.0 89.2931992187514 900.9733455255681 224.9767626700439 999.8669999999984 325.6459042968636 51678.00112301962 1338.8185631738743 5857502.172277468 4735.785439098509 4400.0
120000.0 130000.0 521.8820136718859 861.6470896661922 300.7293237482828 999.9899999999907 133.8798828125 57970.70839644103 1439.571506040821 5837062.805460623 4738.128296173756 4400.0
130000.0 140000.0 1355.2906054687628 864.4709394531237 298.31618657697055 999.0570000000007 50.54399999999441 51687.03004437668 1352.301244706465 5926157.266449255 4795.625070901252 4400.0
140000.0 150000.0 49.51031054687337 904.5899717684661 231.72936750718299 999.9150000000081 253.5237226562458 50861.20195968617 1337.1597131881824 5978084.618414846 4822.322733965304 4400.0
150000.0 160000.0 137.69387695312616 896.5732839133522 228.5518452123131 999.7419999999984 281.73003320311545 49038.58590400547 1275.1388574900266 5630921.514928991 4547.374515973992 4400.0
160000.0 170000.0 65.3700937499525 903.1481732954588 216.59146185738052 999.9340000000084 348.8329101562558 51435.379924509296 1345.2582678734345 5871531.063396993 4757.027137759095 4400.0
170000.0 180000.0 720.1986816406425 843.6183016690325 297.5227890120225 999.8369999999995 152.997314453125 51161.3673893383 1335.0125070301624 5979095.248660122 4822.699892974617 4400.0
180000.0 190000.0 701.8843378906313 929.8115662109369 116.74999927020852 999.7170000000042 654.6259765625 50978.109616713824 1324.8295356846484 5519541.141647121 4465.830982753533 4400.0
190000.0 200000.0 653.5426835937251 849.6779378551159 301.1342364022952 999.8850000000093 151.67529296875 53948.47711360207 1412.7867572588057 5990168.778665201 4845.510880065607 4400.0
200000.0 210000.0 479.4082343750051 952.0591765624995 85.3791521925465 999.7840000000142 753.81005859375 52077.77376900978 1364.5867028186635 5801050.300143406 4682.578150034695 4400.0
210000.0 220000.0 126.26415429686313 897.6123496093761 235.53748256256313 999.8770000000077 244.71594140626257 50383.836029680075 1310.7160117744386 5744376.255285221 4639.439492052893 4400.0
220000.0 230000.0 397.29079687499325 872.9735639204551 227.3631229287482 999.6080000000075 311.9330957031343 52731.82280079937 1375.7350758528146 5905430.770946793 4771.911986094885 4400.0
230000.0 240000.0 1516.6618007812358 848.3338199218764 257.4570140055924 999.9800000000105 360.709892578132 47370.13522304713 1235.589668816703 5289041.999385878 4288.6133603517765 4400.0
240000.0 250000.0 40.1682539061876 905.439249644892 233.9751229531953 999.9340000000084 245.31169335939921 72422.44441041541 1769.6979361372785 6900004.098461984 5588.02184451811 4400.0
250000.0 260000.0 145.58915234380402 895.8555316051087 229.5233489530748 997.5740000000224 273.0279472655966 51236.610218720285 1316.3134032261582 5561060.62343318 4508.39141642644 4400.0
260000.0 270000.0 123.7139316406101 897.8441880326718 222.13971478777137 999.7719999999972 334.1090996093699 53212.60411271704 1397.7128501742507 5872220.776824557 4744.880787343103 4400.0
270000.0 280000.0 60.28066601563478 903.6108485440332 212.65934858942114 999.6579999999958 401.6020312500186 54772.884613965674 1407.860231720762 6010978.873281052 4856.724322565817 4400.0
280000.0 290000.0 456.92128906259313 867.5526100852188 288.63487583255085 999.4259999999776 156.114013671875 53326.13184304622 1387.3773973353486 5918052.678462229 4768.730655445031 4400.0
290000.0 300000.0 412.76112695317715 871.5671702769839 292.96948284571823 999.9629999999888 93.60888671875 51832.56489023538 1351.772866552347 5829960.721962025 4705.637636458901 4400.0
