ts te idle avg_span std_span max_span min_span c_bytes_all c_pkts_all s_bytes_all s_pkts_all video_rate
0.0 10000.0 9026.652099609375 973.347900390625  973.347900390625 973.347900390625 16109.335823198691 178.34291927679132 616335.5870941045 497.02125044351675 2300.0
10000.0 20000.0 687.5219003906204 846.5889181463073 341.58359784013004 999.4020000000019 25.417099609374418 88727.6641768013 1646.6570807232088 6119074.412905895 4876.978749556483 2300.0
20000.0 30000.0 433.3967363281263 956.6603263671874 105.44114674163481 999.9490000000005 664.645263671875 86416.03753771608 1689.40652702352 6395987.021144985 5096.880965718347 4400.0
30000.0 40000.0 74.87433203124965 902.2841516335228 219.39536392232978 999.025999999998 331.75873632812727 80273.58048913753 1611.7465867493845 6259253.8494661935 4998.758403459176 4400.0
40000.0 50000.0 57.32986914062349 903.8791028053979 212.83490591210256 999.5999999999985 373.40406835937756 74897.34839082503 1432.2213618516869 5554593.037029047 4434.896399826248 4400.0
50000.0 60000.0 364.13618164061336 875.9876198508533 257.768512149689 999.974000000002 315.077880859375 84516.4091983137 1636.2503114647766 6352948.501161236 5058.5945187355255 4400.0
60000.0 70000.0 808.8548808593769 919.1145119140623 133.31505342393376 999.2799999999988 669.125 76363.25442705504 1451.6202074045764 5593221.827958978 4463.719722271719 4400.0
70000.0 80000.0 75.0750019531406 902.2659089133508 220.3058270614148 999.8959999999934 329.7749999999942 74149.15246858833 1405.554762363374 5416367.157354843 4316.457322669082 4400.0
80000.0 90000.0 46.77908203123661 904.8382652698875 212.39225934232448 999.8310000000056 373.16100195312174 75874.72614771033 1448.603865703435 5607442.815141806 4477.054754301232 4400.0
90000.0 100000.0 42.59780273438082 905.2183815696018 211.77084084171207 999.3070000000007 394.74208398436895 74709.91774401379 1427.4878426590265 5552557.309884895 4428.391187118026 4400.0
100000.0 110000.0 110.67418359372823 899.0296196732975 219.6525451585591 999.2050000000017 421.68488671875093 86446.62629006137 1655.8179166922764 6477260.129586743 5164.808552448373 4400.0
110000.0 120000.0 44.920847656263504 905.0071956676125 207.77745481758288 999.7419999999984 461.68408203125 74400.11299725712 1419.7810601278354 5440588.182742529 4342.290723210125 4400.0
120000.0 130000.0 1163.957171874994 883.6042828125006 171.16561242444624 998.8979999999865 538.3119179687637 73727.24570965106 1417.5413522108543 5421225.804530479 4323.804241588005 4400.0
130000.0 140000.0 84.15601367186173 901.4403623934671 223.1702177634273 999.7580000000016 309.8900898437423 70371.62030249024 1315.6820495613397 5002001.287531339 3993.884346818376 4400.0
140000.0 150000.0 56.73292578131077 903.9333703835172 215.70437329991492 999.8729999999923 357.7791035156115 72578.02329141353 1371.7939525473537 5241151.334345187 4182.805447781155 4400.0
150000.0 160000.0 45.18604882815271 904.9830864701679 211.28514385187148 999.2580000000016 391.9370292968815 89693.93032651159 1730.1057886756653 6622353.701296329 5272.494169159928 4400.0
160000.0 170000.0 40.084988281247206 905.4468192471594 208.3487179070459 999.9800000000105 416.65207812498556 77978.76888255752 1493.7907406535542 5621283.297643732 4486.3722219606625 4400.0
170000.0 180000.0 41.6848789062642 905.3013746448851 207.58667475633655 999.497000000003 437.2110664062493 73436.17999962502 1399.1264058240527 5343130.323598783 4265.800462492839 4400.0
180000.0 190000.0 98.82396484378842 900.1069122869284 208.95672833332725 999.9739999999874 458.98294531251304 72594.80456453846 1382.7759544505768 5317871.951573521 4254.90060856825 4400.0
190000.0 200000.0 754.693109374959 924.530689062504 159.4285082354423 999.6050000000105 500.3929101562535 85780.97265413852 1655.4545952596889 6371282.559593927 5070.108965182149 4400.0
200000.0 210000.0 468.3810078124807 866.5108174715926 259.02522348220583 998.9049999999988 180.99401953123743 80191.31774424801 1551.4841205407708 5933126.767463083 4725.6811706590015 4400.0
210000.0 220000.0 63.782712890650146 903.2924806463045 219.60601026562927 999.7550000000047 333.46002734373906 76950.54261581787 1466.5952374379924 5636918.494868342 4497.938874937736 4400.0
220000.0 230000.0 63.66817187497509 903.3028934659113 210.6297817092222 999.7859999999928 375.16874023436685 75634.56266433482 1449.7109926061703 5568611.790416817 4443.689273756776 4400.0
230000.0 240000.0 47.78999804687919 904.7463638139201 210.5659868054911 999.9400000000023 391.9409121093631 77465.90841731726 1484.221494011527 5640356.853357555 4502.794313112565 4400.0
240000.0 250000.0 981.3990410156839 901.8600958984316 195.91155635054568 999.7829999999958 414.37491015624255 81428.69297475507 1506.9187608771158 5741323.666665244 4581.860556049785 3777.777777777778
250000.0 260000.0 72.81407421873882 902.4714477982965 224.09502250956382 999.6979999999749 311.04695117188385 77917.07841585833 1479.3429246158314 5603791.621485287 4473.2950367068 4400.0
260000.0 270000.0 58.22100585937733 903.7980903764202 215.13396473997847 999.9029999999912 360.4360253906343 77493.433914033 1488.055712820671 5658168.464403584 4514.2829793625615 4400.0
270000.0 280000.0 47.57197851565434 904.7661837713041 211.90886287753102 999.6290000000154 390.8180312499753 76407.40634355733 1465.7730457635214 5629082.613615538 4488.809055893381 4400.0
280000.0 290000.0 40.51186914060963 905.4080118963083 208.0651763562699 999.9060000000172 419.5880097656045 82902.4034010291 1593.292180427305 6169391.948720301 4910.214235339524 4400.0
290000.0 300000.0 706.9960429687053 844.8185415482995 259.25402356685305 999.2710000000079 289.955078125 81985.30052404404 1578.8740207425647 6079366.007852113 4842.612939775251 4400.0
