ts te idle avg_span std_span max_span min_span c_bytes_all c_pkts_all s_bytes_all s_pkts_all video_rate
0.0 10000.0 6597.780083984377 850.5549790039058 291.11667908031137 998.7459999999992 413.888916015625 23766.74331205827 377.9221276792954 1381945.6151612832 1153.251781977754 1820.0
10000.0 20000.0 485.1249609375009 864.9886399147726 264.65950459965615 999.9749999999985 175.303955078125 40712.69295646172 900.257482604917 3069827.9854681296 2515.520340867559 1092.7272727272727
20000.0 30000.0 1778.2090507812536 822.1790949218746 317.5605759928741 998.1659999999974 28.326904296875 24334.459949261505 566.5822001340093 1560577.2895236975 1298.3942136184623 980.0
30000.0 40000.0 4263.592652343745 819.4867639508936 288.51317465769637 998.5930000000008 189.833251953125 20352.701048579023 478.56838446501075 2101988.740368249 1771.5937748980716 1303.3333333333333
40000.0 50000.0 3034.0761777343796 773.9915358072911 376.2413746438991 997.7189999999973 53.044999999998254 29590.58952908492 754.6666903255929 3090636.1814128016 2553.0110205055903 3000.0
50000.0 60000.0 296.7491953124845 882.1137095170469 279.3023339232277 999.8889999999956 121.40087890625 48591.10886284843 1335.479986990733 5451188.989620493 4449.509377572651 4400.0
60000.0 70000.0 76.15199414062954 902.16800053267 276.6166818075954 999.8160000000062 75.056884765625 51041.13529814191 1353.8381097448985 5606950.482277461 4569.889616902531 4000.0
70000.0 80000.0 1248.1228847656312 972.4307905815965 39.749367862452914 999.6549999999988 897.6101152343763 29032.569043564225 738.6850180555434 3050207.716167886 2497.82987365738 3000.0
80000.0 90000.0 1970.5720000000001 892.1586666666667 311.23957086784384 999.2339999999967 62.330000000001746 44019.0 1119.0 4584709.0 3737.0 3000.0
90000.0 100000.0 3461.378021484372 817.3277473144535 305.5280925126507 999.6459999999934 189.302978515625 38628.23152851085 965.6445237397836 3921555.055246693 3188.452716401265 3000.0
100000.0 110000.0 3463.8719355468493 726.2364516059056 386.15519415512495 999.9200000000128 29.937000000005355 36314.25001049239 901.2431628115432 3624894.163658171 2949.4011934276023 3000.0
110000.0 120000.0 1993.269113281247 800.6730886718753 367.7778413556285 998.1110000000044 63.39499999998952 35657.27440350841 879.0935090582462 3474784.469168459 2850.518468554107 2500.0
120000.0 130000.0 3364.2788652344025 829.4651418456997 289.09950123600316 999.8520000000135 183.966064453125 39819.72484391424 969.9163819103862 3831428.667198346 3119.0971097627908 2300.0
130000.0 140000.0 1166.1691093749541 883.3830890625046 283.4578366841424 999.8120000000054 93.803955078125 46216.006486748454 1189.2582792855494 4812620.512707501 3924.8817705771726 3700.0
140000.0 150000.0 124.7740546875284 897.7478132102246 286.0863270277959 999.2989999999991 39.722900390625 52951.77409932524 1375.192144986951 5723582.930425891 4649.075669524543 4400.0
150000.0 160000.0 2051.3967851562193 883.1781349826423 273.30337794456324 999.1620000000112 163.193115234375 43168.55884780382 1094.3455023443448 4464262.038790684 3636.1279665778025 3466.6666666666665
160000.0 170000.0 165.7032304687309 894.0269790482972 277.7887415082061 999.56700000001 73.556884765625 36967.35378110929 936.3950874456531 3745224.79926125 3060.487865835775 3000.0
170000.0 180000.0 117.86278320313431 898.3761106178969 296.29356582631345 998.7960000000021 7.9541015625 37596.8326033547 959.3072522051906 3880424.1997808497 3170.128277210736 3000.0
180000.0 190000.0 86.03610156252398 991.3963898437476 14.22562843194321 999.7600000000093 956.5598984374956 39426.993395232596 1004.6041562123515 3928040.1637621545 3206.8289621282065 3000.0
190000.0 200000.0 966.4770351562474 903.3522964843753 285.9815647092605 999.8759999999893 89.81396484375 35313.02178518264 891.6162157459493 3688944.5860994216 3018.766075205041 3000.0
200000.0 210000.0 121.11508593751932 898.0804467329527 295.5070200261977 999.9709999999905 10.90087890625 45951.84632325344 1159.921585444152 4652173.745547586 3786.616842140934 3000.0
210000.0 220000.0 124.33456054687849 987.5665439453121 19.567304705614227 999.8379999999888 935.601318359375 37732.30895394595 958.9805026630861 3821310.775534331 3131.399328367877 3000.0
220000.0 230000.0 828.9174355469004 833.7347785866455 357.0218808721539 999.8310000000056 63.58368164062267 46718.39646868925 1168.4543353375516 4601692.275543279 3748.5389823141645 3000.0
230000.0 240000.0 1268.0648828125268 970.2150130208304 58.47258598566536 999.9929999999877 835.3321171874995 44354.42646892872 1162.027360809261 4648106.617275381 3785.678771971984 4120.0
240000.0 250000.0 2055.4510546875536 882.7276605902719 273.55402589281067 999.7519999999786 180.5439453125 47620.4576570488 1174.8716110057753 4675978.3287469875 3808.4323118198818 3233.3333333333335
250000.0 260000.0 114.8346289062174 898.651397372162 262.79693801609193 999.9799999999814 124.79931640625 37986.60283606812 969.3621285363067 3927478.797871391 3209.623037204393 3000.0
260000.0 270000.0 1024.9762304687756 897.5023769531224 261.1603954878483 999.515000000014 167.2880859375 37984.73762624563 959.3157661306832 3854463.885148489 3151.8465411484817 3000.0
270000.0 280000.0 115.59301953134127 898.582452769878 260.9092704754482 999.9739999999874 126.51806640625 50778.823082509785 1298.9437334343822 5251307.703980366 4275.625016933268 3600.0
280000.0 290000.0 2015.9590273437789 798.4040972656221 378.29810962989035 998.7910000000265 0.0 43977.803028867114 1113.72115692644 4413096.457906899 3606.240324018112 3700.0
