ts te idle avg_span std_span max_span min_span c_bytes_all c_pkts_all s_bytes_all s_pkts_all video_rate
0.0 10000.0 6586.352054687508 853.411986328123 291.57879365912106 999.5289999999804 416.0439453125 39823.79640321049 592.6985000576044 2414526.74742133 1681.1067365238814 2300.0
10000.0 20000.0 67.26698632811895 902.9757285156255 216.52295024328248 999.8250000000116 368.657958984375 85196.02602817287 1486.828265480566 6367705.0411356585 4404.606616476799 2872.7272727272725
20000.0 30000.0 596.7038749999483 854.845102272732 263.15810726083464 999.5920000000042 186.111083984375 78130.15616658307 1453.265007537408 5647433.777359607 3923.5396810375364 4400.0
30000.0 40000.0 37.51510351564502 905.6804451349414 249.647253175849 999.9770000000135 172.22998046875 84122.10986461096 1587.2985962356001 6326562.41784055 4379.424509444601 4400.0
40000.0 50000.0 414.63002734369365 958.5369972656306 64.79006185691519 999.8130000000237 825.7360195312649 84122.38871267113 1515.679603590718 5943447.333394827 4108.288707456913 4400.0
50000.0 60000.0 556.0379628906376 858.5420033735784 298.28238415290707 999.5680000000284 141.5420468749944 85327.89419240026 1525.105342462698 5954813.180215267 4117.2172871919765 4400.0
60000.0 70000.0 88.33671484369552 901.0602986505731 221.6224396308491 999.5250000000233 334.707275390625 86103.93062474848 1548.1956266261532 6026638.128549264 4169.110281370016 4400.0
70000.0 80000.0 177.81225000001723 892.9261590909075 252.52990457804754 999.2729999999865 195.926025390625 83846.77934593988 1508.646881817757 5815155.110244306 4037.70103776521 4400.0
80000.0 90000.0 427.07802539062686 957.2921974609374 80.14512542247013 999.8859999999986 802.4859746093862 90471.91866166286 1536.2821761914954 5837356.263839193 4039.005142733067 4400.0
90000.0 100000.0 168.58502148435218 983.1414978515647 43.984667534752184 999.945000000007 858.427978515625 84662.02350627376 1511.7956863484324 5977700.036578502 4134.036940529357 4400.0
100000.0 110000.0 842.2780449218699 832.5201777343755 300.3654546641058 999.744000000006 139.89502148434985 86324.48768580776 1550.6317158631184 5999129.175509485 4151.014572635415 4400.0
110000.0 120000.0 344.6770332030719 877.7566333451753 238.7345168528891 999.9820000000182 244.222900390625 81380.54011744002 1458.0423777445828 5736177.18911843 3975.7380193465356 4400.0
120000.0 130000.0 71.09363281255355 902.6278515624952 245.62624578595884 999.9099999999744 195.249267578125 88637.08633793487 1598.7259979727837 6219323.620210553 4300.601925990455 4400.0
130000.0 140000.0 64.8973320312216 903.1911516335254 251.75823813770586 999.9629999999888 165.033935546875 89050.71951577459 1587.462083931568 5942481.134004766 4113.468224562204 4400.0
140000.0 150000.0 1229.8349804686732 877.0165019531327 254.75592840279012 999.0540000000037 192.678955078125 78113.1072943532 1391.2579448494114 5506609.126185873 3805.1276344700145 4400.0
150000.0 160000.0 47.02285937499255 904.8161036931825 252.85558388090797 999.9340000000084 162.798095703125 92122.3406727192 1658.406546838131 6456196.236439772 4459.161703432955 4400.0
160000.0 170000.0 1735.5770976562635 826.4422902343737 323.11102215271336 999.8869999999879 206.8640000000014 78139.15609518116 1405.930509646124 5528993.014592589 3823.5280207033334 4400.0
170000.0 180000.0 100.16970703116385 899.984572088076 253.56612088397083 999.9409999999916 165.373291015625 88819.9076667383 1608.3765726421314 6327075.22923623 4385.098604454914 4400.0
180000.0 190000.0 1021.8102832032018 897.8189716796799 237.07241494348028 999.9619999999995 241.9580078125 82964.05893069884 1491.8369008173381 5784029.411487284 4012.9331509571075 4400.0
190000.0 200000.0 1726.2970488282735 827.3702951171726 275.856881828313 999.7949999999837 243.532958984375 80371.66625225848 1435.2047249443697 5788119.614597179 4001.58865890742 4400.0
200000.0 210000.0 1782.7119140625 821.72880859375 314.50290078330215 999.7229999999981 236.446044921875 82307.78195357005 1477.29782091304 5949607.87840106 4108.578281923677 4400.0
210000.0 220000.0 41.60902148450259 905.3082707741361 239.23916954970156 999.8830000000307 216.6240234375 94145.31381809725 1709.181473167241 6770730.03864948 4680.5475776060775 4400.0
220000.0 230000.0 103.16908593743574 899.711901278415 252.286297986582 999.8360000000102 170.7109375 84558.54770286121 1513.4430941854162 5730474.603187264 3971.8368564514735 4400.0
230000.0 240000.0 889.1688496092102 911.083115039079 190.69451567396334 999.6040000000503 393.840087890625 86278.66358987239 1557.1130577834263 6128616.772347325 4233.150707172432 4400.0
240000.0 250000.0 2209.517103515682 865.6092107204798 215.34880726418172 999.4300000000512 409.708984375 75107.44875878288 1310.1502789476076 4985349.761241149 3458.0053421816433 4400.0
250000.0 260000.0 2144.701892578043 785.5298107421957 358.8762913812076 999.8730000000214 95.21701562497765 78142.44002927691 1313.4618645028738 4879463.9444494 3380.7251143767976 4400.0
260000.0 270000.0 55.5411210936727 904.0417162642116 258.4321339381793 999.7049999999581 143.719970703125 96857.45552772959 1759.4708774846533 6792373.419167114 4705.213369174628 4400.0
270000.0 280000.0 184.98406249983236 981.5015937500168 49.74238732634173 999.8950000000186 840.0790292968741 88795.82734531516 1602.547964929124 6076767.132975642 4207.807373897047 4400.0
280000.0 290000.0 492.13190820312593 864.3516447088067 300.7717802314837 999.591999999946 3.547091796877794 84137.42719931433 1508.6625064886275 5790549.6616209 4008.8379212265154 4400.0
290000.0 300000.0 1515.5029999999097 942.7218888888989 169.10349059040396 999.6419999999925 491.78000000002794 85215.0 1464.0 5754304.0 3981.0 4400.0
