ts te idle avg_span std_span max_span min_span c_bytes_all c_pkts_all s_bytes_all s_pkts_all video_rate
0.0 10000.0 6170.131912109377 957.4670219726559 80.50161145399133 998.0279999999984 836.715087890625 29398.57818709544 507.68992177363725 1568797.6384279684 1307.7194048306235 1820.0
10000.0 20000.0 103.4059765624952 899.6903657670459 256.3190652596832 999.898000000001 155.23691210937614 42654.83244620236 981.6537921121759 2754382.0217344835 2255.2513412936364 940.0
20000.0 30000.0 3970.4262011718747 669.9526443142362 381.1916233928101 999.7379999999976 112.4890000000014 22461.02228097521 494.44707852732466 1583760.3533729592 1335.18786791927 780.0
30000.0 40000.0 107.84381835938257 899.2869256036925 208.76158261008524 999.9499999999971 468.88408984374837 41966.8423382938 1131.6936849313508 5461149.825496948 4445.292676934003 4422.222222222223
40000.0 50000.0 1810.8570917968755 818.9142908203124 299.92372280911854 999.9820000000036 114.8469999999943 35511.72474743319 933.5155226555114 4044885.1609676406 3316.548709022467 2533.3333333333335
50000.0 60000.0 481.26569140626816 951.8734308593732 139.03214728141435 999.9829999999929 556.59130859375 46060.50416578023 1258.1362893185828 5431286.933011654 4394.004303178581 4400.0
60000.0 70000.0 76.01819921874267 902.180163707387 213.5828490405662 999.7259999999951 434.90869140625 50908.7415436297 1324.2643418371235 5600521.496806635 4530.929711720421 4400.0
70000.0 80000.0 151.89604296875768 895.2821779119312 219.88613346670297 999.4820000000036 414.76806640625 47880.97264997592 1255.8852934249796 5332587.578198515 4312.0345428286555 4166.666666666667
80000.0 90000.0 1049.5561777343682 895.0443822265631 196.00594911544056 999.4930000000022 486.2569335937442 39294.049364371516 981.3370862234815 4033821.594962813 3294.027318685576 2766.6666666666665
90000.0 100000.0 52.581621093748254 904.3107617187502 210.84118730657542 999.9909999999945 427.42611132812453 44106.11369418924 1127.9050223825338 4608047.821426454 3750.403460526699 3350.0
100000.0 110000.0 74.61733789063874 902.3075147372147 212.81520963389195 999.8870000000024 463.86373242187256 51435.71510628752 1350.9546257271415 5626320.965865167 4555.980650563746 4400.0
110000.0 120000.0 42.91383593750652 905.1896512784085 204.55411879623304 999.8440000000119 465.24609375 51883.42623335914 1358.1703618640283 5633084.2537267655 4556.509678985509 4400.0
120000.0 130000.0 673.866212890629 847.8303442826701 236.65381979879655 999.8770000000077 305.702880859375 42355.52261070137 1080.288557809277 4406220.18995076 3587.3226806267626 3280.0
130000.0 140000.0 2015.3129824219213 798.4687017578078 307.79815690857174 999.9510000000009 67.3299999999872 37396.95853650836 940.0882955763282 3748417.4512699926 3060.315057521484 2533.3333333333335
140000.0 150000.0 2147.494830078096 872.5005744357671 238.53100134268954 999.0920000000042 365.3751015625021 44547.45299360337 1148.1274660247386 4597086.227386486 3732.874025766942 3350.0
150000.0 160000.0 3464.640099609387 726.1511000434015 354.96811071145146 999.1620000000112 30.570999999996275 34693.126240571335 867.9912748175867 3303808.5975918313 2695.3214921043277 3280.0
160000.0 170000.0 2086.8500742187316 791.3149925781269 352.5436764513742 999.8919999999925 0.0 35921.70117886222 890.555572797833 3594918.1146349516 2945.3735604149297 2300.0
170000.0 180000.0 2983.9426093750226 779.5619322916641 339.9461742486769 999.6730000000098 61.61999999999534 24588.12471647332 607.4567358461647 2402625.846525233 1979.0923524048824 2300.0
180000.0 190000.0 108.19829882809427 899.2547001065369 211.95451381179612 999.7600000000093 404.5927148437477 38481.666400291644 939.017037649928 3656090.5570703894 2998.302031186472 2300.0
190000.0 200000.0 1045.868902343791 895.4131097656209 214.07984957899444 999.935999999987 443.3760136718629 37217.668998351284 913.2632996333242 3592325.906000222 2940.773890044845 2300.0
200000.0 210000.0 91.02220507813036 900.8161631747154 210.62886877757364 999.9210000000021 452.1959160156257 46244.57993109937 1208.696417673824 4831082.471682268 3912.1696431825526 3980.0
210000.0 220000.0 2769.2768789062684 803.4136801215258 324.4367288425161 998.0799999999872 59.929999999993015 31738.675635944448 804.8623213931244 3158756.9938898645 2581.5656002576166 3140.0
220000.0 230000.0 495.73995117185405 950.4260048828146 141.0118278380131 999.7690000000002 549.550048828125 37269.920582433806 913.769884400137 3611057.9467032654 2958.324876143004 2300.0
230000.0 240000.0 2844.0150488280924 894.4981188964884 202.29820005077008 998.573000000004 440.644951171882 36378.07941756619 905.230115599863 3586437.0532967346 2925.675123856996 2300.0
240000.0 250000.0 1591.0010234373622 840.8998976562638 340.42481855317703 999.9000000000233 39.96500000002561 48045.17002231039 1233.8119301914282 4959469.200743152 4028.8213732867816 3980.0
250000.0 260000.0 29.678978515672497 906.3928201349389 212.07303370354293 999.9770000000135 372.072998046875 57690.85613716556 1469.2517092528574 5716444.881137282 4642.319006590288 4400.0
260000.0 270000.0 196.18204687489197 891.256177556828 218.46160139591487 999.6240000000107 331.949951171875 45165.96874305701 1156.9569163931726 4687685.505574821 3812.585213523643 3700.0
270000.0 280000.0 1945.0450312499888 894.994996527779 163.89441731039835 999.3180000000284 593.242919921875 32710.53166014287 822.3134524366338 3332677.4204124343 2722.6024453387895 3000.0
280000.0 290000.0 1091.1659746093792 890.8834025390621 218.11482049026017 999.9720000000088 403.6240800781525 35440.81034199451 886.7171162775784 3515016.3282882837 2876.0369915017563 2416.6666666666665
290000.0 300000.0 1513.3319453126169 848.6668054687383 307.067996783939 999.9899999999907 132.6919999999809 31503.66309532966 771.9488754483299 3063957.663844028 2512.634969758742 2300.0
