ts te idle avg_span std_span max_span min_span c_bytes_all c_pkts_all s_bytes_all s_pkts_all video_rate
0.0 10000.0 5738.170050781278 852.3659898437443 323.5270816446595 999.9679999999935 273.64794921875 36320.0288414439 369.4510583516715 1062841.3571236262 777.3516296313492 735.1111111111111
10000.0 20000.0 1719.3339882813161 920.074001302076 117.26590893858112 998.8530000000028 720.5550507812295 50456.75166112941 750.7759354885065 2032610.1990717934 1435.119399648875 826.6666666666666
20000.0 30000.0 1141.2628808593727 885.8737119140627 235.87241818231564 999.6230000000214 242.37603906251024 58174.286627595495 990.2752419526106 3178881.539573496 2220.1963920482303 3666.6666666666665
30000.0 40000.0 35.040994140610565 905.9053641690354 260.0487299939829 999.7839999999851 134.7209199218778 92096.10702864699 1746.462597628862 7012532.080873304 4834.514326977975 5942.857142857143
40000.0 50000.0 464.76008593745064 866.8399921875044 297.1337002447889 999.9799999999814 157.05891406250885 89209.8258411842 1650.0351665783492 6489416.82335778 4487.818251693571 4400.0
50000.0 60000.0 342.673027343757 965.7326972656243 101.43139511135925 999.8979999999865 677.14697265625 97804.9582424136 1680.5625827153394 6132846.137234458 4258.9734697316 3875.0
60000.0 70000.0 398.50393554690527 872.8632785866449 273.1036436969483 999.6560000000172 292.85902734374395 86035.74643705583 1537.0273750337844 5830476.869119931 4053.534027221796 4400.0
70000.0 80000.0 729.648091796902 927.0351908203098 137.40653276130496 999.9579999999842 648.5049628906418 86684.41668827545 1535.0482600539283 5795247.456538047 4019.048978942971 4400.0
80000.0 90000.0 1232.176857421815 876.7823142578185 225.03973867808375 999.994000000006 310.1470546874916 83739.91726764907 1496.2544606911358 5732199.906488131 3975.789553001804 4400.0
90000.0 100000.0 34.03509570308961 905.9968094815373 234.47794870097107 999.460000000021 236.0709121093969 98046.24473037141 1766.36252500767 6743819.255566814 4655.756329881017 4400.0
100000.0 110000.0 92.73908203124302 900.6600834517052 235.1176435612121 999.9290000000037 251.0140078124823 93881.62777069192 1652.696762254207 6176482.903773443 4286.0750875484955 4400.0
110000.0 120000.0 45.4589707031264 904.9582753906249 220.60108710477002 999.1990000000224 314.18008984375047 90008.1808443046 1599.8119141487737 5947862.560188994 4121.19290008522 4400.0
120000.0 130000.0 1001.2129628905677 899.8787037109432 211.81822189337547 999.5140000000247 339.9750605468871 87059.86690126258 1559.2093630896577 5616429.790051352 3898.673524006517 4400.0
130000.0 140000.0 162.2947050781222 894.336844992898 238.1646678997781 999.6460000000079 242.42402343748836 94191.9461108787 1683.2836475334527 6501397.771016989 4503.145282458098 4400.0
140000.0 150000.0 1206.8963691405952 879.3103630859405 219.62145092909174 999.2930000000051 336.59672851563664 87526.26751861969 1582.346406571809 6051535.026358742 4188.887759200235 4400.0
150000.0 160000.0 165.71179296873743 894.0262006392057 239.85369689389248 999.9949999999953 250.29509765625698 92242.99482113085 1639.7518677834241 6015205.517871159 4178.8110001302 4400.0
160000.0 170000.0 226.12402539059985 888.5341795099455 232.08842388148864 999.9180000000051 296.25189062498976 98927.68808953416 1652.6432520090798 6033614.5732835615 4190.347011547123 4400.0
170000.0 180000.0 1005.6411171875079 899.4358882812492 191.36032630403787 999.6739999999991 419.4339160156087 84791.41985592325 1508.7940826344063 5710406.767794498 3959.0121364111246 4400.0
180000.0 190000.0 1152.1770800781087 804.3475381747174 373.8071403222703 999.4180000000051 0.0 82198.59974873418 1489.485066721215 5670758.303384927 3921.2608159046213 4400.0
190000.0 200000.0 217.08779101562686 889.3556553622158 239.66138472709758 999.969000000041 242.0381132812472 89215.13428549556 1606.6084177778143 6303213.660839702 4361.276214501317 4400.0
200000.0 210000.0 1906.2149980471004 899.3094446614333 219.3202674971237 999.0649999999441 354.24290429684334 73931.96253553753 1316.0647001823208 5095413.7001406355 3535.61326507373 4400.0
210000.0 220000.0 1436.8649999998743 856.3135000000126 259.42055264799546 999.719000000041 242.89390234369785 88689.816719589 1557.620053043353 6051411.560971206 4182.666542148457 4400.0
220000.0 230000.0 1591.4080976563273 840.8591902343672 330.89320148530504 999.7049999999581 174.30900000000838 83257.21143253265 1493.4292627486288 5826499.239377411 4023.936102205673 3800.0
230000.0 240000.0 351.78411718748976 964.821588281251 103.31173617690328 999.7269999999553 670.8798828125 85404.55828170378 1511.5980027149333 5738364.79328912 3987.0709309217027 4400.0
240000.0 250000.0 43.56987500016112 905.1300113636217 219.03216384836088 999.9120000000112 327.8571171874646 96634.14411396245 1737.1259387440425 6651832.542553822 4602.555956656952 4400.0
250000.0 260000.0 2010.076945312554 887.7692282986051 224.83633581110865 999.9340000000084 345.98999218747485 72746.64409832121 1288.5814978940634 4955834.038953338 3432.587633778386 4400.0
260000.0 270000.0 75.3421328124823 902.2416242897743 222.4913709186641 999.2580000000307 298.14693749998696 84957.98100797845 1462.1406279846865 5691125.067752573 3950.248065561168 3777.777777777778
270000.0 280000.0 1402.6009296874981 859.7399070312501 242.52831347472048 999.6450000000186 325.88807031244505 82470.67249803408 1509.5539326622743 5905121.557451147 4083.537413081791 4400.0
280000.0 290000.0 316.4549121095333 968.3545087890467 89.763444938959 999.4919999999693 713.090087890625 89953.79270973834 1593.5746758273606 6083007.981077265 4219.254119199219 4400.0
290000.0 300000.0 1647.4790878905915 835.2520912109409 273.6995356108384 999.8199999999488 284.2409121093806 79022.20729026166 1423.4253241726394 5339246.018922735 3699.7458808007814 4400.0
