ts te idle avg_span std_span max_span min_span c_bytes_all c_pkts_all s_bytes_all s_pkts_all video_rate
0.0 10000.0 6869.980095703097 782.5049760742259 275.4698820316599 999.585000000021 424.451904296875 39163.30079545512 542.5989743621999 1970567.767832466 1389.098402090594 1766.6666666666667
10000.0 20000.0 3423.4358828124823 730.7293463541687 315.3280120197845 999.8769999999786 176.82400000002235 65211.47354615805 1031.6935774171673 3762046.755881115 2636.474974231814 1500.0
20000.0 30000.0 3218.1010839843075 753.5443240017436 354.75261031114474 999.8790000000154 42.91800000000512 62623.605343086616 1060.4608165342574 4060616.211886609 2830.67162064742 3150.0
30000.0 40000.0 2005.6749726562412 799.4325027343759 346.30443563260167 999.869000000006 47.571999999985565 69387.78826991993 1188.363002693165 4477638.777179915 3115.8517199714975 3350.0
40000.0 50000.0 3486.410050781211 723.7322165798655 363.0440480163264 999.7170000000042 60.07600000000093 52141.803828232674 927.0879220122864 3642499.2470923616 2534.2019526468944 3000.0
50000.0 60000.0 3172.7238242187886 758.5862417534679 342.26216268932575 999.1280000000261 94.79800000000978 64089.34616064474 1136.080024763918 4575414.294128762 3172.186884097357 3000.0
60000.0 70000.0 1361.6390898438403 863.8360910156159 309.9106275705525 999.1429999999818 26.134000000020023 62719.682056502876 1078.7156822170064 4009735.9459987716 2796.5144463144234 3000.0
70000.0 80000.0 2107.889041015529 876.9012176649412 252.51556518512015 999.5100000000093 306.282958984375 77882.35794206067 1291.9101312404887 5081395.026728967 3526.078064413578 3350.0
80000.0 90000.0 2011.5950449219672 798.8404955078033 350.1208108262076 999.9419999999809 92.91200000001118 66980.36383408232 1122.0620772700418 4245541.645443666 2960.127321296698 3400.0
90000.0 100000.0 3150.400914062513 761.0665651041652 409.6492686171083 999.8069999999716 0.0 60840.27822385701 1053.0277914894696 4146889.327827367 2878.7946142897235 3700.0
100000.0 110000.0 3314.7780000000494 835.6527499999938 333.9539773312467 998.9519999999902 71.81099999998696 59158.0 1005.0 3872460.0 2692.0 3000.0
110000.0 120000.0 818.0780703124474 918.1921929687553 251.86835590213698 999.9720000000088 201.3779296875 89495.28082944463 1575.8509015300199 6393267.827706957 4418.006610028276 4400.0
120000.0 130000.0 1046.3190429687384 895.3680957031262 216.98055763487383 999.6610000000219 312.98388671875 86035.57034374971 1553.937050315608 6118262.883551574 4227.044994241738 4400.0
130000.0 140000.0 1973.6155683593825 802.6384431640618 349.81389132025663 999.6780000000144 44.353999999992084 80155.61877324931 1420.7398657183526 5556565.275294494 3844.713260874282 4400.0
140000.0 150000.0 95.77140429685824 900.3844177911947 241.47033980272346 999.9180000000051 228.4619140625 89673.87907445146 1602.3121208919404 6447416.728143431 4458.96258729913 4400.0
150000.0 160000.0 85.37397656257963 901.329638494311 246.74126327870152 999.9259999999776 185.7109375 94571.99258647198 1685.8515271925944 6472931.70902752 4475.810527927153 4400.0
160000.0 170000.0 987.3478398437728 901.2652160156227 218.5014289922457 999.810999999987 311.72509765625 88763.1032000645 1561.49220937157 5952329.0496494435 4115.1126637516845 4400.0
170000.0 180000.0 1923.1472128906753 807.6852787109325 335.1733924239669 999.9589999999735 101.37099999998463 79462.93901441115 1403.2308024239164 5376290.698044137 3728.2217583575407 4400.0
180000.0 190000.0 1264.0307812499814 873.5969218750018 230.67152444673425 999.6819999999716 305.631103515625 81472.68986603679 1451.8465823646839 5801677.435449177 4015.547381920912 4400.0
190000.0 200000.0 187.33283203130122 892.0606516335181 241.15300569914277 999.2430000000168 219.353271484375 92260.13590343017 1641.6780100107967 6393001.094391707 4432.325188917768 4400.0
200000.0 210000.0 41.910173828015104 905.2808932883622 244.03131514711887 999.8129999999655 196.35009765625 98319.29603993784 1761.6604811823788 6948910.4030506145 4799.315015875079 4400.0
210000.0 220000.0 1577.718087890651 842.2281912109349 288.1995515286678 999.9350000000559 222.760009765625 75455.33720058102 1349.9521396842806 5260450.761922079 3644.836490848167 4400.0
220000.0 230000.0 42.46675976563711 905.2302945667602 240.61319811918872 999.8969999999972 209.28125 84375.18254834486 1472.6033358991706 5734430.849403789 3970.0991918831473 3875.0
230000.0 240000.0 1974.2753613280365 891.7471820746626 230.36613528427293 999.4910000000382 306.035888671875 69453.84897392518 1194.412806228503 4597193.777310327 3190.7961487546263 3000.0
240000.0 250000.0 4701.3658886719495 662.3292639160063 399.21746879892436 999.9179999999469 54.7839999999851 52217.12564590141 888.4321671861843 3306181.507054748 2304.2081793204943 3000.0
250000.0 260000.0 2019.9049589844653 886.6772267795038 239.26415416532504 999.3379999999888 312.092041015625 85478.75375949305 1448.52360689942 5499623.464853183 3812.2388450062385 3000.0
260000.0 270000.0 2031.2957441406325 796.8704255859368 358.127776749899 999.9980000000214 50.85999999998603 68907.03097052708 1195.5277883604997 4643432.380576941 3220.5339374289447 4400.0
270000.0 280000.0 1429.8203652342781 857.0179634765722 248.74152403247635 999.7160000000149 303.929931640625 87645.98636985477 1567.2800279812946 6035129.21395048 4169.490852686601 4400.0
280000.0 290000.0 1477.7439785156166 852.2256021484384 253.10604296161645 999.8789999999572 305.876953125 85458.59436588634 1516.3116932397145 5884516.595857206 4065.210324760887 4400.0
290000.0 300000.0 167.9079531248426 893.8265497159234 257.24483242392 999.3120000000345 169.98400000005495 91193.63453423878 1660.356883519071 6672105.344762189 4614.526040117329 4400.0
