ts te idle avg_span std_span max_span min_span c_bytes_all c_pkts_all s_bytes_all s_pkts_all videorate
0.0 10000.0 6351.022744140646 912.2443139648385 166.41117530149202 998.0910000000149 662.687255859375 41030.38922043053 541.8415853633528 1711030.2485948943 1205.5273996306248 1766.6666666666667
10000.0 20000.0 52.50998437497765 904.3172741477293 219.03335626889555 999.5300000000279 335.91874414065387 80534.21104529042 1389.6032373880732 3651534.9908466637 2543.4981704951274 1500.0
20000.0 30000.0 357.31331250001676 876.6078806818167 247.20264478395316 999.7540000000154 367.7127285156166 75521.11723237045 1295.991224470474 3332670.51826314 2323.440516447731 1900.0
30000.0 40000.0 2316.6749863281148 768.3325013671886 316.9804601704405 999.7370000000228 159.36999999999534 62081.52231841747 1101.0699963243605 3585862.9621969797 2491.388790565778 2500.0
40000.0 50000.0 2615.149683593656 820.5389240451493 229.07514869771668 999.9340000000084 396.5712890625 52303.76153560019 896.0508838010037 3589480.9969585203 2492.4614965906358 3000.0
50000.0 60000.0 189.7223847655696 891.8434195667664 224.3105550764355 999.9469999999856 333.326904296875 76701.45511918554 1360.0438824674131 5483531.976980395 3809.762287326732 4000.0
60000.0 70000.0 143.76801757811336 896.0210893110806 241.8481531235122 999.6689999999944 232.35888671875 81499.54731791385 1506.2026558204034 6097189.7703622235 4219.139201219419 4400.0
70000.0 80000.0 504.97196875006193 949.5028031249938 110.27864827849378 999.9469999999856 668.0961132812663 84455.68021953892 1540.0036401491634 5956992.996545227 4130.005280922438 4400.0
80000.0 90000.0 585.3358730469481 855.878556995732 292.4555759452481 999.9309999999823 139.9110820312635 89920.9978869526 1581.8366561228372 5791926.257178524 4021.104486227524 4400.0
90000.0 100000.0 98.15394531260245 900.1678231533998 220.9838296105822 999.9920000000275 357.402099609375 84650.91491365529 1515.6038396039646 5881622.5329810325 4071.2246619994344 4400.0
100000.0 110000.0 81.74799023440573 901.6592736150541 216.59867161258938 999.9189999999944 333.787109375 91020.98917381528 1620.4350796770239 6130495.672003585 4243.718316640109 4400.0
110000.0 120000.0 65.6030136718764 903.1269987571021 222.31366100520236 999.9660000000149 304.923095703125 87260.60364131407 1567.541336134499 5952161.624637536 4117.916408152572 4400.0
120000.0 130000.0 266.06106054683914 884.9035399502874 252.91587086256803 999.4419999999809 177.43603515625 90271.05096306709 1612.49889422402 6306453.756177926 4360.430386726733 4400.0
130000.0 140000.0 859.6540566406329 914.0345943359367 182.60883097915809 999.4039999999804 423.552978515625 79526.06494021989 1437.3535383074209 5807573.3586183 4011.7881254826934 4400.0
140000.0 150000.0 56.45188867178513 903.9589192116559 207.49396300512538 999.8389999999781 407.89208984375 83757.42095170911 1522.7504701880046 5907683.518025305 4084.145974070941 4400.0
150000.0 160000.0 436.9700761718559 869.3663567116495 232.55496064764225 999.4789999999921 337.614013671875 82056.34646376046 1492.7598641821387 5926595.54155013 4098.996515353008 4400.0
160000.0 170000.0 565.784703125013 943.4215296874987 107.31637112530693 999.3429999999935 660.095986328146 89122.65450747267 1525.6258465474864 5693659.443485864 3945.5478942803165 4400.0
170000.0 180000.0 748.1890019530547 841.0737270951769 302.4608827399519 999.445000000007 105.67268945311662 88192.86302493187 1563.4251758212824 5969027.027878081 4138.7740515321575 4400.0
180000.0 190000.0 71.41420117183588 902.5987089843785 218.3123810434135 999.9550000000163 370.235107421875 89011.40083844864 1611.5710401862664 6304173.388523301 4362.567904516657 4400.0
190000.0 200000.0 748.768201171828 925.1231798828172 130.83672181330655 999.7179999999935 628.7278925781138 84684.79130857432 1519.6972868368578 5832953.133228866 4033.856908517194 4400.0
200000.0 210000.0 85.44692382821813 901.3230069247074 266.31100354823644 999.9189999999944 109.79409374995157 84548.99538932178 1521.6767106688083 5919923.229124436 4097.384074811871 4400.0
210000.0 220000.0 52.64302539057098 904.3051795099481 255.3199724828138 999.8810000000522 152.03101757809054 85309.46874491114 1543.2537426522292 6085502.032158437 4218.084906286009 4400.0
220000.0 230000.0 663.1838652344886 848.8014667968647 285.5242111784873 999.905999999959 177.7700429687975 82992.74048062765 1481.9968493465826 5852563.907112759 4057.317127271921 4400.0
230000.0 240000.0 52.74315624986775 904.2960767045574 208.1353498421945 999.3460000000196 408.533935546875 80903.09545430666 1458.6478585421337 5723109.310718418 3957.9530972207185 4400.0
240000.0 250000.0 89.3910546876723 900.964449573848 221.30736730274876 999.9200000000419 345.827880859375 92339.73760325531 1654.7323042798878 6203918.579881004 4293.724260103461 4400.0
250000.0 260000.0 25.22877539054025 906.7973840554055 217.21430773633458 999.9769999999553 331.68310546875 81693.70513263327 1486.2471530443738 5979927.201766219 4135.018600444118 4400.0
260000.0 270000.0 502.406046875054 949.7593953124946 109.52903403953073 999.7689999999711 667.2718945312081 89116.62614786973 1591.7237959403722 5999455.550873794 4156.118147984706 4400.0
270000.0 280000.0 519.0017382813385 861.9089328835147 301.92161566797 999.4290000000037 143.22594140621368 90947.17300868199 1617.1225712123137 6122970.563799359 4235.522943737126 4400.0
280000.0 290000.0 96.88504296867177 900.2831779119389 225.30197091150808 998.9270000000251 311.75927734375 85704.32571060502 1515.9686558085862 5790428.997776543 4012.8971059969435 4400.0
290000.0 300000.0 86.0442167968722 901.2687075639207 228.2659790841001 999.3009999999776 276.362060546875 84338.4659204327 1528.7477095239763 6028062.837503491 4167.875923090025 4400.0
