ts te idle avg_span std_span max_span min_span c_bytes_all c_pkts_all s_bytes_all s_pkts_all video_rate
0.0 10000.0 6943.676970703178 764.0807573242055 363.1064655677415 997.8929999999818 231.030029296875 29343.27563878189 287.5089248010006 805093.5685504883 578.3174926099612 839.0
10000.0 20000.0 510.2037187499227 948.9796281250077 96.14868925175057 999.75900000002 758.5939707031357 61037.54691451983 890.7783157294562 2333285.0241498225 1657.2989154785726 838.9090909090909
20000.0 30000.0 1224.087261718756 797.8102489346585 390.95859850460545 999.7490000000107 13.300048828125 56710.09448439728 941.1084020868707 2776566.1319246953 1936.091391239983 3357.1428571428573
30000.0 40000.0 37.20807812496787 996.2791921875032 4.28764109675101 999.5349999999744 986.0179511719034 95706.52165218716 1778.1813909178275 6928505.425763137 4784.262672408151 4666.666666666667
40000.0 50000.0 33.539072265673894 906.0419025213024 299.79851479178694 999.8439999999828 2.313029296870809 93535.74477337427 1678.4516655074417 6179032.54413036 4273.467560909584 4225.0
50000.0 60000.0 80.16578906262293 901.8031100852161 293.5890191462246 999.9689999999828 19.22310156247113 89097.07663825664 1653.5131468030725 6421641.749327023 4431.8062705990005 4400.0
60000.0 70000.0 493.344062499993 864.241448863637 301.90891881730226 999.3740000000107 77.33589062502142 85685.80243413124 1542.9290870849668 5828038.181077267 4033.0743089605276 4400.0
70000.0 80000.0 37.93595312500838 905.6421860795447 205.02543360931656 999.6219999999739 472.24609375 86459.23799847948 1581.210396058021 6276869.276830457 4351.878260754376 4400.0
80000.0 90000.0 1464.433111328166 853.5566888671834 315.56009561349447 999.6379999999772 53.22490625001956 82294.42310192493 1464.9338821911979 5614234.725625355 3886.911685840536 4400.0
90000.0 100000.0 808.4149433593266 835.5986415127885 316.3388068477285 999.9810000000289 35.04901757813059 86042.01592617518 1529.704292672263 5680233.020464425 3930.314063680733 4400.0
100000.0 110000.0 989.7419511718326 901.0258048828167 197.3630661393062 999.4670000000042 517.4099609375116 91873.81046246388 1647.5533405630754 6468951.48696016 4466.633684552487 4400.0
110000.0 120000.0 59.969099609414116 903.6391727627805 291.18681946580176 999.7399999999907 27.12691210937919 88964.57313836091 1614.8282998070306 6206057.498253252 4293.189090377399 4400.0
120000.0 130000.0 305.88402148446767 881.2832707741393 282.76496372124654 999.9050000000279 54.34001171874115 80252.3203172512 1424.7859256882393 5372728.003871472 3720.874187249786 4400.0
130000.0 140000.0 122.58566406246973 897.9467578125027 239.6871575276445 999.6990000000224 209.4860332031385 92388.80757896493 1670.5812938894396 6387404.817804755 4414.828429105135 4400.0
140000.0 150000.0 713.9063300781418 844.1903336292598 275.600802233044 999.9560000000056 245.4386972656357 86232.37433474975 1569.1763474458974 6071115.906378735 4193.353854682547 4400.0
150000.0 160000.0 582.3350820312044 941.7664917968796 147.76657605783836 999.8680000000168 524.8650273437379 85063.9729389113 1522.6353709898924 5928167.639827304 4096.3370077677755 4400.0
160000.0 170000.0 514.3729511718848 862.3297317116468 306.91364153716233 999.7449999999953 62.39210937498137 84510.6397783066 1531.329673040825 5851385.241910105 4046.8282331834525 4400.0
170000.0 180000.0 676.0119882812141 932.3988011718786 151.56021651574522 999.8260000000009 519.9070605468587 83219.04486855549 1510.712709716975 5879529.683202575 4070.4294033770802 4400.0
180000.0 190000.0 67.82694335945416 902.9248233309587 285.95768954919737 999.9579999999842 43.42204882809892 89179.33203437 1588.0928453046338 6044588.409332337 4185.404519023975 4400.0
190000.0 200000.0 628.5649667968974 851.9486393821003 305.2169378599524 999.9370000000345 73.67499218747253 90329.69544045418 1513.803217396484 6030420.49157259 4167.747518097188 4400.0
200000.0 210000.0 79.9521386717679 901.8225328480211 208.53492775668764 999.8560000000289 428.52490234375 89154.24641916677 1593.7779384707922 5978368.451970403 4130.563901153207 4400.0
210000.0 220000.0 24.361984375165775 906.8761832386213 207.789520182532 999.9599999999627 415.44091796875 88896.09481774314 1580.0847298442466 5926379.347640917 4105.533297273359 4400.0
220000.0 230000.0 595.971857421915 940.4028142578085 128.60967180319557 998.9109999999637 582.4370820312761 84369.80870212492 1550.8407903312416 6101861.384985652 4226.827400127859 4400.0
230000.0 240000.0 1534.3561503908131 769.6039863281079 342.03403165086684 999.579000000027 36.78193945309613 83913.13181463542 1500.3361436960902 5759665.49000004 3983.938720500494 4400.0
240000.0 250000.0 1555.9679101563524 844.4032089843647 274.4590891090742 999.9760000000242 212.19999999995343 91683.40779171363 1602.1418699630192 5881643.498446678 4072.0881310468326 4400.0
250000.0 260000.0 1013.8599199217279 898.6140080078272 315.39556117123504 999.9760000000242 1.007080078125 91449.51391897243 1643.2138371285287 6327039.189202794 4372.521480167214 4400.0
260000.0 270000.0 97.48977148439735 990.2510228515603 13.30750249268951 999.8580000000075 965.09130859375 89322.58780231589 1611.2610141640507 5984679.152119014 4144.172828382416 4400.0
270000.0 280000.0 51.02800195326563 904.4519998224304 289.1826180379035 999.6870000000345 34.29669140628539 90572.33320520824 1629.5172954981742 6046636.463716535 4188.56106682113 4400.0
280000.0 290000.0 1227.3610078123165 797.5126356534257 382.78449890105713 999.9129999999423 8.331298828125 86817.0308196973 1550.5422775688846 5745561.568221605 3979.1060590862558 4400.0
290000.0 300000.0 366.77936328120995 963.322063671879 78.48929455391257 999.4370000000345 761.158935546875 78761.24547763276 1385.2743970442189 5362534.460695863 3714.800985622745 4400.0
