ts te idle avg_span std_span max_span min_span c_bytes_all c_pkts_all s_bytes_all s_pkts_all videorate
0.0 10000.0 6730.416751953133 817.3958120117168 364.11134235509246 999.9739999999874 271.229248046875 32975.90008444082 392.18782066412643 1256291.4114992963 891.5592283977502 1424.0
10000.0 20000.0 409.06533984374255 959.0934660156257 84.74263122789172 998.9419999999809 725.4327519531362 74590.72360670075 1121.0870821158296 3246157.1070284666 2261.1718514671725 1326.6666666666667
20000.0 30000.0 69.18295507802395 902.8015495383614 294.25954036803626 998.8300000000163 16.436091796902474 72712.49698082486 1311.8057864772595 3317507.2673548106 2294.294648489755 2300.0
30000.0 40000.0 2960.196953124949 782.2003385416724 354.0926720581479 998.9479999999749 46.60804687498603 61824.879328033574 1076.9193107427845 3905556.2141174264 2715.974271645322 2600.0
40000.0 50000.0 1524.8770605468308 941.6803266059077 148.4523931398866 999.7129999999888 548.3379999999888 64215.9297961885 1115.911401437823 4079480.595219694 2843.065863832852 3000.0
50000.0 60000.0 1515.9839394532028 848.4016060546797 310.56859130298227 999.7679999999818 49.11106054688571 82541.0702038115 1403.088598562177 5219698.404780306 3629.934136167148 4200.0
60000.0 70000.0 118.12599609373137 988.1874003906269 23.627328725024142 999.9739999999874 922.10400390625 84487.18736521898 1559.480492908756 6181287.034612636 4274.070271771788 4400.0
70000.0 80000.0 2040.79799804691 884.3557779947878 304.84360708095755 999.9409999999916 74.88199609372532 75123.25518540503 1352.2939005293754 5471381.225778302 3784.3782546682523 4400.0
80000.0 90000.0 60.149908203224186 903.6227356178887 297.64219922654246 999.9589999999735 6.95399414061103 103629.49051128466 1848.9017540194973 7040299.391598207 4861.564319282512 4400.0
90000.0 100000.0 1533.35810742178 846.664189257822 301.37872539880954 999.5410000000265 39.34890234377235 78667.475608775 1374.0120927170947 5205835.916707304 3614.4221042136187 4400.0
100000.0 110000.0 1343.4477265625028 865.6552273437497 308.30428062642653 999.9579999999842 56.89500976563431 95711.47998888363 1645.2745042480096 6201326.7325298935 4288.466083966269 4400.0
110000.0 120000.0 1373.7922636719304 862.620773632807 323.3472943392465 999.4729999999981 0.19073632813524455 80083.1113404327 1429.037255577267 5487870.698773658 3792.09896609756 4400.0
120000.0 130000.0 187.55772070318926 981.2442279296811 27.033167749377352 999.8229999999749 915.811279296875 85228.0073216421 1438.6193813253137 5304779.411389363 3692.298634174469 3155.5555555555557
130000.0 140000.0 75.78621093754191 902.2012535511326 273.1924918199231 999.539999999979 84.15172070311382 77074.26751715422 1278.4730789749135 4570660.458386697 3179.215050244305 3400.0
140000.0 150000.0 185.3961250000866 892.236715909083 269.5187679481611 999.8439999999828 105.55393164063571 81326.03925685835 1445.6263689580242 5526063.625222828 3838.440513238862 4400.0
150000.0 160000.0 1782.0059433593997 821.79940566406 362.6360434420492 999.7750000000233 48.506999999983236 75348.68590434533 1337.2811707417486 5022899.505001112 3484.0458023423635 4400.0
160000.0 170000.0 1041.1931171874166 995.4229869791759 5.907804058242431 999.7490000000107 984.7548828125 95732.21956583593 1695.7373336379094 6497927.071942551 4486.858477017183 4400.0
170000.0 180000.0 121.05557617190061 898.0858567116454 294.7943327037048 999.390000000014 11.932117187476251 95057.99963444991 1720.4376478287977 6671658.980461886 4618.666467382939 4400.0
180000.0 190000.0 50.67538867192343 904.4840555752797 276.90926508824964 999.5380000000005 74.50869335938478 87693.31750887471 1596.5374580400965 6390651.642600908 4423.444799285841 4400.0
190000.0 200000.0 1254.6008281248505 795.0362883522863 377.8395801279808 999.5709999999963 0.14208984375 66884.09370397394 1191.3189719919953 4814755.717123602 3340.106297725157 4400.0
200000.0 210000.0 76.2741191405803 992.372588085942 17.072904556574123 999.9710000000196 944.219970703125 98798.54242728451 1774.0189428621313 6802631.878511587 4701.827051316521 4400.0
210000.0 220000.0 1963.806669921847 730.5630300071048 452.13489294323097 999.8760000000475 0.13330078125 77482.1163195542 1380.9751182816588 5270788.341370739 3651.159542057904 4400.0
220000.0 230000.0 322.95839648437686 967.7041603515623 73.98822427482584 998.9120000000112 763.8986992187565 88857.48421952242 1588.005477300631 6150245.8360535735 4252.6153735235785 4400.0
230000.0 240000.0 114.41960937494878 898.6891264204592 279.65430334368364 999.1729999999516 59.397095703170635 90123.95217172467 1620.439388333554 6305871.32873476 4364.430129356049 4400.0
240000.0 250000.0 1062.5862988281297 812.4921546519882 289.9205126080933 999.8360000000102 86.93070507817902 87186.67381238393 1494.5463112515397 5628751.525220635 3900.923764552625 4400.0
250000.0 260000.0 83.98796093731653 901.4556399147895 211.1235442329702 999.9869999999646 435.9990039062686 92499.56493990945 1667.0602460687055 6634487.863595371 4587.371662100943 4400.0
260000.0 270000.0 1970.6861445311224 892.1459839409864 183.71866345890632 998.969000000041 483.1239648438059 71065.71436549738 1262.4154113125219 4886930.4548519235 3390.4853432921473 4400.0
270000.0 280000.0 40.93178710946813 905.3698375355029 278.16824199119543 999.7770000000019 70.52810937503818 89771.74277797282 1621.2669355601133 6432494.136522345 4441.851432721459 4400.0
280000.0 290000.0 75.01903125003446 902.2709971590878 272.89395552566845 999.966999999946 89.42389648442622 92648.32441185758 1687.668841208597 6622582.505774796 4584.301549584224 4400.0
290000.0 300000.0 464.99904882826377 866.8182682883397 307.1777754596181 999.9039999999804 51.43392773438245 81499.06090051644 1459.5813408610566 5683757.917361333 3931.813669621965 4400.0
