ts te idle avg_span std_span max_span min_span c_bytes_all c_pkts_all s_bytes_all s_pkts_all videorate
0.0 10000.0 6887.327078124974 778.1682304687565 387.427984535295 999.2770000000019 199.169921875 41230.688513667104 503.14933565231553 1611862.3240315567 1170.8826524299955 480.0
10000.0 20000.0 148.27594531257637 895.6112776988567 271.09538144029744 999.4729999999981 98.1259765625 89544.26996173941 1658.5636982844164 6313243.867865005 4374.501088545598 5942.857142857143
20000.0 30000.0 2091.9717109375633 878.6698098958263 241.69153669835066 999.869000000006 278.197265625 72897.94603042779 1369.1228654370725 5409714.723758575 3742.7991148385818 4400.0
30000.0 40000.0 1504.8512968749274 849.5148703125072 262.22442424417 999.6699999999837 269.54296875 80974.83523841953 1542.069680567824 6056176.269980446 4182.536610762974 4400.0
40000.0 50000.0 44.8300000000163 905.015454545453 230.89962029452013 999.7519999999786 252.79296875 90591.58840490543 1724.1077538066947 6934670.065134476 4790.463722117336 4400.0
50000.0 60000.0 281.7368945313501 883.4784641335136 252.6278210513734 999.9799999999814 176.22607421875 87037.20753653647 1546.6238570211347 6106242.397193701 4224.125161949768 4000.0
60000.0 70000.0 2660.6390742188087 917.4201157226489 114.82926567278763 999.795999999973 721.8009999999776 66132.46431430426 1188.362809230542 4474966.3520362405 3103.691649355746 3933.3333333333335
70000.0 80000.0 767.2300664062495 923.2769933593751 229.1037582870185 999.7420000000275 271.35693359375 87020.5804239079 1588.1468767124386 6463998.030414606 4471.0914660773005 4400.0
80000.0 90000.0 2314.2848828124697 853.9683463541701 288.990498283475 999.5040000000154 268.60205078125 74770.31179841548 1348.3316205140857 5356390.355251913 3704.2221604147926 4400.0
90000.0 100000.0 1706.1517656249925 829.3848234375007 298.1358187185781 999.9529999999795 271.21728515625 82032.75090312102 1488.4337430070045 5794991.688129985 3999.8145235054994 4400.0
100000.0 110000.0 1025.1351874999236 897.4864812500076 237.14948519518254 999.3890000000247 267.47509765625 82973.41626449756 1531.2001396585881 6264626.839422668 4324.845327550128 4400.0
110000.0 120000.0 2078.010097656341 880.2211002604066 180.17381958011362 999.7189999999828 580.670999999973 73500.94061005805 1304.887620107883 5261396.0867808275 3645.02652245228 3525.0
120000.0 130000.0 2265.0128828124725 859.4430130208364 280.6718494993381 999.0839999999735 255.6201171875 71736.42193170152 1176.7459493066096 4235451.933040263 2949.3297059803735 3400.0
130000.0 140000.0 1213.9131835937733 878.6086816406226 241.35865828781155 999.6840000000084 238.35693359375 81268.29469341057 1476.346058928378 5607570.501661306 3880.5637531247976 4000.0
140000.0 150000.0 1063.0986269531422 893.6901373046858 231.2172248389934 999.4650000000256 271.789306640625 93910.78060190368 1497.1765919253403 5822159.094851123 4044.367446438819 4400.0
150000.0 160000.0 2231.1202578124357 863.2088602430626 242.56767162367865 999.3630000000121 283.050048828125 74912.74499188844 1313.6571807482792 5283105.380579213 3659.4271621474277 4400.0
160000.0 170000.0 81.42101953132078 901.6889982244254 242.2249920243311 999.8589999999967 218.780029296875 89906.6422004165 1598.142972045379 6461379.3884988455 4467.580044313231 4400.0
170000.0 180000.0 2728.518029296887 908.9352463378891 171.04143679922527 998.4560000000056 528.1909999999916 76776.11558067927 1232.931247046014 5061753.701369249 3499.731887995351 4400.0
180000.0 190000.0 798.4600859375205 920.153991406248 243.56310606286033 999.75 227.0869140625 80255.03987794365 1458.1159131495422 5802725.036136274 4016.1537695122465 4400.0
190000.0 200000.0 2354.566005859291 849.4926660156343 293.3126472303644 999.1850000000559 276.805908203125 69491.90824475395 1279.9254690396363 5226891.168920538 3613.1996774965783 4400.0
200000.0 210000.0 39.986935546970926 905.4557331320935 228.24570973956148 999.2759999999544 263.77197265625 100204.49319245991 1732.8957332114865 6745761.213182946 4678.913764575849 4120.0
210000.0 220000.0 1428.93170703121 857.106829296879 253.75191438845962 999.4620000000577 229.447265625 75071.8286262997 1332.3054338002403 5274656.058989854 3660.7353981711926 4000.0
220000.0 230000.0 206.69227734371088 890.3007020596626 279.8357099274293 999.6750000000466 76.93798828125 92680.00265900807 1477.49169887812 5744163.69371893 3985.9212825093828 4400.0
230000.0 240000.0 2510.9198710937053 832.1200143229216 278.1196489258656 999.7210000000196 290.4951171875 64511.60169781459 1151.002648812994 4460437.778143473 3096.6529611709725 4400.0
240000.0 250000.0 38.77387109363917 905.56601171876 228.25921002128746 999.795999999973 269.67724609375 92506.59675451729 1719.8738556445335 6920942.985837445 4777.088410258576 4400.0
250000.0 260000.0 112.03529492183588 898.9058822798331 238.4590442164615 998.0699999999488 222.574951171875 92267.05766265262 1664.682061381974 6662511.143064985 4612.855368209634 3933.3333333333335
260000.0 270000.0 1626.2398632812547 837.3760136718745 290.4059713437952 999.8199999999488 229.090087890625 72327.06594327901 1290.2333592231948 5061837.901433045 3509.401089491968 4000.0
270000.0 280000.0 3096.0320878907805 862.9959890136524 217.76944121603137 999.6809999999823 471.53891210933216 68415.40534127122 1204.4738268582787 4654217.02057251 3226.078278603599 3400.0
280000.0 290000.0 2406.5837539061904 843.7129162326455 306.42780836504755 999.8340000000317 235.17724609375 65102.44920663442 1113.3537164608529 4375621.189519949 3037.002196639083 3933.3333333333335
290000.0 300000.0 58.8503007813124 903.7408817471534 241.9416936261143 999.9420000000391 205.2939453125 90292.41341143276 1680.3219132163656 6755014.449324661 4667.241356284202 4400.0
