ts te idle avg_span std_span max_span min_span c_bytes_all c_pkts_all s_bytes_all s_pkts_all video_rate
0.0 10000.0 7984.922060546876 671.6926464843746 565.9950667073228 998.7849999999999 18.137939453125 22551.336404238948 284.3198172483058 933953.202576241 750.0523978519377 2300.0
10000.0 20000.0 523.6370371093726 947.6362962890628 104.09610895735923 999.9919999999984 738.27490234375 94555.92615744921 1747.9190783000226 6439983.260603448 5136.289224484064 2650.0
20000.0 30000.0 1053.9539804687593 894.6046019531241 237.0806573618362 998.8159999999989 261.23309765625163 84370.1346173856 1686.7656822884217 6304398.5549104875 5023.742642695846 4400.0
30000.0 40000.0 219.72993359376414 889.115460582385 242.36558103265597 999.8110000000015 263.75007812499825 78001.14225890797 1552.8861539042523 5871714.516358598 4680.197046040081 4400.0
40000.0 50000.0 38.343103515624534 905.6051724076705 206.8895737739165 1000.0 422.3930117187483 77188.59968527517 1500.104134877161 5637455.099172093 4497.014954608014 4400.0
50000.0 60000.0 44.59998046878172 905.036365411929 207.3535070935814 999.5209999999934 436.7831152343715 71726.14100191143 1367.464231381414 5173634.879132152 4128.591242999255 4400.0
60000.0 70000.0 41.63295703125186 905.3060948153408 207.89984767472865 999.6410000000033 458.23909570313117 77398.43297785208 1479.062988854495 5556066.598614601 4429.981713847546 4400.0
70000.0 80000.0 34.88893359375652 905.919187855113 204.61681308553688 999.8040000000037 486.5890527343727 87480.32582142967 1696.4653783344177 6367360.796182656 5069.468686155766 4400.0
80000.0 90000.0 104.33809375000419 899.6056278409087 219.38085681280086 999.6659999999974 448.1489863281313 76862.42961673578 1484.8328648239785 5579562.2457819255 4448.964148780618 4400.0
90000.0 100000.0 43.980601562492666 905.0926725852279 208.16880623398447 999.9890000000014 438.851318359375 77635.42935879779 1497.3467403508403 5567682.559812686 4439.16014789664 4400.0
100000.0 110000.0 42.918064453144325 905.189266867896 208.18535836974945 999.5299999999988 419.38525390625 74091.71224183255 1421.4726741380389 5378608.456028737 4289.510786006532 4400.0
110000.0 120000.0 1511.3383515625028 848.8661648437497 231.0153057702878 999.3839999999909 340.19800000000396 70362.92447496169 1283.8257948085816 4835413.110653204 3859.093682237603 3200.0
120000.0 130000.0 983.372800781246 819.6933817471595 330.0299993058385 998.5139999999956 107.7041015625 79301.43592119559 1515.346815351572 5612287.727847027 4470.938754297431 4400.0
130000.0 140000.0 658.2501015625021 934.1749898437498 113.43808788664985 999.3070000000007 662.4159999999974 75120.0294620265 1447.1876453384978 5394445.992326146 4302.994572098665 4400.0
140000.0 150000.0 531.5068984374811 946.8493101562519 162.2092324446045 999.3429999999935 485.2041015625 76893.09728348805 1458.1912127033415 5465158.282252625 4363.6254712702885 4400.0
150000.0 160000.0 164.9141308593389 894.0987153764237 213.5423042524041 999.9860000000044 422.344970703125 78238.73759309256 1513.1331791065134 5671326.9269863125 4526.304340701939 4400.0
160000.0 170000.0 1159.8996738281858 884.0100326171814 173.24975561393654 999.8979999999865 577.5800292968634 74502.68449260162 1420.7193019250192 5404785.241672685 4308.039627207493 3800.0
170000.0 180000.0 99.95238867186708 900.0043283025575 224.07776812651286 998.9770000000135 303.2577031250112 74421.40989136977 1380.9540558170445 5106752.318282355 4074.973343450286 3700.0
180000.0 190000.0 128.26186914060963 897.4307391690355 221.36378364793504 999.7129999999888 343.3670917968848 78337.48087772992 1515.9903618121614 5680490.2136289235 4534.759548753067 4400.0
190000.0 200000.0 47.44608203123789 904.7776289062512 208.1437938357121 999.8360000000102 415.65696093748556 86777.0405759427 1690.4802758410544 6444916.597646338 5127.418869574028 4400.0
200000.0 210000.0 44.308037109381985 905.0629057173289 207.5038692177967 999.9459999999963 434.82204296876444 81046.49059802701 1556.9287670560482 5862167.756950787 4676.683297328206 4400.0
210000.0 220000.0 52.22687499996391 904.3430113636397 209.65520557579967 999.8559999999998 454.28608007813455 77553.22665320404 1503.1855496945702 5646226.795253911 4504.965486389138 4400.0
220000.0 230000.0 41.227925781247905 905.3429158380684 204.5641194085595 999.7520000000077 485.9619550781208 76250.76651096833 1474.0555551601474 5587448.502734069 4454.673627091553 4400.0
230000.0 240000.0 36.8510234374553 905.7408160511404 206.27250246600204 999.8550000000105 474.923095703125 89112.81594607995 1723.5541710218683 6487466.5547418455 5165.27426741437 4400.0
240000.0 250000.0 1482.3720742187288 851.7627925781271 281.75392205769305 999.5860000000102 189.822021484375 83904.67899464017 1613.8470902611505 5943464.034843805 4729.73116846013 4400.0
250000.0 260000.0 541.1810820312821 945.8818917968717 105.78580757990305 999.130999999994 695.512939453125 77122.65134403162 1480.3367589951445 5528102.286329803 4411.7147468863695 4400.0
260000.0 270000.0 139.60005273437127 896.3999952059662 225.22367958295246 999.7280000000028 300.5640605468652 78307.93448316638 1497.3188921973826 5667441.86601694 4519.0770483594315 4400.0
270000.0 280000.0 107.35588671878213 899.3312830255653 217.5095669359144 999.2689999999711 360.73511328123277 77317.42845724271 1491.8906797841544 5586696.622569109 4460.5167112405015 4400.0
280000.0 290000.0 46.51211523433449 904.8625349786969 208.81545171079367 999.8169999999809 413.15500000002794 90670.78747072954 1773.742543344628 6682737.882222855 5313.215446865418 4400.0
290000.0 300000.0 1017.4048613280756 898.2595138671925 216.74111085450699 999.4959999999846 325.26611523434985 77965.01767672303 1513.537667803103 5668702.453271065 4517.205487380916 4400.0
