ts te idle avg_span std_span max_span min_span c_bytes_all c_pkts_all s_bytes_all s_pkts_all video_rate
0.0 10000.0 5602.699732421839 879.4600535156321 268.30672847225475 999.9959999999846 399.499267578125 66005.45896265762 866.3051901071522 2905246.7173321983 2093.029889899295 1105.4545454545455
10000.0 20000.0 1137.7603222655598 886.223967773444 235.08454594053893 999.4380000000237 401.3677324219025 93026.81862994716 1696.3955840931758 6531134.521635823 4501.227161731574 5310.0
20000.0 30000.0 36.404925781243946 905.7813703835233 206.1748468036242 999.8939999999711 464.02001953125 96247.39305185922 1831.9818842896989 7161485.173158191 4940.271989217743 4850.0
30000.0 40000.0 45.917935546836816 904.916551313924 208.42046697607145 999.9679999999935 436.486083984375 87160.20762786154 1653.2090944616682 6477190.505427708 4472.855244408125 4400.0
40000.0 50000.0 222.7591210937826 888.8400799005652 251.43605415606262 999.8859999999986 240.636962890625 82132.82482109235 1518.3348252062242 6035044.466635627 4177.088975555365 4400.0
50000.0 60000.0 77.32205468747998 902.0616313920473 238.46120656174543 999.3449999999721 216.430908203125 73285.28925679055 1327.5877708585979 5227763.539920352 3619.371126306871 4400.0
60000.0 70000.0 655.9598320312216 849.4581970880707 312.353033636756 999.8329999999842 1.778076171875 84902.60908354259 1551.5045433560977 6303219.06195889 4351.073096522906 4400.0
70000.0 80000.0 88.81411914061755 991.1185880859382 20.51595915872631 999.2010000000009 932.85595703125 82506.13586456908 1525.1487785385762 6106313.537128671 4214.040988378417 4400.0
80000.0 90000.0 747.0500546875992 841.1772677556728 305.6881438345404 999.8549999999814 65.41104296874255 81720.06811041402 1491.037773517856 5824360.330497857 4025.2508155856476 4400.0
90000.0 100000.0 497.0627949218615 863.9033822798308 267.7946639212919 999.8169999999809 202.860107421875 86585.7095676378 1544.1834483087168 5795240.172489749 4021.017161344948 4400.0
100000.0 110000.0 53.81701953121228 904.1984527698897 247.8713281198563 999.810999999987 179.840087890625 90196.74039873331 1614.388667256406 6219069.451550342 4298.085252808386 4400.0
110000.0 120000.0 350.50020507810405 964.9499794921896 70.99044963710455 999.6759999999776 767.6439121093717 84076.7741879892 1525.2846652162611 5890602.697858444 4071.7910362530165 4400.0
120000.0 130000.0 1317.4718164063524 789.3207439630588 371.254367711042 999.7739999999758 38.73111718747532 87467.2837810878 1565.4865775681824 5926942.236914876 4095.052621262485 4400.0
130000.0 140000.0 90.11215820309008 900.89889470881 214.7806718328724 999.7660000000033 435.930908203125 86557.38667701243 1573.6065902959501 6158163.249293018 4255.972399075984 4400.0
140000.0 150000.0 248.97358789062127 886.4569465553981 260.25171160239654 999.5439999999944 207.6533203125 84194.42373641448 1523.6075596683736 6013728.002872924 4164.838234258029 4400.0
150000.0 160000.0 72.17821875005029 902.5292528409045 248.41132560644 999.7770000000019 183.7041015625 76674.76374367315 1392.8898405580019 5609063.331424066 3872.87560250053 4400.0
160000.0 170000.0 560.7030507812742 943.9296949218726 101.30861714932784 999.3790000000154 704.1819999999716 83601.21540528756 1522.586196434314 5977207.637993614 4130.356491658623 4400.0
170000.0 180000.0 641.7050624999683 850.7540852272756 310.59517501123344 999.5829999999842 28.076949218753725 80408.11572126062 1456.1492718308916 5798721.743332623 4004.3171554130795 4400.0
180000.0 190000.0 360.78092968737474 876.2926427556932 259.4986995781424 999.3479999999981 235.06005859375 86592.00751666617 1586.5771522103305 6190256.177550411 4284.630382597339 4400.0
190000.0 200000.0 125.3481621092651 897.6956216264305 256.6544327359061 999.7490000000107 153.618896484375 83198.58394810926 1501.661339203439 5943009.476505236 4112.160182026472 4400.0
200000.0 210000.0 868.1529921875335 913.1847007812466 168.7453852789963 999.5 473.076904296875 76320.33229024617 1382.1937402795152 5483124.060826156 3788.601281560714 4400.0
210000.0 220000.0 612.3429414064158 938.7657058593584 149.89945844579447 999.6629999999423 526.6850957031129 86253.10904889596 1567.5279836317786 6029252.816907138 4170.15786016506 4400.0
220000.0 230000.0 64.8006933593424 903.1999369673325 299.1052615023604 999.408000000054 2.3390371093992144 89778.27239480153 1607.6532763480013 6106774.258325399 4222.980118468889 4400.0
230000.0 240000.0 79.1569492185954 901.8948227983095 285.5918179668777 999.9980000000214 46.44473046879284 92795.38448490339 1674.7174514501266 6353366.578907807 4398.464843697889 4400.0
240000.0 250000.0 760.805332031101 839.9267879971726 336.9978142600203 999.7290000000503 107.7206796874525 80390.13920127945 1440.1267485601527 5647045.578544893 3908.614968773698 4400.0
250000.0 260000.0 1386.026689453167 861.3973310546833 193.13036020499428 998.920999999973 501.331298828125 82448.02122030137 1519.0124938699905 6002130.95004301 4145.615839929263 4400.0
260000.0 270000.0 669.7063769530505 933.0293623046949 191.47131799418827 999.4930000000168 389.02570117183495 81502.30421543006 1480.533148965258 5813493.733526834 4012.913556468702 4400.0
270000.0 280000.0 258.85592187487055 885.5585525568299 293.0945899134462 999.6820000000298 35.34807812504005 82965.62705153621 1516.308403915264 5878700.991438141 4068.345724130951 4400.0
280000.0 290000.0 1247.9336874999572 875.2066312500043 267.8718451645928 999.5860000000102 208.9453125 83549.71911029286 1517.374816550845 5984565.500384992 4137.7047144804865 4400.0
