ts te idle avg_span std_span max_span min_span c_bytes_all c_pkts_all s_bytes_all s_pkts_all videorate
0.0 10000.0 8461.634033203125 769.1829833984375 325.3638951326457 999.25 539.115966796875 19398.294383317105 284.3976004762203 940852.0991708525 781.8815722871976 2300.0
10000.0 20000.0 531.2958652343732 860.7912849786934 254.63942667363523 999.6860000000015 280.7041015625 60799.980888638514 1575.3809166601482 6288168.668100179 5068.386990819164 2300.0
20000.0 30000.0 1970.6971484375026 802.9302851562497 285.0416366446989 999.8450000000012 279.126953125 42152.71399339235 1155.2864848038919 4582413.771882012 3723.32904279203 4400.0
30000.0 40000.0 633.9849531250002 936.6015046875 123.09091265239462 999.2359999999971 691.0539999999964 46651.01073465203 1262.9349980597397 5040963.460846957 4121.4023941016085 3233.3333333333335
40000.0 50000.0 787.4989218749979 921.2501078125002 237.40784850290012 999.5699999999997 245.705078125 45189.39862228215 1221.6564993779557 4856438.674693966 3960.231889782572 4400.0
50000.0 60000.0 73.24778124998556 902.432019886365 240.3557181531285 999.2700000000041 215.529296875 50541.165703959035 1317.6947613650264 5357116.270705763 4359.287409612732 4400.0
60000.0 70000.0 1053.202394531254 894.6797605468746 225.8755958171084 999.7459999999992 282.64990234375 42410.74745095682 1095.6248206729463 4409322.120321656 3601.3362440134974 3087.5
70000.0 80000.0 2058.94990820314 794.105009179686 362.3795286483395 999.9869999999937 27.070999999996275 35937.51425666735 922.0067134973119 3625068.246034428 2982.2163950441186 3200.0
80000.0 90000.0 2126.2500039062434 874.8611106770841 240.69177612377723 999.5529999999999 273.489990234375 36636.7879144947 909.6818069053955 3551258.992449536 2894.8571554737664 2400.0
90000.0 100000.0 1194.2056992187572 880.5794300781242 237.25779162124937 999.997000000003 264.623291015625 43800.09613263515 1132.8195806842973 4412818.045584649 3608.405190533027 3500.0
100000.0 110000.0 100.03504492186767 899.996814098012 238.464118981742 999.6689999999944 225.67724609375 51060.68656331839 1341.4291252746398 5409807.896233613 4397.1779750322385 4400.0
110000.0 120000.0 76.88920703125768 902.1009811789766 249.5553896251369 999.7679999999964 179.5400390625 53753.32095895753 1401.360829698827 5639395.129966376 4604.982706152599 3777.777777777778
120000.0 130000.0 183.67410351560102 892.3932633167635 276.02710316932314 999.3369999999995 82.033935546875 52881.36063492923 1389.5695916077839 5460755.3741419455 4435.621496316494 4400.0
130000.0 140000.0 292.9168828124821 970.7083117187518 43.436060635089156 999.5950000000012 900.654052734375 53112.69845948561 1408.422565370646 5730306.672303573 4654.4140021928915 4400.0
140000.0 150000.0 90.54601953126257 900.8594527698853 269.96164730019666 999.744000000006 98.33394726563711 51984.01695947998 1373.47926902888 5547598.235120233 4519.954578448286 4400.0
150000.0 160000.0 699.914095703105 845.4623549360814 318.44041058972323 999.2980000000098 149.5239667968708 52513.87583764812 1386.2243648224508 5580535.766549379 4518.42098335453 4400.0
160000.0 170000.0 1168.2378691406338 883.1762130859366 231.65200821624364 999.8559999999998 275.070068359375 34036.07634197354 849.9210597904801 3408913.9531837455 2789.320094794152 2600.0
170000.0 180000.0 1530.8640683593403 941.0151035156289 95.83508809246855 999.5530000000144 714.6479316406185 37072.2541632124 925.109011903359 3604193.622711138 2936.7738792490954 2300.0
180000.0 190000.0 2728.047746093711 807.9946948784766 380.6770678364953 999.9670000000042 27.25700000001234 38430.24109128707 977.9907835383408 3778848.3930599857 3099.239874202124 3700.0
190000.0 200000.0 2040.846193359379 884.350422960069 240.4421808485825 998.5879999999888 284.862060546875 40532.18455502755 1004.2741074511221 3918372.537190084 3216.3045852359264 2825.0
200000.0 210000.0 882.9541249999602 828.8223522727309 317.9167833953372 999.5460000000021 160.81400000001304 53184.37278896929 1413.26020827916 5597147.016638196 4541.135976754344 4400.0
210000.0 220000.0 67.77102148436825 902.9299071377847 238.21869540591672 999.4729999999981 225.2119140625 49574.62325061167 1299.434760774077 5231452.070945511 4254.042869363078 4000.0
220000.0 230000.0 591.7019140624907 940.829808593751 84.29210973424655 999.7939999999944 773.7400859374902 38362.57831410443 988.0401399573002 3904272.982166224 3180.2766944445275 3000.0
230000.0 240000.0 784.3589082031103 921.564109179689 235.2352850352985 999.4700000000012 252.194091796875 43615.24489005569 1109.9656420368449 4311916.34068482 3515.354405145523 2800.0
240000.0 250000.0 1206.4621464843513 879.3537853515649 291.5874730340408 999.7960000000021 80.625 49049.24856940678 1283.984073122383 4970364.734238992 4058.0824547935267 3800.0
250000.0 260000.0 918.4490644531325 825.5955395951697 345.87435415902337 999.9959999999846 11.128054687520489 49219.57795614325 1282.8417499715727 5070228.769033523 4138.931556202968 3700.0
260000.0 270000.0 68.8689609375433 902.8300944602233 236.09556951943094 999.7939999999944 237.992919921875 54252.71231314413 1410.6866379875191 5541471.8482638495 4516.781150136831 3622.222222222222
270000.0 280000.0 64.47288281249348 903.229737926137 239.76559161987885 999.7079999999842 212.488037109375 54275.822052601165 1431.0782186219385 5595887.506692043 4545.713939159459 4400.0
280000.0 290000.0 57.611111328122206 903.853535333807 248.0476276278825 999.8869999999879 181.02392578125 56717.21523607448 1504.4345990886586 6099372.762518473 4947.4703622492325 4400.0
290000.0 300000.0 45.46594335936243 904.9576415127852 254.19761699500572 999.9890000000014 156.656982421875 57652.04844779258 1513.7882373674502 6016735.682803035 4877.172188994326 4400.0
