ts te idle avg_span std_span max_span min_span c_bytes_all c_pkts_all s_bytes_all s_pkts_all video_rate
0.0 10000.0 9555.5390625 444.4609375  444.4609375 444.4609375 8857.802790826321 87.36560723641098 251365.11579176443 176.95992894313858 0.0
10000.0 20000.0 44.062056640628725 905.0852675781247 208.03263148949003 999.9710000000196 424.077880859375 104686.62208186767 1757.094456045329 6383187.06014666 4437.747713199109 2300.0
20000.0 30000.0 851.8229550781543 914.8177044921846 168.38939406013787 999.545999999973 574.2761191406171 87961.69984935356 1602.3493808979485 6002237.117388761 4154.472310349754 4100.0
30000.0 40000.0 2065.6789257811615 793.4321074218839 404.81685094620576 999.5619999999763 22.302000000025146 67022.87527795247 1257.1905558203114 4693214.706672816 3265.820047507998 4400.0
40000.0 50000.0 206.04907031252515 979.3950929687475 52.67784065087031 999.88400000002 829.8779296875 84508.0891552616 1484.31652427378 5677002.918697889 3942.7954335683094 3700.0
50000.0 60000.0 1156.6900371094234 884.3309962890577 258.25053276654 999.8080000000191 160.88507031247718 75303.43371102006 1356.3791210109703 5191005.172762932 3606.6621327646176 4400.0
60000.0 70000.0 1944.4809921873966 805.5519007812603 386.0613000863669 999.8670000000275 16.100107421865687 77705.87768269575 1366.535400610267 4962678.709015512 3450.510871725504 4400.0
70000.0 80000.0 1920.3349003906478 807.9665099609352 397.04981305061665 999.6689999999944 37.12099999998463 82744.5994510226 1488.7689541049826 5685509.199523667 3931.031561941569 4400.0
80000.0 90000.0 98.42609179689316 990.1573908203106 22.699009853399936 999.7370000000228 925.805908203125 85273.60214992902 1465.7404296393213 5632015.834395399 3901.304424514471 4400.0
90000.0 100000.0 238.87563867185963 887.3749419389219 286.82026850769506 999.8630000000121 47.13409179687733 99449.82413933847 1733.4507531435136 6281201.0556367505 4346.116816949839 4400.0
100000.0 110000.0 1385.6252988281776 861.4374701171822 259.24513467966244 999.1030000000028 225.71473046875326 95315.49084963571 1689.5476469716377 6150723.255339348 4253.70007477712 4400.0
110000.0 120000.0 1501.769853515667 849.8230146484333 318.886467493684 999.6520000000019 53.22202929685591 92042.90263370892 1609.4801872050857 5933640.870753574 4109.008860153248 4400.0
120000.0 130000.0 1934.2780214843806 806.5721978515619 394.6520242035055 999.0839999999735 37.5388828124851 84289.18669458365 1481.4034452717422 5547631.013130988 3833.6129567017824 4400.0
130000.0 140000.0 1525.452187500021 847.454781249998 326.50643203661605 999.960000000021 34.05690429685637 83579.94956672868 1482.5648070799673 5649962.083819406 3907.600152962867 3800.0
140000.0 150000.0 2013.3849550780724 798.6615044921928 400.74633778941416 999.875 30.839091796893626 83956.78192006295 1388.1810079976965 4882617.766092998 3396.2151253781767 3600.0
150000.0 160000.0 2238.5778984374483 776.1422101562551 365.00502475915187 999.5740000000224 35.32404687500093 88600.55655904242 1488.9043262026782 5224650.504279418 3631.4848652069845 4000.0
160000.0 170000.0 208.32216796878492 890.1525301846559 292.42062120789575 999.9039999999804 31.273945312481374 97492.7787611917 1720.572908976706 6251179.45521979 4322.804698005543 4400.0
170000.0 180000.0 1332.2508085937588 866.7749191406241 268.57650245950293 999.9710000000196 219.62111328123137 87434.8314893295 1544.2634897819444 5543966.365036514 3833.4634604079474 4400.0
180000.0 190000.0 180.77395703131333 892.6569129971533 280.2029057556253 999.9899999999907 76.3059218749986 114496.8230612501 1917.7910267007812 6891672.221852114 4769.655305645876 4400.0
190000.0 200000.0 148.44506054691738 895.5959035866439 238.823474125396 999.8699999999953 241.9898789062281 96709.23020369849 1702.9228232226847 5774665.449507971 3996.031980106577 4400.0
200000.0 210000.0 870.227777343709 912.977222265629 211.98269852374816 999.9910000000382 335.5159394531511 99011.30060871819 1697.2405532577357 5997398.507415556 4161.713917628895 4400.0
210000.0 220000.0 1521.6881640625652 847.8311835937435 325.82380560372263 999.4440000000177 4.704716796870343 75191.35781547656 1342.5915028382528 5135365.553444471 3553.829683207183 4400.0
220000.0 230000.0 986.2811347653624 901.3718865234638 291.15094479512754 999.9440000000177 73.35288085939828 92428.25911281267 1664.2293802142444 6248392.89552208 4320.46591776458 4400.0
230000.0 240000.0 76.65698437497485 902.1220923295477 289.0589686602679 999.9250000000466 33.02001562505029 92252.9566682087 1667.2197399600116 6237994.475824331 4326.560154026038 4400.0
240000.0 250000.0 601.1687441407703 854.4392050781117 302.90853685600223 999.9640000000363 74.43799999996554 100348.14514107423 1794.4604693874448 6626908.436243461 4586.451297286676 4400.0
250000.0 260000.0 1311.1141660155263 868.8885833984474 275.39438874106514 999.7310000000289 136.28674414067063 75311.03602359578 1297.0887484605917 5022415.892386628 3483.254625529222 4400.0
260000.0 270000.0 1663.3390898437938 833.6660910156206 354.8033903383651 999.9749999999767 31.097910156240687 94067.9866016143 1590.3467536879605 5864422.364099201 4055.725683746974 4400.0
270000.0 280000.0 137.43189257802442 986.2568107421976 25.453455027402065 999.5620000000345 923.485107421875 94120.72434946764 1616.0649646607585 6055657.877260575 4199.601355518449 3700.0
280000.0 290000.0 2861.7831074218266 793.1352102864637 379.13845555458494 999.9640000000363 75.66989257815294 70338.27565053236 1207.9350353392415 4445275.122739425 3094.3986444815514 3400.0
