ts te idle avg_span std_span max_span min_span c_bytes_all c_pkts_all s_bytes_all s_pkts_all videorate
0.0 10000.0 9310.945068359375 689.054931640625  689.054931640625 689.054931640625 12812.357708540998 106.94789406127711 336224.8593090829 236.66533976140678 2300.0
10000.0 20000.0 32.76801953121321 906.1119982244352 221.20932004745922 999.5829999999842 309.5950683593983 101304.00701780005 1719.1131678766205 6761586.746779558 4681.343605966404 2300.0
20000.0 30000.0 681.3969238280552 847.1457341974495 333.09637509839246 999.710000000021 29.920087890641298 85600.53472487084 1551.724090460807 5683679.01722631 3936.3333655493166 4400.0
30000.0 40000.0 344.4279824218829 877.7792743252834 297.5394831981507 999.9409999999916 37.156005859375 82185.23726254753 1486.3204983612827 5796285.985287077 4023.709760762838 4400.0
40000.0 50000.0 172.19405273435405 982.7805947265646 36.75819611098637 999.9259999999776 883.501953125 77302.71287248806 1451.1478183469433 5827106.693588859 4040.9749703722387 4400.0
50000.0 60000.0 1226.8168437499553 797.5621051136404 340.10968038950705 999.86599999998 112.92704687500373 82548.08171153966 1516.8712190207857 6047136.618632833 4177.215956232528 4400.0
60000.0 70000.0 96.5080292968778 900.317451882102 213.67256650328386 999.9230000000098 351.257080078125 83584.63833935183 1530.6899028876867 5974891.205559927 4139.78746417655 4400.0
70000.0 80000.0 1551.0111777343554 844.8988822265644 323.24294280591226 999.9670000000042 75.52490234375 80830.96841321292 1474.3665397690836 5835061.530491292 4032.56222083283 4400.0
80000.0 90000.0 254.26991015626118 974.5730089843739 38.46655742203942 999.7010000000009 889.4169921875 90749.57099843054 1624.746796722943 5774212.571750744 4009.7692844441553 4400.0
90000.0 100000.0 99.86091210937593 900.0126443536931 267.5841083000738 999.7280000000028 108.16800781252095 97453.12684975029 1713.7812461691817 6157413.420229459 4263.198794351146 4400.0
100000.0 110000.0 62.10697265632916 903.4448206676065 249.6184389208088 999.86599999998 171.68891992187127 91910.61109837274 1625.4315553533027 6034042.787543021 4169.383752976319 4400.0
110000.0 120000.0 41.386115234403405 905.3285349786906 244.1938410532792 999.7430000000168 197.514892578125 94711.0180726432 1689.786395663195 6222585.237157101 4311.940245975964 4400.0
120000.0 130000.0 1594.1029453124502 840.589705468755 307.8955133463279 999.329000000027 224.5030078124837 87068.3306939857 1551.7303550468087 5715841.507904363 3955.3323894826185 4400.0
130000.0 140000.0 531.2851542969001 860.7922587002818 286.92435045518835 999.9079999999958 67.764892578125 96986.76468066055 1713.3749748696869 6153603.621686412 4267.06714880304 4400.0
140000.0 150000.0 68.73896679695463 902.8419121093677 287.3014966990149 999.6809999999823 38.89892578125 82376.67717269117 1497.9355397411155 5667014.909927064 3924.27193188904 4400.0
150000.0 160000.0 606.2229746093508 939.3777025390649 138.86193820709812 999.695000000007 557.0030000000261 98185.12635939012 1744.9692898159233 6511047.080452145 4503.201201980938 4400.0
160000.0 170000.0 69.61392968759174 902.7623700284007 267.6127001546999 999.9789999999921 108.44904882810079 90082.81555752608 1577.411956802133 6121529.853722478 4239.534243607662 4400.0
170000.0 180000.0 1017.1790468750987 816.6200866477183 336.00832561740515 999.8979999999865 30.406978515617084 91453.64843283803 1512.5369911937985 5788860.320898397 4016.2140055530626 4400.0
180000.0 190000.0 392.2460800781264 873.4321745383521 288.5238341296154 999.8009999999776 74.44189453125 88166.13224048757 1582.258307724499 5973762.533525433 4144.089015402849 4400.0
190000.0 200000.0 1031.0869609375368 896.8913039062463 189.92343445176735 999.9699999999721 392.60693359375 79484.502553447 1458.8744208299177 5641005.360584697 3908.8413304381643 4400.0
200000.0 210000.0 894.2410253906855 910.5758974609314 158.74869079451412 998.984999999986 605.4660664062249 93571.87086409508 1551.6081466397522 5924309.838905646 4098.836687103275 4400.0
210000.0 220000.0 959.8026562498417 821.8361221591053 309.761276014627 998.9590000000317 105.34309179685079 87318.25780226558 1581.0743351080926 6112720.516846362 4236.621577815862 4400.0
220000.0 230000.0 402.76324999984354 872.4760681818324 291.00862382158715 999.4370000000345 69.302001953125 84170.62687556818 1535.8396835338842 5854370.689862292 4060.840125298275 4400.0
230000.0 240000.0 65.49772070348263 903.136570845138 288.1605876814772 999.9379999999655 36.61328125 80318.35399092395 1424.8684415686785 5474157.370746497 3797.9082663195522 4400.0
240000.0 250000.0 332.47501171869226 966.7524988281308 61.44935949119456 999.8229999999749 820.515000000014 96737.23366956816 1746.8755129719864 6643966.322030982 4587.206213421893 4400.0
250000.0 260000.0 644.7992519532563 850.4727952769767 295.3492321792236 999.3699999999953 104.94073046871927 85519.14947245186 1566.9175095062271 6044033.873978198 4189.085332608441 4400.0
260000.0 270000.0 520.6641093748622 861.7578082386489 306.1764898477091 999.8100000000559 152.16398242185824 84065.81591570632 1531.5046372590177 5888651.100884087 4074.1016864588532 4400.0
270000.0 280000.0 607.9699082029983 939.2030091797002 125.29296714627927 999.3050000000512 651.2130917968461 80082.82864884597 1448.2927726953703 5540810.424489686 3844.96408241478 4400.0
280000.0 290000.0 323.16211718751583 967.6837882812484 54.24521211230955 999.9320000000298 857.2210000000196 95518.10441390272 1673.1982032256055 6114132.600557705 4240.780330768752 4400.0
290000.0 300000.0 1335.7308124997653 866.4269187500234 276.9336750333362 999.9790000000503 117.09411718754563 96175.6874468636 1707.834996806213 6187464.375292756 4291.699890879578 4400.0
