ts te idle avg_span std_span max_span min_span c_bytes_all c_pkts_all s_bytes_all s_pkts_all videorate
0.0 10000.0 6139.879107421846 772.0241785156308 434.2181071035862 998.4280000000144 2.014892578125 45206.59894685415 635.3936859129575 2401739.0994155505 1688.928694974156 1728.5714285714287
10000.0 20000.0 601.1657929688226 939.8834207031177 130.76138844543775 998.9479999999749 604.670999999973 89539.76862662987 1517.3631392501327 5779127.495649528 4012.950843300498 2818.181818181818
20000.0 30000.0 286.67616601567715 883.0294394531203 253.4730307837135 999.7280000000028 179.3949003906455 87256.3944636646 1630.2843518275617 6336971.154095418 4379.934683829684 4400.0
30000.0 40000.0 922.6830156249343 825.2106349431878 250.35218207989195 999.6880000000237 322.7340664062649 76153.15692911259 1405.4718840857652 5469805.35331292 3782.663610866867 4400.0
40000.0 50000.0 546.4986582030542 859.4092128906315 289.42340386476764 999.8780000000261 140.041259765625 85851.52434818592 1604.682455714009 6371357.002699564 4401.136331878833 4400.0
50000.0 60000.0 273.2552597656613 972.6744740234338 52.94782899107551 999.8479999999981 855.4777402343461 82943.55668555285 1501.8044832095738 5835621.894827019 4043.385835149961 4400.0
60000.0 70000.0 882.5368789062486 911.7463121093751 268.413358597381 999.2770000000019 147.84912109375 84047.99598597838 1510.6213453329044 5718231.068482724 3971.82907248675 4400.0
70000.0 80000.0 131.24008984374814 897.1599918323865 265.56060394309714 999.6770000000251 107.83203125 86957.35857673775 1567.1621808994532 6283401.248170864 4342.117433979943 4400.0
80000.0 90000.0 669.72013476555 933.027986523445 120.65106878931115 999.7370000000228 643.618896484375 88566.8198047075 1582.324502069254 6047228.29737567 4180.289453608553 4400.0
90000.0 100000.0 554.3099296875298 858.6990973011336 309.73975059514953 999.820000000007 127.365966796875 90178.60449772507 1621.9302906456205 6178808.719505143 4269.560848651649 4400.0
100000.0 110000.0 343.9840703124646 965.6015929687535 54.19101089381659 999.8020000000251 870.6350332031143 86090.62462773277 1520.1409256360876 5848301.263259459 4055.236104691109 4400.0
110000.0 120000.0 107.08464843739057 899.3559410511463 265.4393747382572 999.9810000000289 114.1761035156087 81413.53113257159 1471.42097197243 5871306.907811451 4063.611289927957 4400.0
120000.0 130000.0 1502.7479707031162 772.4774572088077 387.46035592861796 999.9340000000084 151.75927734375 85661.09751346352 1495.4680255345775 5671019.724348476 3921.019177476206 4400.0
130000.0 140000.0 971.8343515624292 902.8165648437571 169.6456676554431 999.6060000000289 553.9180000000051 89245.16354125888 1604.2864054250736 6052024.554925957 4182.7965254311 4400.0
140000.0 150000.0 717.5039609375526 843.8632762784043 308.4054286964941 999.7750000000233 115.93896484375 84035.7096560402 1534.9959562385864 6068174.159525786 4200.547075149684 4400.0
150000.0 160000.0 313.9780683593708 968.6021931640629 50.661021607858366 999.9789999999921 875.868896484375 83089.47698365693 1478.9726872260333 5765430.125004936 4001.534325494151 4400.0
160000.0 170000.0 96.29098046879517 900.3371835937459 264.93827689855266 999.560999999987 119.77710351563292 78098.10409547658 1434.9641994213005 5599024.785877109 3871.2599363838212 4400.0
170000.0 180000.0 785.4989023437374 837.6819179687511 267.91602088261067 999.8549999999814 167.30208398436662 86626.85914063505 1560.329717549023 6155209.033596224 4254.370855812601 4400.0
180000.0 190000.0 75.56876171875047 902.2210216619318 210.16408614952513 999.289999999979 384.6259863281157 87981.1150594908 1585.4960226833514 6099261.4267285755 4212.981975689196 4400.0
190000.0 200000.0 513.5313203124679 862.4062436079574 306.4823924228767 999.1030000000028 135.679931640625 82873.53344753082 1510.2451234514376 5954329.5494401865 4118.337219119955 4400.0
200000.0 210000.0 107.62899414054118 899.3064550781327 273.2295989073497 999.7280000000028 84.8359375 84460.41443011965 1516.8724478782506 5825713.9233067185 4047.292123032942 4400.0
210000.0 220000.0 412.46187890623696 958.7538121093763 64.89203923163308 998.8070000000298 819.1550000000279 83359.04220897495 1508.8001299325524 6026524.278045547 4166.200099183408 4400.0
220000.0 230000.0 1371.4369531249395 862.856304687506 282.48046418297 999.6180000000168 120.8829414062202 83558.58726191068 1528.8314184748062 5992372.2643726105 4139.397564994912 4400.0
230000.0 240000.0 83.74517578131054 901.4777112926081 220.0063571530537 999.9579999999842 346.4848945311969 82457.33724032431 1496.0703327966419 5845245.625514081 4038.8484864729994 4400.0
240000.0 250000.0 179.89593554707244 892.7367331320843 210.8940031973128 999.98199999996 402.8350703124888 89433.17809022235 1554.9519051935977 5930733.350269771 4117.932650818551 4400.0
250000.0 260000.0 32.78393750009127 906.1105511363553 204.08607491129615 999.8919999999925 447.5340058594011 76933.33939143411 1393.1801259993683 5460946.996080973 3792.8796666816866 4400.0
260000.0 270000.0 69.23993554711342 902.7963694957169 213.14110464340519 999.7689999999711 455.21394335932564 89150.57099634722 1624.8420733737216 6420897.502474149 4437.835390475092 4400.0
270000.0 280000.0 108.4731386717176 899.2297146662075 206.2199776380675 999.8170000000391 456.906982421875 87372.5247021169 1581.6439525893334 6075253.654757018 4197.267495970393 4400.0
280000.0 290000.0 1044.9680410154397 895.503195898456 226.9579473784159 999.515000000014 338.8680175781483 80930.44680932214 1460.6799424521512 5736850.978048106 3960.467788330657 4400.0
290000.0 300000.0 114.37286718760151 898.693375710218 219.07867942918617 999.7129999999888 366.9130585937528 84862.62954752207 1523.437162914677 5841035.406851448 4052.5712336322185 4400.0
