ts te idle avg_span std_span max_span min_span c_bytes_all c_pkts_all s_bytes_all s_pkts_all video_rate
0.0 10000.0 6052.283953124999 986.9290117187502 20.18300044206274 999.1800000000003 956.748046875 28752.63551340416 468.8350629532313 1467771.8814217192 1239.9276522440389 1257.142857142857
10000.0 20000.0 1104.8980468750015 808.6456321022725 380.83334373527305 999.1970000000001 42.46595312499994 28734.36448659584 661.1649370467687 1759769.1185782806 1474.0723477559611 840.0
20000.0 30000.0 3622.768000000011 911.0331428571413 141.14725597218063 996.4669999999969 630.150999999998 20485.0 422.0 1344701.0 1153.0 870.0
30000.0 40000.0 2692.50910742188 913.436361572265 167.0160991125097 999.5199999999968 532.389892578125 27574.539347177368 707.1257562069325 3286764.317376757 2702.184844119406 2166.6666666666665
40000.0 50000.0 132.1669453124996 897.0757322443183 224.55055722874303 999.9239999999991 439.470947265625 41709.23488010139 1121.1726099101284 4802116.812685016 3923.7271057494863 4050.0
50000.0 60000.0 342.90965234371834 877.9173043323892 244.05210109127427 999.6860000000015 259.227294921875 46873.427498063786 1297.8447798863592 5600031.968166537 4560.1347369575 4400.0
60000.0 70000.0 1667.634294921867 925.8184116753481 150.0768261405055 998.8800000000047 571.4447050781309 40445.798274657456 1086.85685399658 4685418.901771692 3804.953313173608 4400.0
70000.0 80000.0 1579.0850292968535 935.6572189670163 150.6438632454765 999.9860000000044 546.594970703125 46109.289113746214 1173.2320790223682 5144317.778435802 4177.856415987664 3400.0
80000.0 90000.0 2018.000886718757 798.1999113281242 339.6807222352649 999.9290000000037 31.512000000002445 33921.7120895414 839.0042505914549 3485245.9317758027 2847.9219942384243 2766.6666666666665
90000.0 100000.0 3054.7450917968818 771.6949898003464 353.645376719939 999.3029999999999 20.37699999999313 30606.492043575312 759.2022313706256 3183781.9856697195 2619.2513696254546 2300.0
100000.0 110000.0 162.1887460937287 894.3464776278429 215.568076585832 999.8870000000024 446.4100078125048 35770.52381727024 888.4622414200272 3622492.1372478376 2971.4541894430035 2300.0
110000.0 120000.0 1103.8549570312898 889.614504296871 203.22462216737557 998.8090000000084 489.0712890625 29795.126354143846 729.4852100360498 2962235.1732679643 2436.393274872174 2300.0
120000.0 130000.0 3006.9823769531213 874.1272028808598 222.40029059371906 999.9739999999874 506.5307109375135 28515.3152544439 694.6557846849103 2833317.8229914634 2328.6330877226155 2300.0
130000.0 140000.0 140.28601562502445 896.3376349431796 215.21916906194974 999.8759999999893 448.118896484375 41117.36757836816 1043.7609780325897 4322633.29411964 3525.3240952121773 3000.0
140000.0 150000.0 1928.9889570312225 896.7790047743086 198.3899449730896 999.8179999999993 545.8991035156359 42713.394006135146 1105.1496555662281 4590847.073018985 3736.476664150398 3700.0
150000.0 160000.0 2551.817939453147 827.5757845052059 334.3208959829844 999.9739999999874 76.31599999999162 31379.779742775787 784.0475692757459 3233955.8034727857 2643.688908748089 2300.0
160000.0 170000.0 3833.8469999999797 770.7691250000025 415.64306945002926 999.9100000000035 85.20199999999022 23478.0 578.0 2381893.0 1962.0 2300.0
170000.0 180000.0 2449.75700585937 838.9158882378478 337.10977126028183 999.9340000000084 30.176999999996042 34825.724414850556 846.4165236531547 3339367.347942896 2729.1466045453153 2300.0
180000.0 190000.0 1200.5109941406408 879.9489005859359 172.99416054007196 999.4200000000128 447.6300058593624 32469.275585149444 806.5834763468453 3186677.652057104 2629.8533954546847 2300.0
190000.0 200000.0 623.1770253906434 937.6822974609356 180.70958451958228 999.2729999999865 423.573974609375 36797.38032268338 905.8512236274063 3717229.178243544 3046.5225039416364 2650.0
200000.0 210000.0 284.3059121093829 883.2449170809651 234.67255259484912 999.68299999999 285.9140625 41409.08401444908 1067.8818259583265 4453828.471053169 3636.510332833396 3466.6666666666665
210000.0 220000.0 226.5380722656555 888.4965388849404 235.19753421649537 999.880999999994 235.739990234375 36845.257073173394 943.3405513658088 3896630.0447349795 3188.744535469146 3000.0
220000.0 230000.0 2898.6929902343545 887.6633762207057 202.65002910840462 998.4670000000042 558.6069999999891 37542.27858969416 939.9263990484584 3765223.305968307 3069.2226277558216 2860.0
230000.0 240000.0 1534.1610722656187 940.6487697482646 160.83441917996504 999.7380000000121 512.200927734375 40902.6244333865 1036.3311845004137 4280152.767878174 3488.8848322406457 3000.0
240000.0 250000.0 2006.7139277343522 799.3286072265648 343.35463610312405 999.8969999999972 35.103000000002794 41682.979622438674 1067.3783358549845 4376592.15480649 3573.2130673101246 3466.6666666666665
250000.0 260000.0 121.73911914066412 898.0237164417578 220.97903789333415 999.8769999999786 426.452880859375 36520.292562835355 918.0117985377028 3836990.417100196 3137.236139559351 3000.0
260000.0 270000.0 4182.844828125089 727.1443964843638 315.01677044603986 997.9699999999721 107.16800000000512 29818.758334552458 735.9278411898152 2970178.008748219 2431.6528309520654 2300.0
270000.0 280000.0 154.44297460938105 895.0506386718745 222.0469684327767 999.5540000000037 445.345947265625 47372.83778205563 1197.7888148705574 4877531.320729794 3991.482061502903 3350.0
280000.0 290000.0 203.73319921869552 890.5697091619368 222.65967389000667 999.6180000000168 357.65087890625 51211.205565941775 1339.7107795610211 5516297.884010593 4483.576698094506 4400.0
290000.0 300000.0 2029.7608320313157 885.5821297742982 191.55428607971166 999.6329999999725 531.498046875 44388.84701380636 1144.1881745609478 4637441.050566985 3772.6862987970985 3933.3333333333335
