ts te idle avg_span std_span max_span min_span c_bytes_all c_pkts_all s_bytes_all s_pkts_all videorate
0.0 10000.0 6787.517091796875 803.1207270507812 367.4280967422523 998.9449999999997 252.305908203125 25516.876099376612 394.9694198370524 1205174.1415959678 1022.5548547603623 1424.0
10000.0 20000.0 314.87696289063024 880.4657306463064 262.3433247176678 997.6370000000024 125.7939453125 43376.33096352034 1001.7920476908282 2909625.64303967 2377.3324318766527 1005.0
20000.0 30000.0 1824.5279453124967 908.385783854167 222.43324229509477 999.997000000003 325.2260000000024 30838.792937103048 726.2385324721195 1861920.2153643619 1546.1127133629852 1500.0
30000.0 40000.0 3531.947062500003 808.5066171874996 311.5879199622263 999.9289999999964 146.8359375 31158.284081985727 779.4910749029184 3371947.616535741 2789.1512703141225 2075.0
40000.0 50000.0 185.20602539061656 892.2539976917622 277.2231147067014 999.5280000000057 66.159912109375 34962.25697885889 937.0269651522847 3720263.103351105 3049.6739435197173 3000.0
50000.0 60000.0 207.9899121093913 979.2010087890609 38.490243060506415 999.8110000000015 886.698000000004 41172.45893915539 1103.481959944797 4365985.280113154 3553.1747861661597 3500.0
60000.0 70000.0 2100.3070000000007 987.4616249999999 17.177909725970007 998.5899999999965 955.2799999999988 28366.0 731.0 2901813.0 2392.0 2300.0
70000.0 80000.0 2075.257894531256 880.5269006076383 302.39180161330785 999.4809999999998 83.30810546875 33367.64381666319 788.834880221565 2933797.4473161343 2423.5844161550954 2300.0
80000.0 90000.0 1017.1309941406071 898.2869005859393 286.39957407625855 999.528999999995 86.589111328125 39501.68578512496 955.7829149439998 3642806.072062693 3011.856866106022 2300.0
90000.0 100000.0 102.17914257814118 899.80189612926 283.1407273895127 999.9470000000001 51.04296875 49711.00734315638 1296.846255849591 5187448.348587546 4199.308332065715 4400.0
100000.0 110000.0 66.37170703124139 903.0571175426144 296.0377567294277 999.9949999999953 11.59326171875 51723.41889513677 1359.7671247138878 5580101.053808911 4518.222669629138 4400.0
110000.0 120000.0 171.70133203119622 982.8298667968804 27.29037613459439 999.140000000014 918.7529296875 54571.64018997986 1384.890973294806 5604060.51087428 4568.315511260975 3800.0
120000.0 130000.0 366.8418164062605 875.7416530539763 277.14603067528515 999.619000000006 79.87707031250466 56216.499841909266 1461.194065541549 5695987.063189554 4633.69699266597 4400.0
130000.0 140000.0 30.997201171907363 906.2729817116448 233.16894333923622 999.9670000000042 244.96788671874674 53251.62544188106 1399.1360156989783 5644161.214832371 4591.412580654275 4400.0
140000.0 150000.0 42.52291796883219 905.2251892755608 228.73396408466684 999.1009999999951 264.30008789061685 52318.307897770064 1376.0087452842133 5532166.049402771 4500.127239522216 4400.0
150000.0 160000.0 41.597105468739755 905.3093540482964 226.05838098502457 999.997000000003 281.6760058593645 53849.65253560676 1399.1470748251163 5649766.2649664115 4604.734611973129 4400.0
160000.0 170000.0 255.677978515625 885.8474564985795 233.44926314512233 999.8649999999907 301.4881113281299 57544.387437235826 1508.9370519071463 6325856.248024907 5122.924812371164 4400.0
170000.0 180000.0 42.009804687520955 905.271835937498 207.52704627331767 999.9819999999891 436.28508984376094 55327.46931641079 1454.425218216682 5887308.248748412 4791.753185047492 4400.0
180000.0 190000.0 1949.0448281250137 805.0955171874987 324.69302707538213 999.6520000000019 118.75927734375 43204.7882802238 1104.6747108143313 4371250.24056705 3568.377602411047 3466.6666666666665
190000.0 200000.0 116.5923632812337 898.4916033380697 288.9828211431157 999.9610000000102 33.8369140625 53407.64326928104 1380.9437128079305 5487378.030010956 4441.927889050068 4166.666666666667
200000.0 210000.0 67.82395898437244 902.9250946377844 295.88350229156663 999.8830000000016 11.303955078125 52703.7045697033 1347.6282566391687 5239745.7427391345 4253.431474331427 4400.0
210000.0 220000.0 150.6498925781343 984.9350107421866 23.40044321281214 999.7090000000026 926.6640625 54844.59276374168 1427.6393771605763 5811190.810352258 4712.071693142976 4000.0
220000.0 230000.0 1950.023158203112 804.9976841796888 369.7402570862568 999.7960000000021 70.83793750000768 40772.08540239993 1067.249714119867 4327925.59887564 3513.2122993112184 4400.0
230000.0 240000.0 132.16000195316155 897.0763634588035 276.8442915002518 998.9880000000121 72.39990234375 46927.56762771805 1201.4343954532378 4923568.744453569 4015.51729554082 3400.0
240000.0 250000.0 84.3588222656399 901.4219252485782 288.75614420058804 999.6880000000237 33.632080078125 57451.50321068304 1460.1981205479406 5581858.358641679 4537.470903654862 4400.0
250000.0 260000.0 84.28276367194485 991.5717236328055 14.996796292457995 999.7839999999851 961.54931640625 58456.7311468181 1529.0297855553317 6362595.29952102 5154.872865262419 4400.0
260000.0 270000.0 253.08727148437174 886.0829753196026 289.8835041161158 999.4349999999977 37.051683593774214 54215.98455458879 1406.873069828637 5618765.897684847 4565.149755572084 4400.0
270000.0 280000.0 99.81193945312407 900.0170964133523 235.38681923981486 999.9820000000182 230.83295507810544 50380.017650007554 1316.0333809709432 5423909.658180259 4405.663326586889 4400.0
280000.0 290000.0 1991.9949921875377 800.8005007812462 333.0318524278834 999.9959999999846 136.01611328125 44057.46333372777 1139.3715040175869 4608068.017419288 3749.792662165332 3816.6666666666665
290000.0 300000.0 132.3191191406804 897.0618982599382 287.85778614933025 999.9189999999944 38.968994140625 42217.528964347075 1089.4136427217088 4412789.931500755 3608.1333885694416 3350.0
