ts te idle avg_span std_span max_span min_span c_bytes_all c_pkts_all s_bytes_all s_pkts_all video_rate
0.0 10000.0 8217.314033203125 891.3429833984374 146.16182357653875 994.6949999999997 787.990966796875 21802.188981189338 350.684159346062 1085896.6174516159 897.9491774669848 2300.0
10000.0 20000.0 320.34508398437174 879.9686287286935 267.9724037709123 999.8060000000005 211.77703320312503 60842.71747718673 1584.227733455788 6314218.638840935 5092.874608136714 2300.0
20000.0 30000.0 139.5417890624958 896.4052919034094 224.52842386135663 999.9159999999974 386.37109375 49001.96745663198 1355.0115509113439 5376616.56481526 4380.1670513699155 4400.0
30000.0 40000.0 316.2211113281228 880.343535333807 249.5454903935335 999.8759999999966 219.531982421875 49031.686761338744 1331.7693776124568 5276654.272602461 4325.722788164941 3622.222222222222
40000.0 50000.0 248.71004687499953 886.4809048295455 252.523876389282 999.724000000002 162.658935546875 53646.47789926682 1448.0223828556261 5572686.162487673 4530.2407217338305 4400.0
50000.0 60000.0 441.01583593751275 868.998560369317 281.1963961032798 998.8059999999969 59.527099609375 54185.7071828557 1435.077914323291 5621595.166216437 4587.022237353126 4400.0
60000.0 70000.0 827.9781015624903 917.202189843751 170.78888903182462 999.9130000000005 472.822998046875 42235.25093595737 1090.8855576218314 4179467.912842451 3433.315968642922 3175.0
70000.0 80000.0 1059.6067402343906 894.0393259765609 209.89810669950634 999.6589999999997 470.7392578125 31947.454765745584 800.3763181407681 3003659.0401122603 2473.6840978362247 2300.0
80000.0 90000.0 1129.3083378906013 887.0691662109399 220.16914612619743 999.9260000000068 419.742919921875 38714.23267848376 970.902887825848 3679948.005318454 3022.9250741790406 2300.0
90000.0 100000.0 129.54303710939712 897.3142693536912 217.85518040388973 999.9339999999938 394.0048828125 53490.526549220835 1405.6827200293772 5312826.656244085 4340.4057409596235 4400.0
100000.0 110000.0 81.25698242186627 901.7039106889213 216.84241593440652 999.1659999999974 362.972900390625 53344.4296106009 1403.7586044375857 5465274.559691841 4460.44450732152 4400.0
110000.0 120000.0 944.3325957031047 905.5667404296895 185.48640680818403 999.9560000000056 488.2373046875 38350.15481110009 985.1774554236281 3868029.7678135308 3182.066208206055 2912.5
120000.0 130000.0 1738.5293808593997 826.14706191406 255.1485724691832 999.1089999999967 383.9400000000023 34969.208347588785 865.1173417864369 3202536.1052001873 2637.617947381627 2300.0
130000.0 140000.0 106.98399609373882 899.3650912642056 219.3349505245289 999.4990000000107 409.700927734375 48542.83518169725 1259.413425741109 4758076.509554209 3911.063452286748 3500.0
140000.0 150000.0 95.05598242185079 900.4494561434681 215.75234871588705 999.0460000000021 365.2939453125 54366.197067503024 1432.8324432425252 5554511.652501451 4519.849485200822 4400.0
150000.0 160000.0 242.2516582031094 887.0680310724446 257.2034890376812 999.2550000000047 185.769287109375 53163.55301319629 1399.205510918339 5530991.414933784 4502.191846625252 4400.0
160000.0 170000.0 783.0982871093729 921.6901712890627 184.09533049214423 999.9409999999916 424.0890000000072 54722.41128043682 1459.854616327984 5767569.953373365 4662.459087134654 4400.0
170000.0 180000.0 2435.8459999999905 840.4615555555566 325.2349590531109 999.7119999999995 96.91599999999744 37653.46571721553 959.766640705112 3748307.575793206 3072.3999332417166 3000.0
180000.0 190000.0 152.60789062501863 895.2174644886346 217.30787781308658 999.8450000000012 411.037109375 44282.40298620974 1127.3205738934344 4257592.2270023255 3509.8617105539224 3200.0
190000.0 200000.0 76.42002343747299 902.143634232957 218.53300077380882 999.7840000000142 360.0380859375 56004.59335974662 1475.4931541998567 5658521.660882892 4610.368167641333 4400.0
200000.0 210000.0 55.79409570310963 904.0187185724445 220.4356159978383 999.6320000000123 325.114990234375 55455.60069291596 1463.0325156680415 5676734.2528892215 4619.935966775433 4400.0
210000.0 220000.0 897.6830820312607 910.231691796874 184.41752232501398 999.3509999999951 471.930908203125 50972.86240612615 1328.7724937476585 5186812.284567068 4219.896919761139 3388.8888888888887
220000.0 230000.0 3594.42679882815 640.557320117185 395.9467598144687 999.9539999999979 96.16099999999278 31034.791851334896 784.1107267177991 2972644.8095140387 2461.1197504594566 2300.0
230000.0 240000.0 202.56400976565783 890.6759991122129 214.17233295441355 999.4219999999914 365.902099609375 47713.451733066024 1228.6715131214273 4620656.632350894 3802.624722789179 3500.0
240000.0 250000.0 1958.9051894530712 804.1094810546929 310.3470068035892 999.4130000000005 94.88800000000629 42205.53534637457 1091.172042318617 4109637.786758534 3372.572294299959 3087.5
250000.0 260000.0 2018.9698769531096 798.1030123046891 338.70748493349714 999.9409999999916 84.5219999999972 41214.93553092558 1031.7916770495026 3864932.1477006837 3200.9403645185953 2900.0
260000.0 270000.0 458.33491210936336 867.4240988991488 256.4979187588979 999.6900000000023 178.72412109375 55237.54129271304 1462.2452893436944 5581383.106599961 4550.954576914331 4400.0
270000.0 280000.0 1950.8420253905933 894.3508860677118 176.2046600639738 999.9259999999776 489.548095703125 44762.33706853207 1188.0680969193395 4621491.253007571 3767.1994266923516 4400.0
280000.0 290000.0 126.2120566405938 897.617085759946 217.76928508268054 999.9160000000265 413.5400390625 59864.22271382473 1570.5786060526912 6166545.124035409 5002.6098648102525 4000.0
290000.0 300000.0 124.00300976558356 897.8179082031288 220.37133612815373 999.9770000000135 345.530029296875 47918.53902618263 1246.7867634851712 4717406.282953769 3875.330436592224 3525.0
