ts te idle avg_span std_span max_span min_span c_bytes_all c_pkts_all s_bytes_all s_pkts_all video_rate
0.0 10000.0 6410.345945312525 897.4135136718687 174.82964581628153 993.2889999999898 635.7060546875 29909.345535145607 308.80469133122176 969441.6528126327 683.2408667609706 1000.0
10000.0 20000.0 722.3821328125196 843.4198061079528 264.0816727429385 999.5989999999874 363.4859453124809 55569.54096128289 827.2394725086313 1985630.241379907 1410.5389579660514 850.9090909090909
20000.0 30000.0 2581.4039218749385 824.2884531250069 320.44901468214096 999.4010000000126 94.09799999999814 44211.113503571505 701.9558361601471 2014880.1058074604 1408.220175272978 1062.857142857143
30000.0 40000.0 1963.1708847656264 892.9810128038193 224.08566166045966 999.7569999999832 340.318115234375 60382.67600854993 950.547143657944 3202759.532964264 2258.547143657944 2275.0
40000.0 50000.0 3031.0850878906786 696.8914912109321 337.5746449612688 999.3159999999916 179.02399999997579 64703.64807642759 1125.0976217693453 4184440.9412913313 2917.5653204175405 3000.0
50000.0 60000.0 2233.027138671954 776.6972861328046 294.19683162799913 999.4020000000019 177.36800000001676 75550.61509876428 1349.9700351522827 5125129.880701784 3552.0145606621354 4000.0
60000.0 70000.0 77.52996874996461 902.0427301136395 214.59770931063036 999.9230000000098 447.492919921875 90957.68779617638 1674.675073310267 6332856.377108303 4384.1428751201975 4400.0
70000.0 80000.0 539.6648808593745 860.0304653764205 224.50495250448955 999.9510000000009 375.0400390625 86173.69019483945 1543.5971541671888 5830004.496385202 4051.952841154829 4400.0
80000.0 90000.0 69.86398046871182 902.7396381392081 219.9488991566348 999.9560000000056 333.31005859375 91735.10133801246 1631.8726438497217 6157488.716301407 4272.816666117094 4400.0
90000.0 100000.0 628.5999707030714 851.9454572088117 302.56169482903493 1000.0 12.965087890625 87299.80679307076 1579.551876939303 5991707.639660686 4154.232941705335 4400.0
100000.0 110000.0 842.9200800781255 915.7079919921874 199.07184601415386 999.4610000000102 368.7080078125 89740.04051517828 1568.2113294732 5863358.603025373 4062.6809482987746 4400.0
110000.0 120000.0 1143.224748046894 885.6775251953106 207.29679827327072 999.9670000000042 406.291259765625 98106.4229956409 1673.724378698164 6333052.167870616 4378.671603216677 4400.0
120000.0 130000.0 1733.3871503905975 826.6612849609403 276.35113858159264 999.9619999999995 311.1450000000186 76802.71409163885 1374.70047481046 5206728.016533875 3601.015162902118 4400.0
130000.0 140000.0 138.94203515618574 896.4598149858012 214.70540194306662 999.8379999999888 364.22607421875 90825.9839295887 1615.3879617770954 6431147.897645757 4450.837318743433 4400.0
140000.0 150000.0 1150.479103515565 884.9520896484435 205.358213529479 999.994000000006 415.844970703125 81042.40304348379 1468.4900215064363 5791943.544946868 4007.817494769735 4400.0
150000.0 160000.0 1125.3420859374455 887.4657914062554 221.16764323021175 999.9870000000228 377.806884765625 80433.86034466523 1443.9579586296113 5632095.9497234095 3901.6368763450278 4400.0
160000.0 170000.0 2083.5128164062044 879.6096870659773 211.74113746164826 999.7640000000247 419.820068359375 78336.84753904711 1414.1389310774334 5456304.101741522 3774.454559847354 4400.0
170000.0 180000.0 1794.2409687500913 820.5759031249909 299.04201998023166 999.7999999999884 219.42399999999907 82367.54367203393 1475.5749921861448 5793736.175219752 4000.5737704578846 4400.0
180000.0 190000.0 73.51021093752934 902.4081626420428 216.21377124591612 999.9050000000279 369.535888671875 93661.64844766479 1704.5633608841433 6738738.982476413 4659.104146053137 4400.0
190000.0 200000.0 397.9475957030081 872.9138549360902 309.33803313031893 999.9640000000363 2.17529296875 89822.23309178537 1625.3721670957818 6318311.757368081 4370.897786828065 4400.0
200000.0 210000.0 1318.0589824217604 868.194101757824 275.8810028845361 999.9679999999935 290.3190000000177 84519.23062545498 1530.094138072433 5981085.095208973 4136.754840571599 4400.0
210000.0 220000.0 112.69299609365407 898.8460912642132 212.30461377930905 999.859999999986 370.497314453125 81845.95529402637 1478.4989702141502 5765930.35149607 4002.3543477241215 4400.0
220000.0 230000.0 1971.2083183594514 802.8791681640548 339.8321839230889 999.9250000000466 49.18400000000838 73841.78938774836 1279.4502155877153 4864957.028726897 3377.4258847535166 3800.0
230000.0 240000.0 80.12807031255215 901.8065390624953 211.49474024480494 999.5529999999562 361.64892578125 85852.93002965966 1529.7004097078348 5976807.911625716 4140.389577727654 4000.0
240000.0 250000.0 1316.6079335937975 868.3392066406202 222.77928576692173 999.3310000000056 376.4169921875 85693.8560042154 1502.520648871024 5585827.532319426 3871.5965306837215 4400.0
250000.0 260000.0 1254.6050214843126 874.5394978515687 212.50410021648486 999.9880000000121 409.594970703125 91571.8675847567 1637.6503032483233 6175331.924913762 4272.433899525497 4400.0
260000.0 270000.0 89.41305664076935 900.9624493962937 218.09346646159725 999.9009999999544 356.5869140625 92239.49035373323 1665.1503001848896 6287192.286187606 4357.177661516256 4400.0
270000.0 280000.0 1966.5819296876434 892.6020078124841 216.1082298474843 999.2689999999711 415.583984375 71042.52373630043 1225.8439764759491 4583754.510773956 3189.814078154229 3800.0
280000.0 290000.0 565.305007812567 857.6995447443121 306.96101487768925 999.7140000000363 15.7509765625 87802.96237639218 1547.2749772278128 5955139.153878175 4133.642813234435 4050.0
290000.0 300000.0 915.3540566406446 908.4645943359355 194.21485227232643 999.969000000041 414.242919921875 78494.69377100836 1413.061848827067 5526102.360661303 3825.9566725455616 4400.0
