ts te idle avg_span std_span max_span min_span c_bytes_all c_pkts_all s_bytes_all s_pkts_all video_rate
0.0 10000.0 9355.722900390625 644.277099609375  644.277099609375 644.277099609375 10181.851632696422 104.940829908183 351314.04386786796 248.100850955766 2300.0
10000.0 20000.0 270.8131777343806 884.4715292968745 225.58311510255555 999.3470000000088 350.3109003906138 100098.07555568664 1676.862095622734 6305279.482093568 4363.881854208859 2300.0
20000.0 30000.0 2071.3788007811527 792.8621199218848 316.09503921554443 999.7530000000261 140.84912109375 75927.67843061572 1362.3915970896485 5216229.116249719 3611.785546612993 3800.0
30000.0 40000.0 749.1361210937612 925.0863878906239 167.2660074861865 999.8009999999776 466.7849999999744 89039.39438100121 1684.8054773794347 6167917.357788846 4270.231748222381 4400.0
40000.0 50000.0 1884.3371035156306 901.7403218315966 246.91667876817746 999.8589999999967 253.493896484375 78710.03954534176 1468.473815694185 5723319.818290293 3956.902078712323 4400.0
50000.0 60000.0 100.99800195306307 899.9092725497215 244.7268589485812 999.804999999993 198.69189453125 86770.97496413172 1573.3254226731237 5965581.65236296 4142.379029683182 4400.0
60000.0 70000.0 209.8969824219239 890.0093652343705 296.596172942373 999.8379999999888 13.784912109375 94727.56448814695 1628.7760537178347 6096306.440168846 4229.168722232152 4400.0
70000.0 80000.0 811.1379804687458 918.8862019531255 166.44832004381715 999.3250000000116 580.3710878906422 81188.3388681663 1469.2931241510162 5689848.336176908 3934.323066754581 4400.0
80000.0 90000.0 139.46198046876816 896.412547230112 210.80686056540392 999.6410000000033 370.5010683593573 104136.7998842807 1665.552371257954 6205190.33398496 4309.003459248031 4400.0
90000.0 100000.0 36.41384375002235 905.7805596590889 208.2282125359338 999.5630000000237 402.541048828105 83796.16689904348 1510.4412844363549 5933913.4439258855 4114.144415413497 4400.0
100000.0 110000.0 461.8859902343829 867.1012736150561 275.63818647098805 998.6469999999972 220.8701171875 86268.25665998399 1553.8464088815306 6034958.768929013 4179.935835283278 4400.0
110000.0 120000.0 617.8591621093219 938.2140837890678 126.22530434566764 999.8379999999888 637.178955078125 87725.8132065032 1528.2317803951105 5895146.773766034 4079.188549425644 4400.0
120000.0 130000.0 1797.0736640624818 820.2926335937518 300.37835216907 999.9920000000275 243.30999999999767 80109.7454803806 1428.8062503480608 5573474.322253185 3855.5904423231304 4400.0
130000.0 140000.0 132.48039648443228 897.0472366832335 216.92992384815403 999.7970000000205 389.492708984355 83367.93499562 1540.7299952815974 6197760.306315672 4290.909778943307 4400.0
140000.0 150000.0 416.3588320311974 871.240106178982 259.5712556819494 999.679999999993 258.1640625 90517.33874036247 1614.847245678292 6171754.411581104 4278.345294013002 4400.0
150000.0 160000.0 74.38097851572093 902.3290019531163 241.66926907161053 999.7189999999828 211.861083984375 95475.25659871232 1631.8001384501933 5828697.039669629 4039.7130796376337 4400.0
160000.0 170000.0 55.68918554694392 904.0282558593688 245.79060730611758 999.4589999999735 187.5458984375 97414.46199467861 1732.6256352224987 6286897.710123782 4348.645205943292 4400.0
170000.0 180000.0 2348.8509765624767 850.1276692708359 267.5414052828447 999.9990000000107 264.169921875 85290.47023137557 1490.2085908947927 5434215.174890752 3762.1604999895817 4400.0
180000.0 190000.0 1418.6878769531613 858.1312123046839 254.6224475580768 999.939000000013 255.696044921875 88179.65066011855 1585.703074535957 6077969.407752622 4197.556754650566 4400.0
190000.0 200000.0 91.2870175781427 900.7920893110779 242.37748788955426 999.8209999999963 206.47802734375 90149.8408681655 1627.1174745066949 6309651.988272378 4364.0647302151365 4400.0
200000.0 210000.0 40.817128906201106 905.3802610085272 248.15404672682865 999.9370000000345 180.9208984375 92861.96573063177 1642.3265927894502 5898537.658824419 4087.62373197274 4400.0
210000.0 220000.0 1778.9697832032107 822.1030216796789 289.4336121106541 999.4399999999441 265.443115234375 86705.75374760573 1567.7132915030954 5760347.32033622 3987.387194420726 4400.0
220000.0 230000.0 34.05483593745157 905.9950149147771 232.7703491028049 999.39300000004 246.811279296875 100523.24742650017 1741.2082141435344 6580974.099175858 4554.411466036091 4400.0
230000.0 240000.0 1699.6181699217996 830.0381830078201 298.74815112971544 999.6080000000075 254.162109375 81227.89265512353 1466.9533466960365 5624429.399096955 3886.8792582651226 4400.0
240000.0 250000.0 2117.4161425782368 788.2583857421763 304.30759437461245 999.6369999999879 221.99499999999534 82387.90692412695 1424.7135338822618 5355936.3215647 3709.060794315175 3466.6666666666665
250000.0 260000.0 2858.5730175781064 793.4918869357659 250.36920558319866 999.1759999999776 245.3760000000475 74658.24923511408 1184.3567189182468 4274081.316603838 2991.1077977673513 3400.0
260000.0 270000.0 35.558667968725786 905.8583029119341 212.15951363154767 999.6620000000112 367.40405078127515 100356.66166563657 1751.419289303906 6068243.6996567035 4201.378803544208 4400.0
270000.0 280000.0 1435.7053437499562 856.4294656250044 284.75131304483705 999.984999999986 259.2109375 89911.91689162105 1604.4751360453936 6010282.300912073 4156.944584931759 4400.0
280000.0 290000.0 1938.9870292966953 806.1012970703305 350.3009812054994 999.5019999999786 73.1480000000447 90747.19023135507 1557.0972049813847 5556215.55170867 3840.4210160467146 4400.0
290000.0 300000.0 31.756593749742024 906.2039460227508 234.32348417328714 999.9570000000531 238.747314453125 109501.2127472633 1815.6487646193816 6866211.066745153 4750.852276765777 4400.0
