ts te idle avg_span std_span max_span min_span c_bytes_all c_pkts_all s_bytes_all s_pkts_all video_rate
0.0 10000.0 5784.791999999958 843.0416000000084 343.9761711344223 999.8319999999949 227.75400000001537 57731.0 683.0 2402480.0 1741.0 843.0769230769231
10000.0 20000.0 2805.306927734404 799.4103413628441 322.4736559716161 999.9880000000121 182.6599999999744 65439.490914797156 1114.1276768310795 4128222.2573580504 2871.383695125106 3000.0
20000.0 30000.0 1460.7401796874474 853.9259820312552 232.1250492338197 999.8709999999846 389.514892578125 69175.8894245806 1234.726418833759 4730725.761031277 3290.062598531455 4166.666666666667
30000.0 40000.0 1168.1538046874339 883.1846195312567 219.33891024525892 999.630999999994 367.715087890625 85960.14608275543 1599.8450151570655 6248964.785723782 4316.4106666894295 4400.0
40000.0 50000.0 124.5660976562649 897.7667183948851 227.35749778834247 999.9820000000182 296.739990234375 86846.70746782057 1637.6641443368994 6367853.217428196 4407.71880689833 4400.0
50000.0 60000.0 1107.8660820312798 889.213391796872 201.52195878541445 999.4400000000023 392.430908203125 74941.25798697124 1351.5000681652928 5298802.442916445 3675.7632194718617 4400.0
60000.0 70000.0 153.707791015564 895.1174735440396 223.52683866675318 999.0310000000172 319.2451171875 85422.98017089548 1530.2858654371094 6015579.306565854 4163.401213713297 4400.0
70000.0 80000.0 1541.212996093731 845.8787003906269 256.7004267129642 998.9650000000256 380.34912109375 81188.71449065239 1478.0141570053552 5766411.405818128 3986.8033097920993 4400.0
80000.0 90000.0 101.2911445312784 899.8826232244293 227.80075466616572 999.9789999999921 304.2509765625 89503.62584027553 1640.9483097594705 6465809.329267429 4464.86038155107 4400.0
90000.0 100000.0 1988.0940175781143 890.211775824654 213.06530714226614 999.6819999999716 388.032958984375 72994.67473414826 1304.9298793977534 5078722.534081391 3528.628505052801 4400.0
100000.0 110000.0 191.7146503906115 891.6623045099444 212.0341875499389 999.960000000021 367.34130859375 92197.76231757316 1674.5891315173144 6741805.327891357 4655.560997524723 4400.0
110000.0 120000.0 1460.1353925780859 853.9864607421914 215.271200962797 999.9120000000112 379.763916015625 79854.36494459957 1460.8562068428616 5786922.532777901 4004.2493723541024 4400.0
120000.0 130000.0 2717.789916015696 809.1344537760338 258.11441738523644 999.789999999979 347.02899999998044 66027.38562493064 1046.5131267160393 3906090.0991401905 2720.157233295726 2600.0
130000.0 140000.0 2428.957999999926 841.2268888888971 325.0868341276181 999.9110000000219 52.77799999999115 54990.0 939.0 3688390.0 2571.0 3000.0
140000.0 150000.0 1701.81305468746 922.0207717013933 225.00966306084064 999.9440000000177 322.0439453125 78955.4369993722 1378.5896306815357 5395444.829458342 3736.341480343211 4400.0
150000.0 160000.0 42.812669921899214 905.1988481889183 222.1207289179823 999.7800000000279 301.207275390625 105944.05386078822 1906.4156604692823 7255037.512938357 5009.260726355682 4400.0
160000.0 170000.0 2334.68924023438 851.7011955295134 229.01566769913634 999.8310000000056 391.43603515625 72800.42555602425 1316.574193029871 5180932.396811716 3582.6639784591366 4400.0
170000.0 180000.0 1232.5149511718191 876.7485048828181 217.120935646287 999.8080000000191 387.611083984375 88520.88778777618 1571.2274354795313 6168192.463221844 4267.143045165842 4400.0
180000.0 190000.0 1308.3931601563236 869.1606839843677 221.38941274349332 999.6739999999991 389.221923828125 86250.03730334656 1544.1283496791516 5913084.787588581 4085.7319851121606 4400.0
190000.0 200000.0 1457.2229531250196 854.277704687498 238.98232018065175 999.7320000000182 376.594970703125 87291.50742136895 1558.2111536442453 5932741.307131246 4105.280807620698 4400.0
200000.0 210000.0 86.45695507794153 901.2311859020053 218.465252508464 999.9899999999907 336.416015625 93092.60121453149 1688.8441065155066 6529751.312054784 4516.4202559961805 4400.0
210000.0 220000.0 202.60510156245437 890.6722634943224 234.77226055636737 999.8349999999627 262.4619140625 87238.35334098832 1597.8402320226228 6280248.018349922 4345.715981636627 4400.0
220000.0 230000.0 1962.6658535155002 893.0371273871666 213.8275794858518 999.9050000000279 369.362060546875 81389.38754865134 1458.3417113943106 5659238.869639298 3912.7296517601535 4400.0
230000.0 240000.0 267.18911914050113 884.8009891690454 252.94129997472214 999.7610000000568 196.43994140625 86536.5242742446 1539.8489385263504 5946250.204715426 4128.930201813061 4400.0
240000.0 250000.0 65.30897851556074 903.1537292258581 252.237451618354 999.7979999999516 163.511962890625 85669.81793685713 1561.4419947554443 6034535.106664241 4178.045528005676 4400.0
250000.0 260000.0 891.555076171644 910.8444923828356 180.56858862465413 999.9020000000019 428.15399999998044 88077.41310836864 1607.3799883091483 6303429.239062375 4352.907189436898 4400.0
260000.0 270000.0 1694.5125664061634 830.5487433593837 313.0698575212386 999.7920000000158 136.55511328123976 83512.99396510575 1465.9806824221841 5561057.1306305155 3854.0436063963953 4400.0
270000.0 280000.0 135.0533183591906 896.813334694619 228.48965282042727 999.7950000000419 345.552001953125 87918.95562348142 1598.7716421652744 6263239.417255004 4338.507796529895 4400.0
280000.0 290000.0 138.32904882810544 896.5155410156268 230.67655948283212 999.8159999999916 273.501953125 84375.75686714648 1499.2424269468527 5646775.624080108 3922.4930210067096 4400.0
