ts te idle avg_span std_span max_span min_span c_bytes_all c_pkts_all s_bytes_all s_pkts_all video_rate
0.0 10000.0 6030.420691406296 992.394827148426 14.041394882150593 999.7779999999912 971.34130859375 43396.352783339855 582.6182112579888 2116159.451360615 1494.2231682291076 1728.5714285714287
10000.0 20000.0 975.2122011718457 820.4352544389232 371.7792490540752 999.1570000000065 23.56469140626723 84856.21199150664 1450.1698905815554 5729241.141139129 3980.623686462229 2554.5454545454545
20000.0 30000.0 57.47716601571301 903.8657121803898 272.19829736459303 999.9469999999856 92.18994140625 82429.75132212456 1537.9014254394726 6035748.295035632 4169.08562895855 4400.0
30000.0 40000.0 860.4068320312072 913.9593167968793 149.37179238720432 999.5869999999995 546.8360000000102 80497.38878479875 1481.4301842144298 5891497.104390705 4070.1851515699755 4400.0
40000.0 50000.0 72.98817382811103 902.4556205610808 236.8537235192539 998.2619999999879 234.58189062500605 85914.196314915 1573.8243351038113 6255196.290343523 4317.036308825794 4400.0
50000.0 60000.0 39.47792773437686 905.5020065696021 225.51635216166812 999.9259999999776 279.22106445312966 84087.63496115075 1515.3202793470625 5934101.236411638 4106.655865730843 4400.0
60000.0 70000.0 23.533087890653405 906.951537464486 223.04068921698007 999.960000000021 294.3289921875112 91019.95783588152 1623.8652669069338 6166531.528869739 4275.866712634454 4400.0
70000.0 80000.0 253.87691992189502 886.0111890980096 247.51588942101083 999.560999999987 304.873080078105 82969.50600628293 1491.8704071487457 5896205.952449018 4083.3234775890473 4400.0
80000.0 90000.0 1313.7291015625233 965.1412109374974 92.5556028997199 999.9079999999958 718.9208984375 82839.07106008717 1459.77266240167 5752809.526419591 3971.8502682882886 4400.0
90000.0 100000.0 85.47586914058775 901.3203755326739 224.8765349984123 999.8859999999986 280.6801015625242 83002.40086763354 1491.2910498673132 5899147.107482178 4076.236945142682 4400.0
100000.0 110000.0 742.2650878906716 841.6122647372117 290.8617757637143 999.4280000000144 255.56494140625 80844.86676132887 1465.6989073554357 5977564.404015255 4138.61785200273 4400.0
110000.0 120000.0 303.3910488280817 881.5099046519925 277.76370604435107 999.9220000000205 124.639892578125 83574.85286771489 1514.4832183042045 6073427.333902022 4207.158292015287 4400.0
120000.0 130000.0 52.27988671872299 904.3381921164797 268.5161189520382 999.9679999999935 102.656005859375 87690.63317662712 1555.254927525372 6275044.751373093 4330.917030424387 6457.142857142857
130000.0 140000.0 553.9890058594174 944.6010994140582 136.7553900463329 999.9110000000219 567.0380000000005 87782.17526660842 1514.4992345460046 6195851.876807861 4280.219612126626 4163.636363636364
140000.0 150000.0 886.5320097656804 911.3467990234319 242.78143426840438 999.9510000000009 226.739990234375 79927.61361911305 1422.8783992890524 5757451.030672864 3979.1370734661596 4400.0
150000.0 160000.0 39.303718749957625 905.5178437500039 242.6153975711005 999.8260000000009 203.353271484375 87533.88028617777 1590.5154557732476 6304150.067909754 4361.374592515932 4400.0
160000.0 170000.0 193.6470195312868 891.4866345880648 273.3795440085945 999.7739999999758 103.833251953125 82668.2353229665 1487.8453403019068 5990498.875611799 4145.295719598136 4400.0
170000.0 180000.0 662.0962519531604 933.790374804684 134.1481283043282 999.8560000000289 576.7469999999739 81037.27077174268 1466.7608046357932 5851062.025805584 4045.192614419772 4400.0
180000.0 190000.0 340.13701171876164 965.9862988281238 94.04911072664514 999.8939999999711 699.31298828125 85152.35533248914 1514.7920073091511 5912337.970498494 4081.688010963727 4400.0
190000.0 200000.0 746.8030468750512 841.199723011359 295.5147579512396 999.9610000000102 228.06494140625 81649.5010076181 1462.1656939497914 5759572.695169179 3979.9694722784716 4400.0
200000.0 210000.0 224.51491796888877 888.6804620028283 279.59491809184664 999.8860000000568 70.6240234375 90065.22007697815 1620.8819845520015 6305290.103461916 4362.304746057845 4400.0
210000.0 220000.0 149.69390624994412 895.482372159096 292.96628958711426 999.9780000000028 17.1201171875 82487.92969019603 1493.2832145345596 5851333.085797519 4048.8450215637167 4400.0
220000.0 230000.0 1598.6881171873538 933.479098090294 126.67909670347161 999.9640000000363 653.4660000000149 84950.99389271857 1537.8770996544963 5894711.145072893 4073.192749136241 4400.0
230000.0 240000.0 303.66511914064176 969.6334880859358 89.14808817780457 999.3399999999674 715.952880859375 82156.35896784277 1489.1658177064803 5875317.562892446 4058.155994143332 4400.0
240000.0 250000.0 961.1127656248864 821.7170213068285 288.65984413538666 999.5600000000559 265.943115234375 81788.42308891714 1471.5581098872572 5836979.120808235 4030.613071766228 4400.0
250000.0 260000.0 294.849812499946 882.2863806818231 264.0428271390906 999.6419999999925 129.935302734375 81395.75067974272 1475.716283963006 6052312.908708786 4184.879200494603 4400.0
260000.0 270000.0 1214.622291015694 878.5377708984306 245.16237835724564 998.9780000000028 222.31201171875 78079.55521549695 1359.6211058703975 5506370.854938844 3808.0836713800823 4400.0
270000.0 280000.0 318.78201171860565 968.1217988281394 71.68481208061895 999.9590000000317 776.3909882812295 81108.91204800043 1489.9386825728589 5835685.552651688 4035.268062215754 4400.0
280000.0 290000.0 588.1378945313627 941.1862105468638 122.87880169829363 999.8719999999739 677.8179999999702 80385.95131489362 1438.5482090989576 5885877.549948742 4069.795224263887 4400.0
290000.0 300000.0 777.7088496095967 838.3901045809457 311.9713672197048 999.9020000000019 176.187255859375 81159.62391889613 1476.1264783183626 5926901.384809168 4102.948588497065 4400.0
