ts te idle avg_span std_span max_span min_span c_bytes_all c_pkts_all s_bytes_all s_pkts_all video_rate
0.0 10000.0 9243.222900390625 756.777099609375  756.777099609375 756.777099609375 11312.285342138566 138.03794383300163 441367.2240031326 356.47161319511406 2300.0
10000.0 20000.0 249.83112890625125 886.3789882812499 249.62118747768 999.7930000000015 241.0169003906267 93772.16515290076 1706.0923580941894 6413370.641586209 5103.73936460579 2623.076923076923
20000.0 30000.0 434.88002148437226 869.5563616832388 287.5198807569492 999.8640000000014 171.14794921875 83339.65898798549 1654.9137988474813 6401984.018194265 5089.530354796889 4400.0
30000.0 40000.0 63.33894531250553 903.3328231534086 254.9615741892437 998.387999999999 150.35400390625 79602.71323602762 1586.8097467255573 6372475.426140533 5069.39030182283 4400.0
40000.0 50000.0 1188.565966796872 881.1434033203128 161.51655082898617 999.8810000000012 602.377999999997 80896.86453653805 1560.0158200403282 6040693.470298022 4808.557858236293 4400.0
50000.0 60000.0 219.79515820314555 889.1095310724413 228.46886577591974 999.976999999999 320.7599628906246 78504.36782379413 1514.2888100341995 5863707.931585577 4672.922552174937 4400.0
60000.0 70000.0 73.54688085937232 902.4048290127844 211.12746184996652 999.7880000000005 431.4811210937478 77131.03053352975 1462.899451051473 5677631.97563718 4518.933476029996 4400.0
70000.0 80000.0 941.2220449218585 905.8777955078142 182.7149307778403 999.5859999999957 473.77300195313 81109.44913732726 1570.3464773675316 5962346.081160624 4742.0934117773695 4400.0
80000.0 90000.0 714.8840410156408 844.1014508167599 306.934141965765 999.4909999999945 147.784912109375 81167.11904231376 1567.649815341974 5924386.759229702 4712.892458022831 4400.0
90000.0 100000.0 528.4410097656073 947.1558990234392 107.20869884586831 999.625 672.89990234375 78135.0523042248 1493.9163001425002 5658248.598196389 4501.0838126861145 4400.0
100000.0 110000.0 1884.645597656243 811.5354402343758 308.95706134340855 998.8429999999935 253.70900000000256 78986.4363518449 1515.9489142469754 5699779.300931734 4540.4387104356465 4400.0
110000.0 120000.0 39.214324218730326 905.52597052557 207.2227698029677 999.9539999999979 441.33569531250396 83288.05553898985 1615.4421679884451 6132521.067763734 4880.754859100674 4400.0
120000.0 130000.0 1195.4198984374816 800.4163728693198 346.81719697709036 999.2369999999937 119.18408203125 81043.54587176401 1554.2302697481928 5854476.802022049 4659.654200166612 4400.0
130000.0 140000.0 137.3560820312996 986.2643917968701 37.53124169026139 999.7950000000128 879.5799179687456 80207.25614062106 1552.408126538151 5784263.703250847 4603.537026948903 4400.0
140000.0 150000.0 755.4200761718967 924.4579923828103 152.86007554806187 999.3610000000044 616.3649999999907 79189.41104968677 1519.1330028969371 5805480.7905263575 4623.086920143963 4400.0
150000.0 160000.0 305.2718261718983 881.3389248934637 225.85914809827136 999.9379999999946 342.6070761718729 82047.78039398094 1586.4818430793555 5947286.690554627 4736.201750174513 4400.0
160000.0 170000.0 75.49199218748254 902.2280007102289 210.20315106145802 999.9539999999979 443.7189023437386 77489.17999604586 1478.9500323814023 5584945.675072242 4443.30019657491 4400.0
170000.0 180000.0 814.9800058593391 835.001817649151 288.74768598721676 999.9789999999921 153.777099609375 83520.40424347893 1616.1750022210613 6057352.97811583 4824.209913449545 4400.0
180000.0 190000.0 65.28110351561918 903.1562633167619 266.1337902379941 999.6130000000121 113.39599609375 80631.71398997951 1553.739920361909 5778373.353108893 4601.777236433587 4400.0
190000.0 200000.0 754.590996093757 924.5409003906243 129.355293195939 999.679999999993 670.5 80103.17518907215 1539.3568353807173 5876430.269221349 4682.978740968743 4400.0
200000.0 210000.0 353.5340371093771 876.9514511718749 231.40538940146183 999.002999999997 327.78800000000047 81073.69837820886 1554.0659268040085 5841999.616551402 4654.647366873643 4400.0
210000.0 220000.0 76.33801367186243 902.1510896661944 207.96302278442005 999.9109999999928 452.363037109375 80185.04637887712 1552.6728689262122 5911951.488820516 4702.615104158682 4400.0
220000.0 230000.0 1651.8020273437432 834.8197972656257 263.37067646631596 999.6630000000005 378.1120507812593 71302.92920949674 1359.1813556633017 5153972.554488074 4104.158092933869 4400.0
230000.0 240000.0 33.791839843732305 906.0189236505698 204.64708560939832 999.7909999999974 489.91307812501327 86562.78719960322 1669.4015462654486 6311200.148632672 5013.985333649726 4400.0
240000.0 250000.0 1811.5097636719001 818.84902363281 281.2534871998602 999.810999999987 178.601318359375 77282.12194983636 1494.5169192521016 5595582.160363582 4458.835325863007 4400.0
250000.0 260000.0 45.15522460930515 904.9858886718813 252.6391649057468 999.6909999999916 161.12109375 82796.26298630165 1589.0079541870302 5988470.50925475 4773.039436175086 4400.0
260000.0 270000.0 935.548130859388 906.4451869140612 159.27086505641074 999.5750000000116 574.0069999999832 80480.68262442005 1563.882517753961 5953083.25160862 4734.7641253514785 4400.0
270000.0 280000.0 985.5939804688096 819.4914563210173 319.91780553805637 999.8869999999879 147.7839999999851 78548.98679350723 1495.3571939342207 5723777.601769439 4556.185984156717 4400.0
280000.0 290000.0 1479.43597070314 852.056402929686 235.76587023353053 999.9859999999753 445.977017578145 68527.35998187875 1323.3078138572826 4999096.433517922 3980.362711626067 4400.0
290000.0 300000.0 87.82593164057471 901.1067334872205 213.73801370389836 999.6170000000275 425.34098828124115 91749.86780109972 1774.6799501083547 6697586.722107353 5328.063139879875 4400.0
