ts te idle avg_span std_span max_span min_span c_bytes_all c_pkts_all s_bytes_all s_pkts_all videorate
0.0 10000.0 6343.3349589844 914.1662602539 169.04964110948234 998.8730000000214 660.592041015625 40233.854618042424 494.23068048088817 1402479.2008462793 1010.4958339346124 771.4285714285714
10000.0 20000.0 2589.994041015685 741.0005958984315 333.920036160611 999.8260000000009 217.9089999999851 54241.12790374249 781.0735810896387 1788923.545142015 1260.545701938417 763.6363636363636
20000.0 30000.0 4582.528999999922 677.1838750000097 314.91851797769203 995.3680000000168 217.30999999999767 37781.017478215086 549.6957384294732 1646584.2540117058 1164.9584641269705 1028.5714285714287
30000.0 40000.0 1878.5260000000708 902.3859999999921 247.14772437400583 999.6699999999837 246.55499999999302 61501.0 1023.0 3719695.0 2599.0 2600.0
40000.0 50000.0 3860.0139999999665 877.1408571428619 232.50096971586612 999.079000000027 382.70899999997346 63792.0 1113.0 3937161.0 2747.0 3000.0
50000.0 60000.0 1709.0679999999702 921.2146666666699 202.40174447556157 999.9380000000237 386.125 74189.87785459685 1283.8833236890848 4650385.254898472 3231.332927471236 3600.0
60000.0 70000.0 185.64509570313385 892.214082208806 224.99476336316616 999.7789999999804 311.576904296875 86081.84834288013 1596.1487881179683 6150209.231255336 4258.291374287585 4400.0
70000.0 80000.0 181.56395703135058 892.5850948153318 249.2135223643164 999.2870000000112 194.470947265625 89563.82453828126 1615.6485500868453 6106564.911483238 4234.91318545698 4400.0
80000.0 90000.0 1010.6088496093871 898.9391150390613 175.52490264950714 999.755999999994 449.10009765625 87274.09807754954 1559.1388666220146 6033134.963377482 4181.128848304771 4400.0
90000.0 100000.0 1684.489785156271 831.5510214843729 249.80460468567907 999.9199999999837 426.4199999999837 82782.55712761334 1472.600809730197 5654937.860508656 3915.55289691129 4400.0
100000.0 110000.0 94.89241796877468 900.4643256392023 219.6655995153422 999.5669999999809 379.06689453125 86570.25123067932 1554.2417856220814 5945332.18724011 4115.14537415443 4400.0
110000.0 120000.0 1942.5299687500228 895.2744479166641 207.80751570803008 999.9859999999753 452.39892578125 79977.09039246161 1422.4372297907132 5589609.977068708 3863.4352459150887 4400.0
120000.0 130000.0 92.92794140626211 900.6429144176126 215.50479876720956 999.935999999987 394.458984375 87325.30053882014 1574.5225153625618 6253277.677298918 4316.415755715509 4400.0
130000.0 140000.0 56.11702734371647 903.9893611505712 211.0609618366348 999.8319999999949 376.35595703125 87160.29868769256 1559.2246236922044 6007979.535098742 4160.004173927932 4400.0
140000.0 150000.0 547.0589570312295 945.2941042968771 123.38408641748784 999.9930000000168 621.0210429687286 91935.85320942526 1666.1535072863292 6200492.4017703375 4293.78021785518 4400.0
150000.0 160000.0 2061.6279160156264 882.0413426649304 230.8346441939095 999.7989999999991 455.361083984375 85729.51190641665 1463.8555356406937 5549801.577491968 3844.5269386073 4400.0
160000.0 170000.0 1132.6780839844723 886.7321916015528 276.2799148822892 999.9220000000205 131.82591601560125 92547.48809358335 1665.1444643593063 6233987.422508032 4312.4730613927 4400.0
170000.0 180000.0 1847.9620957031148 905.7819893663205 203.68034971864572 998.8960000000079 401.701904296875 83580.73524133819 1442.2015136762907 5538632.233940638 3836.457830376118 3800.0
180000.0 190000.0 2127.501976562431 787.2498023437569 281.4293267377957 998.8740000000107 292.96000000002095 75960.81286083742 1318.8399711312509 5201157.620407215 3605.924973062074 3800.0
190000.0 200000.0 234.5759648437379 887.765821377842 237.7043133885315 999.9560000000056 298.761962890625 91321.78346717072 1636.9892157226623 6268520.319180484 4333.904900763594 4400.0
200000.0 210000.0 1891.6598535155645 900.926682942715 194.12487679404103 999.9270000000251 452.787109375 74755.84598953679 1309.7768855482173 5204197.478656648 3602.808474988975 4400.0
210000.0 220000.0 1224.2402226560516 877.5759777343949 212.12066136555075 999.9579999999842 447.73388671875 90242.140415177 1612.1914519262934 6362873.304021729 4390.3105115741755 4400.0
220000.0 230000.0 1673.8999414063292 832.6100058593671 266.386963385768 999.2110000000102 396.4549999999581 86374.95918379897 1422.186660790644 5555791.577331256 3851.399706127225 3600.0
230000.0 240000.0 200.24895507807378 890.886458629266 243.62948473006216 999.9570000000531 253.614990234375 85398.07099911675 1491.4111529008424 5770347.998758213 3993.165010743834 4400.0
240000.0 250000.0 92.23789062502328 900.7056463068161 248.20294925301656 999.9290000000037 187.652099609375 88151.65489403988 1598.3878810818778 6181142.429448886 4271.588358743885 4400.0
250000.0 260000.0 581.4277851561783 941.8572214843822 104.58809050628953 999.9949999999953 744.247314453125 83658.38932442995 1523.642912839882 5989311.059495801 4139.653746871409 4400.0
260000.0 270000.0 2255.294421874918 774.4705578125082 365.0762710684626 999.5849999999627 83.38800000003539 68284.03196235112 1236.031957559265 4890519.764621032 3388.105693103165 4400.0
270000.0 280000.0 63.23290820303373 903.3424628906333 213.24411707644447 999.7700000000186 408.833984375 91876.74769172326 1636.9024551868781 6502574.834838209 4494.358694289313 3875.0
280000.0 290000.0 569.8800058591878 857.2836358309829 263.590949419255 999.9549999999581 212.177978515625 80740.17899379983 1428.384031874301 5698682.3156447485 3946.3493360392777 4200.0
290000.0 300000.0 2067.9946875000605 881.3339236111044 191.43949861525766 999.1369999999879 454.623291015625 71013.0378485949 1266.0432599015767 4989264.643459029 3453.7450736809105 4400.0
