ts te idle avg_span std_span max_span min_span c_bytes_all c_pkts_all s_bytes_all s_pkts_all video_rate
0.0 10000.0 8486.596914062498 756.7015429687508 341.9405151588592 998.4900000000016 514.9130859375 18243.95821812065 243.91420819612665 809722.0739394584 651.6934664993272 2300.0
10000.0 20000.0 230.52808593750524 888.1338103693178 246.68501753214142 999.4589999999989 307.59500000000116 93846.04178187935 1756.0857918038732 6565814.9260605415 5232.306533500672 2300.0
20000.0 30000.0 903.049095703107 909.6950904296893 277.84614148003305 999.8570000000036 118.951904296875 72908.42971945304 1424.8032820748952 5339536.372105323 4262.860757195778 4400.0
30000.0 40000.0 1006.7399785156304 899.3260021484369 252.36535649408398 999.25 191.39892578125 64214.063775300114 1226.100677102358 4655325.06069971 3718.592705077296 3600.0
40000.0 50000.0 117.29099218751071 898.4280916193172 264.6712636145443 999.4879999999976 120.98193359375 57109.933853047885 1071.9168429968308 4066155.8928600396 3245.73726772282 3000.0
50000.0 60000.0 140.03499218751676 896.3604552556803 282.9837566371312 999.2299999999959 50.56494140625 77017.96759843442 1447.0124029484605 5371442.878827737 4299.859417618473 3600.0
60000.0 70000.0 74.88001757812162 902.2836347656253 292.95797986106953 999.6260000000038 21.346923828125 77040.38261564972 1476.3114152506957 5554454.996385012 4435.212577702729 4400.0
70000.0 80000.0 38.58602929687186 905.583088245739 299.6103067539831 999.7010000000009 2.44189453125 75854.2750421729 1454.095846747013 5691039.389322732 4530.448861059164 4400.0
80000.0 90000.0 34.44798046874348 996.5552019531257 2.6193377401921816 999.0160000000033 991.9619140625 89062.95233071566 1718.0424208874051 6690809.518070469 5321.032418058644 4400.0
90000.0 100000.0 46.12488671873871 904.8977375710238 298.88633467824445 999.6380000000063 3.8600859375001164 77020.76187246316 1476.1374456032117 5653082.792367872 4499.119255687804 4400.0
100000.0 110000.0 2013.528132812513 798.6471867187487 382.81730258995776 999.9719999999943 18.923972656251863 60750.543322029545 1149.1005243612003 4447307.71949724 3549.6721070859912 4400.0
110000.0 120000.0 111.95158984376758 898.9134918323848 278.3948752677844 999.9809999999998 71.2373046875 82847.05078318126 1587.8233900455941 6273183.731549594 4993.780884526463 4400.0
120000.0 130000.0 767.6540507812169 923.2345949218783 150.8009811450924 999.4590000000026 538.1499999999942 82387.1519962638 1532.5442835749182 5869521.276285788 4681.710626906193 3350.0
130000.0 140000.0 825.3273242187279 834.061152343752 351.35141519777596 999.9800000000105 107.90874609374441 74615.22387137912 1410.6693014057578 5325300.638575369 4252.325800474264 4200.0
140000.0 150000.0 90.3499316406378 900.8772789417602 272.7402921739225 999.5080000000016 88.322998046875 76994.46405042133 1473.3676734822852 5602524.388165217 4463.127593794659 4400.0
150000.0 160000.0 2017.0930371093564 886.9896625434048 283.34785498015924 999.9100000000035 140.3349609375 62111.60691548638 1149.2867352907267 4456257.532856434 3552.3251242138444 3466.6666666666665
160000.0 170000.0 125.6569960937486 897.6675458096593 276.238855858173 999.6749999999884 74.31396484375 57603.22660367334 1052.445889125386 3992938.4707398047 3190.1392453019266 3000.0
170000.0 180000.0 75.49191015621182 902.2280081676171 291.5290427595661 999.9400000000023 25.9560546875 80796.35987713368 1533.0010498481333 5763025.290335805 4596.876477411809 3800.0
180000.0 190000.0 1186.1010546874604 979.3221050347266 36.94796986287179 999.5599999999977 886.765000000014 66547.60577319466 1278.340819255128 4784073.0513558565 3817.178880162141 4400.0
190000.0 200000.0 930.3097226562677 906.9690277343732 271.9950295729425 999.9400000000023 133.50927734375 72755.9776581555 1377.1102904626196 5318277.890987458 4231.46443676266 4400.0
200000.0 210000.0 92.71718554690597 900.6620740411904 276.39750591046385 999.2710000000079 75.694091796875 89668.04205746239 1731.7911568851025 6746940.3185182735 5366.3854839642045 4400.0
210000.0 220000.0 2121.5040742187703 875.3884361979144 280.47026238267813 997.9949999999953 140.218017578125 71099.37364541022 1348.371293552179 5226452.501336647 4163.671207666135 4400.0
220000.0 230000.0 227.19398437504424 888.4369105113597 292.73856657330793 999.6229999999923 16.634033203125 83968.04563372483 1624.6704182557826 6284982.416259188 5004.7096889589175 4400.0
230000.0 240000.0 38.032033203111496 996.1967966796889 6.414738211820799 999.1749999999884 978.0759667968669 86211.56100524706 1651.0568408443164 6433398.872898433 5117.769182648083 4400.0
240000.0 250000.0 339.0339921875275 966.0966007812473 86.39858270110322 999.4670000000042 723.4469999999856 77256.6508793246 1477.9644017544542 5692093.48088556 4536.400252583862 4400.0
250000.0 260000.0 41.83910742192529 905.287353870734 286.3241665682583 999.7449999999953 43.80099218752002 78137.96662739075 1500.5535384884706 5653853.529149457 4503.563641707664 4400.0
260000.0 270000.0 37.93965429690434 905.6418496093723 282.1251613052809 999.9670000000042 58.2430996093899 83685.21940680154 1596.922902004952 6154373.74404317 4902.559185988358 4400.0
270000.0 280000.0 43.02192578132963 905.17982492897 274.79917672859455 999.3859999999986 81.65675390622346 81636.28928066144 1583.9043499470042 6226994.684729265 4954.617536433359 4400.0
280000.0 290000.0 34.608347656263504 905.9446956676125 269.06574207178204 999.7829999999958 102.43067968747346 75742.56162609317 1454.8154689125054 5578899.486162967 4449.654385562724 4400.0
290000.0 300000.0 37.87998828123091 905.6472737926154 263.2445852173067 999.6300000000047 121.74002734373789 77646.34367913759 1491.3314854887392 5645724.420662207 4504.081660669086 4400.0
