ts te idle avg_span std_span max_span min_span c_bytes_all c_pkts_all s_bytes_all s_pkts_all videorate
0.0 10000.0 9574.263916015625 425.736083984375  425.736083984375 425.736083984375 7213.615737725458 95.19121306070046 307866.3114282091 254.41239006357614 2300.0
10000.0 20000.0 1474.4171582031267 852.5582841796873 264.52849419758246 999.9110000000001 230.27392578125 61282.48198981427 1459.0714842842935 5777600.7924445765 4653.053129439829 2300.0
20000.0 30000.0 3264.119841796877 748.4311286892358 359.24330188314985 996.1800000000003 57.588000000003376 31682.80335642726 812.5551744316026 3164873.06424255 2615.4124441758754 2760.0
30000.0 40000.0 2281.9851621093694 857.55720421007 248.54686249752314 999.099000000002 233.419921875 36313.565424490735 957.9175499740226 3614357.4745432143 2973.073361827783 2387.5
40000.0 50000.0 1127.8279042968788 887.2172095703121 247.69399741096763 998.9689999999973 216.218017578125 29272.4759985219 765.4999885644596 2818655.893700193 2337.056380867968 2300.0
50000.0 60000.0 1159.608074218755 884.0391925781245 246.9683856456634 998.3940000000002 211.491943359375 42544.150746061816 1144.299535897788 4327301.5250393795 3551.8463162058415 3350.0
60000.0 70000.0 1991.4578261718707 800.854217382813 368.4152068251933 999.4869999999937 21.39100000000326 38043.19678147556 991.5216060590744 3802939.954632757 3105.127343685289 3700.0
70000.0 80000.0 46.391132812495925 904.8735333806821 243.83249916351272 999.7880000000005 196.333984375 42809.91936849292 1089.1977672320045 4211868.414065121 3457.0460876929633 3000.0
80000.0 90000.0 59.173880859380006 903.71146537642 254.0503759952479 999.9239999999991 158.131103515625 39786.51111829579 1007.1132299240825 3721341.3245955715 3066.8235386422984 3000.0
90000.0 100000.0 63.97880468748917 903.2746541193192 261.1650691913773 999.9220000000059 128.581298828125 46499.81519794899 1191.7337948724 4483975.259007032 3671.4417090395755 3000.0
100000.0 110000.0 94.08638281250023 900.5376015625 275.26505063151177 999.1919999999955 78.388916015625 57644.50517648151 1520.2994431716484 5728730.23589342 4664.585216917583 4750.0
110000.0 120000.0 129.8989160156052 987.0101083984395 26.008833356735007 999.9809999999998 917.7490839843813 52305.95910426379 1384.5992125279236 5344432.750407976 4366.122081441417 4400.0
120000.0 130000.0 980.1277011718776 901.9872298828122 204.18991528103447 999.7960000000021 470.49299999998766 52220.83228216651 1388.0640069196147 5507366.271451704 4475.060022790795 4400.0
130000.0 140000.0 410.6202695311804 871.7617936789836 279.41057320998135 999.994000000006 198.780029296875 52134.17882113221 1386.7811638840974 5351238.183836261 4349.830642542796 4400.0
140000.0 150000.0 54.36312695313245 904.1488066406243 252.4823135430437 999.8889999999956 164.14990234375 58572.80432090422 1542.714348759146 6010663.577507113 4898.030189774144 4400.0
150000.0 160000.0 152.67292187496787 895.2115525568211 268.21632825121253 999.4500000000116 118.97998046875 56667.169898824264 1486.160343990933 5798847.536511975 4732.534972300543 3875.0
160000.0 170000.0 191.49492578124045 891.6822794744327 294.53473109404996 999.1630000000005 10.9560546875 38732.604979462434 994.1990694338292 3796528.096139797 3121.684758152108 3000.0
170000.0 180000.0 1983.6721035155933 890.7030996093786 260.6483441889337 999.0290000000095 212.199951171875 37960.5492850418 986.7573901509361 3705608.429989711 3030.952074749105 3000.0
180000.0 190000.0 65.31895507813897 903.1528222656237 250.6304790414876 999.8770000000077 172.27099609375 43194.34454177089 1101.9863499389621 4057048.606503657 3331.4950495465023 3000.0
190000.0 200000.0 78.26669921877328 901.9757546164751 259.16407859096023 999.6870000000054 136.029296875 47172.40245510705 1211.5343943610594 4539304.289650484 3727.2257037602603 3000.0
200000.0 210000.0 2047.5572617187281 883.6047486979191 249.125199801954 999.8280000000086 231.68603515625 39377.37679143301 1034.8239952713927 3849380.812272315 3160.1166802589105 3933.3333333333335
210000.0 220000.0 271.11103515623836 884.4444513494328 301.2104086209183 999.9510000000009 0.0 60832.7366241576 1605.9789372900295 6141333.196136982 5003.069906124838 4000.0
220000.0 230000.0 3846.2110175781127 879.1127117745554 284.7125327622259 998.6380000000063 234.906982421875 31916.67557375849 804.5742097866176 3062146.8146062586 2512.138008771014 2650.0
230000.0 240000.0 3027.3530449219106 774.7385505642321 366.8519564598897 997.4519999999902 56.26699999999255 32568.665390176382 820.0787128104791 3030455.8101806277 2486.849090598891 2300.0
240000.0 250000.0 1478.544851562503 852.1455148437497 248.5104592323823 998.5959999999905 215.6630859375 38661.86343499874 967.8805890805737 3562711.2506309156 2918.740873234087 2300.0
250000.0 260000.0 4015.558818359452 748.0551477050685 337.9783302892871 995.5430000000051 191.10499999998137 32718.271047243856 823.594238694877 3035654.2082260083 2501.906763500491 2300.0
260000.0 270000.0 2126.0752402343787 787.3924759765621 348.2852455879478 999.6730000000098 74.2729999999865 38618.6600214418 968.249201374088 3599275.6546214055 2966.5985726711724 2300.0
270000.0 280000.0 4360.741943359375 805.6082938058036 268.8097126847111 999.0800000000163 235.111083984375 32380.03094092091 811.6448751631676 2985041.8431813032 2473.8697479268358 2300.0
280000.0 290000.0 1186.8700214843266 881.3129978515674 272.4315858351655 999.289999999979 162.9140625 31472.95537958353 787.5382170932411 2917554.775347712 2405.110421974231 2300.0
290000.0 300000.0 119.19101953122299 898.255361860798 261.8163233918404 999.5709999999963 123.39404296875 37964.062134904714 948.3600990795891 3531848.2971882173 2910.149854459082 2825.0
