ts te idle avg_span std_span max_span min_span c_bytes_all c_pkts_all s_bytes_all s_pkts_all videorate
0.0 10000.0 8502.151945312507 499.28268489583087 457.9326523292944 999.4749999999767 100.66700000001583 22282.418882399837 290.2935189961322 1049953.0092972713 738.3515443243084 2300.0
10000.0 20000.0 72.28508984373184 902.5195372869334 215.427836428665 999.7060000000056 362.43896484375 112083.79584218332 1917.1454045961204 7025678.892008484 4860.995566118832 2650.0
20000.0 30000.0 245.46201953128912 886.7761800426101 255.96856331173973 999.8580000000075 187.5439453125 92819.04198176166 1693.3512850767208 6107357.4631884955 4237.634844616328 4400.0
30000.0 40000.0 35.99762890627608 905.8183973721567 247.8750784167111 999.6539999999804 177.79931640625 84208.72930139421 1537.3149494550373 5713524.772532653 3955.427911030978 4400.0
40000.0 50000.0 536.9203457031399 860.2799685724418 297.5982948730963 999.6060000000289 37.344970703125 88855.56404766394 1623.4465458676596 6103741.25323398 4229.067548660346 4400.0
50000.0 60000.0 571.6250566406525 942.8374943359347 147.68590299997584 999.8919999999925 524.5869140625 90582.92092791972 1614.800395535294 6049848.347220422 4184.7854898506575 4400.0
60000.0 70000.0 400.6896152343252 872.6645804332431 229.11117289656877 999.9330000000191 404.831298828125 87011.55511440836 1569.187882540632 5875482.592063075 4076.7866552299647 4400.0
70000.0 80000.0 94.46328710933449 900.503337535515 221.08460781179073 999.8069999999716 344.56201171875 91751.4221887429 1642.9258133106177 6113716.785587757 4250.612167386031 4400.0
80000.0 90000.0 1045.3467128905468 895.4653287109453 205.24274484685046 999.9720000000088 396.831298828125 86232.69048846373 1552.1285753694049 5952651.78766672 4119.895946355012 4400.0
90000.0 100000.0 510.23898437496973 862.7055468750027 292.07779587362637 999.9810000000289 63.747314453125 94831.198799324 1679.2446919294096 6179525.936312072 4275.248000746363 4400.0
100000.0 110000.0 682.5801933594048 931.7419806640595 135.87991228130298 999.4859999999753 573.09912109375 92399.02256868672 1653.1532702015722 6050413.850069456 4185.340805832959 4400.0
110000.0 120000.0 507.84487109381007 862.9231935369263 246.69567339891609 999.6560000000172 366.53125 87899.4561545037 1569.726899319159 5889289.206660398 4087.33666066536 4400.0
120000.0 130000.0 1257.4301933594397 874.2569806640561 188.562078553676 999.6919999999809 573.508056640625 91526.75305221976 1631.5551801530937 6063308.639708476 4200.900514119256 4400.0
130000.0 140000.0 939.2599726562621 823.7036388494307 302.1838191622924 999.804999999993 249.94000000000233 98378.30132908408 1736.1717702915105 6181918.192452101 4277.660848990841 4400.0
140000.0 150000.0 1943.6999960936955 805.6300003906305 257.3395267031795 999.8560000000289 403.965087890625 85977.24554885639 1511.4671265636275 5679686.251127876 3929.724320622071 4400.0
150000.0 160000.0 55.35178710933542 904.0589284446058 213.80834673811023 999.9440000000177 374.38330078125 93306.17745480424 1654.759748196735 6080117.149904738 4210.546230859078 4400.0
160000.0 170000.0 66.60218359384453 903.0361651278323 222.70699031159086 999.7519999999786 322.7451171875 100628.48738153512 1794.2844320605402 6631748.363163463 4593.89957585761 4400.0
170000.0 180000.0 37.52119140623836 905.679891690342 218.65334165160573 999.8790000000154 314.14892578125 92804.88950324104 1644.416526406665 5933593.073675059 4120.614539132318 4400.0
180000.0 190000.0 1403.173677734274 859.6826322265727 291.5289648746026 999.835000000021 79.479248046875 92035.40922353975 1639.7575768130087 5745544.21516862 3974.6632495375356 4400.0
190000.0 200000.0 494.2282128906227 864.1610715553979 299.82098008440823 999.5430000000051 53.68603515625 96051.26652842746 1697.7943189044793 6260158.356819964 4325.3355609916725 4400.0
200000.0 210000.0 1624.5240351562388 930.6084405381957 118.04557538263725 999.0729999999749 697.2029999999795 84374.65368084001 1503.0740884125805 5365870.862138918 3721.172019072475 4400.0
210000.0 220000.0 2933.860999999917 883.2673750000104 322.6435233238824 999.7780000000494 84.82299999997485 79145.0 1333.0 4905104.0 3410.0 3200.0
220000.0 230000.0 1002.6310488281306 899.7368951171869 219.7921226118382 999.560999999987 351.824951171875 96286.2839833884 1681.0363083509735 6233702.260932928 4316.293128730108 4400.0
230000.0 240000.0 555.347703125095 858.604754261355 301.2643834335658 999.9980000000214 20.729248046875 84968.64858624923 1514.2382254767815 5563697.064978611 3858.936702226606 4400.0
240000.0 250000.0 39.01725000014994 905.5438863636227 298.04723391991143 999.9109999999637 7.072998046875 89115.24831721176 1615.942479433294 6113168.780587045 4226.286771315037 4400.0
250000.0 260000.0 1481.3461074219085 851.8653892578092 313.8945536796695 999.9340000000084 138.07099999999627 83816.57876292607 1508.613866165068 5805524.568786677 4016.328904123055 4400.0
260000.0 270000.0 81.60399023455102 901.6723645241317 221.53387021956215 999.905999999959 338.597900390625 90876.92758483869 1620.658784873987 6032195.735802587 4183.669058428545 4400.0
270000.0 280000.0 73.04597070312593 902.4503662997158 219.68557134200748 999.7589999999618 314.3779296875 98916.08393116907 1753.3677265874658 6351258.391041261 4398.903492308808 4400.0
280000.0 290000.0 1257.3348320311634 874.2665167968837 298.95381168416736 999.8689999999478 71.72509765625 94326.32950344963 1666.284242677937 5800458.141288011 4012.7479386760597 4400.0
290000.0 300000.0 27.822076171985827 906.5616294389104 282.78873875635475 999.7820000000065 56.322021484375 103044.82606575023 1795.0893362643756 6342015.6379544595 4395.224425095707 4400.0
