ts te idle avg_span std_span max_span min_span c_bytes_all c_pkts_all s_bytes_all s_pkts_all videorate
0.0 10000.0 6884.187039062501 778.9532402343748 426.3292765821433 992.9310000000005 139.4599609375 26791.70389625643 421.23801498941526 1354970.3585331708 1140.7849893777275 1326.6666666666667
10000.0 20000.0 247.24286718750227 975.2757132812498 45.28018093117262 999.9409999999989 859.6200390625017 41208.57899146687 932.7394022491796 2662064.3718046863 2216.903547505346 1080.0
20000.0 30000.0 1239.0110937499921 876.0988906250008 308.36194718230644 999.9470000000001 10.55390625000291 32366.717112276707 796.0225827614051 2215008.2696621427 1828.3114631169265 1500.0
30000.0 40000.0 1855.4500703125013 904.9499921874999 203.48998091375356 998.9119999999966 392.26900000000023 29066.52690455514 737.2727100668347 3258290.2197881383 2697.90157108482 2371.4285714285716
40000.0 50000.0 1583.1090468749971 765.1719048295457 398.5053208476838 998.7790000000023 0.0 35471.07191756058 948.5607344653475 4300125.215798701 3502.2832424825006 3000.0
50000.0 60000.0 1986.6809882812522 890.3687790798608 181.37443443847323 999.7780000000057 486.627999999997 39027.54466841765 1036.142651413369 4254061.289946442 3476.7315222421084 3400.0
60000.0 70000.0 1997.7627773437707 800.2237222656229 363.9276329069087 999.4339999999938 41.620999999999185 45567.36799674612 1201.1555472907735 4993509.472470457 4042.2328360730467 4400.0
70000.0 80000.0 1990.0250468750164 800.9974953124984 377.36873027058516 999.9459999999963 0.0 45106.98938396857 1190.1939596124648 5108665.371208353 4133.428423378983 4400.0
80000.0 90000.0 91.94207617186476 900.7325385298304 250.99014270852487 999.9410000000062 176.86792968750524 52734.78880521049 1357.2392306793963 5678059.175174105 4610.582524482063 3800.0
90000.0 100000.0 41.178886718756985 905.3473739346584 233.6654903589524 999.9679999999935 244.4630058593757 52893.53505472078 1387.4175852123003 5865872.0797361415 4735.766468212017 4400.0
100000.0 110000.0 42.6051992187422 905.2177091619325 227.30156718268165 999.9670000000042 268.9778925781284 57541.65479496371 1492.640860721195 6398853.156338125 5150.283221044967 4400.0
110000.0 120000.0 40.789974609419005 905.382729580962 225.17351861448878 999.810999999987 280.5780917968659 49874.70807021377 1307.0699856831925 5631525.583373792 4560.181979870811 4400.0
120000.0 130000.0 553.0639746093657 858.8123659446031 256.49624651606507 999.9500000000116 293.78506640624255 54521.816813754245 1401.1373679091107 5703639.208938785 4618.381629347114 4400.0
130000.0 140000.0 701.4819960937602 929.851800390624 147.73879095088057 999.9370000000054 542.4310410156322 52229.93209004404 1371.377044275996 5878324.986694343 4743.039189355475 4400.0
140000.0 150000.0 1674.8258769531385 832.5174123046861 304.22845841006585 998.9090000000142 178.33803710938082 47583.20582885171 1236.45431307413 5281651.113060871 4262.22484169895 4400.0
150000.0 160000.0 48.673056640604045 904.6660857599451 242.29167403385793 999.9180000000051 203.29991406248882 56139.731471270956 1467.716921130759 6329734.464792962 5101.535495082344 4400.0
160000.0 170000.0 2001.2950156249863 888.7449982638905 255.13206404309776 999.7339999999967 224.4589707031264 42245.87325937861 1109.8263869153143 4749922.241414082 3834.9411164868525 4400.0
170000.0 180000.0 56.934019531239755 903.9150891335237 250.91891277047284 999.6510000000126 170.15298632811755 46982.97166983197 1195.8830951549287 5044668.905813774 4123.9656849250105 3200.0
180000.0 190000.0 80.67173046871903 901.7571154119346 241.21259169663603 997.9379999999946 204.7930058593629 46712.83057965192 1210.6640624654503 4938798.917295961 4014.2666170593416 3933.3333333333335
190000.0 200000.0 97.88134960943717 900.1926045809603 239.4966803599062 999.9109999999928 234.98773632812663 58056.6487452096 1515.5913507967157 6224127.456973279 5025.709271811497 4400.0
200000.0 210000.0 119.02286914057913 898.2706482599474 226.29347038199936 999.6510000000126 312.6490859375044 57710.941526932285 1498.4009879214111 6151859.525470319 4983.174272793004 4400.0
210000.0 220000.0 39.103134765609866 905.5360786576719 209.94062584764959 999.4629999999888 390.7149550781178 50787.53997938401 1333.518822861832 5536504.973784112 4485.06077902729 4400.0
220000.0 230000.0 59.86202539061196 903.6489067826716 213.02659745840052 999.6540000000095 406.72908984374953 53976.647540878366 1416.6120572255672 6105784.847104262 4927.4716891056405 4400.0
230000.0 240000.0 48.83079101561452 904.6517462713077 207.67687559628953 999.9549999999872 450.9761152343708 50548.772460707485 1331.1940287001262 5834418.059271622 4702.826273469864 4400.0
240000.0 250000.0 403.24099218752235 872.4326370738617 263.462340925886 999.9660000000149 231.5791015625 54287.018533876755 1380.5980092163447 5643178.317550251 4558.651352267704 4400.0
250000.0 260000.0 1970.7371562499902 892.1403159722233 186.0755428316793 998.9469999999856 457.00699999998324 48777.907339157406 1269.871705231686 5369536.654121194 4344.133946513395 4400.0
260000.0 270000.0 61.91392773430562 903.4623702059722 249.13577581655088 998.7910000000265 174.2620546874823 56403.79767387919 1472.67522528226 6209775.349690315 5014.874662829305 4400.0
270000.0 280000.0 308.2849824219011 881.065001598009 255.88817785960404 999.1010000000242 200.47198242187733 51777.30030917082 1338.7946062302547 5544532.066918413 4495.112050698915 4400.0
280000.0 290000.0 50.50503124995157 904.4995426136408 209.16677857683513 999.734999999986 409.75296484376304 51642.26539310537 1349.9756865841878 5708361.529331192 4624.655484304978 4400.0
