ts te idle avg_span std_span max_span min_span c_bytes_all c_pkts_all s_bytes_all s_pkts_all video_rate
0.0 10000.0 5810.797703125048 837.8404593749904 290.3374213194617 999.3040000000037 324.029296875 52884.29830465457 750.7218427645282 2920029.5505920425 2042.6647400458776 1700.0
10000.0 20000.0 3527.852271484444 719.1275253906174 365.5328141368954 999.2949999999837 0.0 65665.80183170865 1082.4200475279115 3826007.998806946 2668.5120815642845 2466.6666666666665
20000.0 30000.0 155.13191796879983 894.9880074573819 264.7208114653515 999.6510000000126 126.110107421875 89721.75649917968 1663.3465737635688 6394801.332469412 4423.429157638047 4400.0
30000.0 40000.0 1963.1811660156236 892.9798704427085 252.13475152411144 999.9010000000126 230.43994140625 76816.819194746 1415.5519979030864 5520881.028395337 3816.726167198753 4400.0
40000.0 50000.0 80.47664453118341 901.7748504971652 248.3296715798872 999.4920000000275 182.529296875 95830.81375082121 1767.6912229835011 6891460.822330727 4762.496797150168 4400.0
50000.0 60000.0 1589.2464082032093 841.075359179679 290.9483629545514 999.7459999999846 227.785888671875 86384.48962340677 1542.8883115269164 5988352.396596145 4139.011147205949 4400.0
60000.0 70000.0 2126.9248964843573 874.7861226128492 249.26784617609056 999.8499999999767 240.7919921875 77086.85781487281 1392.8965951967953 5002987.855989749 3471.355821648591 4400.0
70000.0 80000.0 124.38589453138411 897.7831004971468 246.6155795023313 999.3719999999739 186.72509765625 88488.77129266989 1522.9655766772548 5952080.099920976 4127.539683348147 3777.777777777778
80000.0 90000.0 140.25718945317203 896.3402555042571 272.026273019385 999.9400000000023 93.305908203125 82279.95538607828 1476.1078480984415 5739403.14875963 3977.830680963932 4400.0
90000.0 100000.0 1584.8036425780738 841.5196357421926 306.5657382593289 999.5740000000224 240.697265625 84946.94784704706 1536.958577800679 6018443.988169438 4157.264365284895 4400.0
100000.0 110000.0 1664.5512753906078 833.5448724609392 293.2136574340176 999.4510000000009 235.489990234375 86923.61913542659 1545.0398080966515 5954370.85318833 4112.881579790293 4400.0
110000.0 120000.0 1998.2728691406082 800.1727130859392 361.59119296494185 999.4990000000107 34.81500000000233 78228.3521804668 1373.8682394328928 5300989.028930806 3667.392644818173 3800.0
120000.0 130000.0 1992.5551523437025 800.7444847656297 364.09762101208884 999.9880000000121 24.353000000002794 77849.43992649435 1343.7541005860364 5052481.220096531 3498.209724254622 3800.0
130000.0 140000.0 2027.1947187500773 885.8672534722136 256.4110528182024 999.9689999999828 234.78125 81524.54997303885 1478.6062466749363 5717079.223114543 3953.9867121461625 4400.0
140000.0 150000.0 2061.814169921854 882.0206477864607 256.23491581623796 999.5810000000056 230.007080078125 77297.1857086787 1413.8429260086375 5528569.25908181 3817.6358914616794 4400.0
150000.0 160000.0 145.6731601562933 895.8478945312461 245.08482456310966 999.8580000000075 185.867919921875 91504.39691246116 1679.614509664283 6569836.616332943 4547.748355097941 4400.0
160000.0 170000.0 1548.5089433594258 845.1491056640574 281.551797714106 999.9619999999995 240.0009765625 87809.76619879462 1556.138484425104 6035283.86811356 4174.106661738493 4400.0
170000.0 180000.0 96.37969921866897 900.3291182528483 245.98412813801488 999.5329999999958 190.25927734375 97621.56990046387 1751.4589624147338 6696900.196055076 4630.876469140499 4400.0
180000.0 190000.0 2308.338238281256 854.629084635416 262.44853207823206 999.8530000000028 231.7900390625 73635.2755947434 1337.6135207122832 5284849.887872281 3653.6884135343757 4400.0
190000.0 200000.0 97.98910351574887 900.1828087712955 248.19589244289403 998.9959999999846 181.658935546875 91400.01893082568 1669.12171246056 6457991.144055878 4470.741059462339 4400.0
200000.0 210000.0 1918.5170390626881 808.1482960937312 360.60008585891353 999.9449999999488 36.72199999995064 76440.69213163288 1408.9798739048804 5606570.165946577 3879.3672986296597 4400.0
210000.0 220000.0 1767.3839101564372 823.2616089843563 313.8961251860634 999.8159999999916 235.635986328125 80333.52104315042 1442.1583468407139 5634435.756240028 3892.830703967916 4400.0
220000.0 230000.0 107.97590039065108 899.2749181463045 245.18094059118218 999.9610000000102 191.4130859375 91784.52418590289 1674.233707332549 6568852.995389383 4546.257872796742 4050.0
230000.0 240000.0 83.52104882814456 901.4980864701687 259.31003520853125 999.1920000000391 138.488037109375 89540.65510594226 1580.0796776213997 6196631.0422235485 4300.050145500353 4000.0
240000.0 250000.0 1851.3527792968089 814.8647220703191 341.91744228655926 999.6330000000307 110.77500000002328 75498.72798873854 1328.5579357861875 5156813.602733499 3570.9062307127006 3933.3333333333335
250000.0 260000.0 213.73623632802628 889.6603421519976 265.9902179859767 999.9960000000428 115.322021484375 77406.1590961863 1336.0553705770167 5178839.299751569 3596.2720336804587 3875.0
260000.0 270000.0 3173.383023437462 853.3271220703173 259.0978848236435 999.9250000000466 231.822998046875 66159.78622345548 1180.1517831622386 4497508.227405693 3118.1583770198527 3700.0
270000.0 280000.0 43.283892578212544 905.156009765617 241.9156832518105 999.905999999959 206.30810546875 99750.33321963112 1705.7175828644927 6377399.585758771 4423.915768668727 3700.0
280000.0 290000.0 1996.9430078126024 800.3056992187397 363.86367914482713 998.5300000000279 66.54599999997299 69704.77147165163 1256.6173408163709 4838370.206662736 3352.4847153600826 4400.0
