ts te idle avg_span std_span max_span min_span c_bytes_all c_pkts_all s_bytes_all s_pkts_all videorate
0.0 10000.0 9950.834716796875 49.165283203125  49.165283203125 49.165283203125 921.9129951614251 8.932201685190533 25257.62163561092 18.064005642675827 0.0
10000.0 20000.0 453.31728320318507 954.6682716796815 115.29014629927946 999.63400000002 631.3009999999776 107272.08700483857 1752.0677983148094 6638013.378364389 4594.935994357324 2300.0
20000.0 30000.0 3637.832999999984 795.270875000002 384.1767384218056 999.3279999999795 48.45299999997951 70250.0 1226.0 4448979.0 3081.0 4400.0
30000.0 40000.0 715.602898437588 928.4397101562412 213.06614030767037 999.5129999999772 322.2041015625 79607.42626342259 1351.4453903004742 5012883.401979729 3477.9552297764444 3350.0
40000.0 50000.0 3331.7661015625345 740.9148776041628 353.7466518237492 999.8479999999981 0.0 68043.57373657741 1132.5546096995258 4110662.5980202714 2855.0447702235556 3700.0
50000.0 60000.0 1786.0089453124674 912.6656727430592 213.03642077484398 999.689000000013 353.4560546875 80492.43971735866 1353.5494664539176 4986294.112312151 3462.848775982517 3400.0
60000.0 70000.0 270.9450488280272 884.4595410156339 254.30149131121766 999.9130000000005 329.906005859375 99549.32035345855 1766.616410760449 6648529.7400747435 4605.591124576168 4400.0
70000.0 80000.0 302.3409863281413 881.6053648792599 261.207939532247 999.6230000000214 151.27001953125 87996.27863386279 1517.798708464482 5777210.869680399 4011.9864749315543 4400.0
80000.0 90000.0 2083.142091796908 879.6508786892324 213.2989830263753 999.9459999999963 369.950927734375 80796.56738316425 1362.348013030254 4884708.570778598 3388.65277968682 3500.0
90000.0 100000.0 1180.405937500007 881.9594062499993 230.13867502918777 998.8279999999795 314.239990234375 70524.06099930471 1135.925173329925 3981304.9513952807 2796.2188006577276 3087.5
100000.0 110000.0 2038.527878906345 884.6080134548506 225.27539145302038 999.8279999999795 355.464111328125 73381.87291733641 1256.4072748034275 4566678.031574614 3176.4505245887717 3933.3333333333335
110000.0 120000.0 636.6610468750005 851.2126321022727 260.48744642270935 999.4309999999823 275.216064453125 92502.23679175126 1598.581506716665 5964942.505850797 4145.812930999293 3466.6666666666665
120000.0 130000.0 2095.918103515578 878.2313218316025 227.8021941034574 999.5559999999823 328.5849609375 75584.14282441382 1253.9183713524685 4719699.600478689 3278.649569758667 3600.0
130000.0 140000.0 2019.4979375000112 798.0502062499988 356.0314208998152 999.8919999999925 0.0 63891.827613321795 1081.4616033769132 4247692.6913782125 2946.634629351148 3400.0
140000.0 150000.0 2609.6567441406078 821.1492506510435 271.15615441226635 999.6570000000065 350.811279296875 71619.94870462439 1170.1081030831822 4130390.7851261753 2872.1896709758994 3000.0
150000.0 160000.0 1981.0572500000126 801.8942749999987 347.19667058773825 999.8279999999795 22.45199999999022 77249.06912726047 1296.3516665555392 4415182.465377199 3068.5626845401302 3000.0
160000.0 170000.0 1491.485029296833 850.8514970703167 332.1667314538472 999.8589999999967 0.0 75630.2349341429 1343.933702072777 5045454.6759731425 3507.4020339513054 4166.666666666667
170000.0 180000.0 764.175894531305 923.5824105468695 211.9151695062639 999.7930000000051 322.55810546875 95487.6440052536 1515.4521482189525 5393757.23055753 3750.089546050721 3525.0
180000.0 190000.0 209.09200195304584 890.0825452769958 252.92413306715386 999.1660000000265 184.381103515625 97789.80772939498 1719.2736309748714 5873634.272458316 4076.198487921004 4400.0
190000.0 200000.0 2151.6409941407037 872.0398895399218 220.74291436558826 999.3950000000186 358.037109375 74163.63531629455 1304.0572591102869 4728782.164665153 3287.255597799485 4400.0
200000.0 210000.0 1225.0821757812519 877.4917824218749 221.87693145726556 999.5860000000102 352.10693359375 94160.81828506521 1537.8234483031067 5518041.24012537 3829.799644188787 3155.5555555555557
210000.0 220000.0 3211.1830019529443 754.3129997830061 356.3621677713639 999.6670000000158 25.162000000011176 70525.5758864213 1147.4898176443044 4107242.865361191 2858.9953445743286 3350.0
220000.0 230000.0 3343.9359316407936 739.562674262134 428.55842020370284 999.6149999999907 0.0 65315.51877757037 1115.9036957484784 3957731.226832439 2745.661379465674 3000.0
230000.0 240000.0 2625.974941406399 819.3361176215112 366.73768399720393 999.9749999999767 21.413999999989755 74229.18745014179 1253.7192206462162 4563299.358816086 3168.0751152819576 3000.0
240000.0 250000.0 2716.5881562499562 728.3411843750043 343.7773598578334 999.1570000000065 282.1149999999907 65729.61499067426 1128.240122842738 4143748.6865359186 2885.9875259089804 3000.0
250000.0 260000.0 2020.0090058594942 886.6656660156118 229.08089152545867 999.9379999999655 358.743896484375 58519.14164463905 1002.6873284146075 3915109.862575694 2722.248952640237 3000.0
260000.0 270000.0 3467.909941406222 725.7877842881976 359.4649244124031 999.5039999999572 40.85999999998603 69988.76195516503 1175.1455643453558 4342578.837132815 3014.36556151692 3400.0
270000.0 280000.0 81.85868164035492 901.6492107599678 223.22876502851014 999.390000000014 307.6552734375 97168.82118106868 1671.2157769561732 6004098.344521642 4162.327793996066 3933.3333333333335
280000.0 290000.0 65.28015429689549 903.1563496093731 227.90276163019766 999.8669999999693 278.047119140625 86506.4707680018 1546.4302870112556 5820731.928668423 4049.0073461773686 4400.0
290000.0 300000.0 323.31213281233795 879.6988970170602 274.6794371480648 999.3050000000512 94.760986328125 91224.94765014133 1614.0760048068787 5835813.354266492 4053.7895337887194 4400.0
