ts te idle avg_span std_span max_span min_span c_bytes_all c_pkts_all s_bytes_all s_pkts_all video_rate
0.0 10000.0 9633.77490234375 366.22509765625  366.22509765625 366.22509765625 6180.368165582549 68.87428661111555 226909.26806102702 159.72972852365095 2300.0
10000.0 20000.0 29.330216796835884 906.4245257457422 213.94613656600305 999.6039999999921 352.202880859375 102585.81024754916 1728.4130908208217 6689161.675794918 4627.469213787355 2300.0
20000.0 30000.0 391.0719785155379 873.538911044042 285.2842917729715 999.9990000000107 98.27490234375 79751.63196960618 1516.1980275316987 5867367.35359842 4059.5375947168454 4400.0
30000.0 40000.0 78.1768124999362 901.9839261363694 282.47754761384954 999.8470000000088 54.76708984375 79515.45519058671 1479.3109777011161 5904899.565201844 4091.1586851871675 4400.0
40000.0 50000.0 696.7352050781483 930.3264794921852 155.04453132742438 999.8859999999986 502.181884765625 86920.84317029372 1607.6322224264723 5951551.32151318 4116.512618122025 4400.0
50000.0 60000.0 1410.4939687500591 780.8641846590855 354.6224876016726 999.6500000000233 88.388916015625 94087.81916603753 1639.2163020628363 6094488.654378602 4218.685719407778 4400.0
60000.0 70000.0 494.80702929687686 950.5192970703123 143.67068555991918 999.7779999999912 542.117083984369 93534.6701818859 1659.2926459137832 6040604.382784826 4175.636879023241 4400.0
70000.0 80000.0 49.5449863281101 904.5868194247173 292.83946704051164 999.4380000000237 22.414113281236496 82406.83998797616 1481.079553070731 5716452.452157233 3960.291363979103 4400.0
80000.0 90000.0 173.09586718759965 893.3549211647637 285.38938599600846 999.9739999999874 41.85509960935451 83717.51293868927 1528.2419000627197 6011329.407765224 4162.545381489835 4400.0
90000.0 100000.0 1033.9940605468 815.0914490412 359.21220009455453 999.7459999999846 92.39697265625 81670.09041960929 1477.239561221172 5699806.972436182 3946.6511722998134 4400.0
100000.0 110000.0 586.2650253906031 941.3734974609397 116.12160565581968 999.1529999999912 627.2839999999851 86901.19644329374 1595.7159029205645 6067250.252222572 4193.7825556247235 4400.0
110000.0 120000.0 96.45894726563711 900.3219138849421 294.9077485394611 999.9689999999828 14.839052734372672 87506.76211888979 1596.7855296569692 6059409.694085973 4188.9990878384615 4400.0
120000.0 130000.0 1644.263085937535 928.4152126736072 145.79204484481477 999.9239999999991 600.4139999999898 79035.78798281946 1356.8656364896617 5074988.049675594 3527.6493249659543 3875.0
130000.0 140000.0 38.245630859339144 905.6140335582419 235.0511053304615 999.9369999999763 235.5710859374958 87980.16264147636 1603.3246953235334 6146968.889828865 4257.851177106369 4400.0
140000.0 150000.0 861.3261738280999 830.7885296519909 273.09386366738795 999.789999999979 255.3457167968736 88394.00581937504 1613.7951753237267 6123234.703803165 4232.3622130883705 4400.0
150000.0 160000.0 625.7598613281152 937.4240138671885 168.11444422961688 999.8190000000177 461.68389062501956 88263.33807591704 1538.1313145604688 5765893.2844506595 3986.649933008018 4400.0
160000.0 170000.0 532.279132812575 860.7018970170386 304.5724487457213 999.9010000000126 60.01575195312034 94787.05502398244 1618.507815477505 5927982.032674966 4112.280512510268 4400.0
170000.0 180000.0 482.4630644530989 865.2306305042638 300.27956320964944 999.7540000000154 81.10205078125 85472.13176176685 1544.4127054470573 5887538.471164918 4083.3681072966338 4400.0
180000.0 190000.0 34.48708984378027 905.9557191051109 280.3619770331599 999.5860000000102 63.7099609375 91906.50241674646 1647.7246917604523 6342042.4596369425 4393.003540564617 4400.0
190000.0 200000.0 1924.983923828171 807.5016076171829 358.4085652084004 999.5370000000112 88.488037109375 88049.2741891751 1515.637920000308 5648198.126193471 3913.2588628031062 4400.0
200000.0 210000.0 534.7970371093834 946.5202962890617 109.05222477765957 999.7269999999553 653.9370000000345 87795.74208874126 1587.6000456172872 5882520.982571418 4074.5763286566644 4400.0
210000.0 220000.0 662.7479531250428 933.7252046874958 163.37418115036482 999.4910000000382 480.748046875 93720.9729757841 1567.5351508739059 5774502.512224629 4005.0016848124587 4400.0
220000.0 230000.0 682.4061230468797 847.05398881392 298.9076441352844 999.48199999996 78.971923828125 85822.32752281499 1541.1191672753891 5771323.16836652 3999.3200437539076 4400.0
230000.0 240000.0 74.4916347656399 902.3189422940327 284.7904150128581 999.3479999999981 46.5712890625 90394.64548109533 1609.109795723644 6086301.393494169 4211.236644933453 4400.0
240000.0 250000.0 1368.6731933593983 959.0363118489557 65.0284189056038 999.9799999999814 847.1700000000419 93828.60410485811 1679.1510635317336 6145504.80997304 4248.6170092529555 4400.0
250000.0 260000.0 1268.8311328121927 793.7426242898007 364.25609779806916 999.8070000000298 85.261962890625 85863.8337039291 1557.2568108858402 6073110.465158819 4203.230631549994 4400.0
260000.0 270000.0 39.07588281237986 905.5385561079655 282.3051241707669 999.9749999999767 57.882080078125 84613.16817048559 1526.6480291933008 5737724.821266315 3971.789210656278 4400.0
270000.0 280000.0 125.81712304672692 987.4182876953273 20.989432681078547 999.3980000000447 938.8389199218946 86295.61744991387 1533.7332798782777 5763089.359190817 3989.802332113363 4400.0
280000.0 290000.0 605.6850292969029 854.0286337002816 319.2473051741942 999.6239999999525 3.512042968766764 91211.25181988513 1672.9901477080166 6062889.176045466 4190.306364126884 4400.0
290000.0 300000.0 31.430958984303288 906.2335491832451 204.48122414926522 999.4009999999544 483.29296875 88350.51783832209 1597.7153415376554 6084887.381918576 4206.021896733456 4400.0
