ts te idle avg_span std_span max_span min_span c_bytes_all c_pkts_all s_bytes_all s_pkts_all videorate
0.0 10000.0 7001.667894531274 749.5830263671814 496.18348736412975 998.2189999999828 5.30810546875 32225.87063069363 405.637992167734 1166932.0095498702 819.2706677340703 1424.0
10000.0 20000.0 795.7040097656427 920.4295990234357 163.80261659795727 999.2390000000014 541.880999999994 66390.62541561732 1040.520225622067 2733727.952939788 1909.3962327000095 941.5384615384615
20000.0 30000.0 89.68998828122858 900.9372737926155 226.71722708962454 999.8099999999977 300.0519042968517 57347.45538248748 981.3371589624326 2509802.632112405 1749.9734535435346 1500.0
30000.0 40000.0 3886.6288535156636 764.171393310542 349.49492740876457 997.6869999999763 75.59689257811988 53208.360018182284 854.8180831092583 3160027.814874029 2204.8837208290415 2271.4285714285716
40000.0 50000.0 1683.196148437506 831.6803851562494 291.167009968862 999.7880000000005 124.07799999997951 62212.06132741194 1080.6230371301433 4011057.396299684 2794.0937257118585 3000.0
50000.0 60000.0 1958.6248398436583 804.1375160156342 348.14699130579095 999.960000000021 25.614000000001397 65162.48404415672 1147.6542790653893 4355059.661768854 3032.1091055039574 3700.0
60000.0 70000.0 1791.1873730468797 820.881262695312 310.90189614850294 999.9569999999949 206.79200000001583 86031.32959799605 1565.8130072165973 5929076.118226262 4097.296913378968 4400.0
70000.0 80000.0 87.05379296874162 901.1769279119326 223.9486734382001 999.3069999999716 307.4161074218573 90923.2515452687 1650.024742925494 6548597.546476455 4530.307968502807 4400.0
80000.0 90000.0 55.20403906243155 904.0723600852335 215.91700933625827 999.4920000000275 355.5329003906227 84165.5952385705 1501.1929946776984 5793962.341193514 4021.7945712148025 4400.0
90000.0 100000.0 1039.8438105469686 896.0156189453031 204.86981846806276 999.9319999999716 387.6979394531227 89526.6884782216 1625.2969852303104 6325424.556394005 4370.329035083288 4400.0
100000.0 110000.0 1294.7823281250312 870.5217671874968 308.35029124679926 999.9770000000135 41.46775000001071 81785.72259883687 1480.1385078254289 5785512.646759648 4007.4683752486317 4400.0
110000.0 120000.0 1333.0576015624683 866.6942398437532 306.5687113488018 999.3879999999772 51.73207812500186 79838.7114023712 1425.3462482353689 5676750.508526391 3934.2123102784253 4400.0
120000.0 130000.0 82.96704296878306 901.5484506392015 218.5398338916711 999.99099999998 351.62367968750186 82853.43285880875 1502.0008162053175 6046074.2990248855 4188.515883498776 4400.0
130000.0 140000.0 989.3653125000419 901.0634687499958 198.92898613669448 999.74099999998 403.0167226562626 77392.10686706666 1413.0197633643907 5530199.323343584 3829.699032137584 4400.0
140000.0 150000.0 1166.3449863281567 883.3655013671844 227.5000145337037 999.619000000006 307.7850351562374 86656.85105560305 1554.1771847331597 6185475.432105201 4276.397113760522 4400.0
150000.0 160000.0 1893.8960839843494 810.6103916015651 329.4165189534443 999.9870000000228 121.74499999999534 77162.05338350886 1387.0798986574343 5438202.669703606 3759.8606438339043 4400.0
160000.0 170000.0 117.56591992184985 898.4030981889227 222.3553255022101 998.4459999999963 309.33810546877794 90035.4046980717 1642.0645073485211 6493903.270414176 4495.7188033738485 4400.0
170000.0 180000.0 48.22391601558775 904.7069167258556 215.40345941125474 999.6909999999916 357.2670253906399 89240.60609133933 1623.7670689733984 6410210.293399035 4434.705898250864 4400.0
180000.0 190000.0 1500.5687402343028 849.9431259765697 294.43532557268855 999.7509999999893 203.84094140626257 78406.79643966815 1404.181821317972 5510395.095818989 3811.9290584525606 4400.0
190000.0 200000.0 1555.8263925780775 844.4173607421923 277.6846809769104 999.9300000000512 176.00300000002608 76622.57883911357 1382.8351922981922 5522827.132976849 3818.9224458143067 4400.0
200000.0 210000.0 67.43062890612055 902.9608519176254 221.12669551234737 999.5829999999842 312.9550742188003 91686.1332453258 1682.2398131626064 6569389.103302945 4542.649728529658 4400.0
210000.0 220000.0 120.53298242203891 898.1333652343601 216.64649213169133 999.6879999999655 342.76870312495157 83768.55689370478 1528.079945823885 5977857.642666342 4152.927584280273 4400.0
220000.0 230000.0 39.32843554695137 905.515596768459 212.3572384447911 999.9980000000214 383.283685546834 86327.79642546695 1519.8182571729444 5587435.892887772 3878.2149816992655 4400.0
230000.0 240000.0 60.051837890641764 903.6316511008507 208.06848077937337 999.8050000000512 410.36512109369505 92080.50030250562 1661.173251775199 6528205.336040214 4514.7626653103725 4400.0
240000.0 250000.0 2276.993943359237 772.3006056640763 324.8343833776495 1000.0 137.10900000005495 77710.41139594642 1387.7666526624878 5451501.398231657 3771.303245954127 4400.0
250000.0 260000.0 93.09505664068274 900.6277221235742 222.40937830387193 999.6389999999665 318.3459023437463 83811.6216529788 1539.3416271078602 6236376.852667385 4311.474047211898 4400.0
260000.0 270000.0 137.60512109380215 896.5813526278362 220.59663634085368 999.9980000000214 371.23095898434985 82787.74798233176 1501.9717478114535 5829851.082846111 4054.830095560117 4400.0
270000.0 280000.0 53.88399414054584 904.1923641690413 205.1292036692513 999.9340000000084 453.9420800781809 89241.25231765042 1546.7578393849892 6038379.179159366 4189.910123531608 4400.0
280000.0 290000.0 1156.3186132811243 884.3681386718876 192.06868919808244 999.1739999999991 472.1550742187537 75113.23129950542 1343.5268297169546 5359034.026991028 3706.684012238466 4400.0
