ts te idle avg_span std_span max_span min_span c_bytes_all c_pkts_all s_bytes_all s_pkts_all videorate
0.0 10000.0 6996.990900390665 750.7522749023337 495.48684954306384 999.9369999999763 7.527099609375 29501.20476634088 335.6607162368881 1104900.6353218441 786.3594046712985 1570.0
10000.0 20000.0 990.3420703124721 900.9657929687528 199.7095956509914 999.7600000000093 515.859999999986 58734.07617583856 835.3697737631761 2215169.569167673 1574.5698148940444 702.8571428571429
20000.0 30000.0 931.7507167969598 906.824928320304 182.6384574767882 999.9550000000163 463.1949707031017 52990.38037454919 884.4036812395336 2452222.049079968 1717.3726169338179 1500.0
30000.0 40000.0 3611.027312500053 798.6215859374934 337.6094881329535 999.86599999998 19.16568749997532 52386.338683271366 854.5658287604022 3326412.7464305144 2317.698163500839 2485.714285714286
40000.0 50000.0 3281.197894531244 746.5335672743063 380.0691827796761 999.4990000000107 164.04200000001583 62382.47408111456 1064.8310388883783 3934599.561358766 2730.9269177569063 3000.0
50000.0 60000.0 657.1801054686657 934.2819894531334 113.27694061212796 999.9880000000121 715.3819999999832 75702.52591888544 1377.1689611116217 5297967.438641233 3681.0730822430937 3800.0
60000.0 70000.0 320.376695312385 967.9623304687615 92.82046151591199 999.710000000021 703.9873046875 83472.12540429679 1517.9676794489355 5837432.354925428 4043.583647138609 4400.0
70000.0 80000.0 368.7403437499306 875.5690596590972 247.17612849084577 999.859999999986 294.11869531252887 87926.64698571997 1566.7878490954606 6023653.073853737 4178.971055877344 4400.0
80000.0 90000.0 46.22201953118201 904.8889073153471 204.7299435853089 999.7199999999721 461.31494140625 90618.47180450564 1630.9565546805263 6293481.311443018 4347.354184659499 4400.0
90000.0 100000.0 895.4190312500577 910.4580968749942 195.64913375071208 998.9980000000214 412.5620585937286 83510.55186362773 1518.015467426575 5968761.279477602 4122.841876616167 4400.0
100000.0 110000.0 736.4689374999725 842.1391875000025 348.25754560308184 999.9050000000279 37.00308984372532 77045.68569883704 1363.6207722808495 5514314.245069717 3815.240616361984 4400.0
110000.0 120000.0 670.4589140625321 932.9541085937468 114.42426481000106 998.9660000000149 704.06005859375 86070.4004477068 1538.4592297248212 6045768.746553436 4182.704585253569 4400.0
120000.0 130000.0 34.51308984379284 905.953355468746 224.12091358474675 999.7760000000126 292.518941406277 92139.32656523399 1588.2068075714353 5826517.719473536 4028.299105291633 4400.0
130000.0 140000.0 758.1550253906171 840.1677249644894 281.5826369250487 999.9660000000149 269.991943359375 84490.13074827845 1548.3391035506254 6290744.399080911 4343.863340836465 4400.0
140000.0 150000.0 132.36489257821813 897.0577370383438 243.06882044815922 999.8969999999972 205.10205078125 76671.42278799492 1385.6468921163723 5633525.644707119 3893.2178386041587 4400.0
150000.0 160000.0 618.6791601563455 938.1320839843654 98.7721955592291 999.7220000000088 768.712890625 83435.2874449046 1474.9584223617674 5695488.385324054 3945.0790983193806 4400.0
160000.0 170000.0 309.529960937507 880.9518217329539 262.5450319657666 999.5869999999995 229.8541093749809 88475.38755262452 1600.8214348652887 6256657.818480812 4332.2094133591145 4400.0
170000.0 180000.0 94.03285546874395 900.5424676846596 208.02388934326865 999.8620000000228 460.47607421875 86154.9912913688 1535.4286302424262 6064029.546318797 4196.883532935635 4400.0
180000.0 190000.0 82.13005468755728 901.6245404829493 206.31318113733434 999.6149999999907 436.77001953125 86861.02483526562 1530.2416555633722 5964278.867576184 4129.991209240835 4400.0
190000.0 200000.0 488.70411523449 864.66326225141 282.56638266267083 999.890999999945 212.451904296875 80921.17662383108 1464.9807912404935 6003168.104322476 4148.659016919775 4400.0
200000.0 210000.0 773.5269492188236 922.6473050781176 121.44193309702074 999.4939999999478 710.803955078125 77507.20733114234 1386.4488826569418 5550149.074139613 3846.3987562092334 4400.0
210000.0 220000.0 516.4190390625736 862.1437237215843 242.68678010898498 998.6639999999898 286.65804492193274 90577.78025317827 1639.517504253756 6289184.987890613 4356.773595918881 4400.0
220000.0 230000.0 80.99396875011735 901.7278210227166 212.52371679042372 999.3839999999618 468.0000839843415 85688.76801124423 1541.1602301888554 6060440.597467933 4194.216140704749 4400.0
230000.0 240000.0 1960.1130625000224 803.9886937499978 321.7066607344323 999.8880000000354 246.77399999997579 76723.16513543346 1382.2423820493248 5497902.786616992 3795.517354018793 4400.0
240000.0 250000.0 825.0115937499795 834.0898551136382 284.235789909787 999.265000000014 329.3530000000028 83110.97134723909 1417.2116603944855 4280884.4984311685 2963.241590172863 3350.0
250000.0 260000.0 1434.523228515638 856.5476771484362 209.24362793734517 998.6199999999953 521.3190000000177 67174.20616909523 1112.777416641532 4099819.565901416 2859.942305921843 2330.0
260000.0 270000.0 157.10981640627142 894.8081985085208 215.46548639337826 999.8939999999711 454.17724609375 73406.10753470197 1227.425557498082 4626700.021329375 3223.2631325981033 3600.0
270000.0 280000.0 1312.2693085938226 868.7730691406177 191.67332814420925 999.7569999999832 531.3359375 77001.48133948172 1391.1247427367255 5450400.099869125 3768.41953811383 4400.0
280000.0 290000.0 741.090861328179 841.7190126065292 256.10361933617867 999.4490000000224 269.278076171875 89505.21847892481 1612.8859225848753 6470570.617725644 4475.334308483894 4400.0
290000.0 300000.0 1122.2411015623948 887.7758898437605 233.28163707994122 999.9640000000363 441.40892382815946 83988.21371603388 1484.6702324227417 5872882.118733017 4061.780430487992 4400.0
