ts te idle avg_span std_span max_span min_span c_bytes_all c_pkts_all s_bytes_all s_pkts_all video_rate
0.0 10000.0 7869.814925781218 710.0616914062606 501.7193811950813 999.869000000006 130.72607421875 17774.337761773193 142.84976576808162 367321.52379803825 266.1762138182911 1390.0
10000.0 20000.0 1120.1061054687016 887.9893894531299 207.31962610707643 999.2480000000214 400.16796875 57377.8813442438 744.6986110623606 2128864.1275973907 1519.1115860683421 661.7142857142857
20000.0 30000.0 89.02005664055469 900.9981766690405 219.1603151389784 999.9689999999828 347.659912109375 54101.53447969914 929.9829319582407 2423491.4336578688 1691.3134983594393 1500.0
30000.0 40000.0 2788.635912109399 801.262676432289 241.81298140631336 998.005999999994 346.3979999999865 47919.24641428387 788.4686912113172 2711630.9149467023 1902.3987017539273 1842.857142857143
40000.0 50000.0 3258.1889140624553 749.0901206597272 403.49049706377707 998.4650000000256 23.119999999995343 62228.04135528754 1029.806778687625 3650670.3633484156 2544.4575334495876 2883.3333333333335
50000.0 60000.0 139.0420332031208 896.4507242542618 216.32981906173788 999.8040000000037 392.90091406251304 81955.88508013908 1410.7813580516352 5213071.803397328 3625.8189286924176 3800.0
60000.0 70000.0 1541.0960781250033 845.8903921874996 225.03537969741885 999.859999999986 461.9809472656343 80545.57784144083 1485.3467837594562 5805214.544802484 4022.689224018451 4400.0
70000.0 80000.0 88.89168750005774 901.0098465909039 216.53115860338536 998.9789999999921 396.82802539062686 92674.68872808797 1612.310839923532 6306030.858843147 4367.885257635257 4400.0
80000.0 90000.0 116.47933398437453 898.5018787286932 218.08517667795215 999.890000000014 454.126953125 81309.93432893889 1451.1682010977295 5735571.792109624 3976.0502576094796 4400.0
90000.0 100000.0 195.63887304684613 891.3055569957413 223.7294745416426 999.7930000000051 352.632080078125 83227.13155439831 1499.889504260526 5838167.036331483 4046.930145649796 4400.0
100000.0 110000.0 571.2911249999888 942.8708875000011 113.74469286873924 999.8190000000177 645.4329199218773 83932.57716754051 1508.3130705292324 6022534.746728978 4177.4135372142955 4400.0
110000.0 120000.0 1286.3740214844001 792.1478162286909 365.62394896375713 999.8040000000037 54.38004492188338 79817.20481639216 1385.0240616650979 5253031.133343003 3641.532812882243 4400.0
120000.0 130000.0 1108.6449335938087 889.1355066406192 233.37553268589036 999.8059999999823 381.24599999998463 87693.95912777474 1595.3594020251662 6098351.721095537 4212.222302848473 4400.0
130000.0 140000.0 417.2399941406329 958.2760005859367 125.84003303368955 999.9569999999949 600.156005859375 94074.56084947861 1670.9498577455242 6638821.03810509 4581.450439466315 4400.0
140000.0 150000.0 202.9090195313329 890.6446345880606 229.0881884906246 999.6599999999744 398.6619941406534 85398.88739737331 1523.5732379385422 5859019.516784643 4065.3395628649364 4400.0
150000.0 160000.0 1137.9188730468159 886.2081126953184 178.27229894654812 999.4290000000037 518.3510136718978 84844.6294311292 1517.5585358468031 5876363.594761608 4069.1205873422887 4400.0
160000.0 170000.0 1655.9022226561792 834.409777734382 242.53973283246103 999.0750000000116 401.0638867187663 78592.95655111653 1416.1020826854246 5623371.810396217 3891.295777000589 4400.0
170000.0 180000.0 54.504611328069586 904.135944424721 209.36787965787127 999.7069999999949 435.616109375027 95179.41146592912 1718.3231076463603 6817910.427419405 4711.945193530546 4400.0
180000.0 190000.0 103.22633398434846 899.7066969105138 208.1735513999153 999.6790000000037 466.7027207031497 89791.74361573531 1480.3389818902413 5818341.594099932 4038.640673602073 4400.0
190000.0 200000.0 41.0009121093899 905.3635534446009 205.499267111931 999.3209999999963 473.384033203125 86219.00319950025 1558.8858090243095 6161019.818971014 4261.825718123876 4400.0
200000.0 210000.0 94.54407226573676 900.4959934303876 214.80943338318886 999.7759999999544 413.5849609375 85223.56829717477 1517.962955295324 5835634.441475666 4042.743342464543 4400.0
210000.0 220000.0 1233.260021484457 876.6739978515543 196.23203255364936 999.795999999973 586.3760390625102 78690.80107134291 1405.2456244591397 5607393.422078597 3880.676417231307 4400.0
220000.0 230000.0 178.72987695306074 892.8427384588126 221.07645200853327 999.1350000000093 400.0470605469309 85153.10097658678 1512.7145474229358 5832330.588013975 4039.964870464605 4400.0
230000.0 240000.0 41.75513476564083 905.2949877485781 206.26863859732464 999.1809999999823 476.075927734375 94412.87367892271 1695.6680313938953 6448947.874683289 4463.900747735375 4400.0
240000.0 250000.0 60.58765234379098 903.582940696019 209.4789067705971 999.9919999999693 453.457275390625 89269.0915559571 1575.3802608175938 5848848.578532753 4055.9573487700955 4400.0
250000.0 260000.0 41.75097851571627 905.2953655894803 207.82802979792203 999.8410000000149 430.779296875 81431.41415879857 1486.9507897888093 5937731.110910035 4102.720191551254 4400.0
260000.0 270000.0 50.53337695309892 904.4969657315364 211.60926348237925 999.9919999999693 407.242919921875 92096.899454224 1639.0695746684537 6217843.524902863 4314.772670578842 4400.0
270000.0 280000.0 141.72193359362427 896.2070969460342 228.78457379270552 999.4320000000298 312.385986328125 91425.81027053976 1654.2623342247157 6442773.353148176 4460.320445874929 4400.0
280000.0 290000.0 1932.0570195311448 896.438108940984 205.2930738854009 999.8710000000428 484.76701367192436 77520.2536936452 1371.200601108575 5367657.77155248 3718.5692172667377 4400.0
290000.0 300000.0 75.58095703134313 902.2199129971506 217.04504772296102 999.935999999987 391.0680332031334 85746.54755169393 1547.9403278374823 6023800.536431398 4171.073445617013 4400.0
