ts te idle avg_span std_span max_span min_span c_bytes_all c_pkts_all s_bytes_all s_pkts_all video_rate
0.0 10000.0 9104.343017578125 895.656982421875  895.656982421875 895.656982421875 11063.810756843519 101.61835450892609 364146.22591157927 258.991912376732 2300.0
10000.0 20000.0 32.11088281252887 906.1717379261337 269.5890446865519 999.9309999999823 100.31701757811243 104952.21151821048 1766.692343030192 6817601.582658928 4722.022548175016 2300.0
20000.0 30000.0 943.4489921875065 823.3228188920449 335.80603440327053 999.7550000000047 118.84290039062034 77743.3368592518 1416.9660416821223 5263714.400752856 3653.592442569736 4100.0
30000.0 40000.0 208.96910742192995 890.0937175070973 295.5910982415229 999.5189999999711 16.663999999989755 83436.64086569421 1560.7232607787596 5701094.790676637 3952.393096878516 4400.0
40000.0 50000.0 1786.8919042968773 912.5675661892359 255.94883512132887 999.6900000000023 230.048095703125 85027.70860067898 1475.3699565502131 5526547.342493551 3823.309774543515 3525.0
50000.0 60000.0 3212.2817968750023 848.4647753906247 262.60908504733334 999.4660000000149 237.331298828125 71783.08798720161 1288.4122231508693 4778168.494751179 3310.94969997517 4400.0
60000.0 70000.0 1937.843269531324 806.2156730468676 353.55120913202086 999.929999999993 73.64299999998184 85460.28578467177 1458.7682362428436 5638329.640727129 3900.766336756701 4400.0
70000.0 80000.0 3469.171771484427 725.6475809461748 376.55841132828806 999.7569999999832 42.74499999999534 63425.724175991476 1092.4138617300225 4145172.2105489555 2879.186730600566 3200.0
80000.0 90000.0 1412.6812753907288 858.7318724609271 259.1522810305307 999.8159999999916 236.531982421875 82130.73292468212 1439.19208024077 5435491.249735747 3769.5728566394823 3700.0
90000.0 100000.0 318.46600781253073 880.1394538352245 281.7975236172398 999.9739999999874 57.948974609375 81850.62380476281 1464.7837099094627 5542038.766696839 3843.7456543794924 4400.0
100000.0 110000.0 86.43302148440853 901.2333616832356 296.07130883949 999.9760000000242 10.001953125 91513.0649119524 1653.0733448729893 6237066.91962409 4316.357232658404 4400.0
110000.0 120000.0 44.44493749999674 995.5555062500003 4.019849696641392 999.9610000000102 988.498046875 86818.96024643857 1542.1804284092138 5861562.015965722 4061.0329114569536 3700.0
120000.0 130000.0 1191.318750000035 800.7892045454514 377.25377510395293 999.875 4.505984375020489 81791.37708460687 1435.361980981767 5357947.59806583 3728.2595685290926 4200.0
130000.0 140000.0 129.17926757811802 897.3473393110802 288.5986086065731 999.7019999999902 32.072998046875 90907.48965249798 1656.9732613724366 6256485.480636004 4332.126307907112 4400.0
140000.0 150000.0 959.1790195312933 904.0820980468707 246.07539206477946 999.9259999999776 215.802978515625 80900.72590604133 1448.6253284477839 5507217.5061891 3814.657269139011 4400.0
150000.0 160000.0 1069.085693359375 893.0914306640625 243.30407530136597 999.8969999999972 228.71728515625 91626.554733242 1674.1270759348527 6457034.352508749 4456.3631872899505 4400.0
160000.0 170000.0 218.87720117194112 889.1929817116417 282.64725828350646 999.9529999999795 61.861083984375 85307.02347976886 1545.718889614469 5851046.509310517 4059.673602497629 4400.0
170000.0 180000.0 59.54800781252561 903.6774538352249 291.53488483432267 999.8260000000009 26.528076171875 78834.44945026883 1412.443332755174 5516943.024152261 3826.391506336062 4400.0
180000.0 190000.0 977.1000820312183 902.2899917968782 250.54610414843071 999.8389999999781 197.343994140625 82883.10397779115 1518.765901775389 5826717.234903416 4025.510192368965 4400.0
190000.0 200000.0 1110.5650468749227 888.9434953125077 238.49602795965475 999.0600000000559 241.095947265625 88510.86680884582 1592.2431463679413 6113713.571927322 4231.090914263775 4400.0
200000.0 210000.0 107.95001171866897 899.2772716619392 257.19883407924675 999.6739999999991 154.658935546875 97395.20498465598 1757.900181670366 6624328.077889892 4582.853567517002 4400.0
210000.0 220000.0 2059.0590214843396 882.3267753906289 248.49977976684497 999.8329999999842 239.9619140625 69331.23203129202 1242.2711710889623 4495070.844085198 3126.120099143572 4400.0
220000.0 230000.0 71.01362890622113 902.635124644889 247.77096075043605 999.8660000000382 188.21728515625 102616.9313291618 1723.2981424795776 6304859.689307239 4375.340803919543 3777.777777777778
230000.0 240000.0 3032.9152128907153 774.1205319010317 378.9412429919276 999.6639999999898 43.60999999998603 75773.66199628315 1296.5178791651365 4541348.079587037 3146.4503975861085 3200.0
240000.0 250000.0 3759.7357753905235 693.3626916232752 342.1513393305476 999.8449999999721 201.5450000000419 65948.34266681534 1094.8011362430768 3990956.178631446 2782.1698500334087 3350.0
250000.0 260000.0 425.8022929687286 870.3816097301155 260.37488426202884 999.85699999996 131.85400390625 100155.41174697297 1791.9669090274547 6667537.660730291 4616.0046626939275 4400.0
260000.0 270000.0 1589.152003906318 841.0847996093682 332.6541182179827 999.3179999999702 74.92599999997765 80683.4357153762 1397.791821969228 5011679.551532485 3478.066873764557 3600.0
270000.0 280000.0 2940.5451113281306 882.4318610839837 272.49173363070327 999.6689999999944 220.035888671875 70633.1921254794 1164.3501359554068 4325506.454865536 3006.691463096656 3622.222222222222
280000.0 290000.0 48.9096171874553 904.6445802556859 247.7969297890692 999.7820000000065 184.603271484375 84386.31924255872 1501.4479527978388 5830733.47714508 4039.6211622550077 4400.0
290000.0 300000.0 1582.6983144530095 841.730168554699 291.42753214302013 999.8880000000354 197.35595703125 77831.69368993229 1439.7996449195339 5543671.11577279 3833.9112349823336 4400.0
