ts te idle avg_span std_span max_span min_span c_bytes_all c_ack_cnt c_ack_cnt_p c_pkts_all c_pkts_data s_bytes_all s_ack_cnt s_ack_cnt_p s_pkts_all s_pkts_data videorate
0.0 10000.0 4404.644083984371 509.63339187282935 383.27460938896945 999.8950000000186 15.09399999998277 102551.50447111436 7707.183500869406 7563.999093014493 7712.988738925189 143.18440785491316 26134960.987583507 18467.85069526595 83.48104883204016 18467.85069526595 18378.564408378126 0.0
10000.0 20000.0 7538.298916015599 583.9893333333441 392.15622863599106 999.8410000000149 63.57600000000093 12787.0 2412.0 2396.0 2412.0 16.0 10803910.0 7599.0 14.0 7599.0 7585.0 0.0
20000.0 30000.0 6496.645886718703 648.856600000005 403.10558387549787 999.6680000000051 21.354999999981374 9480.0 2981.0 2968.0 2981.0 12.0 10907819.0 7671.0 13.0 7671.0 7656.0 0.0
30000.0 40000.0 7186.725964843761 372.7713684210535 424.17406760436023 999.8369999999995 4.545999999972992 14360.0 3604.0 3586.0 3604.0 18.0 12935711.0 9096.0 23.0 9096.0 9073.0 0.0
40000.0 50000.0 7155.47881250002 295.8998095238071 401.58757752433206 999.9039999999804 5.186999999976251 231902.0 3278.0 3100.0 3279.0 177.0 10807955.0 7670.0 80.0 7671.0 7587.0 0.0
50000.0 60000.0 7329.619949218759 348.98816666666727 411.8928030834169 999.8410000000149 0.0 12828.0 3213.0 3196.0 3213.0 16.0 10688937.0 7522.0 18.0 7522.0 7502.0 0.0
60000.0 70000.0 6917.556121093803 431.01176923076406 383.6853854425444 999.9689999999828 0.0 9480.0 2457.0 2443.0 2457.0 12.0 10620383.0 7470.0 14.0 7470.0 7453.0 0.0
70000.0 80000.0 7563.0791132812155 512.4839090909173 413.7723368523916 999.1500000000233 7.092999999993481 12831.0 2916.0 2900.0 2916.0 16.0 10656601.0 7491.0 16.0 7491.0 7475.0 0.0
80000.0 90000.0 7977.378349609382 377.67445454546464 392.68687811190966 999.9220000000205 4.908999999985099 9480.0 2265.0 2251.0 2265.0 12.0 10524407.0 7406.0 15.0 7406.0 7389.0 0.0
90000.0 100000.0 7254.083374999929 345.49988888889334 410.4151542999389 999.7160000000149 5.885000000009313 12833.0 2782.0 2766.0 2782.0 16.0 11293744.0 7955.0 22.0 7955.0 7933.0 0.0
100000.0 110000.0 6895.570826171897 509.64737755408544 413.4633884139922 999.8609999999753 25.255000000004657 123830.18037847463 3244.2513026787738 3144.2914789685788 3245.2513026787738 98.95982371019524 12454654.869219545 8791.53732560792 51.95982371019524 8791.53732560792 8737.577501897724 0.0
110000.0 120000.0 7959.255851562542 438.58940742187553 380.4111351910412 963.7079999999842 20.075027343758848 11511.602396579805 2115.681598990062 2101.336127777323 2115.681598990062 14.34547121273866 8225978.550781447 5780.610512566509 12.34547121273866 5780.610512566509 5768.26504135377 0.0
120000.0 130000.0 6872.162482421903 401.38258616727956 347.42841176241603 999.8730000000214 5.527000000001863 8882.519246184169 3476.4418895798035 3465.195035486021 3476.4418895798035 11.24685409378151 10595657.137879923 7442.34531094006 14.246854093781508 7442.34531094006 7428.098456846277 0.0
130000.0 140000.0 7775.70095703128 347.84346123797764 403.344725371152 999.7260000000242 5.951000000000931 7787.88844493691 2501.064261076973 2491.212859882269 2501.064261076973 9.851401194703818 10081405.963492043 7083.981405325317 14.85140119470382 7083.981405325317 7069.130004130613 0.0
140000.0 150000.0 7470.51103906252 409.65023512619797 392.3817040940751 999.7449999999953 5.992000000027474 12549.809533824486 2033.5609476743884 2017.9644978858078 2033.5609476743884 15.59644978858077 11155083.478627041 7845.525445560196 15.59644978858077 7845.525445560196 7829.9289957716155 0.0
150000.0 160000.0 7670.6430488281185 407.7300909090925 415.22116148323954 999.8150000000023 5.195000000006985 9480.0 2237.0 2225.0 2237.0 12.0 10670391.0 7496.0 14.0 7496.0 7482.0 0.0
160000.0 170000.0 7631.825705078139 380.77185714286003 388.3868739006014 999.9569999999949 6.054999999993015 119113.0 2218.0 2120.0 2219.0 97.0 10743121.0 7592.0 43.0 7592.0 7547.0 0.0
170000.0 180000.0 6761.44461132813 529.3093846153844 413.41007060052107 999.8780000000261 5.614000000001397 11064.0 3401.0 3387.0 3401.0 14.0 13413319.0 9421.0 16.0 9421.0 9405.0 0.0
180000.0 190000.0 7453.7316796875675 352.81553033087744 436.0177638936882 999.7739999999758 4.476000000024214 17985.0 2782.6311140396315 2761.378668423779 2782.6311140396315 21.0 10418440.71915621 7331.631114039632 22.12622280792631 7331.631114039632 7309.252445615853 0.0
190000.0 200000.0 7501.287837890675 517.459442708318 427.3704280704704 999.7989999999991 0.0 9480.0 2274.3688859603685 2260.621331576221 2274.3688859603685 12.0 10800289.28084379 7593.368885960368 12.873777192073687 7593.368885960368 7578.747554384147 0.0
200000.0 210000.0 7655.784078124911 453.88558333335095 397.9663513428698 999.6879999999655 10.533000000054017 13817.0 2790.0 2768.0 2792.0 20.0 10894913.0 7672.0 16.0 7672.0 7654.0 0.0
210000.0 220000.0 7156.738839843776 413.76369230768 427.7189261474451 999.5699999999488 6.368000000016764 9480.0 2606.0 2594.0 2606.0 12.0 10749899.0 7554.0 17.0 7554.0 7537.0 0.0
220000.0 230000.0 7334.470410156064 248.15395000000717 375.7150180137862 999.4679999999935 6.5010000000474975 124785.0 2709.0 2605.0 2710.0 101.0 11106456.0 7864.0 57.0 7864.0 7803.0 0.0
230000.0 240000.0 7179.925527343759 500.99914227764555 425.6975888461267 999.6770000000251 0.0 13709.18297576788 3341.752943521138 3323.5620559254717 3342.752943521138 17.190887595666517 11231709.048257986 7896.1012668664725 15.393166027060445 7896.1012668664725 7875.7081008394125 0.0
240000.0 250000.0 7658.732279296848 239.44290263671428 318.0609481346742 999.7589999999618 0.0 10738.896949501051 2710.4064583668023 2696.1246810010357 2710.4064583668023 13.281777365766485 9713539.64250569 6831.92506611498 11.079498934372554 6831.92506611498 6815.845567180608 0.0
250000.0 260000.0 7425.095195312519 424.4807272600509 286.2003447521998 999.8510000000242 43.695999999996275 10474.677043398742 2992.229523652482 2978.976734640582 2992.229523652482 13.25278901190027 11532273.846671902 8097.326803604905 13.25278901190027 8097.326803604905 8084.074014593003 0.0
260000.0 270000.0 7357.8081171874655 512.9749882812612 440.1902237231958 1000.0 22.990966796875 10766.605690987923 2469.4645532951968 2456.1210191217588 2469.4645532951968 13.343534173437792 9943065.002750607 6986.920177437137 10.343534173437792 6986.920177437137 6976.576643263699 0.0
270000.0 280000.0 7505.2265332030365 383.1388487079306 415.03507917500815 999.9719999999506 6.422999999951571 9425.637340344403 2335.1465211643804 2323.2155093111514 2335.1465211643804 11.931011853228938 10122900.45981381 7111.726685976507 13.931011853228938 7111.726685976507 7097.795674123277 0.0
280000.0 290000.0 7314.783666015603 436.6777142857235 382.66891480202776 999.734000000055 16.40700000000652 121474.0 2896.0 2796.0 2897.0 99.0 11195673.0 7916.0 49.0 7916.0 7864.0 0.0
290000.0 300000.0 6563.235494140652 625.7259279296966 355.4506306190275 999.7290000000503 135.74800000002142 9480.0 2495.8412199121135 2482.894146608076 2495.8412199121135 12.0 10851083.729759296 7618.894146608076 12.0 7618.894146608076 7605.947073304038 0.0
