ts te idle avg_span std_span max_span min_span c_bytes_all c_ack_cnt c_ack_cnt_p c_pkts_all c_pkts_data s_bytes_all s_ack_cnt s_ack_cnt_p s_pkts_all s_pkts_data videorate
0.0 10000.0 4010.8130761718494 490.66828330870203 390.60589870555316 999.9459999999963 4.879976562515367 104239.22391326808 7443.831025861582 7299.002256186863 7448.829745783725 144.82876967472043 27597219.6993175 19507.395969043886 88.97096786781836 19507.395969043886 19413.42628125392 0.0
10000.0 20000.0 7711.727957031224 439.82790909090545 419.2596960179782 999.6979999999749 9.188000000023749 12839.0 2578.0 2560.0 2579.0 17.0 10865874.0 7640.0 13.0 7640.0 7626.0 0.0
20000.0 30000.0 7230.681931640604 378.80676923077016 416.2180075819856 999.7930000000051 6.5 9480.0 2232.0 2219.0 2232.0 12.0 10834233.0 7616.0 17.0 7616.0 7597.0 0.0
30000.0 40000.0 7520.9259687499725 344.3332666666596 395.200353991931 999.5019999999786 4.804999999993015 12803.0 2788.0 2772.0 2788.0 16.0 11284113.0 7934.0 19.0 7934.0 7915.0 0.0
40000.0 50000.0 7032.24928320304 272.50710000000254 350.0026493630481 999.7490000000107 5.315999999991618 286692.0 2528.0 2307.0 2531.0 219.0 10792380.0 7665.0 84.0 7667.0 7576.0 0.0
50000.0 60000.0 7513.891150390613 327.49106250000114 391.2699292291704 999.5430000000051 0.0 17005.0 2402.0 2377.0 2403.0 24.0 10300087.0 7261.0 20.0 7261.0 7238.0 0.0
60000.0 70000.0 7081.585554687481 515.9237692307707 421.9313550460945 999.6280000000261 0.0 11064.0 3265.0 3249.0 3265.0 14.0 13754832.0 9678.0 16.0 9678.0 9659.0 0.0
70000.0 80000.0 7390.071828125045 358.14100000000326 432.0818733069441 999.75900000002 6.614000000001397 12902.0 2690.0 2674.0 2690.0 16.0 11086700.0 7801.0 18.0 7801.0 7783.0 0.0
80000.0 90000.0 7534.277902343776 558.9940999999992 396.9156110335067 999.5970000000088 7.032000000006519 9480.0 2902.0 2890.0 2902.0 12.0 10843088.0 7618.0 14.0 7618.0 7604.0 0.0
90000.0 100000.0 7545.947177734401 285.4550555555583 399.9954620650589 998.5619999999763 5.003000000026077 14642.0 2458.0 2437.0 2459.0 21.0 10315066.0 7264.0 24.0 7264.0 7239.0 0.0
100000.0 110000.0 7476.056691406295 432.9906063701895 400.8418346953178 999.9529999999795 7.445999999996275 127126.81941036419 2544.1378151777812 2440.0811384254525 2545.1378151777812 103.05667675232858 9565287.44149815 6769.477112319729 54.05667675232858 6769.477112319729 6713.420435567401 0.0
110000.0 120000.0 7324.346886718762 286.9235855928341 300.76082666785464 999.8530000000028 6.771000000007916 11620.69784663493 2194.510382460895 2180.090702450612 2194.510382460895 14.419680010282924 9872381.201405652 6941.292801461241 15.419680010282924 6941.292801461241 6925.873121450957 0.0
120000.0 130000.0 7993.852636718715 349.8717647372184 333.14333401904526 918.9120000000112 6.989000000001397 7909.522426520163 2179.4346964810034 2169.4211808727255 2179.4346964810034 10.013515608278173 8705651.581755525 6120.272469822268 13.013515608278173 6120.272469822268 6107.25895421399 0.0
130000.0 140000.0 7198.124898437469 360.0011093749963 424.39973083040275 999.6439999999711 6.6890000000130385 13932.96031648071 2898.9171058803204 2880.4069782512097 2899.9171058803204 18.51012762911032 13508950.775340674 9500.957616396761 21.51012762911032 9500.957616396761 9478.447488767652 0.0
140000.0 150000.0 7371.233906249981 427.4255714285745 422.3528907984331 999.9099999999744 4.721000000019558 12800.0 3106.0 3089.0 3106.0 16.0 10514265.0 7396.0 18.0 7396.0 7376.0 0.0
150000.0 160000.0 7392.033314453147 469.1878999999957 380.23298507229646 999.7729999999865 5.728999999992084 9480.0 2292.0 2280.0 2292.0 12.0 10508268.0 7386.0 14.0 7386.0 7372.0 0.0
160000.0 170000.0 7325.042943359411 328.77188888889054 415.8470804648782 999.9029999999912 6.397999999986496 119208.0 3226.0 3126.0 3227.0 99.0 11580741.0 8191.0 54.0 8192.0 8135.0 0.0
170000.0 180000.0 7477.782845703128 558.1195000000007 409.95329380641346 999.8420000000042 6.635000000009313 9480.0 2731.0 2719.0 2731.0 12.0 10600254.0 7446.0 14.0 7446.0 7432.0 0.0
180000.0 190000.0 7480.208224609378 368.03568749999613 392.16283020479295 999.9739999999874 6.032999999995809 16489.0 2618.0 2599.0 2618.0 19.0 10859854.0 7640.0 21.0 7640.0 7619.0 0.0
190000.0 200000.0 7244.991826171987 509.58707692306666 454.24516001576734 999.9610000000102 0.0 11064.0 3373.0 3358.0 3373.0 14.0 12834548.0 9020.0 14.0 9020.0 9003.0 0.0
200000.0 210000.0 7424.162150390563 371.90930769232534 395.9344127513147 999.435999999987 7.1700000000419095 12858.0 2328.0 2312.0 2328.0 16.0 10906018.0 7665.0 16.0 7665.0 7649.0 0.0
210000.0 220000.0 6739.447089843685 371.3219395752021 414.47824401866023 999.685999999987 6.74800000002142 9504.0 2743.368092849172 2729.368092849172 2743.368092849172 13.0 10673115.067553697 7505.002575215423 17.0 7506.002575215423 7485.002575215423 0.0
220000.0 230000.0 7650.8358789061895 179.6487773437553 309.4535183955236 999.1920000000391 0.0 125952.35634714806 2244.066823844895 2136.632030477284 2245.066823844895 104.43479336761118 9858534.240422683 6989.539408473956 57.43479336761118 6990.539408473956 6926.104615106346 0.0
230000.0 240000.0 8040.042191406246 290.4036676682836 373.0067002283024 999.859000000055 0.0 7212.985978708562 1880.452722146854 1869.3247990026707 1880.452722146854 9.127923144183514 7549233.226374853 5310.535338363177 10.127923144183514 5310.535338363177 5296.407415218992 0.0
240000.0 250000.0 7834.051789062563 301.9458311767521 383.63544420657223 999.6570000000065 0.0 11602.657674143386 2555.1123611590783 2539.675077670873 2555.1123611590783 14.437283488205308 10265424.465648767 7221.922677947443 12.437283488205308 7221.922677947443 7204.485394459237 0.0
250000.0 260000.0 6946.337857421837 707.4087000000058 310.8111696162498 999.9179999999469 197.14000000001397 11064.0 3554.0 3540.0 3554.0 14.0 13156599.0 9236.0 13.0 9236.0 9223.0 0.0
260000.0 270000.0 7707.186818359303 468.9530909090959 389.2428058028576 999.9449999999488 13.596000000019558 13873.0 2600.0 2578.0 2602.0 20.0 11317600.0 7966.0 17.0 7966.0 7947.0 0.0
270000.0 280000.0 7576.29449804686 410.0270769230735 403.82749139154873 999.9590000000317 6.305000000051223 9480.0 2634.0 2622.0 2634.0 12.0 10673480.0 7511.0 16.0 7511.0 7495.0 0.0
280000.0 290000.0 6801.0771484375 499.537615384611 389.89764368988074 998.9880000000121 7.613000000012107 118195.0 3104.0 3003.0 3105.0 100.0 10599387.0 7487.0 45.0 7488.0 7440.0 0.0
290000.0 300000.0 6932.217236328055 654.1125000000175 367.88812603821043 999.920999999973 138.24699999997392 11064.0 3727.0 3713.0 3727.0 14.0 13370420.0 9392.0 14.0 9392.0 9378.0 0.0
