ts te idle avg_span std_span max_span min_span c_bytes_all c_ack_cnt c_ack_cnt_p c_pkts_all c_pkts_data s_bytes_all s_ack_cnt s_ack_cnt_p s_pkts_all s_pkts_data videorate
0.0 10000.0 4178.3796562500065 507.00515885416667 375.0395971439314 999.8389999999781 19.447999999974854 106987.1923738481 6372.500205941351 6222.286265867931 6378.500205941351 150.21394007341868 22668025.560356118 16070.22237752642 90.26097381774684 16070.22237752642 15973.96140370867 0.0
10000.0 20000.0 7449.8409042969 307.7597709099269 332.5162121561573 999.8449999999721 7.43310546875 17591.84189709236 1995.135609677879 1960.0678048389395 1999.135609677879 31.067804838939566 10324743.039000142 7295.06780483894 28.0 7295.06780483894 7261.06780483894 0.0
20000.0 30000.0 7014.607988281292 467.66761538461566 430.72985098657995 999.7600000000093 4.987000000022817 11064.0 3014.0 3000.0 3014.0 14.0 13047387.0 9168.0 16.0 9168.0 9152.0 0.0
30000.0 40000.0 7187.92062304687 313.88605263158314 396.33385797729545 999.7060000000056 6.045999999972992 14222.0 2873.0 2856.0 2873.0 17.0 10590725.0 7450.0 21.0 7450.0 7429.0 0.0
40000.0 50000.0 7173.797707031306 281.26426315788905 355.50888677169456 999.7810000000172 5.556999999971595 240649.0 2585.0 2378.0 2587.0 206.0 10600197.0 7537.0 86.0 7538.0 7448.0 0.0
50000.0 60000.0 6784.15973632806 458.067500000001 420.04074397039716 999.9810000000289 4.721000000019558 14438.0 3575.0 3555.0 3575.0 18.0 13293238.0 9355.0 20.0 9355.0 9333.0 0.0
60000.0 70000.0 6806.304822265636 472.8942500000024 386.1452188236796 999.6149999999907 44.85999999998603 13213.0 2492.0 2471.0 2493.0 20.0 10528153.0 7406.0 17.0 7406.0 7387.0 0.0
70000.0 80000.0 7439.158611328225 317.7008701171835 362.5993052736196 999.7189999999828 5.956999999994878 12866.0 2364.277416731037 2347.277416731037 2364.277416731037 16.0 10720343.688758213 7546.2064414691 21.0 7546.2064414691 7524.2064414691 0.0
80000.0 90000.0 7881.199796875007 451.2758927734394 404.3296459548226 999.875 1.9710781250032596 9260.837383782535 2198.070448259319 2186.3471687343417 2198.070448259319 11.723279524977947 9505640.257185526 6679.506299698547 13.723279524977947 6679.506299698547 6665.78302017357 0.0
90000.0 100000.0 7604.1770136718405 200.3295012207042 322.2145013529129 999.8530000000028 0.0 12425.838704869051 2458.7783483079265 2443.25838406558 2458.7783483079265 15.519964242346399 11003012.669878716 7743.413646649643 21.519964242346397 7743.413646649643 7720.893682407296 0.0
100000.0 110000.0 7995.317519531294 304.3939146634567 331.7551464002958 998.9550000000163 9.670999999972992 122561.18161699067 1708.3093328610885 1609.40922167665 1709.3093328610885 97.90011118443802 8477704.831665786 6004.652552122695 45.900111184438025 6004.652552122695 5956.752440938256 0.0
110000.0 120000.0 7746.203789062507 361.77393587239203 405.57043910054455 997.7829999999958 6.658999999985099 11265.142294357755 2122.564453840629 2105.707808792391 2123.564453840629 16.85664504823763 9535120.552511755 6711.221060060015 15.856645048237633 6711.221060060015 6694.364415011778 0.0
120000.0 130000.0 7647.51919335936 433.984000000002 427.5993972879208 999.6180000000168 6.036000000021886 12870.0 2621.0 2605.0 2621.0 16.0 10619516.0 7464.0 16.0 7464.0 7448.0 0.0
130000.0 140000.0 7904.326009765675 300.6377500000017 418.93645769503473 999.3169999999809 4.869999999995343 9480.0 2484.0 2472.0 2484.0 12.0 10730139.0 7540.0 17.0 7540.0 7523.0 0.0
140000.0 150000.0 7204.89276953123 463.82757142856383 439.27192674814495 999.3339999999735 5.283999999985099 14420.0 3502.0 3484.0 3502.0 18.0 12683401.0 8913.0 19.0 8913.0 8894.0 0.0
150000.0 160000.0 7383.621367187472 429.67772727272876 394.88699605510124 999.7339999999967 7.0530000000144355 9480.0 2358.0 2345.0 2358.0 12.0 10766705.0 7590.0 15.0 7590.0 7575.0 0.0
160000.0 170000.0 7072.723970703082 317.5283684210521 425.7434234210148 999.7679999999818 4.471000000019558 115639.0 2994.0 2897.0 2995.0 96.0 11385598.0 8046.0 49.0 8046.0 7995.0 0.0
170000.0 180000.0 7681.016943359398 455.18090000000086 378.37476058457565 999.8620000000228 5.347999999998137 9480.0 2542.0 2530.0 2542.0 12.0 10420405.0 7325.0 14.0 7325.0 7311.0 0.0
180000.0 190000.0 7588.7245175780845 261.5117173394117 369.77079537305167 999.5160000000033 4.940999999991618 16429.0 2114.540352332143 2095.155264249107 2114.540352332143 19.0 10869264.651782393 7655.540352332143 23.385088083035733 7655.540352332143 7631.770176166072 0.0
190000.0 200000.0 7575.813056640676 561.218231987829 355.4677383981247 999.4769999999553 26.40308789059054 9480.0 2565.459647667857 2552.844735750893 2565.459647667857 12.0 10931026.348217607 7681.459647667857 12.614911916964267 7681.459647667857 7668.229823833928 0.0
200000.0 210000.0 6750.749900390627 429.3911250000092 416.6843640822726 999.920999999973 0.0 14421.0 2995.0 2976.0 2995.0 18.0 12968667.0 9130.0 20.0 9130.0 9108.0 0.0
210000.0 220000.0 7616.176916015567 380.70315895432856 419.0434583732568 999.9980000000214 6.312999999965541 9480.0 2359.118565895158 2347.118565895158 2359.118565895158 12.0 10052110.791804157 7069.250199870199 17.0 7069.250199870199 7052.250199870199 0.0
220000.0 230000.0 6757.795060546952 189.4478977213575 315.9049683015758 999.8739999999525 0.0 129857.58277697496 2440.2733305901584 2326.051017285721 2442.2733305901584 111.2223133044372 10454523.932905553 7424.684082711378 64.2223133044372 7424.684082711378 7350.461769406942 0.0
230000.0 240000.0 7561.596910156193 360.59032376802776 388.0005556945711 996.0659999999916 0.0 8298.90395247359 2318.397092643837 2305.8944083719502 2318.397092643837 10.502684271886757 9667808.825540533 6796.534053955068 11.502684271886757 6796.534053955068 6781.031369683182 0.0
240000.0 250000.0 8018.3278496095445 195.08583018090576 332.70200631243455 999.8639999999432 0.0 11053.675504024488 2218.3450639051216 2202.058404695856 2219.3450639051216 14.286659209265158 8930281.769144772 6291.770627567931 12.286659209265158 6291.770627567931 6273.483968358666 0.0
250000.0 260000.0 7720.166103515658 614.2112885044522 274.2699019657962 999.9760000000242 252.44601953122765 9470.83776652696 2170.865946965725 2158.8776037513144 2170.865946965725 11.98834321441089 10968108.680604983 7701.761035895423 10.98834321441089 7701.761035895423 7690.772692681012 0.0
260000.0 270000.0 7711.350529296906 543.4966666666636 387.1779754896369 999.9810000000289 46.76100000005681 12897.0 2476.0 2460.0 2476.0 16.0 10058845.0 7073.0 14.0 7073.0 7059.0 0.0
270000.0 280000.0 7716.068181640701 360.31261538460745 399.6226093756943 999.7439999999478 5.650000000023283 9480.0 2238.0 2226.0 2238.0 12.0 10499716.0 7381.0 17.0 7381.0 7364.0 0.0
280000.0 290000.0 7059.920824218658 456.93206666667635 411.99818518176914 999.533000000054 8.861000000033528 122626.0 2964.0 2860.0 2965.0 102.0 12769590.0 9017.0 47.0 9017.0 8966.0 0.0
290000.0 300000.0 7638.143126953044 700.9271428571748 323.60725386309036 999.1920000000391 106.33900000003632 9480.0 2553.0 2541.0 2553.0 12.0 10988207.0 7714.0 12.0 7714.0 7702.0 0.0
