ts te idle avg_span std_span max_span min_span c_bytes_all c_ack_cnt c_ack_cnt_p c_pkts_all c_pkts_data s_bytes_all s_ack_cnt s_ack_cnt_p s_pkts_all s_pkts_data videorate
0.0 10000.0 4725.141 879.1431666666667 226.29806554490563 999.9809999999998 428.77400000000125 7324.0 3965.0 3929.0 3966.0 36.0 24269099.0 17056.0 16.0 17056.0 17039.0 3840.0
10000.0 20000.0 7657.862999999998 780.7123333333342 320.2829408044306 999.2960000000021 413.0659999999989 2044.0 1466.0 1452.0 1466.0 14.0 10305720.0 7241.0 9.0 7241.0 7232.0 4000.0
20000.0 30000.0 6839.959999999999 790.0100000000002 249.30435565522467 999.9449999999997 508.66100000000006 2376.0 1742.0 1726.0 1742.0 16.0 12459864.0 8765.0 11.0 8765.0 8754.0 4000.0
30000.0 40000.0 7149.697 950.101 56.80699341630334 999.2169999999969 887.8899999999994 2044.0 1275.0 1261.0 1275.0 14.0 9946070.0 6994.0 10.0 6994.0 6984.0 4000.0
40000.0 50000.0 7387.631999999998 653.0920000000006 413.89517819129134 999.9199999999983 177.80599999999686 2044.0 1646.0 1632.0 1646.0 14.0 10492096.0 7371.0 9.0 7371.0 7362.0 4000.0
50000.0 60000.0 6784.779999999999 803.8050000000003 238.17564519908555 999.726999999999 515.1820000000007 2376.0 1743.0 1727.0 1743.0 16.0 12267329.0 8627.0 12.0 8627.0 8615.0 4000.0
60000.0 70000.0 7931.356 689.5480000000001 529.6857335637809 999.9839999999967 77.9429999999993 1712.0 1309.0 1297.0 1309.0 12.0 8200624.0 5766.0 12.0 5766.0 5754.0 4000.0
70000.0 80000.0 7538.554054687498 615.3614863281255 444.78137174831716 999.9529999999941 196.12200000000303 2296.21461509217 1381.2266953119017 1365.707330160744 1381.2266953119017 15.519365151157649 10813193.623895349 7602.883328023895 12.0 7602.883328023895 7590.883328023895 4000.0
80000.0 90000.0 7512.088955078114 621.9777612304715 313.11261294955716 999.0420000000013 245.9730546875071 1873.0822524264631 1268.530000464325 1255.806630562782 1268.530000464325 12.723369901543048 9680960.058840042 6806.926361876118 11.242735052700697 6806.926361876118 6795.683626823417 4000.0
90000.0 100000.0 7810.762107421877 437.8475785156246 318.8578871907497 999.6710000000021 212.14500000000407 1758.758729806687 1321.8953296330294 1309.8946843306462 1321.8953296330294 12.000645302383319 9896928.648046277 6951.379827600496 9.000645302383319 6951.379827600496 6942.379182298114 4307.692307692308
100000.0 110000.0 6960.675791015616 607.8648417968768 380.52281111699585 999.4539999999979 109.069091796875 2208.3861665043837 1496.526465308468 1480.2189916645777 1496.526465308468 16.3074736438901 11055465.438500509 7772.694473286264 12.197302844095276 7772.694473286264 7760.497170442169 4800.0
110000.0 120000.0 7240.99709179686 689.7507270507849 301.22269427852916 903.7609999999986 255.02900000000955 1961.5582361702968 1430.8215092822759 1417.37236328125 1430.8215092822759 13.449146001025884 9470131.230717823 6671.116009213226 12.559316800820707 6671.116009213226 6658.556692412405 3833.3333333333335
120000.0 130000.0 7637.267000000022 590.6832499999946 486.3743624955081 999.7099999999919 39.27400000000489 2044.0 1453.0 1439.0 1453.0 14.0 10410180.0 7315.0 12.0 7315.0 7303.0 4000.0
130000.0 140000.0 7530.018999999971 823.3270000000097 232.64241811845156 999.7030000000086 559.6650000000081 2044.0 1346.0 1332.0 1346.0 14.0 10040429.0 7055.0 12.0 7055.0 7043.0 4000.0
140000.0 150000.0 7237.503999999986 690.6240000000034 364.777478589347 999.9510000000009 289.6009999999951 2376.0 1628.0 1612.0 1628.0 16.0 12515513.0 8795.0 13.0 8795.0 8782.0 4000.0
150000.0 160000.0 7455.9499999999825 636.0125000000044 429.2841871476218 999.9869999999937 164.56400000001304 2044.0 1349.0 1335.0 1349.0 14.0 10188538.0 7167.0 12.0 7167.0 7155.0 4000.0
160000.0 170000.0 7226.842000000033 693.2894999999917 400.1520445718136 999.8129999999946 157.9659999999858 2044.0 1358.0 1344.0 1358.0 14.0 10217433.0 7191.0 12.0 7191.0 7179.0 4000.0
170000.0 180000.0 7568.632000000012 607.8419999999969 462.4086735309675 999.6000000000058 96.91399999998976 2044.0 1422.0 1408.0 1422.0 14.0 10210360.0 7164.0 6.0 7164.0 7158.0 4000.0
180000.0 190000.0 7241.766000000032 689.5584999999919 373.02888278032185 999.7969999999914 251.61799999998766 2201.0 1365.0 1350.0 1365.0 15.0 10201554.0 7172.0 12.0 7172.0 7160.0 4000.0
190000.0 200000.0 7594.906000000017 801.6979999999943 330.2032463029269 999.7729999999865 420.5100000000093 2044.0 1506.0 1492.0 1506.0 14.0 10457764.0 7347.0 9.0 7347.0 7338.0 4000.0
200000.0 210000.0 7458.410999999993 847.1963333333357 153.75574662538727 999.9169999999867 692.4260000000068 2044.0 1305.0 1291.0 1305.0 14.0 9820508.0 6897.0 7.0 6897.0 6890.0 4000.0
210000.0 220000.0 7053.421999999962 736.6445000000094 305.64847645238547 999.1520000000019 425.2190000000119 2376.0 1747.0 1731.0 1747.0 16.0 12685753.0 8917.0 12.0 8917.0 8905.0 4000.0
220000.0 230000.0 7570.334072265599 607.4164819336002 484.49189108874145 999.869000000006 4.700927734375 2044.0 1223.7964797165655 1209.7964797165655 1223.7964797165655 14.0 9414250.845649747 6620.666025273114 12.0 6620.666025273114 6608.666025273114 4000.0
230000.0 240000.0 7727.076626953145 568.2308432617137 386.9164035745264 999.1069999999891 143.88707226561382 1846.7259127506766 1343.981359193313 1331.3641214871166 1343.981359193313 12.617237706196331 9961557.883630885 6995.716210281615 10.617237706196331 6995.716210281615 6985.098972575419 4666.666666666667
240000.0 250000.0 7653.780980468728 469.24380390625447 361.9120702005459 999.5530000000144 48.461999999999534 1834.3049618895457 1186.4440775589053 1173.9139025923898 1186.4440775589053 12.530174966515506 8747896.456143666 6152.923897019472 10.530174966515506 6152.923897019472 6142.393722052956 4363.636363636364
250000.0 260000.0 7659.894361328159 468.0211277343682 361.87983725481024 999.6130000000121 87.782958984375 1682.1887231801954 1161.6527699354187 1150.1888302869595 1161.6527699354187 11.463939648459315 8840319.92242811 6223.260846580744 9.056371434345213 6223.260846580744 6214.204475146399 4666.666666666667
260000.0 270000.0 7614.8349589844 795.0550136718666 172.66947708557157 977.390000000014 634.0289999999804 1956.7804021795823 1343.1253135957975 1329.7366659169686 1343.1253135957975 13.388647678828846 10049075.892147591 7058.433020845054 7.796215892942949 7058.433020845054 7050.636804952112 4000.0
270000.0 280000.0 7201.324000000022 699.6689999999944 354.060156947949 999.9459999999963 310.91499999997905 2044.0 1336.0 1322.0 1336.0 14.0 9791501.0 6880.0 12.0 6880.0 6868.0 4000.0
280000.0 290000.0 7179.699000000022 705.0752499999944 341.4617566271785 999.8740000000107 373.4070000000065 2376.0 1830.0 1814.0 1830.0 16.0 12296605.0 8637.0 9.0 8637.0 8628.0 4000.0
290000.0 300000.0 7757.328999999969 560.6677500000078 511.14838322504 999.7820000000065 42.37300000002142 1712.0 1159.0 1147.0 1159.0 12.0 8424627.0 5929.0 12.0 5929.0 5917.0 4000.0
