ts te idle avg_span std_span max_span min_span c_bytes_all c_ack_cnt c_ack_cnt_p c_pkts_all c_pkts_data s_bytes_all s_ack_cnt s_ack_cnt_p s_pkts_all s_pkts_data videorate
0.0 10000.0 4294.599255859372 466.1450002253606 376.0585462610951 999.9180000000015 31.5841132812493 84260.01238947498 3539.9696186762258 3388.7699284004616 3544.80159075521 151.19969027576383 25981064.199128363 18209.3659154459 70.8028846898498 18209.3659154459 18133.73105867707 0.0
10000.0 20000.0 7321.724000000002 544.2826000000001 442.0660149607754 999.9460000000036 43.137000000002445 5291.0 1442.0 1424.0 1442.0 18.0 10595828.0 7388.0 11.0 7388.0 7377.0 0.0
20000.0 30000.0 7619.889000000003 793.3703333333324 340.3084044353479 999.9709999999977 400.59300000000076 2044.0 1349.0 1335.0 1349.0 14.0 10108865.0 7050.0 10.0 7050.0 7040.0 0.0
30000.0 40000.0 6575.580562500007 177.69853846153862 302.1062812556178 999.3349999999991 6.4539999999979045 21990.0 1723.0 1664.0 1731.0 40.0 11028397.0 7751.0 34.0 7751.0 7696.0 0.0
40000.0 50000.0 6835.218999999997 409.58187499999985 395.75758143426253 999.8950000000041 9.813999999998487 233856.0 1873.0 1675.0 1878.0 196.0 12375437.0 8724.0 83.0 8724.0 8636.0 0.0
50000.0 60000.0 7679.080999999991 508.47640000000246 449.0014732935728 999.7350000000006 47.111000000004424 9008.0 1344.0 1318.0 1346.0 26.0 10017484.0 6993.0 16.0 6993.0 6975.0 0.0
60000.0 70000.0 7608.556000000011 797.1479999999962 302.72935734249273 998.5209999999934 449.0109999999986 2044.0 1428.0 1414.0 1428.0 14.0 10430964.0 7276.0 12.0 7276.0 7264.0 0.0
70000.0 80000.0 7665.872000000003 594.0977500000008 467.935549583039 999.9630000000034 42.263000000006286 5464.0 1341.0 1323.0 1341.0 18.0 10308025.0 7192.0 16.0 7192.0 7176.0 0.0
80000.0 90000.0 7414.247999999992 646.4380000000019 439.5022565410429 999.7050000000017 92.76799999999639 2044.0 1451.0 1437.0 1451.0 14.0 10481750.0 7305.0 12.0 7305.0 7293.0 0.0
90000.0 100000.0 7606.87099999997 304.5107500000031 430.0163704520859 999.4560000000056 8.176000000006752 5415.0 1367.0 1347.0 1368.0 19.0 10157089.0 7095.0 17.0 7095.0 7077.0 0.0
100000.0 110000.0 7745.201904296875 375.7996826171875 470.52112157286336 999.7979999999952 9.52400000000489 119291.09613309694 1473.417627717693 1366.7132766530672 1474.417627717693 105.70435106462594 10655629.247476868 7466.5643846382145 45.77826329846945 7466.5643846382145 7418.786121339745 0.0
110000.0 120000.0 8159.546791015629 376.63524179687374 375.07589568206106 835.7639999999956 36.9179042968608 5115.69956887407 1159.0133139654215 1143.0355390908487 1159.0133139654215 15.977774874572866 8840334.557273205 6168.456395423727 10.7730654135298 6168.456395423727 6157.683330010197 0.0
120000.0 130000.0 7857.565347656258 428.4869304687483 324.47202201952695 999.5480000000098 190.32199999998556 1605.2977768516757 1147.4533233264024 1136.407547051307 1147.4533233264024 11.04577627509546 8836866.537181946 6157.8793127445915 9.153610171934663 6157.8793127445915 6148.725702572658 0.0
130000.0 140000.0 7398.10595703125 520.37880859375 355.30666541083406 999.5199999999895 61.31500000000233 5385.906521177303 1497.115734990483 1476.8436372047772 1498.115734990483 20.272097785705743 10947698.65806798 7637.099907193467 11.295061116066089 7637.099907193467 7624.804846077401 0.0
140000.0 150000.0 8175.862999999983 623.5876666666687 502.901250000777 969.0430000000051 46.62599999998929 5101.0 1161.0 1145.0 1161.0 16.0 8377166.0 5842.0 9.0 5842.0 5833.0 0.0
150000.0 160000.0 6578.431000000011 578.440499999997 459.3471114617993 999.9189999999944 7.138000000006286 2376.0 1574.0 1558.0 1574.0 16.0 11995368.0 8371.0 14.0 8371.0 8357.0 0.0
160000.0 170000.0 7103.71996093748 377.71975000000384 425.6393005074854 999.8740000000107 10.364999999990687 130592.0 1482.0 1364.0 1484.0 116.0 10140248.0 7121.0 48.0 7122.0 7069.0 0.0
170000.0 180000.0 6623.418000000005 844.1454999999987 199.57956451917843 999.7909999999974 581.9860000000044 2376.0 1672.0 1656.0 1672.0 16.0 12310499.0 8587.0 13.0 8587.0 8574.0 0.0
180000.0 190000.0 7421.503361328156 382.0665714285694 399.2600193515703 999.6749999999884 8.005999999993946 14313.0 1356.0 1327.0 1358.0 29.0 10242234.0 7157.0 22.0 7157.0 7133.0 0.0
190000.0 200000.0 7604.235999999975 598.9410000000062 483.01522701117995 999.3150000000023 27.034000000014203 2044.0 1333.0 1319.0 1333.0 14.0 10270081.0 7156.0 10.0 7156.0 7146.0 0.0
200000.0 210000.0 8034.584999999992 502.88150000000314 479.51966962263333 998.8999999999942 46.111000000004424 5428.0 1352.0 1334.0 1352.0 18.0 10356182.0 7220.0 9.0 7220.0 7211.0 0.0
210000.0 220000.0 7400.837000000029 433.19383333332854 468.2850033684225 999.7639999999956 7.715999999985797 2044.0 1402.0 1388.0 1402.0 14.0 10235979.0 7137.0 15.0 7137.0 7122.0 0.0
220000.0 230000.0 7393.625884765643 243.5897377485764 389.96079763374263 999.2419999999984 3.068115234375 124974.0 1541.7087648640381 1424.7087648640381 1542.7087648640381 114.0 10595643.816482991 7438.597952723105 50.0 7439.597952723105 7384.597952723105 0.0
230000.0 240000.0 8069.375162109354 643.5416126302152 360.34487929591097 991.1020000000135 271.6458847656322 1685.243735570711 1111.1210364715844 1099.5369035721183 1111.1210364715844 11.584132899466066 8670980.255094085 6043.169735064772 7.792066449733033 6043.169735064772 6035.377668615038 0.0
240000.0 250000.0 7901.204070312495 356.85615494792 335.5329299773766 999.6510000000126 42.3410000000149 4778.3687841586625 984.6548744645785 970.611380409484 984.6548744645785 14.043494055094609 7429586.149074734 5187.6160681309375 9.835560504827642 5187.6160681309375 5177.780507626109 0.0
250000.0 260000.0 6585.844882812526 682.8310234374949 383.114537301007 999.7729999999865 61.06400000001304 2151.387480270627 1568.5153241997991 1554.1429511543597 1568.5153241997991 14.372373045439325 12051593.77934819 8391.616244081188 10.372373045439325 8391.616244081188 8381.24387103575 0.0
260000.0 270000.0 7591.498000000021 490.56039999999336 466.16199559251453 999.8379999999888 44.29999999998836 5422.0 1349.0 1331.0 1349.0 18.0 10478024.0 7311.0 14.0 7311.0 7297.0 0.0
270000.0 280000.0 7576.561999999976 349.07171428572786 443.2844744697293 999.1720000000205 6.481000000028871 2044.0 1360.0 1346.0 1360.0 14.0 10105892.0 7049.0 11.0 7049.0 7038.0 0.0
280000.0 290000.0 6793.760999999999 406.4389999999985 424.8976487434568 999.8670000000275 7.962999999988824 115234.0 1822.0 1714.0 1823.0 107.0 12560289.0 8798.0 47.0 8799.0 8749.0 0.0
290000.0 300000.0 7420.7109550781315 695.7397499999934 349.9379753712415 999.4409999999916 332.61599999998 5282.0 1325.0 1307.0 1326.0 18.0 10025192.0 7003.0 15.0 7003.0 6987.0 0.0
