ts te idle avg_span std_span max_span min_span c_bytes_all c_ack_cnt c_ack_cnt_p c_pkts_all c_pkts_data s_bytes_all s_ack_cnt s_ack_cnt_p s_pkts_all s_pkts_data videorate
0.0 10000.0 4293.952103515625 410.60820150862077 392.5957797984599 1000.0 0.0 92579.89420420051 3477.769178951634 3315.5882882377696 3483.322260574606 162.18089071386385 25328228.828823738 17905.519721621058 75.86828144471802 17905.519721621058 17824.098358553372 0.0
10000.0 20000.0 7086.902999999998 591.7824000000007 421.6445552741063 999.9619999999995 45.81500000000233 5283.0 1414.0 1396.0 1414.0 18.0 10270980.0 7227.0 11.0 7227.0 7216.0 0.0
20000.0 30000.0 7020.004000000001 744.9989999999998 390.8035789660388 999.5919999999969 175.03100000000268 2044.0 1324.0 1310.0 1324.0 14.0 10248696.0 7205.0 12.0 7205.0 7193.0 0.0
30000.0 40000.0 7223.487046874994 287.4964999999996 416.7931610372095 999.724000000002 7.021999999997206 18705.0 1480.0 1445.0 1481.0 35.0 10494804.0 7407.0 29.0 7407.0 7377.0 0.0
40000.0 50000.0 7345.355021484371 238.4549166666669 363.6520290213668 999.4429999999993 7.653000000005704 231890.0 1602.0 1417.0 1603.0 184.0 10026030.0 7116.0 73.0 7116.0 7041.0 0.0
50000.0 60000.0 7230.699023437512 266.365363636361 400.85908938784854 999.8000000000029 2.7269999999989523 5388.0 1448.0 1430.0 1448.0 18.0 10593726.0 7460.0 18.0 7460.0 7441.0 0.0
60000.0 70000.0 6348.8630546875065 523.1838493303554 458.92239536991383 999.5749999999971 11.14999999999418 2376.0 1547.6442213046632 1529.6442213046632 1547.6442213046632 16.0 11400756.119280668 8029.503188539964 16.0 8029.503188539964 8010.503188539964 0.0
70000.0 80000.0 7937.99495703126 305.39857756696335 367.0017904183217 999.7390000000014 6.75800000000163 4969.436776492348 1122.7322121892523 1108.2408329147734 1122.7322121892523 14.49137927447908 8628529.995809903 6063.978116232998 11.49137927447908 6063.978116232998 6052.486736958519 0.0
80000.0 90000.0 7883.635025390613 302.3378535156267 368.37440435309156 975.6260000000038 0.0 1841.6952108336338 1207.3040878659187 1194.7221120890472 1207.3040878659187 12.581975776871264 9358283.243255127 6588.390748471627 12.581975776871264 6588.390748471627 6575.808772694756 0.0
90000.0 100000.0 7467.218986328153 197.84346439302652 359.2956341806388 999.9649999999965 5.206000000005588 1890.8680126740173 1203.3194786401657 1190.392833691516 1203.3194786401657 12.926644948649656 9236992.641654301 6510.12794675541 19.926644948649656 6510.12794675541 6490.201301806761 0.0
100000.0 110000.0 7166.6038457031245 262.2162500000013 378.36304276235484 999.7320000000036 0.0 121482.0 1512.0 1400.0 1515.0 109.0 10329838.0 7328.0 53.0 7328.0 7271.0 0.0
110000.0 120000.0 6912.252000000008 771.9369999999981 267.063435595356 999.984999999986 488.57300000000396 2376.0 1658.0 1642.0 1658.0 16.0 12241603.0 8609.0 13.0 8609.0 8596.0 0.0
120000.0 130000.0 7010.678000000014 382.24275000000125 434.837950079514 999.5959999999905 7.105999999999767 5436.0 1348.0 1330.0 1348.0 18.0 10422422.0 7336.0 13.0 7336.0 7323.0 0.0
130000.0 140000.0 7889.7119999999995 267.2392499999987 422.59812516106365 999.9990000000107 4.5609999999869615 2044.0 1377.0 1363.0 1377.0 14.0 10236051.0 7193.0 13.0 7193.0 7180.0 0.0
140000.0 150000.0 7653.24377929687 342.80214285714567 453.54127151797445 1000.0 6.021000000007916 5431.0 1334.0 1316.0 1334.0 18.0 10269394.0 7227.0 11.0 7227.0 7216.0 0.0
150000.0 160000.0 7814.780999999988 437.04380000000236 503.15747598411446 999.2570000000123 7.3179999999993015 2044.0 1440.0 1426.0 1440.0 14.0 10230756.0 7188.0 14.0 7188.0 7174.0 0.0
160000.0 170000.0 7059.822000000015 298.86529999999914 397.6826170698998 999.7289999999921 2.959999999991851 117657.0 1897.0 1788.0 1899.0 108.0 12663242.0 8940.0 45.0 8940.0 8893.0 0.0
170000.0 180000.0 7883.619999999995 423.2760000000009 521.7688660331271 999.0849999999919 7.8399999999965075 2044.0 1330.0 1316.0 1330.0 14.0 9826222.0 6904.0 13.0 6904.0 6891.0 0.0
180000.0 190000.0 7496.894015625003 214.58116536458206 371.65841784155947 999.8559999999998 5.404999999998836 9108.0 1342.0911480887623 1319.568361066572 1342.0911480887623 22.0 10335805.25460071 7272.091148088763 17.52278702219061 7272.091148088763 7254.045574044381 0.0
190000.0 200000.0 6816.141968749987 400.18350195312814 428.80764884525655 999.8120000000054 20.387015624990454 6821.0 1473.9088519112377 1446.431638933428 1476.9088519112377 27.0 10304531.74539929 7263.908851911237 18.47721297780939 7263.908851911237 7241.954425955619 0.0
200000.0 210000.0 7480.743000000017 641.4302499999976 439.7061432762946 999.9619999999995 46.46400000000722 5388.0 1378.0 1360.0 1378.0 18.0 10419087.0 7328.0 14.0 7328.0 7314.0 0.0
210000.0 220000.0 7852.925070312485 269.1924912109389 379.0100313756615 999.5270000000019 6.4649999999965075 1644.4490631549713 1022.7695800407548 1011.5701707195751 1022.7695800407548 11.199409321179704 7743252.791447792 5450.412164135147 15.199409321179704 5450.412164135147 5435.212754813967 0.0
220000.0 230000.0 7751.635732421826 128.612582648029 249.54326060367003 999.6020000000135 5.451000000000931 120196.55093684503 1246.2304199592452 1134.4298292804249 1248.2304199592452 106.8005906788203 8651989.208552208 6144.587835864853 48.8005906788203 6145.587835864853 6088.787245186033 0.0
230000.0 240000.0 7786.317999999999 553.4205000000002 493.7124594184312 999.9210000000021 10.019000000000233 2044.0 1332.0 1317.0 1332.0 14.0 10032752.0 7056.0 13.0 7056.0 7042.0 0.0
240000.0 250000.0 6897.554000000004 314.98740000000106 439.7747727126781 999.8890000000247 2.5860000000102445 5727.0 1577.0 1556.0 1577.0 20.0 12745866.0 8969.0 14.0 8969.0 8950.0 0.0
250000.0 260000.0 7977.079000000027 674.306999999991 509.212872738901 999.920999999973 87.49599999998463 1712.0 1053.0 1041.0 1053.0 12.0 7894590.0 5550.0 12.0 5550.0 5538.0 0.0
260000.0 270000.0 7062.02899999998 497.524833333339 455.58705039691813 999.9770000000135 13.456000000005588 5762.0 1734.0 1714.0 1734.0 20.0 12407248.0 8731.0 16.0 8731.0 8715.0 0.0
270000.0 280000.0 7418.09600000002 289.02388888888527 418.54807599200444 999.9469999999856 5.826999999990221 2044.0 1378.0 1363.0 1378.0 14.0 10535343.0 7416.0 16.0 7416.0 7399.0 0.0
280000.0 290000.0 7581.715999999957 226.10663636364254 366.0739441427932 999.7480000000214 0.0 111548.0 1484.0 1380.0 1485.0 102.0 10070638.0 7126.0 43.0 7127.0 7080.0 0.0
290000.0 300000.0 7179.042000000016 705.239499999996 328.6681653953152 999.7139999999781 336.1940000000177 2376.0 1626.0 1610.0 1626.0 16.0 12112170.0 8517.0 14.0 8517.0 8503.0 0.0
