ts te idle avg_span std_span max_span min_span c_bytes_all c_ack_cnt c_ack_cnt_p c_pkts_all c_pkts_data s_bytes_all s_ack_cnt s_ack_cnt_p s_pkts_all s_pkts_data videorate
0.0 10000.0 4384.68496875 412.84095326450864 357.9828406287647 999.9840000000004 34.85905664062375 92699.21134585523 3685.2440473433685 3521.7005711833417 3691.154041307085 163.54347616002622 26745999.36585219 18897.847973308515 73.77253014287146 18897.847973308515 18818.165449201926 0.0
10000.0 20000.0 7173.4549999999945 574.969200000001 392.51876769741864 998.8159999999989 48.300999999999476 6049.0 1397.0 1374.0 1397.0 23.0 10070772.0 7094.0 16.0 7094.0 7078.0 0.0
20000.0 30000.0 7287.749000000003 542.4501999999993 448.7829872819387 999.8399999999965 7.402999999998428 2044.0 1494.0 1480.0 1494.0 14.0 10366594.0 7282.0 13.0 7282.0 7269.0 0.0
30000.0 40000.0 7515.907023437503 286.40388888888833 399.9596204866942 999.1719999999987 6.338000000003376 18789.0 1508.0 1473.0 1509.0 35.0 10531607.0 7427.0 28.0 7427.0 7398.0 0.0
40000.0 50000.0 6464.177943359362 261.7259285714296 373.745593679087 999.4930000000022 5.650999999998021 229508.0 1891.0 1706.0 1892.0 182.0 12092902.0 8586.0 82.0 8586.0 8501.0 0.0
50000.0 60000.0 7433.017000000007 290.6747777777766 403.9636888576049 998.525999999998 2.963000000003376 5429.0 1421.0 1403.0 1421.0 18.0 10367485.0 7295.0 17.0 7295.0 7277.0 0.0
60000.0 70000.0 7308.728000000003 448.54533333333285 447.8164512005665 999.6790000000037 2.599000000001979 2044.0 1356.0 1341.0 1356.0 14.0 10069476.0 7082.0 14.0 7082.0 7066.0 0.0
70000.0 80000.0 7454.790999999983 431.884000000003 446.0272010198456 999.5749999999971 6.812000000005355 5422.0 1375.0 1356.0 1375.0 18.0 10286931.0 7245.0 15.0 7245.0 7229.0 0.0
80000.0 90000.0 7482.5577226562455 419.57371289062576 483.11959072636546 999.4700000000012 5.1269999999931315 2044.0 1434.6921996764736 1420.6921996764736 1434.6921996764736 14.0 10379235.219733495 7294.3609034475785 14.0 7294.3609034475785 7280.3609034475785 0.0
90000.0 100000.0 7755.334291015621 165.09512541852746 311.9289351494146 999.5779999999941 1.703722656253376 5269.03465617288 1126.793066601549 1110.0790285128428 1126.793066601549 16.714038088706264 8254922.835251601 5822.292463522102 21.5355285665297 5822.292463522102 5800.7569349555715 0.0
100000.0 110000.0 7805.846144531242 203.26625958806835 303.64630431155956 999.9410000000062 0.0 118844.04413116303 1229.5690901849352 1127.4745169111102 1230.5690901849352 101.09457327382512 8497360.222051922 6019.943173012387 45.07092995536884 6020.943173012387 5972.872243057019 0.0
110000.0 120000.0 7429.297888671863 261.9924111328146 383.6684120364011 999.6009999999951 9.627000000007683 3415.9212126640896 1361.945643537042 1341.7542548995734 1364.945643537042 17.191388637468613 9896588.722962981 6968.403460017933 15.393541478101461 6968.403460017933 6949.009918539831 0.0
120000.0 130000.0 6146.28800000003 451.77177777777734 416.1280472693388 999.6609999999928 5.909000000014203 6577.0 1698.0 1673.0 1701.0 24.0 12311921.0 8669.0 17.0 8670.0 8649.0 0.0
130000.0 140000.0 7965.267267578107 255.14300000000367 407.94869093236656 997.390000000014 6.412000000011176 2044.0 1387.0 1373.0 1387.0 14.0 10356719.0 7272.0 11.0 7272.0 7261.0 0.0
140000.0 150000.0 7620.592000000004 303.6698749999996 430.86787270061654 999.814000000013 6.277000000001863 5400.0 1320.0 1302.0 1320.0 18.0 10109632.0 7110.0 16.0 7110.0 7094.0 0.0
150000.0 160000.0 7498.680999999982 418.12316666667175 454.7324026824615 999.1270000000077 7.420000000012806 2245.0 1400.0 1384.0 1400.0 16.0 10249206.0 7211.0 15.0 7211.0 7196.0 0.0
160000.0 170000.0 7159.908000000025 321.5892222222206 403.1171881636192 999.9139999999898 5.888000000006286 116264.0 1556.0 1451.0 1557.0 104.0 10545215.0 7468.0 53.0 7469.0 7413.0 0.0
170000.0 180000.0 7099.732999999978 483.3778333333369 449.21601222459356 999.9580000000133 4.554000000003725 2376.0 1612.0 1596.0 1612.0 16.0 12181488.0 8561.0 15.0 8561.0 8546.0 0.0
180000.0 190000.0 6937.266953124985 298.280769230771 361.2384911500407 999.9990000000107 5.184999999997672 10699.0 1441.0 1415.0 1442.0 25.0 10313188.0 7268.0 23.0 7268.0 7243.0 0.0
190000.0 200000.0 7419.187999999995 516.1624000000011 454.62035870526387 999.7950000000128 43.65700000000652 2044.0 1379.0 1363.0 1379.0 14.0 10382468.0 7297.0 12.0 7297.0 7283.0 0.0
200000.0 210000.0 7605.925999999978 488.56720000000206 441.4068637013987 999.9910000000091 48.76199999998789 8652.0 1428.0 1403.0 1429.0 25.0 10407489.0 7323.0 17.0 7323.0 7305.0 0.0
210000.0 220000.0 7017.51312109374 426.06955412946576 511.82090171274206 999.8099999999977 6.092999999993481 1988.6746184563572 1296.333703120874 1282.7214978513198 1296.333703120874 13.612205269553906 9768196.589178506 6872.567822076247 15.612205269553906 6872.567822076247 6856.955616806692 0.0
220000.0 230000.0 7889.8670273437165 127.29324942555361 254.74921682910434 995.247000000003 5.385999999998603 121481.72850761416 1207.6596528004175 1098.4038235509781 1208.6596528004175 107.25582924943937 8261658.0932275355 5862.894935430437 51.28882061969106 5863.894935430437 5807.606114810746 0.0
230000.0 240000.0 7929.769068359397 345.0384886067671 376.5364246789733 999.6149999999907 10.369000000006054 1502.2329206518707 1278.5566781714176 1267.195955353572 1278.5566781714176 10.360722817845783 8491300.035164552 5971.042388646605 10.3277314475941 5971.042388646605 5959.7146571990115 0.0
240000.0 250000.0 7722.595050781325 260.3294388020747 412.8167648254374 999.7459999999846 2.794999999983702 5322.363953277627 1472.449965907291 1453.6787232441302 1472.449965907291 17.77124266316094 9977108.282429405 7025.494853846712 13.77124266316094 7025.494853846712 7006.723611183551 0.0
250000.0 260000.0 7502.838000000047 499.4323999999906 473.52447964683375 999.86599999998 8.184000000008382 2044.0 1443.0 1429.0 1443.0 14.0 10529461.0 7398.0 13.0 7398.0 7385.0 0.0
260000.0 270000.0 7729.738000000012 463.3292000000016 479.525697601996 999.9859999999753 6.238000000012107 5467.0 1489.0 1471.0 1489.0 18.0 10292903.0 7242.0 14.0 7242.0 7228.0 0.0
270000.0 280000.0 7875.769000000029 271.47524999999587 432.23090864349854 999.9029999999912 6.880000000004657 2044.0 1332.0 1317.0 1332.0 14.0 10014268.0 7038.0 7.0 7038.0 7030.0 0.0
280000.0 290000.0 6797.617999999959 314.7966363636396 381.1286693732882 999.9409999999916 0.0 114066.0 1803.0 1696.0 1804.0 105.0 12210389.0 8625.0 49.0 8626.0 8574.0 0.0
290000.0 300000.0 7256.075000000012 548.7849999999977 446.2824039450903 999.9400000000023 12.189000000013039 2044.0 1402.0 1387.0 1402.0 14.0 10334551.0 7276.0 14.0 7276.0 7260.0 0.0
