ts te idle avg_span std_span max_span min_span c_bytes_all c_ack_cnt c_ack_cnt_p c_pkts_all c_pkts_data s_bytes_all s_ack_cnt s_ack_cnt_p s_pkts_all s_pkts_data videorate
0.0 10000.0 3964.8250000000116 862.1678571428555 348.1669307532542 999.9720000000088 73.21700000000419 7153.0 3154.0 3118.0 3155.0 36.0 24451616.0 17197.0 22.0 17197.0 17174.0 3711.5384615384614
10000.0 20000.0 7661.542000000016 779.4859999999948 332.34288463721396 999.685999999987 397.19900000002235 2009.0 1268.0 1255.0 1268.0 13.0 8984447.0 6324.0 11.0 6324.0 6313.0 4000.0
20000.0 30000.0 7294.089000000036 541.1821999999927 478.5421884261522 999.5889999999781 6.532000000006519 2044.0 1530.0 1516.0 1530.0 14.0 10770776.0 7588.0 15.0 7588.0 7573.0 4000.0
30000.0 40000.0 7367.5869999999995 658.1032500000001 412.0646335470213 999.8069999999716 170.4220000000205 2044.0 1371.0 1357.0 1371.0 14.0 10328464.0 7254.0 12.0 7254.0 7242.0 4000.0
40000.0 50000.0 6961.918999999994 759.5202500000014 278.57874462513 999.8549999999814 488.6030000000028 2376.0 1704.0 1688.0 1704.0 16.0 12380283.0 8706.0 12.0 8706.0 8694.0 4000.0
50000.0 60000.0 7637.617919921875 590.5955200195312 472.5010315169855 999.7550000000047 162.007080078125 2044.0 1311.9706694737172 1297.9706694737172 1311.9706694737172 14.0 9622399.785832869 6767.404060109059 12.0 6767.404060109059 6755.404060109059 4000.0
60000.0 70000.0 7889.32712890621 527.6682177734474 531.3355372689635 999.9050000000279 15.574951171875 2044.0 1250.5187319456809 1236.5187319456809 1250.5187319456809 14.0 8931317.86722955 6278.807530540669 8.0 6278.807530540669 6270.807530540669 4363.636363636364
70000.0 80000.0 7548.528861328145 490.2942277343711 359.40809978467615 999.9440000000177 7.496999999973923 1681.7669432700027 1347.9378988258131 1336.4769155785934 1347.9378988258131 11.460983247219644 9892423.859295443 6956.688404130932 10.460983247219644 6956.688404130932 6946.2274208837125 4363.636363636364
80000.0 90000.0 7923.81508984376 519.04622753906 329.12732327724467 999.8449999999721 254.0100000000093 1550.2330567299973 1176.5726997547886 1166.0336830020083 1176.5726997547886 10.539016752780354 8728085.48764214 6131.100005219339 8.539016752780354 6131.100005219339 6122.560988466559 4000.0
90000.0 100000.0 7514.7729999999865 828.4090000000045 237.98866002606854 999.7280000000028 556.6689999999944 2044.0 1522.0 1508.0 1522.0 14.0 10485551.0 7368.0 8.0 7368.0 7360.0 4000.0
100000.0 110000.0 7616.645759765583 600.8865000000078 478.45257569829835 999.9890000000014 21.004000000015367 2044.0 1496.0 1481.0 1496.0 14.0 10396547.0 7304.0 8.0 7304.0 7295.0 4000.0
110000.0 120000.0 7513.73800000007 621.5654999999824 458.4054487238086 999.8339999999735 72.62199999997392 2044.0 1368.0 1354.0 1368.0 14.0 9770006.0 6870.0 9.0 6870.0 6861.0 4000.0
120000.0 130000.0 7193.34799999994 701.663000000015 345.0655423201047 999.8670000000275 374.8640000000014 2376.0 1612.0 1596.0 1612.0 16.0 12311557.0 8649.0 11.0 8649.0 8638.0 4000.0
130000.0 140000.0 7455.407999999996 636.148000000001 437.98125192067346 999.8530000000028 120.05400000000373 2044.0 1401.0 1387.0 1401.0 14.0 10148140.0 7135.0 12.0 7135.0 7123.0 4000.0
140000.0 150000.0 7448.939000000013 850.3536666666623 194.94682726919856 999.6869999999763 629.814000000013 2044.0 1372.0 1358.0 1372.0 14.0 10293966.0 7244.0 10.0 7244.0 7234.0 4000.0
150000.0 160000.0 7334.840000000026 666.2899999999936 408.8080516672624 999.9969999999739 165.26500000001397 2044.0 1510.0 1496.0 1510.0 14.0 10450546.0 7357.0 12.0 7357.0 7345.0 4000.0
160000.0 170000.0 7043.828000000038 739.0429999999906 302.727651687123 999.8829999999725 439.5709999999963 2376.0 1609.0 1593.0 1609.0 16.0 12451963.0 8751.0 12.0 8751.0 8739.0 4000.0
170000.0 180000.0 7463.892000000051 634.0269999999873 460.8381963343256 999.8730000000214 42.51799999998184 2044.0 1430.0 1416.0 1430.0 14.0 10032364.0 7059.0 13.0 7059.0 7046.0 4000.0
180000.0 190000.0 7269.358968749933 546.1282062500134 478.40276254897407 999.7509999999893 6.08203125 2201.0 1286.7268664452447 1271.7268664452447 1286.7268664452447 15.0 9417539.967258774 6627.496290225063 12.0 6627.496290225063 6615.496290225063 4000.0
190000.0 200000.0 8065.682960937498 483.57925976562547 368.6168136836676 999.6380000000354 212.6559687500121 1615.1690621422044 1127.8498988514857 1116.8557231822647 1127.8498988514857 10.99417566922106 8722146.991969816 6129.56622734395 8.99417566922106 6129.56622734395 6120.57205167473 4363.636363636364
200000.0 210000.0 7973.983134765527 405.20337304689457 386.6986122933282 999.4710000000196 15.408935546875 1635.136918041304 1159.4327736524015 1148.303676727794 1159.4327736524015 11.12909692460728 8538637.61065083 6006.325766634528 9.098278776150195 6006.325766634528 5997.227487858378 5000.0
210000.0 220000.0 7189.426935546799 702.6432661133003 355.6115550608558 999.9780000000028 265.1850000000559 2025.6940198164916 1355.9904610508684 1342.1137336446968 1355.9904610508684 13.87672740617166 10230768.43012058 7192.611715796459 11.907545554628745 7192.611715796459 7180.70417024183 4000.0
220000.0 230000.0 7081.0320000000065 729.7419999999984 334.5322447547838 999.8029999999562 311.29799999995157 2376.0 1671.0 1655.0 1671.0 16.0 12366728.0 8688.0 13.0 8688.0 8675.0 4000.0
230000.0 240000.0 7500.431999999913 833.1893333333622 219.1578976453465 999.8780000000261 584.9470000000438 2044.0 1366.0 1352.0 1366.0 14.0 10265099.0 7217.0 13.0 7217.0 7204.0 4000.0
240000.0 250000.0 7672.425000000047 775.8583333333178 319.86416619610554 999.4159999999683 409.4629999999888 2044.0 1403.0 1389.0 1403.0 14.0 10222013.0 7184.0 8.0 7184.0 7176.0 4000.0
250000.0 260000.0 7513.078999999911 621.7302500000224 456.1998451149579 999.6199999999953 80.17200000002049 2044.0 1409.0 1395.0 1409.0 14.0 10366040.0 7291.0 12.0 7291.0 7279.0 4000.0
260000.0 270000.0 7570.199000000022 607.4502499999944 479.7868991572083 999.2199999999721 19.682000000029802 2044.0 1358.0 1344.0 1358.0 14.0 10037422.0 7059.0 9.0 7059.0 7050.0 4000.0
270000.0 280000.0 6973.222000000067 756.6944999999832 290.52476384236945 999.7010000000009 421.0019999999786 2376.0 1781.0 1765.0 1781.0 16.0 12859657.0 9033.0 12.0 9033.0 9021.0 4000.0
280000.0 290000.0 7547.5 613.125 471.08528895029417 999.7460000000428 41.79799999995157 2044.0 1310.0 1296.0 1310.0 14.0 9896003.0 6956.0 12.0 6956.0 6944.0 4000.0
290000.0 300000.0 7794.779705078108 551.3050737304729 518.4758709381368 999.9649999999674 71.45400000002701 2053.0041922642667 1177.2078413810616 1162.9505787449398 1177.2078413810616 14.257262636121913 8758838.0201471 6156.993977914515 12.257262636121913 6156.993977914515 6144.736715278393 4000.0
