ts te idle avg_span std_span max_span min_span c_bytes_all c_ack_cnt c_ack_cnt_p c_pkts_all c_pkts_data s_bytes_all s_ack_cnt s_ack_cnt_p s_pkts_all s_pkts_data videorate
0.0 10000.0 4031.162001953111 514.8202440905405 411.2709502354665 999.9479999999749 0.0 104622.2933080822 8038.72943578361 7894.149792645314 8044.544823090163 144.5796431382962 26014340.85121042 18395.13175995129 85.3622980653973 18395.13175995129 18303.954074579342 0.0
10000.0 20000.0 7397.68101953133 493.7922999999952 377.7447549567689 999.8229999999749 49.147999999986496 13633.0 2787.0 2766.0 2787.0 21.0 10704292.0 7529.0 14.0 7529.0 7515.0 0.0
20000.0 30000.0 7739.651794921898 558.3345555555425 383.698066803548 999.9020000000019 6.777999999991152 9480.0 2978.0 2966.0 2978.0 12.0 11822738.0 8303.0 12.0 8303.0 8291.0 0.0
30000.0 40000.0 7776.773132812465 311.0488125000011 398.0880929893482 999.4890000000014 6.1560000000172295 12878.0 2697.0 2681.0 2697.0 16.0 10607675.0 7461.0 21.0 7461.0 7440.0 0.0
40000.0 50000.0 7048.97717773437 292.6232380952376 400.6852506339521 999.7210000000196 2.511999999987893 234148.0 2914.0 2733.0 2915.0 180.0 10713532.0 7625.0 100.0 7626.0 7523.0 0.0
50000.0 60000.0 6491.029337890563 501.2887333333376 423.9072238769541 999.7860000000219 6.579000000027008 14480.0 3955.0 3935.0 3955.0 18.0 13218004.0 9291.0 18.0 9291.0 9270.0 0.0
60000.0 70000.0 6890.063785156293 450.9907692307651 393.19585527256766 999.9980000000214 0.0 9480.0 2376.0 2362.0 2376.0 12.0 10574335.0 7432.0 14.0 7432.0 7416.0 0.0
70000.0 80000.0 7601.077640625008 365.7739999999982 389.2007632507918 999.7729999999865 6.157999999995809 12893.0 2430.0 2413.0 2430.0 16.0 10664564.0 7505.0 16.0 7505.0 7488.0 0.0
80000.0 90000.0 7367.834414062498 490.991181818181 407.5391737702755 999.7970000000205 6.0420000000158325 12733.0 2485.0 2468.0 2486.0 17.0 10757341.0 7559.0 16.0 7559.0 7542.0 0.0
90000.0 100000.0 7605.901017578086 290.54076470588404 372.41124271034306 999.9689999999828 6.083999999973457 13996.0 2244.0 2227.0 2244.0 17.0 10769044.0 7578.0 20.0 7578.0 7558.0 0.0
100000.0 110000.0 6991.861966796918 441.7212307692299 384.9366865046591 999.7629999999772 9.972000000008848 120742.0 2751.0 2651.0 2752.0 97.0 11398915.0 8064.0 53.0 8064.0 8007.0 0.0
110000.0 120000.0 8182.860130859364 537.0947487792946 390.81215155581157 998.4039999999804 49.08399999997346 12722.873545069944 2317.928477912872 2302.1091931337432 2317.928477912872 15.819284779128719 9419057.70653684 6622.749036027368 12.819284779128719 6622.749036027368 6609.929751248239 0.0
120000.0 130000.0 7686.087576171907 375.0106686197881 378.85156282963567 999.329000000027 6.482000000018161 9494.363037326813 2595.3819812133593 2583.3646713447765 2595.3819812133593 12.017309868582903 11349803.720221844 7975.979800226499 15.017309868582903 7975.979800226499 7960.962490357916 0.0
130000.0 140000.0 7931.935941406351 298.089591567093 372.0740139903491 999.744000000006 6.603999999992084 11276.14927348112 2668.600967242242 2654.6126305551998 2668.600967242242 13.98833668704191 9086758.749676868 6394.262649212029 17.988336687041908 6394.262649212029 6376.274312524987 0.0
140000.0 150000.0 7874.161828125012 285.02505813418844 282.3929913099647 999.9099999999744 0.0 8489.205430598875 2419.6223904171848 2408.877118643258 2419.6223904171848 10.745271773926122 9073597.49277301 6378.256876009758 12.745271773926122 6378.256876009758 6364.511604235832 0.0
150000.0 160000.0 8032.031279296905 411.8238941406191 322.34196100291337 829.8371171875042 7.48499999998603 8239.408713523248 2003.4661832143424 1993.0363863230218 2003.4661832143424 10.429796891320347 9289650.330791436 6524.751638524345 11.429796891320347 6524.751638524345 6513.321841633025 0.0
160000.0 170000.0 7116.237265624979 452.0006666666712 408.04180522827573 999.7050000000163 6.275000000023283 123056.0 3609.0 3506.0 3610.0 103.0 13355315.0 9431.0 47.0 9432.0 9382.0 0.0
170000.0 180000.0 7569.768445312453 442.2681818181829 447.6094867899553 999.7420000000275 4.413000000000466 9480.0 2413.0 2401.0 2413.0 12.0 10199944.0 7163.0 14.0 7163.0 7149.0 0.0
180000.0 190000.0 6677.5028457031 338.92072526041494 373.4196707817848 999.9920000000275 5.10899999999674 20017.0 2249.434969728813 2221.860981837288 2250.434969728813 27.0 9328665.098533824 6577.434969728813 23.28699394576263 6577.434969728813 6552.573987891525 0.0
190000.0 200000.0 7044.5586992189055 603.6697223011129 378.892958962291 999.8329999999842 32.18794531247113 9480.0 3201.565030271187 3188.139018162712 3201.565030271187 12.0 11696244.901466176 8211.565030271187 11.713006054237368 8211.565030271187 8198.426012108475 0.0
200000.0 210000.0 7631.4688339843415 501.49466666667206 339.57074724128285 999.6650000000373 48.557999999960884 12827.0 1755.0 1739.0 1755.0 16.0 8710490.0 6127.0 14.0 6127.0 6113.0 0.0
210000.0 220000.0 7198.96799804701 425.0419999999909 434.9262498731969 999.98199999996 7.324999999953434 11064.0 3123.0 3109.0 3123.0 14.0 14069649.0 9880.0 19.0 9880.0 9861.0 0.0
220000.0 230000.0 7473.133990234346 227.37331818182295 351.9697048758909 999.5270000000019 2.256000000052154 119833.0 2312.0 2208.0 2313.0 101.0 10986439.0 7784.0 47.0 7785.0 7733.0 0.0
230000.0 240000.0 7680.038005859242 398.9913333333582 435.5923246669928 999.9880000000121 0.0 9480.0 2732.0 2719.0 2732.0 12.0 11344079.0 7976.0 14.0 7976.0 7960.0 0.0
240000.0 250000.0 6971.652039062465 521.1900769230605 363.47504451829724 999.60699999996 8.976999999955297 11240.0 2720.0 2702.0 2720.0 14.0 8831863.0 6215.0 13.0 6215.0 6197.0 0.0
250000.0 260000.0 7114.0134042968275 623.9619000000064 415.7911346552105 999.7539999999572 8.160999999963678 11064.0 3320.0 3306.0 3320.0 14.0 13278118.0 9328.0 14.0 9328.0 9314.0 0.0
260000.0 270000.0 7714.152228515595 592.5377500000031 371.4323287817476 999.6539999999804 45.76899999997113 12831.0 2306.0 2290.0 2306.0 16.0 10319845.0 7250.0 13.0 7250.0 7237.0 0.0
270000.0 280000.0 7511.029099609354 384.12569275841366 376.9226508985631 999.9100000000326 7.062000000034459 12287.37337331787 2084.0547453685454 2067.659297085013 2085.0547453685454 15.395448283532426 9662163.962669425 6801.828573434603 18.395448283532424 6801.828573434603 6781.43312515107 0.0
280000.0 290000.0 7761.299804687267 362.19233284507453 412.31615825772246 999.4640000000363 7.964000000036322 120863.62662668213 2133.9452546314546 2035.340702914987 2134.9452546314546 97.60455171646757 7870039.037330574 5577.171426565397 45.604551716467576 5578.171426565397 5529.56687484893 0.0
290000.0 300000.0 7043.927759765647 696.6007777777785 301.37509896714124 999.484000000055 136.86999999999534 11064.0 3062.0 3048.0 3062.0 14.0 13281446.0 9328.0 14.0 9328.0 9314.0 0.0
