ts te idle avg_span std_span max_span min_span c_bytes_all c_ack_cnt c_ack_cnt_p c_pkts_all c_pkts_data s_bytes_all s_ack_cnt s_ack_cnt_p s_pkts_all s_pkts_data videorate
0.0 10000.0 4938.438761718749 701.7454705882352 342.7240630932409 999.9700000000012 43.33299999999872 28777.0 8347.0 8309.0 8350.0 38.0 26760192.0 18808.0 25.0 18808.0 18780.0 0.0
10000.0 20000.0 7628.934871093748 674.5883750000003 370.141231487942 999.9879999999976 221.74900000000343 9480.0 3514.0 3502.0 3514.0 12.0 10553590.0 7412.0 12.0 7412.0 7400.0 0.0
20000.0 30000.0 6911.392646484375 625.8584545454552 409.57106757615645 999.8320000000022 19.06199999999808 11064.0 3288.0 3274.0 3288.0 14.0 12608224.0 8854.0 14.0 8854.0 8840.0 0.0
30000.0 40000.0 7409.182166015627 623.5440999999992 375.57811561687424 999.8759999999966 119.7039999999979 9480.0 3531.0 3519.0 3531.0 12.0 11586833.0 8139.0 12.0 8139.0 8127.0 0.0
40000.0 50000.0 6996.400898437496 660.1090000000008 359.6386590023393 999.9400000000023 196.0280000000057 9480.0 2840.0 2828.0 2840.0 12.0 10551603.0 7410.0 12.0 7410.0 7398.0 0.0
50000.0 60000.0 7638.55166210937 588.5036666666646 381.71874862619694 999.7219999999943 13.971999999994296 9480.0 2539.0 2527.0 2539.0 12.0 10694558.0 7511.0 12.0 7511.0 7499.0 0.0
60000.0 70000.0 7377.912828125001 615.4795555555562 424.96135316200184 999.7859999999928 129.55299999999988 9480.0 2777.0 2765.0 2777.0 12.0 10521993.0 7388.0 12.0 7388.0 7376.0 0.0
70000.0 80000.0 7239.517062499988 541.1166666666674 474.5034083503105 999.8910000000033 20.554999999993015 11064.0 3533.0 3519.0 3533.0 14.0 13106002.0 9200.0 14.0 9200.0 9186.0 0.0
80000.0 90000.0 7823.881011718753 665.7946894531239 330.62364830099904 999.0739999999932 83.074951171875 8713.644099328645 2910.8160890302293 2899.7837101169353 2910.8160890302293 11.032378913293742 9917285.518399222 6960.395395399051 9.30803105564338 6960.395395399051 6951.087364343408 0.0
90000.0 100000.0 7823.478068359356 391.8665945638034 386.01251676452046 999.1230000000069 9.972999999998137 9512.798872524821 2622.546832195146 2610.509546055141 2622.546832195146 12.037286140005115 10166079.422512397 7141.444916965576 11.761633997655476 7141.444916965576 7129.683282967921 0.0
100000.0 110000.0 8030.504548828118 438.8714524739593 399.868309689545 993.9210000000021 22.95900000000256 6786.157018986588 2011.5078145437976 2002.9151386418291 2011.5078145437976 8.592675901968388 8280048.842851492 5813.155481068474 8.592675901968388 5813.155481068474 5804.562805166506 0.0
110000.0 120000.0 7851.671333984385 586.9013708496095 411.7757755872095 999.9869999999937 0.0 8959.400009159945 2209.129264230827 2197.791605186094 2209.129264230827 11.337659044732755 9669809.21623689 6796.004206566899 11.337659044732755 6796.004206566899 6784.666547522165 0.0
120000.0 130000.0 7624.352121093776 720.6817142857097 322.01351550501903 999.9549999999872 110.32600000000093 9480.0 2465.0 2453.0 2465.0 12.0 11012677.0 7733.0 12.0 7733.0 7721.0 0.0
130000.0 140000.0 7633.633664062509 598.0278749999998 398.996299044578 999.7460000000137 44.48999999999069 9480.0 2384.0 2372.0 2384.0 12.0 10392179.0 7305.0 12.0 7305.0 7293.0 0.0
140000.0 150000.0 7218.064726562501 624.5425999999977 414.42246028424313 999.9759999999951 142.55199999999604 11064.0 3040.0 3026.0 3040.0 14.0 12838739.0 9022.0 14.0 9022.0 9008.0 0.0
150000.0 160000.0 7420.206843749998 582.163400000002 423.9872111271468 999.984999999986 13.784000000014203 9480.0 3140.0 3128.0 3140.0 12.0 11036141.0 7749.0 12.0 7749.0 7737.0 0.0
160000.0 170000.0 7508.492117187503 671.0475714285692 323.40573004295715 999.8649999999907 151.15499999999884 9480.0 2193.0 2181.0 2193.0 12.0 10679731.0 7499.0 12.0 7499.0 7487.0 0.0
170000.0 180000.0 7674.29485937499 576.6937777777816 411.60606870306145 999.9290000000037 9.189000000013039 9480.0 2843.0 2831.0 2843.0 12.0 11263991.0 7917.0 12.0 7917.0 7905.0 0.0
180000.0 190000.0 7785.425191406277 605.9141249999957 352.21752656011586 999.9949999999953 47.95199999999022 9480.0 2508.0 2496.0 2508.0 12.0 10840565.0 7611.0 11.0 7611.0 7600.0 0.0
190000.0 200000.0 7636.186966796871 669.1134285714278 321.5350933375983 999.4210000000021 168.3859999999986 9480.0 2230.0 2218.0 2230.0 12.0 10110824.0 7103.0 12.0 7103.0 7091.0 0.0
200000.0 210000.0 7461.80893359374 606.6809999999998 417.8755140477437 999.7220000000088 49.08199999999488 11064.0 3480.0 3466.0 3480.0 14.0 13038875.0 9154.0 13.0 9154.0 9141.0 0.0
210000.0 220000.0 7836.454115234374 654.0730019531256 382.68916845846445 999.7660000000033 36.666015625 9480.0 2381.245036403527 2369.245036403527 2381.245036403527 12.0 9079553.345500456 6377.399045329339 12.0 6377.399045329339 6365.399045329339 0.0
220000.0 230000.0 7884.274968750018 560.6373745117162 287.4012984585249 999.1719999999914 41.078999999997905 7606.501103682702 2212.083970895262 2202.452842522516 2212.083970895262 9.631128372745863 9497871.386612935 6668.069851146291 9.631128372745863 6668.069851146291 6658.438722773544 0.0
230000.0 240000.0 7569.834792968759 352.4789205729166 359.3616002942877 999.3479999999981 0.0009999999892897904 8749.15259695314 2957.297952151437 2946.225879334618 2957.297952151437 11.072072816818727 10923138.05872631 7670.925074108561 11.072072816818727 7670.925074108561 7659.853001291741 0.0
240000.0 250000.0 7827.951960937469 618.749597098221 350.23593022094366 999.7800000000279 121.58699999999953 8136.34629936416 2247.3730405497736 2237.076241739338 2247.3730405497736 10.296798810435408 8576545.209160298 6021.60602941581 9.296798810435408 6021.60602941581 6012.309230605375 0.0
250000.0 260000.0 7842.965273437556 551.5061111111104 444.47798769045426 999.4479999999749 10.706000000005588 9480.0 2472.0 2460.0 2472.0 12.0 10697506.0 7513.0 12.0 7513.0 7501.0 0.0
260000.0 270000.0 7262.393912109372 589.3588000000047 397.23386231729853 999.9440000000177 75.3530000000028 9480.0 3115.0 3103.0 3115.0 12.0 11078178.0 7779.0 12.0 7779.0 7767.0 0.0
270000.0 280000.0 7545.771830078098 649.0473750000019 361.62573133003104 999.3699999999953 207.54200000001583 9480.0 2561.0 2549.0 2561.0 12.0 10930304.0 7673.0 11.0 7673.0 7662.0 0.0
280000.0 290000.0 7315.67433593754 602.628899999999 436.14592644471816 999.8929999999818 22.536000000021886 11064.0 2947.0 2933.0 2947.0 14.0 12363332.0 8680.0 14.0 8680.0 8666.0 0.0
290000.0 300000.0 8102.297832031269 668.0444999999987 260.77390544818064 910.5839999999735 304.6479999999865 7896.0 2035.0 2025.0 2035.0 10.0 8406577.0 5906.0 10.0 5906.0 5896.0 0.0
