ts te idle avg_span std_span max_span min_span c_bytes_all c_ack_cnt c_ack_cnt_p c_pkts_all c_pkts_data s_bytes_all s_ack_cnt s_ack_cnt_p s_pkts_all s_pkts_data videorate
0.0 10000.0 4433.567964843751 547.2919581925678 357.30385231807134 999.655999999999 39.3720703125 112218.74433847667 7598.968933644898 7435.650936852849 7606.964264253539 163.31799679204886 26791512.803394686 18965.039130579247 98.80772518880775 18965.039130579247 18858.2360747818 0.0
10000.0 20000.0 7049.355421875003 367.93871831597323 377.74139873777006 999.7220000000016 6.959929687498516 34070.84291887221 3036.4506558979215 2976.1502186326406 3037.4506558979215 60.30043726528096 10462712.945038324 7391.450655897921 30.300437265280962 7391.450655897921 7360.150218632641 0.0
20000.0 30000.0 7496.449730468754 478.61345454545386 417.1588825717044 999.4049999999988 6.408999999999651 13368.0 2514.0 2489.0 2515.0 25.0 10620474.0 7478.0 17.0 7478.0 7460.0 0.0
30000.0 40000.0 7432.360121093756 331.4646428571427 371.06706080450385 999.8669999999984 6.0 24663.0 2048.0 2018.0 2049.0 30.0 10688549.0 7529.0 26.0 7529.0 7502.0 0.0
40000.0 50000.0 7433.277003906238 383.6889333333335 396.1834948277426 999.9199999999983 5.302999999999884 251711.0 3282.0 3090.0 3283.0 191.0 11181284.0 7919.0 72.0 7919.0 7845.0 0.0
50000.0 60000.0 7177.427181640625 314.6218636363635 416.77027259999716 999.5690000000031 0.0 14411.0 3452.0 3434.0 3452.0 18.0 12934448.0 9093.0 22.0 9093.0 9070.0 0.0
60000.0 70000.0 7623.277998046862 502.99058333333596 420.0278842547689 999.5720000000001 0.0 9480.0 2419.0 2406.0 2419.0 12.0 10618856.0 7464.0 14.0 7464.0 7447.0 0.0
70000.0 80000.0 7028.198744140638 410.5389999999985 420.57942557653337 999.8769999999931 6.080000000001746 16026.0 2953.0 2932.0 2954.0 21.0 10855838.0 7638.0 19.0 7638.0 7618.0 0.0
80000.0 90000.0 7115.756714843752 478.54641666666674 429.3218789550997 999.9149999999936 5.0090000000054715 12831.0 2689.0 2669.0 2690.0 19.0 10527123.0 7405.0 17.0 7405.0 7386.0 0.0
90000.0 100000.0 7797.429675781241 463.67563636363775 478.4488398648847 999.6150000000052 1.1199999999953434 12797.0 2610.0 2594.0 2610.0 16.0 10553065.0 7416.0 15.0 7416.0 7401.0 0.0
100000.0 110000.0 7467.161033203141 290.71066666666513 387.45465129058067 999.9579999999987 6.686000000001513 122168.0 3051.0 2950.0 3052.0 100.0 10716957.0 7574.0 53.0 7575.0 7519.0 0.0
110000.0 120000.0 7685.615144531243 449.4611818181848 393.61434114468227 999.7589999999909 10.763000000006286 12833.0 2487.0 2470.0 2487.0 16.0 9333520.0 6569.0 15.0 6569.0 6552.0 0.0
120000.0 130000.0 7743.848861328093 436.49691666666814 425.0291476001608 999.9759999999951 5.86799999998766 9480.0 2841.0 2829.0 2841.0 12.0 11183894.0 7858.0 16.0 7858.0 7842.0 0.0
130000.0 140000.0 6937.904720703111 443.4383651123062 451.76733543453315 999.9860000000044 0.0 14444.0 3802.778379931727 3784.778379931727 3802.778379931727 18.0 12818180.894227024 9007.303026396858 18.0 9007.303026396858 8988.303026396858 0.0
140000.0 150000.0 7651.608859375003 301.56607215073444 380.91169571797764 999.8569999999891 6.263999999995576 9480.0 2585.064457884917 2573.064457884917 2585.064457884917 12.0 10436338.823285157 7333.106675710651 18.0 7333.106675710651 7315.106675710651 0.0
150000.0 160000.0 7840.304851562512 432.7953874289788 397.19718766027387 991.1870000000054 7.61799999998766 12453.125869724608 2487.651359529539 2472.2118066637254 2487.651359529539 15.439552865813898 10095368.48164524 7096.939405693978 15.439552865813898 7096.939405693978 7081.499852828164 0.0
160000.0 170000.0 7400.746500000008 277.32537282986027 342.75526756163924 999.9519999999902 5.4539999999979045 121618.9516177104 2466.6026233152734 2366.0108328186116 2468.6026233152734 99.59179049666187 9297749.644998692 6582.053337177823 47.591790496661865 6582.053337177823 6531.461546681162 0.0
170000.0 180000.0 8287.333951171866 304.91498964843925 307.621192548732 869.3859999999986 5.7110000000102445 5806.408900746824 1706.5833305651263 1698.2272866652843 1706.5833305651263 7.356043899842092 7060683.380739061 4965.448817635206 10.356043899842092 4965.448817635206 4954.092773735364 0.0
180000.0 190000.0 6858.950785156223 448.79740416666806 414.99074240863587 999.8280000000086 5.268000000010943 18529.51361181817 3091.319848773417 3069.707236035735 3091.319848773417 21.61261273768215 13076528.775104828 9191.148737385483 19.61261273768215 9191.148737385483 9171.5361246478 0.0
190000.0 200000.0 6725.2811269531085 390.27693333333394 405.8796613565656 999.9239999999991 5.448000000003958 9504.0 2503.0 2487.0 2504.0 13.0 10516652.0 7398.0 18.0 7398.0 7377.0 0.0
200000.0 210000.0 6781.013066406274 664.4473999999958 380.005456921404 999.8219999999856 46.74299999998766 14352.0 3926.0 3908.0 3926.0 18.0 13156630.0 9242.0 15.0 9242.0 9227.0 0.0
210000.0 220000.0 7562.664902343735 415.83353846153926 430.93116398341857 999.8399999999965 6.054999999993015 9480.0 2999.0 2987.0 2999.0 12.0 10495761.0 7373.0 16.0 7373.0 7357.0 0.0
220000.0 230000.0 7730.31246093745 284.0177058823568 388.9416704726983 999.7200000000012 5.5679999999993015 119371.0 2873.0 2772.0 2874.0 99.0 10811478.0 7642.0 48.0 7643.0 7590.0 0.0
230000.0 240000.0 7332.4666757812665 390.6124285714281 441.5713512900336 999.7630000000063 6.168999999994412 9480.0 2723.0 2710.0 2723.0 12.0 11035172.0 7755.0 14.0 7755.0 7740.0 0.0
240000.0 250000.0 7021.948999999964 573.1338461538454 430.22268892300303 1000.0 9.717000000004191 14417.0 4373.0 4354.0 4373.0 18.0 13528966.0 9506.0 13.0 9506.0 9492.0 0.0
250000.0 260000.0 8035.8039374999935 251.64626666666786 398.1040850550216 962.9670000000042 0.0 7896.0 1974.0 1964.0 1974.0 10.0 8298962.0 5835.0 10.0 5835.0 5820.0 0.0
260000.0 270000.0 7545.293474609323 525.9886999999987 426.31777945046093 999.4870000000228 6.684999999997672 12851.0 2786.0 2770.0 2786.0 16.0 11113410.0 7812.0 13.0 7812.0 7799.0 0.0
270000.0 280000.0 7460.081634765607 420.14018841146026 436.4120421175294 999.8740000000107 6.044999999983702 10475.63805367516 3635.5442174902664 3621.2870987356264 3635.5442174902664 13.257118754640356 11759164.058609892 8263.3693947584 17.257118754640356 8263.3693947584 8245.112276003758 0.0
280000.0 290000.0 7767.429167968861 313.3492963169535 293.7212586599123 819.0979999999981 7.701999999990221 119309.45679877604 2629.0959240908564 2529.965286522463 2630.0959240908564 98.13063756839372 8857956.919382405 6265.389231987763 43.666121557951676 6266.389231987763 6219.723110429813 0.0
290000.0 300000.0 7113.872654296865 445.8426075846364 230.6420544458881 824.1969999999856 65.3190000000177 12096.476646030595 2916.3044643246517 2900.394184309933 2917.6378976035717 15.15222717844326 9872440.157940028 6935.507614981709 11.616743188885309 6935.507614981709 6922.890871792823 0.0
