ts te idle avg_span std_span max_span min_span c_bytes_all c_ack_cnt c_ack_cnt_p c_pkts_all c_pkts_data s_bytes_all s_ack_cnt s_ack_cnt_p s_pkts_all s_pkts_data videorate
0.0 10000.0 4427.403970703126 404.00107349537006 334.42423806669996 999.8580000000002 26.403087890623283 92006.03972412905 3739.819930698162 3574.44887632723 3745.7741713040436 165.37105437093217 25790148.16033349 18238.69974406258 81.69675667599263 18238.69974406258 18151.048746780707 0.0
10000.0 20000.0 7127.991000000002 486.6161666666667 440.1393491686098 999.9680000000008 47.68800000000192 6407.0 1557.0 1534.0 1557.0 23.0 10741026.0 7553.0 13.0 7553.0 7540.0 0.0
20000.0 30000.0 7419.633999999998 527.2135999999998 456.3841013431569 999.6030000000028 55.7019999999975 4981.0 1468.0 1447.0 1469.0 21.0 10128208.0 7126.0 15.0 7126.0 7110.0 0.0
30000.0 40000.0 7764.947 258.46900000000056 389.2853414569446 999.372000000003 6.773000000001048 18782.0 1372.0 1337.0 1373.0 35.0 10069427.0 7102.0 31.0 7102.0 7070.0 0.0
40000.0 50000.0 6928.789000000033 227.9414999999977 352.9350553798272 999.8479999999981 5.951000000000931 227635.0 1855.0 1666.0 1856.0 188.0 12510358.0 8861.0 84.0 8861.0 8775.0 0.0
50000.0 60000.0 7597.812000000005 307.94012499999917 419.7574174715806 999.6239999999962 6.256999999997788 5352.0 1395.0 1377.0 1395.0 18.0 10297112.0 7234.0 8.0 7234.0 7225.0 0.0
60000.0 70000.0 7497.854999999981 357.44928571428835 430.9823838939412 999.5890000000072 2.6750000000029104 2044.0 1354.0 1339.0 1354.0 14.0 10258720.0 7223.0 14.0 7223.0 7207.0 0.0
70000.0 80000.0 8029.033999999985 336.13633333333564 452.1952309667451 999.2060000000056 5.917000000001281 5064.0 1155.0 1138.0 1155.0 16.0 8301094.0 5837.0 6.0 5837.0 5830.0 0.0
80000.0 90000.0 7136.171000000002 575.6720000000001 517.6883717527364 999.9210000000021 6.745999999999185 2376.0 1671.0 1655.0 1671.0 16.0 12077674.0 8484.0 14.0 8484.0 8470.0 0.0
90000.0 100000.0 7718.55702343749 166.78621428571518 355.126568543404 999.997000000003 2.7660000000032596 5463.0 1409.0 1391.0 1409.0 18.0 10301757.0 7256.0 23.0 7256.0 7233.0 0.0
100000.0 110000.0 7158.642681640631 284.1357318359369 403.1265309599571 999.9729999999981 0.0 116441.0 1560.101377622737 1453.101377622737 1561.101377622737 106.0 10354916.153061513 7314.945039564899 43.0 7315.945039564899 7269.945039564899 0.0
110000.0 120000.0 7904.129033203149 356.99616113280837 387.3558248734413 999.6609999999928 3.951999999990221 4815.824100485968 1191.574652610812 1176.307193962546 1192.574652610812 14.267458648266135 9060447.31593564 6372.553482545285 11.267458648266135 6372.553482545285 6360.286023897019 0.0
120000.0 130000.0 7992.85903710936 334.52349381510675 364.5517220955536 999.7509999999893 6.690000000002328 1911.2650984752736 1207.5296480804184 1194.5911188568916 1207.5296480804184 12.938529223526743 8821879.788985353 6199.016693600649 11.736283771604413 6199.016693600649 6187.280409829044 0.0
130000.0 140000.0 7871.845218750037 214.2791072265565 344.0956852437855 999.8390000000072 6.331999999994878 1576.114160477056 1255.6141406152685 1244.7648870093622 1255.6141406152685 10.8492536059061 8853027.431536635 6223.611499674194 14.037688688403685 6223.611499674194 6209.573810985791 0.0
140000.0 150000.0 7397.201937500009 335.6925849609361 423.15098956742884 992.8266796875105 5.581999999994878 5721.796640561702 1702.1801810707643 1682.2354225484632 1702.1801810707643 19.944758522301022 12148977.310480863 8549.873284614972 17.95856889172577 8549.873284614972 8531.914715723246 0.0
150000.0 160000.0 7696.314000000013 468.8761999999988 458.0350110654139 999.9029999999912 8.404999999998836 2044.0 1377.0 1363.0 1377.0 14.0 10379252.0 7283.0 6.0 7283.0 7277.0 0.0
160000.0 170000.0 7494.868849609367 278.716399999999 388.0224338248727 999.4379999999946 5.9359999999869615 115399.0 1521.0 1412.0 1523.0 109.0 10115260.0 7158.0 47.0 7159.0 7108.0 0.0
170000.0 180000.0 7491.671999999991 419.31733333333494 476.45030614479276 999.7479999999923 7.576000000000931 2044.0 1387.0 1373.0 1387.0 14.0 10387442.0 7309.0 15.0 7309.0 7294.0 0.0
180000.0 190000.0 6759.8369999999995 313.05781818181805 362.10378294980745 999.6179999999877 4.871000000013737 9210.0 1416.0 1394.0 1416.0 22.0 9997469.0 7036.0 20.0 7036.0 7016.0 0.0
190000.0 200000.0 7582.891999999993 483.4216000000015 448.60171102359396 999.8610000000044 39.344000000011874 2044.0 1407.0 1392.0 1407.0 14.0 10481222.0 7370.0 8.0 7370.0 7360.0 0.0
200000.0 210000.0 7708.152999999991 467.333600000001 488.66687886668313 999.6140000000014 44.820999999996275 5361.0 1373.0 1355.0 1373.0 18.0 10002931.0 7028.0 8.0 7028.0 7020.0 0.0
210000.0 220000.0 7313.358000000037 336.68199999999706 411.4021717107063 993.1160000000091 6.8140000000130385 2376.0 1596.0 1580.0 1596.0 16.0 12308067.0 8647.0 12.0 8647.0 8635.0 0.0
220000.0 230000.0 7147.224999999977 183.16556250000212 336.5934198043644 999.5219999999972 4.728000000002794 117556.0 1655.0 1547.0 1656.0 106.0 10426167.0 7384.0 51.0 7385.0 7329.0 0.0
230000.0 240000.0 8044.204999999987 488.9487500000032 520.7595564361557 999.6540000000095 9.15700000000652 1712.0 1075.0 1062.0 1075.0 12.0 8142822.0 5737.0 8.0 5737.0 5727.0 0.0
240000.0 250000.0 7603.36400000006 271.3673333333249 423.05372526253853 999.8090000000084 2.646999999997206 5788.0 1688.0 1667.0 1688.0 20.0 11492888.0 8079.0 8.0 8079.0 8066.0 0.0
250000.0 260000.0 7519.241999999969 826.9193333333436 252.9367645209474 999.8269999999902 536.6170000000275 2044.0 1444.0 1430.0 1444.0 14.0 10639129.0 7472.0 8.0 7472.0 7464.0 0.0
260000.0 270000.0 7610.194000000018 489.95539999998874 461.21115270698283 999.5489999999991 15.35999999998603 5422.0 1576.0 1558.0 1576.0 18.0 10406376.0 7310.0 9.0 7310.0 7301.0 0.0
270000.0 280000.0 7232.858722656209 345.89265966797393 461.28056141196043 999.9710000000196 5.017999999981839 2316.675355979634 1528.4477000813845 1511.8471926337102 1528.4477000813845 15.600507447674302 10401161.065114744 7310.110717646754 13.800253723837152 7310.110717646754 7295.310463922917 0.0
280000.0 290000.0 7702.768380859343 194.98946826172082 329.7711296100175 908.8759999999893 0.0 119115.32120498225 1448.6947652612362 1338.1294089638507 1449.6947652612362 106.56535629738563 9458108.980668236 6694.511450899359 42.78267814869282 6696.511450899359 6647.728772750666 0.0
