ts te idle avg_span std_span max_span min_span c_bytes_all c_ack_cnt c_ack_cnt_p c_pkts_all c_pkts_data s_bytes_all s_ack_cnt s_ack_cnt_p s_pkts_all s_pkts_data videorate
0.0 10000.0 5088.884421875002 822.1511333333328 298.8243842930556 999.9259999999995 34.39400000000023 30385.0 9656.0 9616.0 9659.0 40.0 26445571.0 18590.0 30.0 18590.0 18557.0 0.0
10000.0 20000.0 7599.852511718753 703.981428571429 294.31550388534737 999.8220000000001 292.5749999999971 9480.0 2836.0 2824.0 2836.0 12.0 10758523.0 7557.0 12.0 7557.0 7545.0 0.0
20000.0 30000.0 8031.756027343748 586.2873750000008 424.0121145519772 999.5720000000001 29.103000000002794 9480.0 2899.0 2887.0 2899.0 12.0 10588518.0 7440.0 7.0 7440.0 7433.0 0.0
30000.0 40000.0 7355.4482675781255 590.456300000001 406.09836391666096 999.7660000000033 87.58600000000297 9480.0 3263.0 3251.0 3263.0 12.0 11478293.0 8060.0 12.0 8060.0 8048.0 0.0
40000.0 50000.0 7384.328658203129 652.7582999999998 412.1555278069066 999.9339999999938 89.35899999999674 11064.0 3976.0 3962.0 3976.0 14.0 12714434.0 8925.0 12.0 8925.0 8913.0 0.0
50000.0 60000.0 7947.426035156255 648.8126666666649 350.11296233968403 999.6940000000031 114.64999999999418 7896.0 2298.0 2288.0 2298.0 10.0 8777630.0 6161.0 8.0 6161.0 6153.0 0.0
60000.0 70000.0 7226.707968749994 691.4522500000003 375.78083651159614 999.3120000000054 16.596000000005006 11064.0 3444.0 3430.0 3444.0 14.0 12999088.0 9127.0 12.0 9127.0 9115.0 0.0
70000.0 80000.0 7648.190933593753 638.7047500000008 346.04952139944646 999.8629999999976 155.72400000000198 9480.0 3033.0 3021.0 3033.0 12.0 10841337.0 7609.0 11.0 7609.0 7598.0 0.0
80000.0 90000.0 7485.022531249997 687.0837142857137 399.3654148302925 999.6180000000022 62.83199999999488 9480.0 2616.0 2604.0 2616.0 12.0 10563383.0 7418.0 11.0 7418.0 7407.0 0.0
90000.0 100000.0 7872.0009589843685 605.6871250000022 368.213209515679 999.6659999999974 16.27400000000489 9480.0 2979.0 2967.0 2979.0 12.0 11452738.0 8044.0 9.0 8044.0 8035.0 0.0
100000.0 110000.0 7911.822957031254 643.6869999999991 260.59296076576135 999.8619999999937 184.33800000000338 10272.0 2169.0 2156.0 2169.0 13.0 10371704.0 7284.0 11.0 7284.0 7273.0 0.0
110000.0 120000.0 7850.031806640618 579.6189999999988 387.63397530586775 999.9990000000107 115.67999999999302 9480.0 2175.0 2163.0 2175.0 12.0 10408138.0 7309.0 11.0 7309.0 7298.0 0.0
120000.0 130000.0 7760.948316406255 730.9622857142864 325.2283255082557 999.2429999999877 126.43499999999767 9480.0 2557.0 2545.0 2557.0 12.0 10571845.0 7423.0 12.0 7423.0 7411.0 0.0
130000.0 140000.0 7308.186212890665 737.9812499999935 290.69367070103647 997.6069999999891 269.5799999999872 11064.0 3427.0 3413.0 3427.0 14.0 13080819.0 9184.0 12.0 9184.0 9172.0 0.0
140000.0 150000.0 7684.167419921869 681.4581428571421 316.6650941464989 999.9100000000035 213.69599999999627 9480.0 2430.0 2418.0 2430.0 12.0 10921423.0 7667.0 11.0 7667.0 7656.0 0.0
150000.0 160000.0 7458.749378906243 555.764899956596 430.12825359551283 999.8800000000047 37.62899999998626 9480.0 2574.9317228023465 2562.9317228023465 2574.9317228023465 12.0 10075736.422975847 7077.994384593414 12.0 7077.994384593414 7065.994384593414 0.0
160000.0 170000.0 7812.866119140643 662.7148398437463 329.4701264783721 946.2509999999893 137.85690039061592 9169.182868869684 2042.7084318223976 2031.1008776950368 2042.7084318223976 11.60755412736071 9540707.892211381 6720.840831283704 10.60755412736071 6720.840831283704 6710.233277156343 0.0
170000.0 180000.0 7467.60814257813 480.82752734374907 378.4104420108227 999.8610000000044 69.40700000000652 9567.458741955379 3284.3054728649868 3272.195045160498 3284.3054728649868 12.110427704489116 12691020.915535621 8914.111659074673 12.110427704489116 8914.111659074673 8902.001231370185 0.0
180000.0 190000.0 8118.2133339844 359.091005425344 319.3928029313031 911.3919999999925 4.486999999993714 6811.717700736239 1609.951016830296 1601.310886645091 1609.951016830296 8.640130185205265 6157017.204203413 4323.410409231879 7.640130185205266 4323.410409231879 4315.770279046674 0.0
190000.0 200000.0 7800.89533593753 460.84059694601984 366.9664795591135 999.2989999999991 9.712999999988824 9414.010615001724 2614.700340998959 2602.791486104132 2614.700340998959 11.908854894826918 11202328.488644302 7867.138285723975 11.819865924199581 7867.138285723975 7855.318419799775 0.0
200000.0 210000.0 7528.136931640649 580.24450976562 382.20525668807426 999.8409999999858 17.54099999999744 9269.630073436976 2784.4030146810137 2772.669981592896 2784.4030146810137 11.733033088117988 10751982.076429434 7562.5044300923555 10.822022058745326 7562.5044300923555 7551.68240803361 0.0
210000.0 220000.0 7932.358142578101 568.015875000001 351.8340051381471 999.8759999999893 111.27900000000955 9480.0 2846.0 2834.0 2846.0 12.0 11018402.0 7739.0 7.0 7739.0 7732.0 0.0
220000.0 230000.0 7383.980027343729 514.6862000000023 425.1010631319993 999.994000000006 15.385000000009313 9480.0 3086.0 3074.0 3086.0 12.0 10737710.0 7534.0 10.0 7534.0 7524.0 0.0
230000.0 240000.0 7283.497933593753 633.2040000000037 440.0945796161991 999.8850000000093 30.65700000000652 11064.0 3668.0 3654.0 3668.0 14.0 12806258.0 8991.0 11.0 8991.0 8980.0 0.0
240000.0 250000.0 8326.342650390638 504.292666666656 378.6450861720831 999.630999999994 52.34299999999348 7896.0 1745.0 1735.0 1745.0 10.0 8242725.0 5784.0 4.0 5784.0 5780.0 0.0
250000.0 260000.0 7663.129826171906 708.8038749999905 382.6272826122894 999.5079999999725 112.76600000000326 11064.0 3435.0 3421.0 3435.0 14.0 13745530.0 9655.0 12.0 9655.0 9643.0 0.0
260000.0 270000.0 7716.0422207031515 679.2239999999874 356.6409409728571 999.7870000000112 131.09999999997672 9480.0 2666.0 2654.0 2666.0 12.0 10695836.0 7510.0 12.0 7510.0 7498.0 0.0
270000.0 280000.0 7695.549107421888 617.4897499999934 367.84351987291603 999.9969999999739 143.08199999999488 9480.0 2498.0 2486.0 2498.0 12.0 10445380.0 7337.0 12.0 7337.0 7325.0 0.0
280000.0 290000.0 7662.649828124966 569.8304444444431 406.00240823734447 999.6969999999856 19.5 9480.0 2821.0 2809.0 2821.0 12.0 11071790.0 7772.0 11.0 7772.0 7761.0 0.0
290000.0 300000.0 7497.554255859344 602.2662222222231 394.38450892870327 999.8979999999865 55.03000000002794 9480.0 2747.0 2735.0 2747.0 12.0 10567330.0 7418.0 11.0 7418.0 7407.0 0.0
