ts te idle avg_span std_span max_span min_span c_bytes_all c_ack_cnt c_ack_cnt_p c_pkts_all c_pkts_data s_bytes_all s_ack_cnt s_ack_cnt_p s_pkts_all s_pkts_data videorate
0.0 10000.0 4235.5671035156265 511.048215695112 389.015665571845 999.9880000000012 23.224999999998545 108947.0547281861 8567.48495236635 8407.838473262174 8575.300064720703 159.64647910417546 26060513.417086646 18443.65982674033 92.71268365088007 18443.65982674033 18343.1320307351 0.0
10000.0 20000.0 7521.54218359376 535.5853333333321 386.44056810847394 999.9499999999971 49.421000000002095 16081.0 2486.0 2463.0 2487.0 23.0 10765585.0 7578.0 16.0 7578.0 7561.0 0.0
20000.0 30000.0 7760.376847656247 641.515625 399.27215124879353 999.372000000003 12.531000000002678 9480.0 2770.0 2758.0 2770.0 12.0 11048330.0 7757.0 11.0 7757.0 7746.0 0.0
30000.0 40000.0 7764.187908203123 354.20815384615486 364.38869833481493 998.7869999999966 5.180000000000291 26111.0 2259.0 2228.0 2260.0 31.0 10300764.0 7261.0 27.0 7261.0 7233.0 0.0
40000.0 50000.0 6879.830003906252 290.4189473684206 356.9141465927816 999.9590000000026 5.407999999995809 231848.0 2541.0 2362.0 2543.0 177.0 10773500.0 7644.0 78.0 7644.0 7563.0 0.0
50000.0 60000.0 7529.780908203116 275.8163157894742 350.70805601906636 999.9320000000007 0.0 14319.0 2547.0 2524.0 2550.0 20.0 10639310.0 7498.0 20.0 7498.0 7473.0 0.0
60000.0 70000.0 6898.796306640623 477.44938461538493 437.55927523566214 999.8730000000069 0.0 11064.0 3463.0 3446.0 3463.0 14.0 12822144.0 9011.0 16.0 9011.0 8992.0 0.0
70000.0 80000.0 7367.6029414062505 477.32790909090943 424.9935938765331 999.6919999999955 8.035999999992782 12857.0 2848.0 2830.0 2849.0 17.0 11208609.0 7878.0 14.0 7878.0 7863.0 0.0
80000.0 90000.0 7833.003982421884 415.5505555555541 387.88155531009494 974.7869999999966 6.885999999998603 7896.0 1959.0 1949.0 1959.0 10.0 8369854.0 5882.0 12.0 5882.0 5870.0 0.0
90000.0 100000.0 7150.245826171857 344.4305000000006 410.57800775552886 999.5939999999973 6.1450000000040745 14449.0 3011.0 2993.0 3011.0 18.0 13041080.0 9175.0 24.0 9175.0 9151.0 0.0
100000.0 110000.0 7408.950955078151 421.419249999999 397.8190109004874 999.6909999999916 8.385999999998603 121886.0 2788.0 2686.0 2789.0 100.0 11119513.0 7851.0 41.0 7852.0 7807.0 0.0
110000.0 120000.0 7256.687064453115 646.1251435546874 420.52572503629733 999.9569999999949 46.91699999998673 14294.23253464617 3170.840762863975 3153.079105623261 3170.840762863975 17.76165724071486 11973479.989301294 8417.66988880821 15.761657240714861 8417.66988880821 8401.908231567495 0.0
120000.0 130000.0 7930.73235937499 347.6227875976571 365.2442750558006 998.2960000000021 7.997999999992317 7944.732609943487 1997.1592054231855 1987.0976743500246 1997.1592054231855 10.061531073160968 8934383.531983756 6277.324185676323 12.061531073160968 6277.324185676323 6265.2626546031615 0.0
130000.0 140000.0 8049.672999999952 311.568156770836 381.5198696470856 999.9260000000068 5.269000000000233 12450.377097234512 2719.275776703457 2703.8048979607015 2719.275776703457 15.470878742754614 10507596.151658375 7399.068800801255 16.470878742754614 7399.068800801255 7382.5979220585 0.0
140000.0 150000.0 7987.1087617187295 291.13867953726174 298.17084314255084 995.6620000000112 6.282000000006519 7167.2136262856 1991.563212889862 1982.4896337469675 1991.563212889862 9.073579142894102 7943501.167170692 5580.917236412122 12.073579142894102 5580.917236412122 5568.843657269229 0.0
150000.0 160000.0 7698.588890625018 417.5517498372404 331.16778677423747 936.3649999999907 8.937999999994645 11751.739684045117 2119.012953738447 2104.258086512838 2120.012953738447 14.754867225608896 9153050.608808303 6437.578780990405 14.754867225608896 6437.578780990405 6421.823913764796 0.0
160000.0 170000.0 6875.197335937497 483.7603081054658 425.9256700940242 1000.0 5.255999999993946 128090.70444784511 3899.148088381074 3792.270601806207 3900.148088381074 105.87748657486655 14214884.55107758 10032.441107311683 56.87748657486655 10032.441107311683 9973.563620736817 0.0
170000.0 180000.0 7532.07311523438 496.0405999999959 432.4650408322548 999.6119999999937 6.103999999992084 9480.0 2418.0 2406.0 2418.0 12.0 10208923.0 7171.0 14.0 7171.0 7157.0 0.0
180000.0 190000.0 6845.826837890636 365.1537058823537 393.060816894593 999.7690000000002 4.502000000007683 17215.0 2867.0 2847.0 2867.0 20.0 10936328.0 7690.0 20.0 7690.0 7670.0 0.0
190000.0 200000.0 7528.0619921874895 524.9845537997157 391.4423640046512 999.9290000000037 27.194091796875 9480.0 3189.257310256769 3175.257310256769 3189.257310256769 12.0 10456628.0 7347.257310256769 13.257310256768903 7347.257310256769 7332.0 0.0
200000.0 210000.0 7399.768832031259 470.90280983664775 433.78852352152677 999.765000000014 8.704999999987194 12897.0 2457.742689743231 2441.742689743231 2457.742689743231 16.0 10645634.0 7481.742689743231 14.742689743231097 7481.742689743231 7467.0 0.0
210000.0 220000.0 7438.384974609391 339.0015243566167 408.44497554772846 999.994000000006 0.0 10491.0 2795.8758692553556 2779.0 2797.313803883034 16.0 11082957.510431064 7799.313803883034 19.43793462767792 7799.313803883034 7777.437934627678 0.0
220000.0 230000.0 7110.249888671853 302.5321945684541 414.0997995832261 999.695000000007 5.657000000006519 119967.0 3153.1241307446444 3048.0 3154.686196116966 102.0 12965973.489568936 9163.686196116967 51.56206537232208 9164.686196116967 9108.562065372322 0.0
230000.0 240000.0 7360.582498046861 574.0697777777774 361.93691499478746 999.6909999999916 8.673999999999069 9480.0 2343.0 2330.0 2343.0 12.0 10088039.0 7092.0 13.0 7092.0 7078.0 0.0
240000.0 250000.0 6529.966087890556 493.68428571429104 407.13314512490876 997.3410000000149 0.0 12836.0 2175.0 2156.0 2175.0 16.0 10303962.0 7252.0 14.0 7252.0 7232.0 0.0
250000.0 260000.0 7489.607548828062 603.3587777777834 414.5058723159938 999.5449999999837 22.135999999998603 9480.0 2795.0 2783.0 2795.0 12.0 10879162.0 7645.0 12.0 7645.0 7633.0 0.0
260000.0 270000.0 7587.73904687498 531.8477000000014 438.16345493840674 999.195000000007 16.239999999990687 12899.0 2899.0 2883.0 2899.0 16.0 10966421.0 7705.0 14.0 7705.0 7691.0 0.0
270000.0 280000.0 7523.616113281285 465.9716990559876 435.6144758438201 998.7729999999865 6.478000000002794 10294.792083483942 2707.7103734743496 2693.6815955911625 2707.7103734743496 13.028777883186795 11134985.48733695 7826.221408308411 17.028777883186795 7826.221408308411 7808.192630425225 0.0
280000.0 290000.0 7600.876089843747 306.8020941406333 256.5405954830647 777.5030000000261 7.402999999991152 144201.69771283964 2448.1337653525843 2327.5042301974504 2450.1337653525843 118.6295351551337 9108736.398046982 6449.725591194113 43.629535155133695 6451.725591194113 6402.096056038979 0.0
290000.0 300000.0 7755.768943359377 394.04613167317683 251.27977058448366 886.0590000000084 14.495999999984633 8522.17703907576 2291.355406128523 2279.3382205804387 2291.355406128523 10.790078332067019 9673156.3088921 6793.557401504606 10.790078332067019 6793.557401504606 6782.767323172539 0.0
