ts te idle avg_span std_span max_span min_span c_bytes_all c_ack_cnt c_ack_cnt_p c_pkts_all c_pkts_data s_bytes_all s_ack_cnt s_ack_cnt_p s_pkts_all s_pkts_data videorate
0.0 10000.0 4191.895291015622 546.4876912388402 362.48271161067026 999.9160000000265 7.331999999994878 97604.6816913194 8125.844267727138 7988.1965929384305 8129.844267727138 137.64767478870726 27606834.760999855 19503.17458275247 83.94332003130422 19503.17458275247 19415.23126272116 0.0
10000.0 20000.0 7644.645906249934 447.54309090909504 425.5484837335048 999.9519999999902 7.579000000027008 12849.0 2284.0 2266.0 2285.0 17.0 10385039.0 7303.0 13.0 7303.0 7289.0 0.0
20000.0 30000.0 7183.61557226564 483.6313571428597 431.82918907588754 999.7430000000168 5.532999999995809 11064.0 3704.0 3689.0 3704.0 14.0 13006043.0 9139.0 18.0 9139.0 9120.0 0.0
30000.0 40000.0 7443.094003906299 287.6821666666688 388.0714062650039 999.929999999993 5.227000000013504 13680.0 2421.0 2403.0 2422.0 17.0 11294419.0 7950.0 21.0 7950.0 7929.0 0.0
40000.0 50000.0 7305.357873046887 247.98452631578976 332.92923289764906 999.4739999999874 6.021999999997206 235022.0 2358.0 2177.0 2359.0 180.0 10139965.0 7211.0 87.0 7212.0 7122.0 0.0
50000.0 60000.0 6937.5877031250275 456.8045384615364 398.84137823693015 999.2019999999902 7.0389999999897555 12824.0 2797.0 2778.0 2797.0 16.0 11284171.0 7953.0 18.0 7953.0 7932.0 0.0
60000.0 70000.0 7479.105921875045 411.4347692307649 411.5192338615845 999.8180000000284 0.0 9480.0 2911.0 2897.0 2911.0 12.0 10892492.0 7655.0 14.0 7655.0 7638.0 0.0
70000.0 80000.0 7219.552957031294 382.3164999999972 427.22237050011074 999.8159999999916 5.963999999978114 14471.0 2879.0 2861.0 2879.0 18.0 12841220.0 9029.0 21.0 9029.0 9008.0 0.0
80000.0 90000.0 7939.6158808593755 436.65959999999615 442.61571076329625 999.9990000000107 7.403999999980442 9480.0 2304.0 2292.0 2304.0 12.0 10991068.0 7723.0 13.0 7723.0 7710.0 0.0
90000.0 100000.0 7654.091931640578 257.86372287326634 385.92874404106266 999.6140000000014 5.759000000020023 12892.0 2416.3705018502633 2400.3705018502633 2416.3705018502633 16.0 11048807.0 7779.370501850263 21.370501850263285 7779.370501850263 7758.0 0.0
100000.0 110000.0 7566.671939453168 426.21168164061964 444.06802212809833 999.9199999999837 8.696999999985565 120943.25836649604 2537.1810798244837 2439.343632392039 2538.1810798244837 96.83744743244449 10044332.537297811 7094.931929598952 44.46694558218122 7094.931929598952 7048.464984016772 0.0
110000.0 120000.0 7718.295042968763 320.11304436384154 345.7006080647941 999.195000000007 5.184999999997672 11559.806239086643 2410.3724984825058 2395.9623895947702 2410.3724984825058 14.41010888773566 9100753.568312686 6401.945226252682 15.41010888773566 6401.945226252682 6386.535117364946 0.0
120000.0 130000.0 7867.4179648438 290.06482910156046 340.4072127261272 999.4949999999953 7.003000000026077 11601.30343474169 2647.730633873376 2628.773823387034 2649.730633873376 16.95681048634202 10418743.683663491 7340.051869392615 21.95681048634202 7340.051869392615 7314.095058906272 0.0
130000.0 140000.0 7806.53430664062 310.2560709134604 366.54132853853156 999.6909999999916 5.23499999998603 7737.631959675623 2071.345285969371 2061.5496527758933 2071.345285969371 9.79563319347782 9451431.210726012 6639.700472905487 15.79563319347782 6639.700472905487 6623.90483971201 0.0
140000.0 150000.0 7865.189853515651 404.5759999999912 399.6437661506662 999.8699999999953 5.907000000006519 12806.0 2361.0 2345.0 2361.0 16.0 9976129.0 7030.0 16.0 7030.0 7014.0 0.0
150000.0 160000.0 7742.948796875018 458.78439999999244 419.32598516407563 999.6940000000177 7.045999999972992 9480.0 2702.0 2690.0 2702.0 12.0 11223179.0 7886.0 14.0 7886.0 7872.0 0.0
160000.0 170000.0 6970.3383281250135 347.4488421052658 387.7994046084865 999.6039999999921 5.521000000007916 121766.0 3084.0 2983.0 3085.0 99.0 11469220.0 8106.0 53.0 8106.0 8051.0 0.0
170000.0 180000.0 7589.34833593748 487.827181818186 404.14527865876056 999.829000000027 5.478000000002794 11064.0 2772.0 2758.0 2772.0 14.0 13005733.0 9137.0 16.0 9137.0 9121.0 0.0
180000.0 190000.0 7143.601814453199 322.40041176470766 393.22564939230915 999.8869999999879 5.184000000008382 17286.0 2744.0 2723.0 2744.0 20.0 10486500.0 7383.0 22.0 7383.0 7360.0 0.0
190000.0 200000.0 7271.235427734326 621.3901111111045 342.8022491114263 999.8800000000047 15.793999999994412 10272.0 2651.0 2638.0 2651.0 13.0 10867171.0 7637.0 12.0 7637.0 7625.0 0.0
200000.0 210000.0 7193.275472656242 377.2439333333246 402.0180212059439 999.8689999999478 5.462999999988824 14145.0 2745.0 2725.0 2747.0 20.0 10547006.0 7419.0 19.0 7419.0 7398.0 0.0
210000.0 220000.0 7420.677287109313 403.48576923076496 437.067876111387 999.469000000041 6.800000000046566 9480.0 2641.0 2629.0 2641.0 12.0 11027588.0 7748.0 17.0 7748.0 7731.0 0.0
220000.0 230000.0 6790.74657617195 232.69482758621172 383.96692920233846 999.859999999986 0.0 124772.0 3296.0 3189.0 3297.0 104.0 13515108.0 9556.0 57.0 9557.0 9491.0 0.0
230000.0 240000.0 7636.973816406215 365.86284615385097 409.09564037374366 999.5770000000484 0.0 9504.0 2420.0 2404.0 2421.0 13.0 11239631.0 7908.0 14.0 7908.0 7889.0 0.0
240000.0 250000.0 7951.6822949219495 289.4396847656229 375.4261195188273 999.7060000000056 0.0 12389.270492407297 2036.3039438677329 2019.9475417308547 2036.3039438677329 15.356402136877902 8901700.588635083 6289.467694279303 13.3564021368779 6289.467694279303 6270.111292142425 0.0
250000.0 260000.0 8250.118732421892 344.8176983506936 238.83736030583128 758.5712890625 92.86494140629657 6241.714351425878 1570.2354497969345 1562.3278467594364 1570.2354497969345 7.907603037498032 7450068.25491599 5237.502020240826 7.907603037498032 5237.502020240826 5229.594417203327 0.0
260000.0 270000.0 7193.607865234371 420.1135572509738 330.05875809965545 999.6909999999916 47.70400000002701 14088.24035532271 3437.9600590889563 3420.4544417678644 3437.9600590889563 17.505617321092085 12528371.88290339 8804.103262149318 15.505617321092087 8804.103262149318 8788.597644828225 0.0
270000.0 280000.0 7502.382249999908 398.2861944110616 435.89201794075734 999.9830000000075 6.537000000011176 8087.774800844114 2514.5005472463768 2504.270169741845 2514.5005472463768 10.230377504531981 10253795.273545537 7200.927023330554 14.230377504531981 7200.927023330554 7186.696645826022 0.0
280000.0 290000.0 7651.097316406202 425.9490000000118 400.0054717813238 999.7360000000335 6.506999999983236 124729.0 2512.0 2408.0 2513.0 103.0 10620151.0 7505.0 44.0 7506.0 7459.0 0.0
290000.0 300000.0 7323.528074218775 504.42550468749835 344.38979476088144 999.6779999999562 13.998046875 9529.581051092671 2044.324530516243 2032.180294731246 2044.360589462492 12.144235784996862 10901602.571009288 7661.288471569994 11.072117892498431 7661.288471569994 7650.180294731246 0.0
