ts te idle avg_span std_span max_span min_span c_bytes_all c_ack_cnt c_ack_cnt_p c_pkts_all c_pkts_data s_bytes_all s_ack_cnt s_ack_cnt_p s_pkts_all s_pkts_data videorate
0.0 10000.0 5632.6450507812515 786.0036428571428 347.9031594894028 1000.0 4.360000000000582 29587.0 6503.0 6464.0 6506.0 39.0 22467610.0 15799.0 25.0 15799.0 15771.0 0.0
10000.0 20000.0 7840.026619140626 635.0183333333334 393.4543949027212 999.8070000000007 127.6710000000021 9480.0 2699.0 2687.0 2699.0 12.0 10522745.0 7391.0 11.0 7391.0 7380.0 0.0
20000.0 30000.0 7316.113095703127 704.4273750000002 343.51151618663357 999.6860000000015 120.43499999999767 11064.0 2657.0 2643.0 2657.0 14.0 12476088.0 8767.0 14.0 8767.0 8753.0 0.0
30000.0 40000.0 7708.667009765624 646.4500000000002 362.35761580608 999.9830000000002 113.48700000000099 9480.0 2223.0 2211.0 2223.0 12.0 10431170.0 7324.0 9.0 7324.0 7315.0 0.0
40000.0 50000.0 7908.533111328128 693.2744285714278 302.24917605779797 999.6929999999993 151.2850000000035 9480.0 2317.0 2305.0 2317.0 12.0 10701171.0 7519.0 12.0 7519.0 7507.0 0.0
50000.0 60000.0 7772.113035156246 563.3562222222245 451.34864580658933 999.9959999999992 47.820000000006985 9480.0 2876.0 2864.0 2876.0 12.0 11246883.0 7908.0 12.0 7908.0 7896.0 0.0
60000.0 70000.0 7543.694083984359 589.8531111111128 393.9533253725782 999.9630000000034 169.55499999999302 9480.0 2595.0 2583.0 2595.0 12.0 10808160.0 7587.0 12.0 7587.0 7575.0 0.0
70000.0 80000.0 7800.631904296883 580.220222222221 377.72909127401556 999.8369999999995 171.05299999999988 9480.0 2744.0 2732.0 2744.0 12.0 10897343.0 7648.0 10.0 7648.0 7638.0 0.0
80000.0 90000.0 7392.105632812498 640.7918888888897 380.5923857503082 999.9389999999985 20.362999999997555 11064.0 2632.0 2618.0 2632.0 14.0 12863875.0 9039.0 14.0 9039.0 9025.0 0.0
90000.0 100000.0 7706.9849687499955 647.931875000002 367.48919445588973 999.6269999999931 94.12300000000687 7896.0 2701.0 2691.0 2701.0 10.0 9485037.0 6666.0 10.0 6666.0 6656.0 0.0
100000.0 110000.0 7232.832871093749 601.1711818181807 443.31284686095586 999.3270000000048 0.0010000000038417056 11856.0 3326.0 3311.0 3326.0 15.0 13068414.0 9182.0 15.0 9182.0 9167.0 0.0
110000.0 120000.0 7848.868992187519 550.971547526039 414.62146087081163 999.5389999999898 15.130000000004657 9480.0 2933.8831369517216 2921.8831369517216 2933.8831369517216 12.0 10170704.580542346 7145.434944153051 12.0 7145.434944153051 7133.434944153051 0.0
120000.0 130000.0 7062.750851562509 698.6010080295123 262.73014289306866 999.6570000000065 314.9670722656301 9480.0 2684.1168630482784 2672.1168630482784 2684.1168630482784 12.0 10892663.419457654 7645.565055846949 10.0 7645.565055846949 7635.565055846949 0.0
130000.0 140000.0 8139.870121093758 703.9681289062511 299.5498843458378 999.823000000004 75.78099999998813 8244.96895137495 2629.32959139318 2618.891134271641 2629.32959139318 10.438457121538791 9379612.052936573 6588.450386435016 10.438457121538791 6588.450386435016 6578.011929313478 0.0
140000.0 150000.0 7651.696074218751 468.97925497159173 309.7878468524672 975.6780000000144 62.195999999996275 10025.164437533083 2602.836657488583 2590.150590182029 2602.836657488583 12.686067306554369 11878287.468039762 8348.872520117951 12.686067306554369 8348.872520117951 8336.186452811397 0.0
150000.0 160000.0 8173.6899824219 364.01691699218645 223.76032835504765 730.5789999999979 98.13699999998789 7869.34941705537 2099.3762779048784 2089.4139894338555 2099.3762779048784 9.962288471023204 9324948.212232426 6557.426165085587 8.962288471023204 6557.426165085587 6548.4638766145645 0.0
160000.0 170000.0 8172.246968749998 399.3553085937514 275.8403452657261 788.9940195312374 83.64599609375 8701.555594751415 2346.910857704678 2335.8968645731593 2346.910857704678 11.013993131519205 9656891.907052338 6788.614341974168 10.013993131519205 6788.614341974168 6778.6003488426495 0.0
170000.0 180000.0 8068.483046875015 572.9842656249966 405.23056594680963 999.6749999999884 36.215087890625 8706.286746286594 2647.1601006155993 2636.139935647502 2647.1601006155993 11.02016496809719 10322443.207341917 7246.097810785335 9.02016496809719 7246.097810785335 7237.077645817239 0.0
180000.0 190000.0 8016.036699218763 572.2879890136646 374.24574614330885 999.8770000000077 31.962999999988824 10164.674852998587 2647.386514893081 2634.5074858918133 2647.386514893081 12.879029001267243 10224840.152396984 7175.53877560194 9.879029001267243 7175.53877560194 7165.659746600673 0.0
190000.0 200000.0 7246.797072265617 544.3918000000006 425.6630026359618 999.9489999999932 2.0670000000100117 9480.0 2545.0 2533.0 2545.0 12.0 10494839.0 7368.0 12.0 7368.0 7356.0 0.0
200000.0 210000.0 7042.138087890606 712.4467777777786 384.56085177016524 999.8990000000049 165.4759999999951 11064.0 3168.0 3154.0 3168.0 14.0 13191411.0 9264.0 14.0 9264.0 9250.0 0.0
210000.0 220000.0 7091.396703124978 722.4776250000032 373.1740560867962 999.4789999999921 76.47399999998743 9480.0 3067.0 3055.0 3067.0 12.0 10933033.0 7676.0 12.0 7676.0 7664.0 0.0
220000.0 230000.0 7530.09718945311 690.3308750000033 409.63245046345634 999.7980000000098 4.445000000006985 10272.0 2675.0 2662.0 2675.0 13.0 10627984.0 7463.0 13.0 7463.0 7450.0 0.0
230000.0 240000.0 7562.361042968725 557.2407777777795 454.02392525085355 999.8580000000075 18.678000000014435 9480.0 2673.0 2661.0 2673.0 12.0 11163335.0 7843.0 12.0 7843.0 7831.0 0.0
240000.0 250000.0 6852.674476562475 765.666375000008 289.1960138753838 999.7980000000098 106.37400000001071 11064.0 2708.0 2694.0 2708.0 14.0 12848768.0 9027.0 14.0 9027.0 9013.0 0.0
250000.0 260000.0 8229.982826171909 515.5058642578078 321.0912662495233 999.5530000000144 8.806999999971595 8031.869533068428 2006.448063223815 1996.2827103164739 2006.448063223815 10.165352907341168 9625500.997511126 6765.106930316309 10.165352907341168 6765.106930316309 6754.941577408968 0.0
260000.0 270000.0 7928.60666015622 420.2602740885486 345.6847048275439 999.939000000013 10.178000000014435 10103.104380350054 2515.374471411286 2502.5852041605326 2515.374471411286 12.789267250753625 10525537.468222257 7398.222639296529 12.789267250753625 7398.222639296529 7385.433372045776 0.0
270000.0 280000.0 7986.841939453152 509.0815558035642 392.92725954778984 999.6959999999963 108.99609375 6614.752644768022 1533.0002390921545 1524.6277950901142 1533.0002390921545 8.372444002040366 8250573.510754668 5797.409082035597 8.372444002040366 5797.409082035597 5789.036638033556 0.0
280000.0 290000.0 8019.562093749992 655.0559866071479 236.43005708639666 890.7719062499818 250.77700000000186 9222.273441813497 2280.1772262727445 2268.5042904328793 2280.1772262727445 11.672935839864842 10702780.02351195 7532.261348351564 11.672935839864842 7532.261348351564 7520.588412511699 0.0
290000.0 300000.0 7147.433130859397 598.9083333333305 436.4006857661317 999.7629999999772 44.552000000025146 11064.0 4172.0 4158.0 4172.0 14.0 13561880.0 9521.0 13.0 9521.0 9508.0 0.0
