ts te idle avg_span std_span max_span min_span c_bytes_all c_ack_cnt c_ack_cnt_p c_pkts_all c_pkts_data s_bytes_all s_ack_cnt s_ack_cnt_p s_pkts_all s_pkts_data video_rate
0.0 10000.0 6859.514677734376 605.3550000000001 374.55907520176265 984.8899999999994 116.17499999999927 14698.0 98.0 82.0 102.0 16.0 199467.0 151.0 20.0 151.0 127.0 288.0
10000.0 20000.0 1384.6390859375024 696.4066232328865 278.61344041034175 992.3280000000013 64.76699999999983 12976.41384975536 232.96472971148984 216.40590369987632 233.96472971148984 15.558826011613524 551150.5463817384 296.2412246253024 16.558826011613526 296.2412246253024 279.68239861368886 288.0
20000.0 30000.0 4071.101220703131 529.082807006836 368.4345578281634 999.8349999999991 0.10399999999935972 15374.58615024464 245.03527028851016 226.59409630012368 245.03527028851016 18.441173988386474 560847.4536182616 334.7587753746976 18.441173988386474 334.7587753746976 316.31760138631114 288.0
30000.0 40000.0 6897.341800781251 399.57735714285707 401.4721100179279 959.7479999999996 0.08299999999871943 12929.0 187.0 172.0 188.0 15.0 443762.0 261.0 16.0 261.0 244.0 288.0
40000.0 50000.0 5624.745853515633 348.8027410567432 392.64756096873487 998.8340000000026 0.043999999994412065 12089.0 225.17938655739508 209.17938655739508 228.17938655739508 14.0 414907.1411803531 305.17938655739505 17.0 305.17938655739505 285.17938655739505 288.0
50000.0 60000.0 1559.861011718749 669.2735161389795 352.3945508534359 998.4410000000062 22.88300000000163 17684.69833629494 323.9821150151575 302.16121671326727 325.9821150151575 20.820898301890203 704480.3922377209 476.7737570026095 22.820898301890203 476.7737570026095 452.9528587007193 288.0
60000.0 70000.0 3716.764191406255 630.2517570800755 322.068112396149 995.9159999999974 48.00299999999697 15987.301663705059 394.83849842744746 375.65939672933763 394.83849842744746 19.179101698109797 817289.466581926 544.0468564399955 19.179101698109797 544.0468564399955 524.8677547418856 360.0
70000.0 80000.0 4385.1018945312535 569.0181260416663 363.0186724055457 994.9400000000023 57.052999999999884 14318.64625984598 469.9453029750841 452.7733098004753 469.9453029750841 17.171993174608776 846119.5442174679 616.9985962982468 16.922685966197438 616.9985962982468 600.0759103320494 634.2857142857143
80000.0 90000.0 1005.1954921875003 783.1432975643393 320.4108476540031 999.2989999999991 43.81000781249895 13201.35374015402 605.1311230879186 589.3031162625273 605.1311230879186 15.828006825391224 1292997.4487589395 934.8047194428989 15.72777764894296 934.8047194428989 919.0769417939559 840.0
90000.0 100000.0 103.15428515625536 786.0325351562497 295.6049876994679 999.1900000000023 219.8759765625 12873.684282073022 505.6981470297073 490.25394909949887 505.6981470297073 15.444197930208459 1261149.8073252572 909.0828614911474 15.571635349963833 909.0828614911474 893.5112261411836 840.0
100000.0 110000.0 106.77770117185719 739.1200670572939 353.23937322049596 999.0370000000112 174.83199999999488 12704.708430850504 513.2317986208614 497.9993385594941 513.2317986208614 15.232460061367167 1191912.8350756837 866.3300123043664 14.77790103489577 866.3300123043664 851.5521112694705 840.0
110000.0 120000.0 757.487509765604 578.4739524054289 399.04196055456873 999.8479999999981 21.840999999985797 12038.830551096422 537.7423650567836 523.3213402728693 537.7423650567836 14.421024783914216 1236423.5369415933 870.5660947116979 15.097682775489842 870.5660947116979 855.4684119362081 840.0
120000.0 130000.0 56.197742187505355 810.5365478515611 288.86082187280726 999.6939999999886 51.762041015637806 15025.696319743545 554.3735940333444 536.3225943896105 554.3735940333444 18.050999643733928 1232854.3972721365 902.3808234899083 18.050999643733928 902.3808234899083 884.3298238461743 840.0
130000.0 140000.0 935.832171875023 830.2950551757804 206.6731262082311 999.7179999999935 248.4890000000014 12930.759983085796 596.3921717050541 580.864659633375 596.3921717050541 15.52751207167907 1329572.003709847 962.4849248247268 15.52751207167907 962.4849248247268 946.9574127530477 840.0
140000.0 150000.0 84.63879687499139 752.887869140628 318.3876185900313 999.9320000000007 189.15100000001257 13154.891103730997 534.9012293053856 519.1225193739026 534.9012293053856 15.778709931483045 1268829.8447462018 921.4971257854618 15.551257720290103 921.4971257854618 905.9458680651717 840.0
150000.0 160000.0 665.766632812476 727.4435427083342 325.54370386618007 998.8850000000093 175.40299999999115 12695.827557284363 493.8842048953128 478.662444760717 493.8842048953128 15.22176013459584 1237111.5570297397 894.8614365889244 14.772547788807058 894.8614365889244 880.0888888001174 840.0
160000.0 170000.0 999.2838085937547 601.1488978949653 362.24853012245654 999.5109999999986 42.94399999998859 12892.336704326493 519.943641396211 504.482738550967 519.943641396211 15.46090284524404 1207828.4216509 860.0102712245033 16.137567402225763 860.0102712245033 843.8727038222776 840.0
170000.0 180000.0 1332.3668574218755 701.3593872070327 375.4412883647663 999.0480000000098 28.40700000000652 12003.091935460838 503.8196013738701 489.41262133756544 503.8196013738701 14.406980036304654 1135152.250630176 823.268789929447 14.406980036304654 823.268789929447 808.8618098931424 840.0
180000.0 190000.0 664.894884765672 803.5589976806605 257.1415699398951 999.9130000000005 176.98300000000745 13463.343632577627 561.355818751892 545.2200207680329 561.355818751892 16.135797983859124 1305836.1297333199 947.8309586819624 16.135797983859124 947.8309586819624 931.6951606981033 840.0
190000.0 200000.0 67.17552148437244 695.5808314208989 362.24486205126766 999.8010000000068 185.0460000000021 12973.99019778624 488.3921509594374 472.8283979696125 488.3921509594374 15.563752989824902 1187233.7937948944 867.8206010740741 15.563752989824902 867.8206010740741 852.2568480842492 840.0
200000.0 210000.0 1013.3316855468438 751.7357696707622 318.67799038042756 998.5020000000077 174.46100000001024 12870.080342883588 481.7218428434019 466.29303525454554 481.7218428434019 15.428807588856309 1212211.3380617818 877.9977421986769 14.755901587785557 877.9977421986769 863.2418406108912 840.0
210000.0 220000.0 1243.6566718749818 601.8722213541679 398.71770701084756 998.179999999993 0.0 14295.020720798528 544.6907865972729 527.9803773374082 545.4127147214577 16.710409259864768 1273361.508205509 928.1822741386134 17.383315260935518 928.1822741386134 909.077030753493 840.0
220000.0 230000.0 755.0716894530924 751.497330610799 318.53535106471276 999.3850000000093 69.29412109375698 13999.738238302041 628.7356012734466 611.1189165343822 629.0136731492618 16.616684739064482 1285713.06148819 936.1271042465432 17.616684739064482 936.1271042465432 917.2323476316635 840.0
230000.0 240000.0 32.39454882807331 789.2871385416676 298.0787655870346 998.7459999999846 177.58799999998882 12505.0 514.523309161656 499.523309161656 514.523309161656 15.0 1163041.2961812753 850.7210417020801 14.646253259769647 850.7210417020801 836.0747884423106 840.0
240000.0 250000.0 161.16376562503865 730.0038254123259 355.3189296759717 999.9369999999763 0.0 15106.49874345937 573.028111917532 554.5455833109544 574.028111917532 18.482528606577553 1327012.419247439 962.3074937522291 19.59501104351913 962.3074937522291 941.7124827087099 840.0
250000.0 260000.0 51.21404492185684 725.3011277573532 343.56874695329384 999.4959999999846 0.0 12666.839638491972 553.8615053816842 538.6745835335577 553.8615053816842 15.186921848126426 1213897.509695788 869.4049299333077 14.758735696711224 869.4049299333077 854.6461942365966 840.0
260000.0 270000.0 868.2079648437793 789.1327910156198 316.00458741054354 998.8069999999716 129.297119140625 14670.477184101346 668.7305241336694 651.1020609411833 668.7305241336694 17.628463192486283 1190545.6546284251 841.975135990112 18.297913647190263 841.975135990112 823.6772223429216 840.0
270000.0 280000.0 1094.8279414062272 792.6830090060798 316.79109491417574 999.8719999999739 98.145263671875 13098.18443394731 553.9137267298347 538.2116403770249 553.9137267298347 15.702086352809737 1148976.8640197539 830.9981274985545 15.702086352809737 830.9981274985545 815.2960411457448 840.0
280000.0 290000.0 76.99289843754377 755.7507078124986 321.86803467221443 999.1510000000126 185.20100000000093 12505.0 565.6293919876041 550.6293919876042 565.6293919876041 15.0 1258672.40362598 914.942023870771 15.0 914.942023870771 899.942023870771 840.0
290000.0 300000.0 535.702751953213 651.3843166503866 400.8924318015982 999.755999999994 156.66399999998976 12733.633710733475 542.2473574631201 526.4308084962149 542.5195404520886 15.27218298896842 1281615.50568907 920.1875370605679 15.816548966905266 920.1875370605679 904.3709880936626 840.0
