ts te idle avg_span std_span max_span min_span c_bytes_all c_ack_cnt c_ack_cnt_p c_pkts_all c_pkts_data s_bytes_all s_ack_cnt s_ack_cnt_p s_pkts_all s_pkts_data videorate
0.0 10000.0 0.0 0.0 0.0 0.0 0.0 0.0 0.0 0.0 0.0 0.0 0.0 0.0 0.0 0.0 0.0 0.0
10000.0 20000.0 3887.0613378906237 669.4071467927633 376.983486367649 998.8019999999997 38.263999999999214 32070.124767578087 333.10278082018664 296.35033994488504 337.10278082018664 36.752440875301595 945313.5978563369 422.897319608464 38.752440875301595 422.897319608464 380.1448787331624 288.0
20000.0 30000.0 3610.5180019531253 624.8142687988279 375.0657044047508 996.5639999999985 33.122093749996566 12073.621496735923 312.78088481150223 298.287630169627 312.78088481150223 14.493254641875213 874113.1440542544 359.9691280919322 14.493254641875213 359.9691280919322 345.47587345005695 840.0
30000.0 40000.0 251.38867187499272 870.5245507812501 203.1794213714869 998.8439999999973 365.0169999999998 16268.061311156867 528.577476201663 509.0559336761038 528.577476201663 19.521542525559184 1424488.6099209925 791.2670745603157 19.521542525559184 791.2670745603157 771.7455320347565 840.0
40000.0 50000.0 479.6764980468797 732.3492550048832 321.4634008467297 998.5829999999987 112.05509765625175 12340.479858949775 420.7206417385503 405.9188587759602 420.7206417385503 14.801782962590092 1133848.8031251705 564.1088558351578 14.801782962590092 564.1088558351578 549.3070728725677 840.0
50000.0 60000.0 547.1819140624866 715.1695957031276 347.0408936579126 998.1450000000041 187.47801757812704 12799.067909860885 416.9363928850107 401.5820941984313 416.9363928850107 15.354298686579378 1096706.6471841596 538.105839285327 15.354298686579378 538.105839285327 522.7515405987475 840.0
60000.0 70000.0 1063.2909843750094 658.6871643554681 384.8278968853635 998.1879999999946 15.972999999998137 16366.44134542135 500.053992081114 479.0778637234366 501.053992081114 18.976128357677407 1235933.6969779164 636.6848253893111 18.976128357677407 636.6848253893111 614.7086970316337 840.0
70000.0 80000.0 95.15477539061976 703.503773951481 377.4235594469403 999.849000000002 14.65508593749837 13310.521936164763 466.32551333267656 449.36795098964785 466.32551333267656 15.957562343028755 1218523.454042908 635.8221131186667 16.957562343028755 635.8221131186667 617.864550775638 840.0
80000.0 90000.0 105.01244140625931 741.9620041503904 355.1369672214683 998.1830000000045 69.87608984374674 11741.467379431768 422.3182670584265 408.22675793238034 422.3182670584265 14.0915091260462 1098801.4342431966 576.8578320772713 14.0915091260462 576.8578320772713 562.766322951225 840.0
90000.0 100000.0 143.4922109374893 699.7573792724615 379.86983598246235 998.9250000000029 50.896023437497206 13314.381462106981 419.1310505996372 403.16732015756446 419.1310505996372 15.963730442072775 1116125.6041412647 537.4972616801298 15.963730442072775 537.4972616801298 521.533531238057 840.0
100000.0 110000.0 92.34219921873591 692.0615901521378 387.31336396292846 997.3190000000031 43.1899550781236 14901.103957769832 504.18063492212553 486.89376268384865 505.18063492212553 17.286872238276906 1337962.0289342871 670.6635654786523 17.286872238276906 670.6635654786523 652.3766932403754 840.0
110000.0 120000.0 42.42512109375093 719.7843592529298 364.79591527469086 999.724000000002 159.05199999999604 13131.635728465133 560.3992040937153 544.6325858614529 560.3992040937153 15.766618232262449 1242509.4735990595 654.1048703196996 15.766618232262449 654.1048703196996 638.3382520874371 840.0
120000.0 130000.0 2228.041263671883 586.9623509880502 380.6527167519337 999.0290000000095 33.48499414062826 14866.390284979367 318.2366455004047 300.94789125000375 319.2366455004047 17.288754250400956 737929.678564305 392.9544617211994 18.288754250400956 392.9544617211994 373.6657074707984 536.0
130000.0 140000.0 14.795044921891531 775.7461622656242 302.04772682017256 998.994000000006 57.031982421875 14172.026908310385 708.5079697357796 690.5023127748516 708.5079697357796 17.00565696092801 1762388.8326591514 1002.1898625163791 18.00565696092801 1002.1898625163791 983.1842055554512 1500.0
140000.0 150000.0 15.004138671851251 752.8586919450428 293.6748671828425 998.55799999999 88.85789257811848 19174.97904671348 731.364221979018 708.9891083352339 732.364221979018 22.375113643784193 1721740.4844645313 1008.2093400313538 23.375113643784193 1008.2093400313538 983.8342263875696 1060.0
150000.0 160000.0 137.93308984371834 786.6941660156265 286.0962697017535 999.6119999999937 130.98888281249674 12802.268120309993 516.3465577456236 500.9823455759646 516.3465577456236 15.364212169659067 1302518.8981900613 605.6530190553215 15.364212169659067 605.6530190553215 590.2888068856623 840.0
160000.0 170000.0 1915.615093749977 666.6258403862869 341.55493068796034 998.7039999999979 0.5080820312432479 16101.832449248708 412.53579242303454 393.2458304531335 412.53579242303454 19.289961969901007 1044704.953004695 484.6937446380115 19.289961969901007 484.6937446380115 465.40378266811047 634.2857142857143
170000.0 180000.0 859.2821601562318 690.0584094669132 339.39880325731605 999.6710000000021 88.72000000000116 13900.093120581598 441.28735874197275 424.583509041349 441.28735874197275 16.703849700623756 1097208.1942167487 566.1665365038473 16.703849700623756 566.1665365038473 549.4626868032235 780.0
180000.0 190000.0 119.38914062501863 742.3171877441382 362.30292349292 998.6490000000049 6.45999414063408 13271.102348330942 430.61617030535535 414.7051227667225 430.61617030535535 15.911047538632857 1129373.576670566 568.2410833929564 15.911047538632857 568.2410833929564 552.3300358543235 840.0
190000.0 200000.0 2973.045449218771 694.9224191406237 389.7856042571352 998.5650000000023 47.13299023438594 13342.483053389311 351.35923460531967 335.3366414101473 351.35923460531967 16.022593195172327 894201.0348336592 428.69405627712035 16.022593195172327 428.69405627712035 412.671463081948 600.0
200000.0 210000.0 2938.323486328125 629.8338115234365 399.04652365474914 999.9800000000105 5.973703124996973 18547.08328549012 395.2582542338783 373.0078759364248 395.2582542338783 22.250378297453494 817973.6440864293 511.4355623917039 22.250378297453494 511.4355623917039 489.1851840942504 474.6666666666667
210000.0 220000.0 1924.5319335937384 708.9381934814428 309.82152547807476 999.7570000000123 113.82000000000698 14835.834229004733 484.96095618500533 467.13826434283095 484.96095618500533 17.822691842174375 1100927.2092303066 662.7836480271797 17.822691842174375 662.7836480271797 644.9609561850053 840.0
220000.0 230000.0 5131.453865234362 550.9970579833971 399.14100596865984 996.7220000000088 0.0 14059.89908607483 329.5636697640381 312.2889908607483 330.5636697640381 16.274678903289796 724967.4901878488 372.74678903289794 17.274678903289796 372.74678903289794 353.47211012960815 624.0
230000.0 240000.0 3709.7488574218587 541.514340928822 372.0340102397014 997.2129999999888 0.0 17450.478481529753 468.1459935381747 447.20696452868793 468.1459935381747 20.93902900948681 941525.3752745287 571.4971440512563 20.93902900948681 571.4971440512563 550.5581150417696 570.0
240000.0 250000.0 4595.014208984387 671.8694086914014 278.71916910648883 997.9839999999967 107.4429999999993 13900.8660327384 279.1808337520934 262.50020861207895 279.1808337520934 16.680625140014463 641781.1411584069 367.96356481177867 16.680625140014463 367.96356481177867 351.2829396717642 480.0
250000.0 260000.0 1475.5537304686732 717.4140623779349 347.7047977091527 997.7980000000098 36.19003125000745 15819.18005506475 419.42913631026806 400.4578986938932 419.42913631026806 18.97123761637487 1011575.7109018409 531.0449208032242 18.97123761637487 531.0449208032242 512.0736831868494 685.7142857142857
260000.0 270000.0 47.17007226572605 705.5890589599549 382.7659660049232 999.2689999999711 66.67103320313618 11751.275943811117 410.09413783683806 395.99056265329807 410.09413783683806 14.10357518353997 1111726.5569975981 524.3773315333137 14.10357518353997 524.3773315333137 510.27375634977375 840.0
270000.0 280000.0 231.27103710942902 698.0826928710921 373.96516342357233 998.2019999999902 30.045089843741152 13283.692562150336 392.7514544503389 376.82494709657584 392.7514544503389 15.926507353762984 1027229.081000986 516.7963424031079 15.926507353762984 516.7963424031079 500.86983504934506 840.0
280000.0 290000.0 213.43815234367503 718.0723752441445 352.12728247698755 992.5900000000256 47.05800390627701 11751.607838630815 426.8347743482488 412.7304275547177 426.8347743482488 14.104346793531102 1093021.6444787905 519.5739073644211 14.104346793531102 519.5739073644211 505.46956057088994 840.0
290000.0 300000.0 190.8297597655328 663.9138184742701 401.3452804749543 999.3400000000256 6.634000000020023 13290.715377875054 450.0516541917931 432.1170573509798 450.0516541917931 15.934596840813317 1145142.0841459746 582.8881462938264 15.934596840813317 582.8881462938264 564.9535494530131 840.0
