ts te idle avg_span std_span max_span min_span c_bytes_all c_ack_cnt c_ack_cnt_p c_pkts_all c_pkts_data s_bytes_all s_ack_cnt s_ack_cnt_p s_pkts_all s_pkts_data videorate
0.0 10000.0 8072.130019531247 589.9892809709823 276.8434105106273 992.9360000000015 244.32900000000154 15562.357758803719 129.0295430009086 111.94981333667002 133.0295430009086 17.07972966423859 280219.53909058915 176.30228666578412 17.07972966423859 176.30228666578412 155.22255700154554 288.0
10000.0 20000.0 1217.5426894531302 743.9540404211957 317.64053665221877 999.6299999999974 96.6349999999984 22889.185692239742 686.2619786146452 658.8678748020014 686.2619786146452 27.394103812643674 1314252.4262230117 778.9236466703492 27.394103812643674 778.9236466703492 751.5295428577055 426.0
20000.0 30000.0 529.0618242187484 714.7945409007353 363.67743257746173 999.6880000000019 0.0 13175.221067831297 604.1343062830091 588.3325198576326 604.1343062830091 15.801786425376475 1259282.2968014837 727.6804736827584 15.801786425376475 727.6804736827584 711.8786872573819 840.0
30000.0 40000.0 1787.4800234374998 752.7767621694718 323.58052141272805 998.2039999999979 164.89800000000105 9765.235481125244 383.57417210143706 371.8497920036958 383.57417210143706 11.724380097741259 989961.7378849156 582.0935929811084 11.724380097741259 582.0935929811084 570.3692128833671 840.0
40000.0 50000.0 2999.697720703123 701.7793332248269 316.12193425107813 997.9919999999984 163.80999999999767 19178.612696502198 532.5930919466961 509.5983087166102 532.5930919466961 22.994783230085847 1031716.2592396365 649.5722248670394 20.994783230085847 649.5722248670394 628.5774416369536 434.6666666666667
50000.0 60000.0 1010.3300449218514 573.7982725694463 406.18396060951903 999.4820000000036 5.196001953125233 15003.107249697328 463.53784658076296 445.5257383094036 463.53784658076296 18.012108271359363 1115265.4189296598 606.0690509125874 15.508662520636758 606.0690509125874 590.5603883919506 737.1428571428571
60000.0 70000.0 2132.364341796856 704.1960788762025 384.52710354201656 999.9180000000051 26.62699999999313 10828.280053800476 387.0982976010222 374.10518910246736 387.0982976010222 12.99310849855479 948521.0728733261 525.3051871282277 10.496554249277395 525.3051871282277 514.8086328789502 840.0
70000.0 80000.0 1159.6397617187467 585.498656054688 384.7322022216281 999.1630000000005 80.0679999999993 17213.104395979004 456.93311982197025 436.2610412902885 456.93311982197025 20.672078531681713 1108922.7618827827 544.5600501059603 16.672078531681713 544.5600501059603 527.8879715742786 640.0
80000.0 90000.0 2171.4566582031403 655.5951269531225 377.7017246415043 999.4079999999958 88.528999999995 12399.060883860893 413.0347733594876 398.1669303874217 413.0347733594876 14.867842972065887 1013127.2338936239 550.5280642956227 11.867842972065887 550.5280642956227 538.6602213235568 720.0
90000.0 100000.0 576.017349609363 575.0983330592112 402.29010530112464 999.3390000000072 6.572107421874534 16376.530298041485 451.50470249953673 431.8389666805357 451.50470249953673 19.665735819001053 1065049.2192254383 621.9011984365302 17.665735819001053 621.9011984365302 604.235462617529 640.0
100000.0 110000.0 62.45378515624907 672.3334234619142 398.89571367095493 999.2679999999964 132.57200000000012 12058.818653770133 494.8803267550845 480.4097472099654 494.8803267550845 14.470579545119048 1204359.0798500502 684.027567157931 12.470579545119048 684.027567157931 671.556987612812 840.0
110000.0 120000.0 191.7831914062699 717.4194030330863 353.16571649304996 999.1499999999942 168.02999999999884 13843.989075254372 493.53212797367354 476.9391669979601 493.53212797367354 16.59296097571343 1256729.0791283692 685.1583715369369 15.592960975713432 685.1583715369369 669.5654105612235 840.0
120000.0 130000.0 1888.4879511718755 610.2662035937502 339.3827918083011 999.6359999999986 16.18499999999767 24159.496693094115 497.8857134617662 469.15491130534735 499.8857134617662 27.730802156418868 1176479.8749771132 622.8782855591643 25.730802156418868 622.8782855591643 595.1474834027454 1943.2
130000.0 140000.0 1875.7745761718543 587.7761155790427 354.7314614987366 999.2840000000142 172.87899999998626 16810.90423801812 406.85311416911134 385.6604584606557 406.85311416911134 20.192655708455565 896040.0585348967 515.0090484198447 18.59632785422778 515.0090484198447 495.41272056561695 606.8571428571429
140000.0 150000.0 210.5429316406371 667.638122802733 392.5703321984934 999.5510000000068 116.51399999999558 12061.808718831244 492.1482406655042 477.6741732558508 492.1482406655042 14.474067409653415 1206394.7865556283 665.9917983517901 13.070395263881199 665.9917983517901 652.9214030879087 840.0
150000.0 160000.0 1979.5269003906578 724.9962382812502 344.8178789630599 999.9659999999858 96.70900000000256 14622.545226662092 486.7299924080959 469.21206711233566 486.7299924080959 17.517925295760246 1218900.2677754287 644.6537425404229 16.517925295760246 644.6537425404229 628.1358172446626 840.0
160000.0 170000.0 367.99695312499534 753.9612933134194 290.2652152907145 998.0439999999944 213.32199999998556 12046.879167855624 583.3577036476249 568.901940657388 583.3577036476249 14.455762990236972 1472365.864063498 868.276930002916 13.455762990236972 868.276930002916 854.8211670126791 840.0
170000.0 180000.0 150.5338066406257 668.6632468261723 394.1949402883617 999.9400000000023 120.87599999998929 13046.42395824701 478.9687148174646 463.3241125955297 478.9687148174646 15.644602221934877 1184613.697819232 720.7638485881355 12.644602221934877 720.7638485881355 708.1192463662005 840.0
180000.0 190000.0 126.49596875000861 626.2380494449018 366.6917778475141 999.3679999999877 153.9090000000142 12692.026227963755 507.00061084276985 490.78149403667703 507.00061084276985 15.219116806092831 1320115.1000497187 796.4688743790942 12.70156426760344 796.4688743790942 782.7673101114908 840.0
190000.0 200000.0 514.733539062523 726.1211682942683 270.27879269705153 997.7550000000047 56.40799999999581 12932.412462422153 542.9409514708982 527.445081903032 542.9409514708982 15.495869567866094 1289376.4534738506 790.2549470862893 10.013422106355486 790.2549470862893 780.2415249799338 840.0
200000.0 210000.0 168.98024023434846 678.6126328124992 378.92686262133014 999.8979999999865 132.81099999998696 13531.904252093556 513.4570548678706 497.2198208292037 513.4570548678706 16.237234038666934 1232210.9805643072 767.6467679461832 14.237234038666935 767.6467679461832 753.4095339075163 840.0
210000.0 220000.0 103.96884570314432 670.6066938476561 395.2795853975436 999.6710000000021 138.52900000000955 12029.051542372219 524.7162283513562 510.28156507969913 524.7162283513562 14.43466327165718 1278114.7911892994 775.4975243395854 12.43466327165718 775.4975243395854 763.0628610679281 840.0
220000.0 230000.0 201.97619531251257 665.1348223876957 395.3184389556216 999.9049999999988 136.57600000000093 12955.619029554035 500.7717968513836 485.2369775062621 500.7717968513836 15.534819345121438 1210112.5769635318 735.844734664551 13.93146101739866 735.844734664551 721.9132736471524 840.0
230000.0 240000.0 237.00773046872928 693.6172064887165 360.417277540757 999.3830000000016 88.79800000000978 13386.897656319408 533.2376789079274 516.187104891346 533.2376789079274 16.050574016581244 1241759.0821680613 765.5106872855769 12.653932344304021 765.5106872855769 751.8567549412728 840.0
240000.0 250000.0 1620.405136718764 728.2850515407998 266.1912268497052 998.310999999987 192.8850000000093 16701.857250284367 543.1388491081457 523.7152498647779 544.1388491081457 19.423599243367818 1295806.9372897183 719.9122434344226 19.742709327973202 719.9122434344226 699.1695341064494 840.0
250000.0 260000.0 386.8200820312486 651.2170739746107 404.8836268785529 999.9560000000056 0.0 12966.598167915441 428.6412253635476 413.09328648552173 428.6412253635476 15.547938878025896 1107659.5389145208 551.5760591769628 12.228828793420515 551.5760591769628 539.3472303835423 840.0
260000.0 270000.0 106.27956054685637 669.6271146240251 399.69825674680436 999.2910000000265 107.54200000001583 12034.83928016306 451.16261523216446 436.72099624668 451.16261523216446 14.441618985484471 1174474.1429473376 577.3653315935652 12.441618985484471 577.3653315935652 564.9237126080807 840.0
270000.0 280000.0 114.79179687495343 675.3110012207108 388.34425541763125 999.2910000000265 149.73100000002887 12509.211763710597 427.6578162856049 412.6526799883968 427.6578162856049 15.005136297208043 1159295.3807431394 578.9565507234515 14.005136297208045 578.9565507234515 564.9514144262436 840.0
280000.0 290000.0 1115.0723339843098 716.979950597431 346.69086438773166 997.3190000000177 173.90000000002328 14165.381056707485 492.3411142696637 475.3662593224594 492.3411142696637 16.97485494720425 1218196.1626609077 611.2573504025429 13.97485494720425 611.2573504025429 597.2824954553387 840.0
290000.0 300000.0 2840.9552382812835 602.1756837439921 386.4581042572854 997.6109999999753 167.55900000000838 10290.64000087983 382.8762927408669 370.5267317641842 382.8762927408669 12.34956097668272 911063.1782869234 585.0135610646657 11.34956097668272 585.0135610646657 573.6640000879831 840.0
