ts te idle avg_span std_span max_span min_span c_bytes_all c_ack_cnt c_ack_cnt_p c_pkts_all c_pkts_data s_bytes_all s_ack_cnt s_ack_cnt_p s_pkts_all s_pkts_data video_rate
0.0 10000.0 0.0 0.0 0.0 0.0 0.0 0.0 0.0 0.0 0.0 0.0 0.0 0.0 0.0 0.0 0.0 0.0
10000.0 20000.0 9390.968 609.0319999999992  609.0319999999992 609.0319999999992 2654.0 8.0 5.0 9.0 3.0 6912.0 11.0 4.0 11.0 6.0 0.0
20000.0 30000.0 988.1400097656224 699.3354603365386 353.5116830829459 996.9329999999973 0.0 17113.060901492983 273.8658649866199 255.0084798481027 278.8658649866199 18.85738513851722 582513.1361107366 425.4414123414126 21.85738513851722 425.4414123414126 398.5840272028954 288.0
30000.0 40000.0 23.32494335937372 735.0370712890626 321.6113858993613 999.5520000000033 0.0 13661.288619490686 338.85148051136457 322.4513066963299 338.85148051136457 16.400173815034766 630493.3474051428 476.9789164950334 16.400173815034766 476.9789164950334 460.57874267999864 288.0
40000.0 50000.0 0.0 761.0244237630216 290.6369556714134 999.7880000000005 14.830078125 11223.65330947801 374.8707903162283 361.39668405622166 374.8707903162283 13.474106260006641 570398.4475971849 432.83706949777763 13.474106260006641 432.83706949777763 419.362963237771 288.0
50000.0 60000.0 21.6610429687571 843.7954277343742 236.55887139404865 999.4850000000006 209.78800000000047 10121.242803418412 265.75854345305504 253.5939641595468 265.75854345305504 12.164579293508279 413234.4382760201 314.69827958224795 12.164579293508279 314.69827958224795 302.5337002887396 288.0
60000.0 70000.0 37.61923242188641 743.260139210668 328.4770992859477 998.8420000000042 0.0 10911.75436611991 294.87643698207734 281.77268148914425 294.87643698207734 13.103755492933095 500509.5605568963 382.22070061637186 13.103755492933095 382.22070061637186 369.11694512343877 288.0
70000.0 80000.0 65.513863281245 716.8392509765636 359.05408241781277 999.5050000000047 0.0 8302.0 222.77688375065475 211.77688375065475 223.77688375065475 10.0 330835.0700540191 255.8236214671565 11.0 255.8236214671565 244.8236214671565 288.0
80000.0 90000.0 102.5158828124986 830.7424025000004 256.281522563386 998.1269999999931 0.0 10294.19296253153 286.1912512113653 273.82078339882776 286.1912512113653 12.370467812537536 475517.95514378976 360.61972148667314 12.370467812537536 360.61972148667314 348.24925367413556 288.0
90000.0 100000.0 126.8629472656321 723.9305635850695 337.72943622671784 998.9320000000007 69.98603515625291 11351.80703746847 258.93788689661574 245.30835470915326 258.93788689661574 13.629532187462464 432879.2651175499 332.3685714247381 13.629532187462464 332.3685714247381 318.7390392372757 288.0
100000.0 110000.0 70.31647851561138 806.0486021875003 314.5769814325057 997.445000000007 0.0 9143.0 278.41189968032313 267.41189968032313 278.41189968032313 11.0 478761.4000710588 361.07647366004096 11.0 361.07647366004096 350.07647366004096 288.0
110000.0 120000.0 621.4079042968806 719.6136968005975 281.45291639799603 985.1689999999944 91.46992578124627 7462.0 144.0721475849618 135.0721475849618 144.0721475849618 9.0 233764.09448049183 183.55574400918374 9.0 183.55574400918374 174.55574400918374 288.0
120000.0 130000.0 999.2267480468727 786.5255862458894 276.6640098008364 999.0199999999895 0.0 6385.588140503138 137.2623824769273 129.54349051437902 137.2623824769273 7.718891962548321 231547.24771537905 180.97394923210567 7.718891962548321 180.97394923210567 173.25505726955734 288.0
130000.0 140000.0 0.0 780.0105039062483 305.4238558103762 999.6969999999856 135.59326171875 12473.562708079728 314.3124376096009 299.89203010891157 315.3124376096009 14.420407500689329 507747.43536196416 388.9071071291019 15.420407500689329 388.9071071291019 372.48669962841257 288.0
140000.0 150000.0 85.09334960937849 702.6081505166347 320.2213629007398 999.5799999999872 0.0 15986.849151417136 210.96784409705532 190.10714356029297 215.96784409705532 17.86070053676235 381295.62688750034 310.6684507565378 23.86070053676235 310.6684507565378 282.80775021977547 288.0
150000.0 160000.0 82.38758203125326 814.3971159375017 235.97110709861443 999.7600000000093 344.90299999999115 9143.0 292.75987595392616 280.75987595392616 292.75987595392616 11.0 472354.074059354 352.5606001855798 12.0 352.5606001855798 339.5606001855798 288.0
160000.0 170000.0 156.63391601562034 771.598799641928 300.4241562225564 996.2820000000065 136.16311718750512 11664.0 319.7910676233595 305.7910676233595 319.7910676233595 14.0 553207.0731761139 417.54736212546874 14.0 417.54736212546874 403.54736212546874 288.0
170000.0 180000.0 69.85120117187034 796.612113887392 260.3357918251582 998.6059999999998 86.18700000000536 12153.0 299.2760714192667 285.2760714192667 300.2760714192667 14.0 577903.6414739897 430.7997439099926 15.0 430.7997439099926 414.7997439099926 288.0
180000.0 190000.0 51.01275390625233 811.671597028461 274.1219908064094 999.5620000000054 129.93972656250116 9316.322347402618 224.4327204318526 213.22638430399235 224.4327204318526 11.20633612786026 381867.5002429705 295.367407729982 11.20633612786026 295.367407729982 284.16107160212175 288.0
190000.0 200000.0 29.539001953118714 802.2003243750031 280.48390479674464 999.9640000000072 192.4560000000056 8968.677652597382 251.6408646760724 240.84720080393265 251.6408646760724 10.79366387213974 398791.8549585268 303.61131801192244 10.79366387213974 303.61131801192244 292.8176541397827 288.0
200000.0 210000.0 0.0 810.3396089993979 256.4324378825806 999.8919999999925 226.02799999999115 10624.147537147443 276.4918358590232 263.7296561653448 276.4918358590232 12.762179693678375 541182.9321912728 405.1102640921804 12.762179693678375 405.1102640921804 392.34808439850195 288.0
210000.0 220000.0 0.0 724.4693474731439 377.4099826515519 997.8759999999893 0.0 16044.823035990405 348.67384104420444 328.62392730965706 351.67384104420444 18.049913734547363 635013.2372213983 487.80212851864246 21.049913734547363 487.80212851864246 464.7522147840951 288.0
220000.0 230000.0 0.0 805.0441372767839 232.378020752012 998.3610000000044 187.71904101563268 10121.029426862155 288.8283939132664 275.64048734149213 288.8283939132664 12.187906571774262 605810.457297705 440.9472630048331 13.187906571774262 440.9472630048331 426.7593564330588 288.0
230000.0 240000.0 21.316701171861496 725.1986689091417 315.9627068654678 999.9880000000121 57.76199999998789 19700.45604380665 489.46669370347934 466.24938390202317 490.46669370347934 23.217309801456164 894579.3894378401 678.3622131750101 24.217309801456164 678.3622131750101 653.144903373554 288.0
240000.0 250000.0 93.34291992185172 793.7552435546842 277.27413211276576 999.5729999999749 82.96302929689409 16139.543956193349 457.20325603769504 437.4205658391512 458.20325603769504 18.782690198543833 827201.9526085397 607.7494459429504 20.782690198543833 607.7494459429504 584.9667557444066 288.0
250000.0 260000.0 868.592494140612 706.7165490828819 328.0081356344433 999.4380000000237 0.0 7246.120584010133 160.41674856214235 150.6756058669477 161.41674856214235 8.741142695194624 264033.8189110981 201.1371089572297 9.741142695194624 201.1371089572297 191.3959662620351 288.0
260000.0 270000.0 61.34025976562407 783.6361333821624 264.54470407455545 999.695000000007 166.62109375 14403.879415989868 423.937808928059 406.6789516232536 423.937808928059 17.258857304805378 815791.7361720406 604.2184784539579 17.258857304805378 604.2184784539579 586.9596211491526 288.0
270000.0 280000.0 4.365982421848457 795.5255406668605 278.62540359708845 997.1660000000265 30.248046875 13447.053645454762 412.1551155211041 396.03077801977713 412.1551155211041 16.124337501326977 723228.4690769612 537.7211661104681 15.953318979505385 537.7211661104681 521.7678471309627 288.0
280000.0 290000.0 3311.591021484346 595.9398985262801 371.1609295832511 998.4430000000284 40.45000000001164 20411.946354545238 457.7698567696993 432.89419427102627 458.7698567696993 23.875662498673023 976540.8383944554 727.8954820834009 26.046681020494617 727.8954820834009 699.8488010629063 373.3333333333333
290000.0 300000.0 5514.546134765551 653.0363333333371 283.156628906832 971.3969999999972 283.24599999998463 12505.0 396.0 381.0 396.0 15.0 783377.0 572.0 15.0 572.0 557.0 480.0
