ts te idle avg_span std_span max_span min_span c_bytes_all c_ack_cnt c_ack_cnt_p c_pkts_all c_pkts_data s_bytes_all s_ack_cnt s_ack_cnt_p s_pkts_all s_pkts_data video_rate
0.0 10000.0 0.0 0.0 0.0 0.0 0.0 0.0 0.0 0.0 0.0 0.0 0.0 0.0 0.0 0.0 0.0 0.0
10000.0 20000.0 1853.451546875007 651.1234498437499 336.96767298378455 998.155999999999 80.23099999999977 36455.66070154799 628.1465555462185 586.0374356634233 632.1465555462185 42.10911988279523 1238706.5593822778 755.946236835471 44.10911988279523 755.946236835471 707.8371169526758 372.9230769230769
20000.0 30000.0 1494.0102070312496 701.327646614583 332.5590289339511 998.7229999999981 213.20100000000093 12262.341301545956 520.1579725953666 505.4466382533176 520.1579725953666 14.711334342048943 1077858.7250285298 569.7923722762831 14.711334342048943 569.7923722762831 555.0810379342342 840.0
30000.0 40000.0 1105.985726562496 677.9745853271488 363.2244024245546 999.9910000000018 145.66300000000047 14215.289436022285 368.5875055909573 351.525330280586 368.5875055909573 17.062175310371327 918458.776440003 429.8013132264346 16.062175310371327 429.8013132264346 413.73913791606327 634.2857142857143
40000.0 50000.0 1172.326281249996 713.4110058593762 326.8937138175718 999.9470000000001 114.97868945312803 15942.70856088377 460.27145444039985 441.1540839756153 460.27145444039985 19.117370464784507 1035329.0745210028 597.9711950845333 18.117370464784507 597.9711950845333 579.8538246197488 615.0
50000.0 60000.0 3297.988578125005 512.59255674342 369.1965498461218 997.4199999999983 35.145000000004075 22784.0 395.83651182705785 366.83651182705785 399.83651182705785 25.0 807405.8646281867 519.488882577278 27.0 519.488882577278 484.48888257727793 603.4285714285714
60000.0 70000.0 3016.3466601562395 702.9313775111617 298.80325275177137 998.4210000000021 259.4229999999952 15798.994804831778 447.2142380133182 428.26842849515833 447.2142380133182 18.945809518159876 935310.4561491361 549.4826665084765 15.945809518159876 549.4826665084765 533.5368569903167 531.4285714285714
70000.0 80000.0 3273.3019960937527 667.7148464543268 345.94012821085596 998.6100000000006 23.622714843746508 12440.508612140038 295.09863120307347 280.1746387985558 295.09863120307347 14.92399240451767 686544.7824487858 442.4920815376945 9.793794327195215 442.4920815376945 432.6982872104993 480.0
80000.0 90000.0 2241.7614042968635 704.6176919642863 316.36293337012614 999.7890000000043 130.0887109375035 12633.669974614546 306.5976691308345 291.4451511803856 306.5976691308345 15.152517950448932 734319.524478565 450.5926870286129 10.685094314764118 450.5926870286129 439.90759271384877 480.0
90000.0 100000.0 4358.570636718738 517.0443429687507 304.59389775430634 985.8010000000068 79.88099999999395 14841.081424054284 344.1488178328244 326.34087038652086 344.1488178328244 17.80794744630354 807878.033274292 470.21181192417737 16.405569159310808 470.21181192417737 453.8062427648665 634.2857142857143
100000.0 110000.0 4643.410490234368 587.9507710503466 342.9590650563747 995.7569999999978 0.0 18462.745184359355 265.9406438199494 243.7709111393794 265.9406438199494 22.169732680569982 666971.2036492211 358.2207530010387 21.169732680569982 358.2207530010387 337.05102032046875 381.6
110000.0 120000.0 4645.465919921888 693.6106923076921 301.8522428687564 999.1199999999953 214.03599999999278 14163.0 285.0 268.0 285.0 17.0 652170.0 326.0 17.0 326.0 309.0 448.0
120000.0 130000.0 5213.316388671898 587.5234427490213 323.49602822065765 963.0119999999879 24.152000000001863 23078.560332921043 350.64012622198084 322.8718416549477 352.64012622198084 26.768284567033163 713431.4869262819 375.52426850549745 25.768284567033163 375.52426850549745 347.7559839384643 1444.5714285714287
130000.0 140000.0 4648.339828124997 522.6499956054704 332.5691924860469 998.2840000000142 64.20000000001164 15877.798348496306 277.36226392679373 257.3191826419632 277.36226392679373 19.043081284830507 706222.7296915795 361.87592645850555 20.043081284830507 361.87592645850555 340.8328451736751 426.0
140000.0 150000.0 90.29220898431959 710.8367482910198 357.10120561288153 997.823000000004 159.13099999999395 12519.344826445724 423.16988377329284 408.1528269047486 423.16988377329284 15.017056868544262 1172992.715614911 581.2899356715583 14.017056868544262 581.2899356715583 567.272878803014 840.0
150000.0 160000.0 104.6780429687351 633.5944764476102 421.0777168183769 999.1840000000084 60.632955078122905 12509.46262797144 451.3479079180753 436.34260158279415 451.3479079180753 15.00530633528114 1248549.2925597953 601.3454843764553 13.00530633528114 601.3454843764553 588.340178041174 840.0
160000.0 170000.0 107.39766015627538 652.9042315027584 400.4456245790729 999.4649999999965 144.70000000001164 14164.192078342478 426.8856785249935 409.8842610715542 426.8856785249935 17.00141745343933 1157669.1819243305 555.0514174261469 15.001417453439332 555.0514174261469 540.0499999727076 737.1428571428571
170000.0 180000.0 1400.5823496093217 684.1756186523471 398.8727074155645 999.8880000000063 0.0 14324.641785823012 345.2604999676779 328.0956464768063 345.2604999676779 17.164853490871597 885866.676937899 393.57932789465065 16.164853490871597 393.57932789465065 377.4144744037791 480.0
180000.0 190000.0 856.3457187500317 627.0651985294089 375.7189001125298 998.7019999999902 188.56099999998696 14001.385454859303 588.8817750300292 572.0739445248457 588.8817750300292 16.807830505183475 1169056.5517181887 723.4618766492491 16.807830505183475 723.4618766492491 706.6540461440657 788.5714285714286
190000.0 200000.0 2095.7033808593987 732.8835136718757 328.1636613125267 999.1009999999951 191.60970507812453 14324.614545140697 400.45186463715675 383.2596951423402 400.45186463715675 17.192169494816525 951547.3646270139 581.8717630179368 15.192169494816525 581.8717630179368 566.6795935231203 582.8571428571429
200000.0 210000.0 1186.15147265626 628.3113100585961 410.85041351874236 999.3919999999925 145.33699999999953 14022.594869288241 387.1618463470869 370.32879656196417 387.1618463470869 16.83304978512276 1067209.2071110618 452.82624462806893 14.833049785122759 452.82624462806893 437.9931948429462 840.0
210000.0 220000.0 86.19137109379517 770.0773900824635 350.72283754314685 999.7809999999881 80.39100000000326 14121.874097396436 533.7746231896948 516.8539475483459 533.7746231896948 16.920675641348858 1463320.6386089926 650.001989327835 14.920675641348858 650.001989327835 635.0813136864862 840.0
220000.0 230000.0 2034.1532382812584 800.0486649739576 290.8939302114667 998.554999999993 122.49401757813757 14152.028996189 444.8137308377095 427.82370125481884 444.8137308377095 16.990029582890664 1135924.2642864878 604.7970666058328 16.990029582890664 604.7970666058328 587.8070370229422 685.7142857142857
230000.0 240000.0 1063.53791406253 603.198880055149 399.3571628303133 999.2429999999877 140.77999999999884 14230.33775424527 419.6171600759588 402.53709140265886 419.6171600759588 17.080068673299966 1085882.7065007004 602.4617729738387 16.080068673299966 602.4617729738387 586.3817043005388 737.1428571428571
240000.0 250000.0 1680.9052695312712 718.4495954733524 352.16557923200384 999.8730000000214 0.0 14311.164282881053 440.35860175927235 423.1824254419346 440.35860175927235 17.176176317337756 1057095.6534833072 580.1393362135526 17.176176317337756 580.1393362135526 562.9631598962148 685.7142857142857
250000.0 260000.0 1952.9471855468582 727.8394680304244 339.0414902947302 997.9490000000224 0.0 15681.38305871034 494.1196658191512 475.3130272237762 494.1196658191512 18.80663859537496 1312277.081667351 669.0781234993689 18.80663859537496 669.0781234993689 650.271484903994 750.0
260000.0 270000.0 1971.2736777343089 668.6423040865383 404.0520698923851 998.5520000000251 164.78999999997905 10828.807867481293 353.58449948096404 340.5787826349696 353.58449948096404 13.005716845994403 982353.2193469099 477.9310108884394 12.005716845994403 477.9310108884394 465.925294042445 840.0
270000.0 280000.0 1109.434855468804 668.0708886718785 364.1075481587681 999.7949999999837 158.09600000001956 14209.95825326389 333.9565803153032 316.9007441045257 333.9565803153032 17.055836210777514 899578.5397692898 486.2742548176389 17.055836210777514 486.2742548176389 469.2184186068614 582.8571428571429
280000.0 290000.0 1853.8862304688082 680.3485559081964 392.3445913806071 999.4020000000019 96.76500000001397 14273.850820544474 341.6132921748592 324.4814838270061 341.6132921748592 17.13180834785312 863135.6892258998 449.4902010454247 16.13180834785312 449.4902010454247 433.3583926975716 582.8571428571429
290000.0 300000.0 3462.2510664061992 623.1919306640593 325.31271879738557 999.9500000000116 90.83399999997346 17428.57394820402 345.5076788682054 324.59498689650025 345.5076788682054 20.912691971705136 862849.6996699832 462.45998252866696 17.912691971705136 462.45998252866696 444.54729055696185 429.0
