ts te idle avg_span std_span max_span min_span c_bytes_all c_ack_cnt c_ack_cnt_p c_pkts_all c_pkts_data s_bytes_all s_ack_cnt s_ack_cnt_p s_pkts_all s_pkts_data video_rate
0.0 10000.0 0.0 0.0 0.0 0.0 0.0 0.0 0.0 0.0 0.0 0.0 0.0 0.0 0.0 0.0 0.0 0.0
10000.0 20000.0 9893.188720703125 106.811279296875  106.811279296875 106.811279296875 415.1189994250445 1.3745662232617366 0.9163774821744911 1.5272958036241517 0.45818874108724555 1055.5141298846513 1.8327549643489822 0.6109183214496607 1.8327549643489822 1.0691070625369063 0.0
20000.0 30000.0 989.7671894531231 599.5454880859378 400.9235790725808 996.4979999999996 0.0 22750.881000574955 239.58953413013128 213.04772287121853 249.43680454976885 25.541811258912755 545455.3705344488 411.5957340816035 31.38908167855034 411.5957340816035 366.3593819834156 288.0
30000.0 40000.0 0.0 721.0257460937488 273.475044004199 999.8099999999977 0.0 10826.0 350.24301119728227 336.24301119728227 350.24301119728227 13.0 665966.353046702 482.84596646193006 14.0 482.84596646193006 467.84596646193006 288.0
40000.0 50000.0 0.0 761.6289653862846 289.1080970907564 999.7939999999944 0.0 17585.0 392.5564537032917 370.55645370329165 395.5564537032917 20.0 651048.3403543219 507.4473859673728 24.0 507.4473859673728 480.4473859673728 288.0
50000.0 60000.0 270.26142382812395 813.8922937825537 249.54570642870826 996.7590000000055 13.360941406252095 9044.445214096913 233.51719487195894 222.6370681843046 233.51719487195894 10.880126687654322 431171.7175084315 313.65986880807804 10.880126687654322 313.65986880807804 302.77974212042375 288.0
60000.0 70000.0 50.24623242187954 761.701865705818 331.9760956748909 999.7259999999951 0.0 12717.545962008051 361.65073674291295 346.34754060187083 361.65073674291295 15.303196141042065 633791.2210412859 476.9893616389296 15.303196141042065 476.9893616389296 461.6861654978875 288.0
70000.0 80000.0 0.0 805.4707361111122 305.4747639207724 995.2550000000047 0.0 10379.384420662118 285.5921115974378 273.1210044656502 285.5921115974378 12.471107131787658 477058.58482277713 364.00771620811537 12.471107131787658 364.00771620811537 351.5366090763277 288.0
80000.0 90000.0 142.52616015625244 717.8289635881696 339.6532900816383 998.7069999999949 0.0 7859.801340154923 230.60985150293428 217.13678977618227 231.60985150293428 9.473061726751975 434737.236977749 327.1710456143421 10.473061726751975 327.1710456143421 316.69798388759006 288.0
90000.0 100000.0 134.69573242188198 783.0998072193275 319.6262128640267 995.2690000000002 0.0 14439.43783062432 292.9293538721243 275.10611369323374 294.9293538721243 16.823240178890558 512124.33849222393 390.53495305556686 18.823240178890558 390.53495305556686 370.7117128766763 288.0
100000.0 110000.0 0.0 807.7680112473076 273.51563442897594 997.7790000000095 48.55507617187686 10025.385232453678 275.4611826483883 263.4119145145148 275.4611826483883 12.049268133873426 425628.59801834635 325.2332203984928 12.049268133873426 325.2332203984928 313.1839522646194 288.0
110000.0 120000.0 0.0 828.9960666316093 227.54655912512288 999.75 294.42699999999604 12929.0 304.2851494715369 289.2851494715369 305.2851494715369 15.0 521902.020420112 400.1625106566695 16.0 400.1625106566695 383.1625106566695 288.0
120000.0 130000.0 27.431263671867782 797.4262088496772 285.9405952854685 998.390000000014 106.71507617188036 16751.556428632764 350.20776456645183 330.07811662567116 351.9089565713437 19.129647940780657 575160.5826998045 449.90968421975714 21.830839945672533 449.90968421975714 425.3776522691927 288.0
130000.0 140000.0 360.6567968749732 528.8798670789943 383.5995203684315 999.9079999999958 0.0 12159.443571367236 196.50653292944304 179.63618087022368 198.80534092455116 13.870352059219343 375341.32188415434 291.3126853935896 18.169160054327467 291.3126853935896 269.84471734415405 288.0
140000.0 150000.0 1439.0421464843967 666.2363713191097 301.57767147186894 996.6449999999895 0.0 13742.0 141.19398431132026 119.19398431132026 146.19398431132026 17.0 285309.41434217105 231.36683701149877 22.0 231.36683701149877 206.36683701149877 288.0
150000.0 160000.0 319.5199238281057 624.3882641601552 325.991812944974 981.8979999999865 0.0 10023.0 110.03890470167684 93.03890470167684 115.03890470167684 11.0 210149.11664401373 164.44294046000982 15.0 164.44294046000982 145.44294046000982 288.0
160000.0 170000.0 210.8703476562514 653.2109611607174 370.01601761906517 996.6440000000002 0.0 22850.539787863887 215.2541884019735 185.5815789045785 225.25418840197347 24.672609497394983 413445.4393787438 356.39100979124396 32.67260949739499 356.39100979124396 312.71840029384896 288.0
170000.0 180000.0 3.951699218741851 678.5442459788584 339.5452544859657 997.7099999999919 31.00700000001234 15901.210629790297 360.14826576862123 336.8222668612519 361.14826576862123 20.32599890736933 604018.953779687 466.6311321905914 24.32599890736933 466.6311321905914 438.3051332832221 288.0
180000.0 190000.0 0.0 718.6255662286933 327.14834032256744 998.3440000000119 0.0 12506.249582345816 404.84590542077035 389.8445138255347 404.84590542077035 15.001391595235692 666831.5386368915 498.36138072910916 15.001391595235692 498.36138072910916 483.3599891338735 288.0
190000.0 200000.0 71.08098828126094 766.1604580829354 325.6075415974878 998.2250000000058 0.0 14998.954233289629 375.01760961935 357.0498069606719 375.01760961935 17.96780265867813 709787.2843630242 535.6718739949963 17.96780265867813 535.6718739949963 517.7040713363182 288.0
200000.0 210000.0 81.9329902343743 789.4441503906273 308.6374601227123 999.9139999999898 15.480000000010477 15742.213585366615 430.6034362936479 411.75202671056036 430.6034362936479 18.851409583087534 763090.9610249398 577.7204043654428 18.851409583087534 577.7204043654428 558.8689947823552 288.0
210000.0 220000.0 1251.1681484374858 641.8797392187523 339.59092082567633 999.1130000000121 95.30999999999767 14337.832181343756 388.13349278929525 369.95270503106093 389.13349278929525 17.180787758234334 694323.7487015185 525.2927174177626 18.180787758234334 525.2927174177626 507.1119296595283 288.0
220000.0 230000.0 170.18706640627352 701.90982484654 334.65431682056516 999.497000000003 0.0 12819.553462022215 324.1181717154339 309.28775092731223 325.1181717154339 14.830420788121685 692817.1452813181 518.5376674176346 15.830420788121685 518.5376674176346 501.7072466295129 288.0
230000.0 240000.0 1184.3389824218466 712.991994140626 310.9770655150457 991.4400000000023 23.195000000006985 12463.464006484668 364.6507372688104 349.7019370947238 364.6507372688104 14.948800174086573 601944.6420821827 453.30539371201064 14.948800174086573 453.30539371201064 438.3565935379241 288.0
240000.0 250000.0 4377.572486328136 516.4689401424633 358.9855795914955 994.4280000000144 34.45100000000093 15197.982531493119 335.4718602519449 317.2510812141532 335.4718602519449 18.220779037791743 671160.5558352678 501.57575544090366 18.220779037791743 501.57575544090366 483.3549764031119 352.0
250000.0 260000.0 1970.3801191406092 748.1977019043006 273.68198251648556 999.8850000000093 12.59912109375 13221.657281629903 445.6703001548574 429.8171538568044 445.6703001548574 15.853146298053016 809229.7990842815 596.0308884062271 15.853146298053016 596.0308884062271 580.177742108174 480.0
260000.0 270000.0 471.50724804692436 774.669200000001 343.84167973953697 999.619000000006 14.685302734375 13415.454915419046 502.6275814640833 486.5316761150914 502.6275814640833 16.095905348991845 1047830.3652530046 761.022961685115 16.00471888025861 761.022961685115 745.0182428048563 737.1428571428571
270000.0 280000.0 379.2541542968829 686.4251529947893 376.3223238884159 996.9969999999739 30.990999999979977 13249.655701066024 595.1688699751954 579.2822879740655 595.1688699751954 15.886582001129899 1289758.836985852 931.4003559305029 15.977768469863134 931.4003559305029 915.4225874606398 840.0
280000.0 290000.0 777.8168925781501 523.5850013586889 396.39262086596676 999.3319999999949 10.416015625 12643.232101885027 534.2452045603459 518.0808382085206 534.2452045603459 15.16436635182524 1168885.917056586 855.0312186289383 15.16436635182524 855.0312186289383 839.866852277113 840.0
