ts te idle avg_span std_span max_span min_span c_bytes_all c_ack_cnt c_ack_cnt_p c_pkts_all c_pkts_data s_bytes_all s_ack_cnt s_ack_cnt_p s_pkts_all s_pkts_data video_rate
0.0 10000.0 0.0 0.0 0.0 0.0 0.0 0.0 0.0 0.0 0.0 0.0 0.0 0.0 0.0 0.0 0.0 0.0
10000.0 20000.0 0.0 0.0 0.0 0.0 0.0 0.0 0.0 0.0 0.0 0.0 0.0 0.0 0.0 0.0 0.0 0.0
20000.0 30000.0 9567.099052734375 144.30031575520843 115.68296319548702 248.1750000000029 19.62999999999738 685.7634758465448 1.560770357545479 0.7803851787727395 3.755866652238664 0.7803851787727395 1634.1265643501165 4.341155536318219 0.9754814734659244 4.341155536318219 1.1705777681591092 0.0
30000.0 40000.0 237.23801953125076 651.9337378791361 342.61962556584325 997.0199999999968 0.0 25939.262061428108 291.2398139463213 261.46498764658617 298.04471765162816 28.77482629973511 938887.6215155757 590.5415540544884 51.13494148354978 590.5415540544884 531.6017088656317 288.0
40000.0 50000.0 0.0 825.2966583984376 193.40886821978035 999.127999999997 55.19189453125 18484.24119842328 363.65196729897497 339.471146949271 364.65196729897497 22.18082034970397 989606.8946512003 588.8986624913344 44.36164069940795 588.8986624913344 541.5370217919266 288.0
50000.0 60000.0 352.41263867188536 659.6401456761854 346.7485215978195 998.474000000002 0.0 14713.503710610457 346.4497672007226 327.81563583395507 346.4497672007226 17.634131366767534 930732.5192119654 489.91067244343645 34.00625026283779 489.91067244343645 454.9044221805987 288.0
60000.0 70000.0 15.367792968754657 821.201003450521 227.92613131263275 999.2419999999984 188.50900000000547 19826.310581146136 443.693544680536 420.486849323493 444.693544680536 23.206695357042946 1184847.1862550331 690.173243302456 44.09854463276087 690.173243302456 645.074698669695 288.0
70000.0 80000.0 2359.5622207031556 660.609058984373 293.9444564765873 995.9079999999958 255.7369999999937 14535.918972545476 284.4041365158996 266.9809950679219 284.4041365158996 17.423141447977695 809236.6518018754 411.13471217196656 30.423141447977695 411.13471217196656 380.71157072398887 397.7142857142857
80000.0 90000.0 1766.5655253906152 695.5069949218761 330.1235262028197 999.7309999999998 174.91800000000512 13815.709778994806 354.8350385740119 338.2546653463073 354.8350385740119 16.580373227704584 1015489.646478574 494.64298582163667 27.290186613852292 494.64298582163667 467.3527992077844 720.0
90000.0 100000.0 119.66158007812919 760.3575748291014 316.05810344879563 996.8139999999985 258.2280000000028 12498.781730712128 393.3216668701021 378.32950366227755 393.3216668701021 14.992163207824536 1197201.6236136067 546.792232791538 25.282349821676828 546.792232791538 521.5098829698611 840.0
100000.0 110000.0 2212.2342324218916 697.092791927082 315.6635409943981 998.2719999999972 50.55900000000838 12869.508490293067 328.843294555886 313.41583099141513 328.843294555886 15.42746356447088 847540.7299078193 423.5647813868253 25.42746356447088 423.5647813868253 398.1373178223544 540.0
110000.0 120000.0 3247.200027343759 610.0530805664039 367.4395359099707 999.3379999999888 10.746000000013737 13756.687948506526 333.08563094665095 315.596338315538 333.08563094665095 16.489292631112967 894681.7694266828 460.55696737656456 27.978585262225934 460.55696737656456 431.57838211433864 480.0
120000.0 130000.0 1915.241980468767 616.823662353514 343.6908280567023 999.4180000000051 83.35795703125768 13427.143111142399 376.41472682971386 360.31024709980403 376.41472682971386 16.104479729909833 1035120.3765443694 533.8651871362205 26.318300918285466 533.8651871362205 507.54688621793497 660.0
130000.0 140000.0 2005.8770292968838 707.2162742187502 318.6718035058927 995.234999999986 0.0 12832.168940351075 345.4996422236352 330.09341458465803 345.4996422236352 15.4062276389772 1010644.8540289478 468.577845487215 25.7031138194886 468.577845487215 442.8747316677264 656.0
140000.0 150000.0 1035.3802031249797 764.1724285714299 308.9462900965436 998.3280000000086 285.5309999999881 12505.0 393.0 378.0 393.0 15.0 1150632.0 563.0 25.0 563.0 538.0 768.0
150000.0 160000.0 3458.813023437513 598.3628666666627 397.64461160884764 995.6849999999977 0.0 12505.0 258.0 243.0 258.0 15.0 773697.0 359.0 25.0 359.0 334.0 480.0
160000.0 170000.0 2907.1918046874925 683.943764705882 326.4604334633334 999.5789999999979 90.89400000000023 16838.599080005635 331.62192272292214 311.0392732289394 332.62192272292214 19.582649493982693 924870.7345995841 471.3305979759308 33.29132474699135 471.3305979759308 436.0392732289394 480.0
170000.0 180000.0 1137.5722402343818 641.1333052978534 369.3029393504813 999.5450000000128 43.45800000001327 12505.337839090518 356.3340577738457 340.3336507387969 356.3340577738457 15.000407035048818 1093189.9981446066 506.83551508213225 26.000203517524408 506.83551508213225 479.8353115646079 768.0
180000.0 190000.0 93.68099218746647 719.8170629882843 331.52305581424844 998.7680000000109 278.74400000000605 12497.637823747993 380.93425674917165 365.94312684104153 380.93425674917165 14.991129908130112 1177625.1291658902 516.5660987834875 24.995564954065056 516.5660987834875 491.57053382942246 840.0
190000.0 200000.0 1343.8156308593752 731.4365584635428 266.220263922252 996.2209999999905 324.57399999999325 13157.572596338508 330.3990433488652 314.62061107970646 330.3990433488652 15.778432269158687 978653.5817944278 449.3256442774104 25.71290678141919 449.3256442774104 423.6127374959912 660.0
200000.0 210000.0 2147.6251992187463 753.1337602864602 257.13128510903374 999.5370000000112 329.935302734375 15410.149519012224 284.6495759350027 266.6086181300976 285.4559114379805 18.04095780490505 871859.0520059451 378.43647483385166 30.896700269815863 378.43647483385166 346.7334390610579 480.0
210000.0 220000.0 822.5170761719055 578.8761581101197 392.52587202970597 999.2479999999923 0.0 13707.569555772889 359.32461240169584 341.98474576758485 359.518276898718 16.339866634110937 1045055.1674041089 510.7604997552855 27.83674287552043 510.7604997552855 481.73009238274284 660.0
220000.0 230000.0 200.767015624966 720.6236995634218 354.01528555535606 999.5009999999893 0.0 12370.08782106294 409.05139421059954 394.21139851854946 409.05139421059954 14.839995692050099 1209621.8376247366 542.6193994096864 23.5532762733569 542.6193994096864 519.0661231363295 840.0
230000.0 240000.0 2764.0488496093312 712.4559986049197 281.12630804620227 997.2530000000261 292.80100000000675 13920.453593290225 278.4067076156421 262.2725180859798 279.4067076156421 16.134189529662336 818624.8828638713 393.6789771299879 29.194883320908417 393.6789771299879 363.48409380907947 564.0
240000.0 250000.0 5352.588046875026 485.2425944010368 260.1257968309049 804.24099999998 30.028072265617084 12750.592171679067 229.27842924225516 213.98605760930388 229.27842924225516 15.292371632951271 566790.6163968295 348.44679275222774 27.518397260398384 348.44679275222774 320.9283954918294 288.0
250000.0 260000.0 3241.578912109486 698.4386948617667 261.6110599431956 999.6219999999739 267.884033203125 14636.865707912706 305.14817544420555 287.6049637479251 305.14817544420555 17.54321169628037 766270.4595052446 466.33335789978497 30.54321169628037 466.33335789978497 435.7901462035046 380.0
260000.0 270000.0 3023.222996093682 651.2161638997495 386.0315054134381 998.0630000000237 0.0 8692.134292087294 287.85182455579445 277.3950362520749 287.85182455579445 10.45678830371963 756608.5404947554 429.66664210021503 17.45678830371963 429.66664210021503 412.2098537964954 840.0
270000.0 280000.0 1719.9351445311913 788.0972411132825 272.3736851964367 999.7420000000275 0.0 17614.056350755098 341.9446489974602 320.37062988607585 342.9446489974602 20.574019111384356 1078617.46923931 525.065671632699 38.30117726319709 525.065671632699 484.7644943695019 480.0
280000.0 290000.0 2500.016052734398 640.6542863498164 338.004986283106 995.9629999999888 106.71206054685172 14129.488206412234 330.7411103768186 313.79952245931014 330.7411103768186 16.94158791750846 910049.1768618355 469.9283587802163 27.30779079490983 469.9283587802163 442.6205679853064 480.0
290000.0 300000.0 2130.483144531201 610.4962954963215 384.5185169575292 999.5650000000023 0.0 11238.455442832666 338.31424062572114 324.82984765461396 338.31424062572114 13.484392971107184 989272.3538988545 457.0059695870848 24.39103194189308 457.0059695870848 432.6149376451917 696.0
