ts te idle avg_span std_span max_span min_span c_bytes_all c_ack_cnt c_ack_cnt_p c_pkts_all c_pkts_data s_bytes_all s_ack_cnt s_ack_cnt_p s_pkts_all s_pkts_data video_rate
0.0 10000.0 0.0 0.0 0.0 0.0 0.0 0.0 0.0 0.0 0.0 0.0 0.0 0.0 0.0 0.0 0.0 0.0
10000.0 20000.0 1961.9375566406306 619.8535169613488 383.3528328588102 990.8859999999986 0.0 17214.684863667346 90.29928332145884 70.18431915538591 96.29928332145884 18.114964166072944 224001.87431994017 179.93616458646082 24.114964166072944 179.93616458646082 149.8212004203879 288.0
20000.0 30000.0 15.594837890625058 746.3909845770476 314.0749392454818 996.9910000000018 28.233000000000175 13972.223703856924 233.95448729355306 217.4078149928062 237.95448729355306 15.546672300746847 375701.0023166571 300.36694850602714 18.546672300746845 300.36694850602714 278.82027620528027 288.0
30000.0 40000.0 439.27261328124587 803.6094579326916 273.0767944189545 999.3289999999979 70.11328125 9427.091432475732 235.91765026148943 223.57928672830923 235.91765026148943 11.33836353318021 419777.1125905046 308.8683077840134 12.33836353318021 308.8683077840134 294.5299442508332 288.0
40000.0 50000.0 1097.193220703106 760.2189359375006 321.21668367643827 999.6079999999929 0.0 10504.0 205.82857912349868 192.82857912349868 206.82857912349868 12.0 391923.01077289815 293.8285791234987 14.0 293.8285791234987 278.8285791234987 288.0
50000.0 60000.0 1139.33794335938 716.2901317934776 324.3681141726667 991.851999999999 32.797119140625 10155.003286373883 195.91980903288226 184.4563046016122 196.91980903288226 11.463504431270048 346045.5929804992 269.8446336489582 12.463504431270048 269.8446336489582 256.3811292176882 288.0
60000.0 70000.0 599.6038515625114 759.6949313742887 319.99107216722945 997.2679999999964 15.38525390625 12214.748559248306 206.80561179516653 190.9923415887329 206.80561179516653 14.813270206433629 346720.7294200618 279.72665698914614 15.813270206433629 279.72665698914614 262.91338678271245 288.0
70000.0 80000.0 46.46727734374872 791.7877622445908 270.3324833350669 999.2339999999967 259.5869140625 11061.191714753351 264.3486754749872 251.058724101667 264.3486754749872 13.289951373320182 437341.88809085917 333.2023050554818 13.289951373320182 333.2023050554818 319.9123536821616 288.0
80000.0 90000.0 35.42200000000594 701.1234944893976 360.0904531607027 994.7909999999974 0.0 10355.05643962446 229.49817394074879 217.06489995177267 229.49817394074879 12.433273988976142 362057.44630065636 278.2818734436113 12.433273988976142 278.2818734436113 265.8485994546352 288.0
90000.0 100000.0 0.0 808.6619953906262 224.90049276760323 998.6260000000038 322.99609375 9024.751829802653 245.92397019784613 235.06474182903344 245.92397019784613 10.859228368812682 428948.24807390315 324.9464601158132 10.859228368812682 324.9464601158132 314.08723174700054 288.0
100000.0 110000.0 0.0 801.9747413611773 283.6571075887245 999.5450000000128 136.61802343750605 10101.248170197348 240.73194609960103 228.59117446841373 240.73194609960103 12.140771631187318 391464.80923434073 301.08858641843085 12.111491516685758 301.08858641843085 288.9770949017451 288.0
110000.0 120000.0 194.58498242188944 736.7949630998867 307.6001346806215 990.0299999999988 0.0 8431.513339753297 212.69162205799395 200.61057598052895 214.61967606432407 10.152992071134877 390619.88005216734 295.9731849151241 12.110326191966545 295.9731849151241 283.86285872315756 288.0
120000.0 130000.0 206.89000000001397 758.3623548409606 285.03676083686247 997.1009999999951 54.29199999998673 14616.829761195182 253.11751578671578 236.52619629085854 255.18946178038567 16.51937350218735 490772.5146001833 371.91555860251833 18.30006491416615 371.91555860251833 351.61549368835216 288.0
130000.0 140000.0 178.83989257813664 669.801157258066 369.19591472248885 998.9429999999993 0.0 10922.64555386793 224.86931070759726 211.3785945489952 226.86931070759726 12.49071615860207 341965.3760458945 272.2642400576698 14.781970740293165 272.2642400576698 254.4822693173766 288.0
140000.0 150000.0 176.2680703124788 773.8190888671882 295.01070612899554 999.7300000000105 0.0 10315.799341970025 239.8382625526387 227.44154880681455 239.8382625526387 12.396713745824139 381473.81496389856 293.98222463275476 12.396713745824139 293.98222463275476 281.5855108869306 288.0
150000.0 160000.0 19.725998046866152 769.759494596355 311.81068005277757 999.9750000000058 0.0 14549.05687818764 350.55682747122324 333.63012469745433 351.55682747122324 16.926702773768895 690740.8347397016 518.794372539006 17.926702773768895 518.794372539006 499.8676697652371 288.0
160000.0 170000.0 0.0 772.6639662760407 316.377937924713 997.4599999999919 0.0 12154.026323077123 418.6484348565476 404.06603882467067 418.6484348565476 14.582396031876954 618689.1653434854 465.22972273693915 14.582396031876954 465.22972273693915 450.64732670506226 288.0
170000.0 180000.0 4.11502343750908 749.1287728515618 348.0351486754756 998.4379999999946 0.0 13288.1288019488 368.7131034980308 352.78199778142505 368.7131034980308 15.931105716605714 611136.8787044209 461.04887980888344 15.931105716605714 461.04887980888344 445.1177740922777 288.0
180000.0 190000.0 63.018910156271886 724.9907669771615 355.13373138479244 999.7049999999872 15.543999999994412 20898.0 578.4854735956957 553.4854735956957 578.4854735956957 25.0 1013172.1580238638 758.0447097648735 24.31865212546051 758.0447097648735 733.726057639413 326.4
190000.0 200000.0 318.12466601561755 668.9384894261854 353.69347731418384 998.6650000000081 0.0 12521.237891499532 410.26496502621933 394.7908722982437 412.26496502621933 14.474092727975634 849429.7860399302 623.4528068811151 17.155440602515124 623.4528068811151 605.2973662786 320.0
200000.0 210000.0 232.08721484374837 818.0279420006808 313.61330463219235 999.945000000007 0.0 15466.762108500468 407.83637385548076 389.3104665834564 407.83637385548076 18.525907272024366 724228.0825311058 543.566788064654 18.525907272024366 543.566788064654 525.0408807926297 288.0
210000.0 220000.0 1335.4638320312079 704.9493226697207 327.997896433187 999.195000000007 0.0 16222.237332039436 288.84023240753083 268.5676553183044 292.84023240753083 18.27257708922644 505890.2265546964 397.99988177115245 21.27257708922644 397.99988177115245 374.727304681926 1192.0
220000.0 230000.0 112.44088867187384 749.598354140626 273.93665734359803 999.6579999999958 64.662109375 9927.721307736734 253.12469992472447 240.1879388200616 253.12469992472447 11.936761104662859 415208.646251002 321.1350328046919 12.936761104662859 321.1350328046919 307.198271700029 288.0
230000.0 240000.0 10.693064453138504 791.917988281249 266.16277292393283 999.7729999999865 193.35600000002887 19452.49270359246 373.0151268520027 349.2564743186389 374.0151268520027 22.75865253336378 743889.3062494985 567.4062110247947 24.75865253336378 567.4062110247947 540.6475584914309 288.0
240000.0 250000.0 3908.7114902344183 505.25076132812245 340.85761995114404 997.9340000000084 81.62099999998463 16317.54865663137 390.76986486636713 370.73785559362017 391.76986486636713 19.032009272746922 680052.6157998315 521.0958707243813 21.032009272746922 521.0958707243813 498.06386145163424 370.2857142857143
250000.0 260000.0 4970.100019531266 642.603685396625 293.2805050435952 995.0939999999828 53.48800000001211 14037.66210063371 405.10463144667744 388.2669384697325 405.10463144667744 16.837692976944894 783182.7364338919 577.8584909855753 16.0 577.8584909855753 561.8584909855753 600.0
260000.0 270000.0 691.409037109348 768.0652427455366 338.617986086653 999.7320000000182 140.408935546875 13611.264794321922 609.7278493669011 593.4083144231683 609.7278493669011 16.31953494373271 1239821.7454254422 906.6306251933196 17.157227920677602 906.6306251933196 889.473397272642 840.0
270000.0 280000.0 949.5953769531334 855.3245770970366 230.04075531947353 999.890000000014 283.6039999999921 11771.450964942585 579.0752736695096 564.9454554195796 579.0752736695096 14.129818249929981 1214084.9003069852 874.1688849105979 14.129818249929981 874.1688849105979 860.0390666606678 840.0
280000.0 290000.0 600.4208750000107 670.6991731770783 362.1828002788057 999.6479999999865 77.65399999998044 13394.783423276447 498.8633667240182 482.81093517656075 498.8633667240182 16.052431547457495 1214851.9495916786 878.6999097827675 15.712953829392418 878.6999097827675 862.9869559533752 840.0
290000.0 300000.0 74.10214453126537 651.3156917968765 362.0448447313332 999.9899999999907 92.26799999998184 12918.665871071047 454.3693053050255 438.87783515835133 454.3693053050255 15.491470146674176 1046210.6303058116 766.6277763161752 15.0 766.6277763161752 751.6277763161752 840.0
