ts te idle avg_span std_span max_span min_span c_bytes_all c_ack_cnt c_ack_cnt_p c_pkts_all c_pkts_data s_bytes_all s_ack_cnt s_ack_cnt_p s_pkts_all s_pkts_data videorate
0.0 10000.0 5112.815925781251 717.5943858173075 314.87525405275414 999.3379999999997 191.9208984375 23006.407161250252 279.3926301989945 253.33689729904086 283.3926301989945 26.055732899953707 641974.8083752602 439.3765060735726 43.89803870702891 439.3765060735726 391.4784673665437 288.0
10000.0 20000.0 145.37018749999697 703.1789747924802 350.72098052451264 998.8640000000014 32.4951171875 24342.972900320565 535.7539987603599 504.75933919709024 537.7539987603599 27.994659563269625 1438804.0751789475 784.1011784715922 57.40720546731936 784.1011784715922 721.693973004273 538.9090909090909
20000.0 30000.0 105.13857226563414 675.5962258731614 387.8616009226841 998.1549999999988 52.2099609375 12523.92426541783 438.7164447321592 423.69394263297033 438.7164447321592 15.02250209918886 1074856.435181501 608.044281774727 25.166980639830513 608.044281774727 582.8773011348965 840.0
30000.0 40000.0 1833.467230468741 738.6055594482427 348.2062713633824 998.1059999999998 98.62099999999919 13284.69567301135 531.1369263084864 515.2098208708985 531.1369263084864 15.927105437587812 1176014.681264291 704.4780336801082 30.527775185821213 704.4780336801082 673.9502584942869 840.0
40000.0 50000.0 320.4421523437413 765.712339518228 354.43311859597037 999.5359999999928 63.22599999999511 13042.230356110587 406.5482245006387 390.90907388439194 406.5482245006387 15.639150616246784 1032685.7526071911 542.8385237514649 30.868925538411094 542.8385237514649 511.96959821305376 840.0
50000.0 60000.0 339.1766210937494 631.3124969618059 412.19593703713673 999.0409999999974 0.0 12204.192440727213 395.35670938761194 379.7144816032109 395.35670938761194 14.642227784401078 982725.4673826775 537.3738208959855 25.69383126288463 537.3738208959855 510.679989633101 840.0
60000.0 70000.0 144.17199414061906 677.3009325597428 386.5058971698549 999.0310000000027 48.614990234375 12483.100222796278 448.20387592822334 433.2299277434449 448.20387592822334 14.973948184778441 1068905.4237497565 602.1419194772493 24.947896369556883 602.1419194772493 577.1940231076924 840.0
70000.0 80000.0 4145.447076171884 565.6205471354158 381.42707057440845 989.9850000000006 0.0 14832.829231710382 297.2600016390281 279.7871929818707 298.2600016390281 17.472808657157387 706898.1235576768 398.19895305855346 28.58154969302293 398.19895305855346 368.6174033655305 508.8
80000.0 90000.0 3140.790488281258 667.0486241455073 274.2730156996229 993.1699999999983 172.214111328125 17362.486532888117 359.76768928675364 338.9464640645508 359.76768928675364 20.821225222202774 840407.0913072503 488.4180911212715 35.42789709463301 488.4180911212715 452.9901940266385 531.4285714285714
90000.0 100000.0 297.98082421875733 774.2829942491322 343.82364431940334 999.4790000000066 0.0 12043.161215767423 467.86349925774425 453.4128597225307 467.86349925774425 14.45063953521354 1035091.1413954477 601.0286916954753 27.47990004149146 601.0286916954753 573.5487916539838 840.0
100000.0 110000.0 303.6025175781251 716.0132760009765 377.6762718276775 999.9930000000022 19.360107421875 13380.46255972635 421.54576794564537 405.50360081160693 421.54576794564537 16.042167134038465 1008980.7579303537 561.6953526563756 26.185347564722928 561.6953526563756 535.5100050916526 840.0
110000.0 120000.0 151.99116601562127 679.8510896139693 388.10668645178686 999.119000000006 18.993896484375 12514.091904681993 391.58807814055024 376.57726731453124 391.58807814055024 15.010810826019016 1075907.6355877665 558.1753632596436 25.98336096288834 558.1753632596436 532.1920022967552 840.0
120000.0 130000.0 119.15324804687407 700.5782880284943 376.1358233056922 998.5 27.93994140625 12502.394861518005 488.64857310771214 472.65167077534835 488.64857310771214 14.99690233236386 1099143.498684547 643.5302798270641 25.14716914595834 643.5302798270641 617.3831106811058 840.0
130000.0 140000.0 117.19147851565504 757.4985846354151 348.754228811329 996.8999999999942 65.37100000001374 13098.87766493077 458.0091385469888 442.3228641375067 458.0091385469888 15.686274409482163 1162584.0495967974 624.8087775590806 31.614782184866954 624.8087775590806 593.1939953742137 840.0
140000.0 150000.0 406.9000625000044 766.6675074678308 288.70312815562704 998.5789999999979 63.39400000000023 12770.216573484719 471.3294921914212 456.0103818549808 471.3294921914212 15.319110336440389 1030768.880387037 622.5195407773076 30.179870218251217 622.5195407773076 592.3396705590565 840.0
150000.0 160000.0 761.8072539062123 727.6217342447916 297.8252105112788 998.0599999999977 297.8979999999865 12444.956435658161 396.8789500676821 381.93421510602604 396.8789500676821 14.94473496165611 974167.1778134985 502.2706859205284 24.88946992331222 502.2706859205284 477.38121599721626 840.0
160000.0 170000.0 1073.076031250006 626.5375362723217 358.715527120144 999.9960000000137 116.3299999999872 15830.060859476602 470.07211800745466 451.4927802258233 471.07211800745466 18.579337781631352 1145651.6777669776 633.036471401261 35.158675563262705 633.036471401261 596.8777958379983 840.0
170000.0 180000.0 3711.3076367187605 627.2380985753638 349.3004657100062 999.5329999999958 0.0 13837.048026188162 360.4963634202914 343.89223824279804 360.4963634202914 16.604125177493366 890907.2109470278 485.0823989038592 30.39171331411145 485.0823989038592 454.6906855897478 660.0
180000.0 190000.0 450.43163476564223 747.0441781939332 314.0646868042492 999.6490000000049 76.33499999999185 12076.073493671272 378.7503710535811 364.26897745253996 378.7503710535811 14.481393601041178 962455.8384457582 478.54055593554335 30.77932424295764 478.54055593554335 447.76123169258574 840.0
190000.0 200000.0 1740.9398300781322 645.2243308593733 395.3785469473793 999.9679999999935 32.69091796875 12019.453871872209 269.5247036427525 255.0936788102808 269.5247036427525 14.43102483247173 739336.0574254132 395.41142224446116 22.95248522614205 395.41142224446116 372.45893701831915 840.0
200000.0 210000.0 298.46791796872276 726.6210590277801 351.4863703335263 995.8360000000102 17.6669921875 14960.489567470238 444.09169069076114 426.16958656772874 444.09169069076114 17.92210412303239 1140571.6903238213 639.3679927684765 29.753772684866192 639.3679927684765 609.6142200836102 840.0
210000.0 220000.0 4225.321990234341 611.3423792067333 354.0660342028155 997.0780000000086 92.044921875 7655.338150797866 237.66058178115918 228.4528430710901 237.66058178115918 9.207738710069117 622883.735586777 337.51133269683356 19.302615307268667 337.51133269683356 318.20871738956487 840.0
220000.0 230000.0 1058.1928203124844 826.4062144325673 245.0949774443172 998.80799999999 109.48199999998906 17985.481449529823 479.64371943502306 458.1044202315532 479.64371943502306 21.53929920346984 1280353.0023784246 680.6454626265552 41.069521708312834 680.6454626265552 639.5759409182424 615.0
230000.0 240000.0 1346.8998105468636 688.6490006835927 342.7768709500347 998.9169999999867 109.80711914063431 12459.684811011457 495.01940652363373 480.0900533963838 495.01940652363373 14.929353127249932 1296411.541247029 685.8414802466277 27.483561871551544 685.8414802466277 658.3579183750762 840.0
240000.0 250000.0 1789.966345703171 787.8754426269479 249.57800818706468 996.8560000000289 257.8099999999977 12491.104123700025 437.2984718148756 422.2951856439651 437.2984718148756 15.003286170910478 1135447.5380581697 610.0034459143839 27.503655536265686 610.0034459143839 582.4997903781182 840.0
250000.0 260000.0 281.04067578120157 688.1838766276035 353.40136266736454 999.210000000021 61.4609375 13671.522059518042 462.80659450854927 446.4183399788013 462.80659450854927 16.388254529747968 1332904.691290205 668.8566639622956 27.20732411536222 668.8566639622956 641.6493398469333 840.0
260000.0 270000.0 5457.209976562532 526.7565085937501 391.1623721437242 996.5129999999772 0.0 5876.425507155149 191.87483052394148 184.7841289726412 191.87483052394148 7.0907015513002785 486618.14807939 259.44288457327593 13.662278642525463 259.44288457327593 245.78060593075048 840.0
270000.0 280000.0 1046.8330273437314 787.1727646019315 324.39514926926097 999.8279999999795 20.489999999990687 19710.11014970472 564.0702330670875 540.4769522148613 564.0702330670875 23.593280852226396 1486016.790282409 821.1008328256138 44.27487110866161 821.1008328256138 776.8259617169522 560.0
280000.0 290000.0 69.07205664063804 795.2953623934617 342.9775583443458 999.75 56.21291992184706 12259.533843783049 514.5117106693807 499.821841375658 514.5117106693807 14.689869293722786 1323506.9735459606 713.4728960068646 29.182476008178252 713.4728960068646 684.2904199986863 840.0
290000.0 300000.0 419.9715449218056 708.6543874783027 379.3262964109589 999.0430000000051 0.0 13140.9393146409 461.8581026012701 446.0819102479517 461.8581026012701 15.776192353318335 1214894.40446489 656.802953014044 26.749647285903986 656.802953014044 630.05330572814 840.0
