ts te idle avg_span std_span max_span min_span c_bytes_all c_ack_cnt c_ack_cnt_p c_pkts_all c_pkts_data s_bytes_all s_ack_cnt s_ack_cnt_p s_pkts_all s_pkts_data videorate
0.0 10000.0 5641.2370390625 655.6965793805799 380.3859132112166 999.900999999998 53.157958984375 24454.783041444472 310.33839369460065 282.559633979243 314.33839369460065 27.778759715357626 726994.1470102692 475.1094370977549 47.504229205391624 475.1094370977549 423.60520789236324 288.0
10000.0 20000.0 3073.9359062500007 639.4784922960066 348.6600103452816 997.2799999999988 80.40000000000146 16855.46308062323 404.8382859348867 384.64216613689786 404.8382859348867 20.196119797988796 944093.3839959021 548.6252707272681 36.00791397327249 548.6252707272681 512.6173567539956 373.3333333333333
20000.0 30000.0 2929.331250000003 641.6175252757355 351.5528901622968 999.3079999999973 69.948974609375 14974.939755607782 367.9560117367582 350.00390313976686 367.9560117367582 17.952108596991323 1010204.8136178496 515.2457190255388 31.91405471844078 515.2457190255388 483.3316643070981 615.0
30000.0 40000.0 100.19860937500198 661.6183005514707 402.4532460798939 999.3819999999978 74.5791015625 13472.875565276521 426.6950881999633 410.5292565208219 426.6950881999633 16.16583167914146 1212220.6194549536 605.5893253422146 25.238131152949187 605.5893253422146 580.3511941892654 840.0
40000.0 50000.0 115.05789453122998 675.1472358685676 381.2529362979467 999.2780000000057 86.735107421875 11847.318558440524 487.9188921923701 473.7018390770917 487.9188921923701 14.217053115278427 1190214.8986486497 613.9860444625951 24.955416759461176 613.9860444625951 589.0306277031339 840.0
50000.0 60000.0 3222.3011855468794 536.5817124310663 428.49580241167547 993.4850000000006 0.0 12603.753701501448 330.3882440965669 315.2900793857379 330.3882440965669 15.098164710828971 838588.8642957648 452.9315928755214 24.100455433180027 452.9315928755214 427.83113744234134 624.0
60000.0 70000.0 1099.4680605468748 692.6642085731904 361.0901886415125 999.6100000000006 79.26112109374662 14347.03207360555 401.0850006729018 383.8830800244646 401.0850006729018 17.201920648437216 1039724.0813997124 571.3424852611788 32.49971528535235 571.3424852611788 538.8427699758264 480.0
70000.0 80000.0 2764.3781113281293 689.1364215087906 366.4219408563398 998.9560000000056 85.7109375 14810.240821477679 382.55439194292023 364.80206516370464 382.55439194292023 17.752326779215593 1064499.7516054355 548.9668952257402 29.504653558431187 548.9668952257402 519.4622416673091 720.0
80000.0 90000.0 91.74293359373405 678.4970629595593 379.4982530500878 998.619000000006 94.00390625 12466.637175078033 417.47285670316984 402.51853546888685 417.47285670316984 14.954321234283002 1214371.0214356957 587.1567439140791 24.908642468566004 587.1567439140791 562.2481014455129 840.0
90000.0 100000.0 73.28879492187116 676.0901476332716 384.9964776558309 998.023000000001 77.34130859375 13160.255707694314 446.0053444212351 430.22528068597563 446.0053444212351 15.780063735259464 1193280.9277415073 608.033431427536 24.863263264331092 608.033431427536 583.1701681632048 840.0
100000.0 110000.0 110.11165625002468 681.4766860064316 380.2607461833771 999.9020000000019 66.25 12499.061457198346 430.14671118593606 415.15377247345293 430.14671118593606 14.99293871248317 1203669.9442868875 602.8311524521021 25.080489030036293 602.8311524521021 577.7506634220657 840.0
110000.0 120000.0 1476.9949960937665 718.5523254882777 377.7415026448488 999.4349999999977 0.0 13993.107960663601 485.53970615860726 468.77713184328684 485.53970615860726 16.762574315320368 1353208.5133360045 686.5195050413238 30.631254636908583 686.5195050413238 655.8882504044151 840.0
120000.0 130000.0 1371.149207031267 618.6797428385406 388.7717070869633 997.3129999999946 0.0 14367.67004346613 494.2277046929283 476.9786523683797 494.2277046929283 17.249052324548515 1178922.7902253012 627.2625761719805 27.56326409464278 627.2625761719805 599.6993120773377 750.0
130000.0 140000.0 128.5345761718345 677.7164170496347 379.3883545699917 995.6059999999998 69.9140625 12494.705904937458 403.71501492577755 388.7272552290624 403.71501492577755 14.98775969671517 1183820.5928662317 573.9382375461832 24.818840226982406 573.9382375461832 549.1193973192009 840.0
140000.0 150000.0 125.80114648438757 684.6765906479782 373.16490840434676 999.6300000000047 72.923095703125 12509.265557643175 504.62514104328613 489.62006903657607 504.62514104328613 15.005072006710078 1243099.2466566677 663.1743852445366 25.011222968580558 663.1743852445366 638.163162275956 840.0
150000.0 160000.0 75.58588476563455 677.4732518382353 383.2754173567112 999.5920000000042 74.84326171875 12508.898616670594 442.4605222120194 427.45588652037776 442.4605222120194 15.004635691641612 1193030.9710942933 618.4942249689218 25.073020264800974 618.4942249689218 593.4212047041209 840.0
160000.0 170000.0 134.74999023441342 779.098700976561 312.5748705327098 998.1579999999958 97.819091796875 16614.217459680684 489.7614671917679 469.37668412291754 490.7614671917679 19.38478306885044 1425349.2738970388 684.6524828034784 33.67750583931106 684.6524828034784 648.9749769641674 840.0
170000.0 180000.0 98.5011562499567 659.448258789067 376.7019369941433 999.3500000000058 88.7451171875 12415.315945025679 441.3000939549752 425.4068492949278 441.3000939549752 14.893244660047404 1192673.3640721214 616.9595091329923 26.401388097558705 616.9595091329923 589.5581210354336 840.0
180000.0 190000.0 93.51175195313408 704.2060560302743 372.7372808358337 998.869000000006 129.77294921875 13137.597388236443 472.3300480634815 456.5770046949444 472.3300480634815 15.75304336853712 1227593.9228317973 637.6926637475509 25.50608673707424 637.6926637475509 612.1865770104766 840.0
190000.0 200000.0 2933.397390625032 755.1307893415172 364.11690015297 995.9370000000054 0.0 15416.86018572833 379.641080975848 361.7708548334838 380.641080975848 17.870226142364245 873425.8715279169 522.4883175315039 30.74045228472849 522.4883175315039 490.74786524677535 552.0
200000.0 210000.0 2742.93701171875 656.9624560546862 346.24508395229105 995.4860000000044 8.207275390625 13493.667386098943 326.8765242558289 310.6997340482036 326.8765242558289 16.176790207625338 796904.5827168284 456.67110156204416 25.517192108912543 456.67110156204416 431.15390945313163 480.0
210000.0 220000.0 2023.5932070312265 692.5664334716803 335.0129797401262 998.9670000000042 117.884033203125 14079.56603738934 368.15790291784083 351.2974226920812 368.15790291784083 16.8604802257596 911783.6825803446 527.1796061893749 31.09775734929163 527.1796061893749 496.0818488400833 531.4285714285714
220000.0 230000.0 163.08000976563198 678.7149815027558 381.9160327724321 999.4280000000144 27.77392578125 13344.315836200876 439.9589313775322 423.94679722151267 439.9589313775322 16.012134156019542 1147405.999270257 658.3830322980072 24.677783277773408 658.3830322980072 633.7052490202339 840.0
230000.0 240000.0 90.77272460944369 685.9857047334508 378.04342250572074 999.5409999999974 63.072021484375 12549.02111852237 454.04486853385913 438.9925247544033 454.04486853385913 15.05234377945585 1252679.7288470608 679.4696191106921 25.38560738060715 679.4696191106921 654.084011730085 840.0
240000.0 250000.0 2436.5075175780803 623.8954873621354 347.78023106389963 994.5370000000112 35.510009765625 12379.756610638018 361.8100423615533 345.9480630300348 361.8100423615533 14.861979331518498 840700.9956772922 486.05554552898735 26.78693314012569 486.05554552898735 458.2686123888617 504.0
250000.0 260000.0 3713.116208984342 661.2216507812497 347.1777960044344 993.63400000002 38.30810546875 17372.35621444328 329.08409498311033 308.8612950605215 330.08409498311033 20.222799922588834 924461.7442576014 518.4731567091261 32.17184586834554 518.4731567091261 485.3013108407806 480.0
260000.0 270000.0 412.10770898440387 699.2700506727399 360.2984463229298 998.9959999999846 61.8640000000014 11785.255617097648 404.4695923440058 390.32531917417134 404.4695923440058 14.144273169834442 1131215.5918653556 598.5948166692831 28.02448246054822 598.5948166692831 570.570334208735 780.0
270000.0 280000.0 105.67002343747299 669.599945082723 398.48585598495464 999.5719999999856 20.922119140625 13100.533154382108 459.58824058179636 443.8792411667833 459.58824058179636 15.70899941501311 1206694.2578551879 672.3389504137381 24.534723392649823 672.3389504137381 647.8042270210882 840.0
280000.0 290000.0 283.55993554682937 741.2475914522108 372.5093360608139 998.585000000021 30.781982421875 12545.261841332684 512.2172369353451 497.1693631644382 512.2172369353451 15.047873770906875 1253949.5847036084 730.7936131879214 26.101776265846784 730.7936131879214 704.6918369220747 840.0
290000.0 300000.0 164.10881054692436 662.7364681755494 392.8583994351369 999.6759999999776 52.698974609375 11786.389091206116 485.928836139282 471.7041120974082 486.0090404658484 14.144519715307466 1226434.6575940961 737.3725940078355 24.24649047052467 737.3725940078355 713.1261035373109 840.0
