ts te idle avg_span std_span max_span min_span c_bytes_all c_ack_cnt c_ack_cnt_p c_pkts_all c_pkts_data s_bytes_all s_ack_cnt s_ack_cnt_p s_pkts_all s_pkts_data video_rate
0.0 10000.0 9271.91796875 221.64149755859398 338.4301852654547 728.08203125 33.93899999999849 3668.0585767112166 9.985674627762167 5.765654649415848 12.87713639685443 4.220019978346319 32595.783470793765 31.662041316803773 5.1114817474385825 31.662041316803773 23.659097800272924 288.0
10000.0 20000.0 0.0 718.9107602982955 290.8079296906163 999.2900000000009 0.0 23908.941423288783 310.4471678274225 282.66718780576883 316.55570605833026 25.77998002165368 611761.1959664647 451.77080113838093 32.88851825256142 451.77080113838093 412.77374465491175 288.0
20000.0 30000.0 290.687072265624 714.3053587962959 346.7794023892332 993.987000000001 0.0 11456.30167062637 310.2655264169133 296.54357397351134 310.2655264169133 13.721952443401968 788280.8821133798 565.4784922782669 13.721952443401968 565.4784922782669 551.756539834865 288.0
30000.0 40000.0 0.0 716.0178016276038 354.87571270818074 998.3220000000001 0.0 16123.606265165668 414.2707445518111 394.9559455852345 414.2707445518111 19.314798966576674 831424.4207538432 587.6998352962689 19.314798966576674 587.6998352962689 568.3850363296923 288.0
40000.0 50000.0 38.62770312499197 764.76114765625 348.222872098863 999.1039999999994 69.7719999999972 14662.570371130729 439.4417612052601 421.85963663118656 439.4417612052601 17.58212457407351 741466.7479286843 546.9485621526267 17.58212457407351 546.9485621526267 529.3664375785531 288.0
50000.0 60000.0 13.043121093753143 824.7206506799773 231.28808419108827 999.9689999999973 81.19999609375373 12800.469313448082 433.92048696581617 418.5725386026427 433.92048696581617 15.347948363173431 772124.8339229309 577.9492935754796 15.347948363173431 577.9492935754796 562.6013452123062 288.0
60000.0 70000.0 301.9735312499979 701.315179504395 342.3294688218551 999.6000000000058 57.072021484375 16375.081842405942 473.75524193037273 454.15062506061713 473.75524193037273 19.60461686975562 809857.8969668036 611.288508112659 19.60461686975562 611.288508112659 591.6838912429033 288.0
70000.0 80000.0 16.019933593750466 818.3339430803582 236.5089130613413 998.3120000000054 131.46171484375373 11979.273091649413 339.07478593401055 324.709255355214 339.07478593401055 14.36553057879657 623688.9737483814 467.82313056833635 14.36553057879657 467.82313056833635 453.4575999895398 288.0
80000.0 90000.0 75.36441015623859 746.051406026787 355.2213352897202 999.3680000000022 0.0 15347.281545978922 408.02778391447936 389.5908726609826 408.02778391447936 18.436911253496767 770313.625234246 580.6115723652878 18.436911253496767 580.6115723652878 562.1746611117909 288.0
90000.0 100000.0 1175.764888671867 756.484751604354 323.09038176167536 999.8099999999977 82.4661035156314 14593.003382076662 398.60421132472015 381.10492331646464 398.60421132472015 17.499288008255576 688768.7781748478 519.3189203974404 17.499288008255576 519.3189203974404 501.81963238918485 288.0
100000.0 110000.0 460.00820898437814 731.7149519361417 334.43921119827013 995.9029999999912 6.501890625004307 19774.692518685926 461.9846890745654 438.2962905706595 461.9846890745654 23.688398503905923 993818.2708983881 745.0049903447166 23.688398503905923 745.0049903447166 721.3165918408106 384.0
110000.0 120000.0 5136.965865234379 567.8971570638023 394.8647459055385 997.0219999999972 24.73399999999674 11192.71999883229 311.22192622686646 297.7834957883025 311.22192622686646 13.438430438563959 662418.5908212366 482.4438524537329 13.438430438563959 482.4438524537329 469.00542201516896 480.0
120000.0 130000.0 3966.912945312506 764.3816921574515 298.81878217710323 995.6559999999881 133.1469999999972 13834.73348167949 387.054989188433 370.4905900533584 387.054989188433 16.56439913507464 934687.7367101309 688.1895705925378 16.56439913507464 688.1895705925378 671.6251714574632 480.0
130000.0 140000.0 2481.1928925781103 530.8523957248269 381.9714088186676 999.9729999999981 0.0 13084.120367070258 403.7896549310712 388.0905334776452 403.7896549310712 15.699121453425956 933339.8251311064 685.3679573522203 15.699121453425956 685.3679573522203 668.6688358987942 660.0
140000.0 150000.0 353.16838085939526 691.648355777138 367.59310954834245 998.1579999999958 23.253999999986263 14185.680765531808 436.07168457559874 419.0720689638807 436.07168457559874 16.99961561171801 951327.416412116 695.8321161540612 16.99961561171801 695.8321161540612 678.8325005423433 480.0
150000.0 160000.0 1637.0554082031304 715.5593824462885 286.6682159565133 994.875 23.904999999998836 13106.465385718446 343.08367130489705 327.3468075051157 343.08367130489705 15.73686379978139 757545.0217466467 562.6103559011807 15.73686379978139 562.6103559011807 546.8734921013993 480.0
160000.0 170000.0 5928.5750390625035 834.2371101562487 289.69004279846416 999.1419999999925 39.97599999999511 11550.065624861703 328.571415816035 314.70811202427024 328.571415816035 13.863303791764809 659664.5885177582 495.2341325250138 13.863303791764809 495.2341325250138 481.37082873324897 480.0
170000.0 180000.0 1085.2795078124618 725.7061106770852 335.2492712730715 999.4839999999967 23.42088085936848 13782.687517834942 492.88665357000036 476.3657274299835 492.88665357000036 16.52092614001691 1018211.3021487554 751.1400756330927 16.52092614001691 751.1400756330927 734.6191494930757 480.0
180000.0 190000.0 1199.6900566406548 764.0777437744127 298.01597435383775 999.3880000000063 24.968994140625 12203.385252507174 373.4467846298237 358.80587972783155 373.4467846298237 14.640904901992146 812377.8193570166 600.8376572139937 14.640904901992144 600.8376572139937 586.1967523120015 480.0
190000.0 200000.0 1739.0841816406755 742.8718751302027 303.10875683630263 997.0169999999925 107.59912109375 12575.476303140615 351.9972404258764 336.9134398276116 351.9972404258764 15.083800598264702 791925.12851164 585.810194375448 14.192736030303267 585.810194375448 571.6174583451448 480.0
200000.0 210000.0 1761.5560683594085 690.2592682291676 371.6009923525228 998.3060000000114 0.0 14103.076739834461 361.43894891130094 344.5375496962778 361.43894891130094 16.90139921502314 920007.8830907098 678.8667198997589 17.792463782984576 678.8667198997589 661.0742561167742 480.0
210000.0 220000.0 1187.5679394531471 774.0177179129449 284.01233993376775 998.25 295.09500000000116 13337.308561821104 305.6589566469636 289.66929129402536 305.6589566469636 15.989665352938292 779587.2783741201 578.1112203526931 14.989665352938292 578.1112203526931 563.1215549997548 480.0
220000.0 230000.0 4268.227062499995 591.900796744794 380.71517013708683 996.3129999999946 0.0 11064.354183889785 329.1226170633574 315.8572899304377 329.1226170633574 13.26532713291967 793128.0180411943 586.571869791313 14.26532713291967 586.571869791313 572.3065426583934 480.0
230000.0 240000.0 655.1923105469032 720.4269589843734 286.1996109379901 996.6479999999865 130.227294921875 12513.096887967116 293.180289999634 278.17037487730437 293.180289999634 15.009915122329609 749827.0188599876 557.4191429098015 15.009915122329609 557.4191429098015 542.4092277874719 480.0
240000.0 250000.0 1324.9801796874963 723.1818188189269 310.2579936194168 997.5810000000056 109.388916015625 14379.802620393551 434.84960641112036 417.6175653592517 434.84960641112036 17.23204105186863 940381.8744413812 699.6708132777259 17.23204105186863 699.6708132777259 682.4387722258573 480.0
250000.0 260000.0 971.8321816406678 720.5013662109341 335.25569323222555 999.1869999999763 12.47607421875 12913.242485783965 336.29678784484076 320.7915905597655 336.29678784484076 15.505197285075212 771123.2247896934 573.2991796200301 15.505197285075212 573.2991796200301 557.7939823349549 480.0
260000.0 270000.0 1391.479869140545 734.8135950520867 351.96959233186504 996.960000000021 65.79200000001583 12494.503821965583 350.5506986810475 335.5631792732406 350.5506986810475 14.987519407806875 824325.8638677435 607.0389944011295 14.987519407806875 607.0389944011295 592.0514749933226 480.0
270000.0 280000.0 5965.204292968789 715.029664899551 414.6494960833846 996.6300000000047 38.37099999998463 14022.750482726884 311.01439154103923 294.71363738509297 312.01439154103923 16.30075415594623 656001.303215971 495.2269626946608 17.263585206469678 495.2269626946608 476.9633774881911 480.0
280000.0 290000.0 1818.8400468750624 627.0498253495101 366.4269794572244 993.3989999999758 4.271083984349389 12489.536608781182 389.2560342793712 373.29515436968455 389.2560342793712 14.960879909686604 935545.9521761715 695.0522548805272 15.998048859163152 695.0522548805272 678.054206021364 480.0
