ts te idle avg_span std_span max_span min_span c_bytes_all c_ack_cnt c_ack_cnt_p c_pkts_all c_pkts_data s_bytes_all s_ack_cnt s_ack_cnt_p s_pkts_all s_pkts_data video_rate
0.0 10000.0 0.0 0.0 0.0 0.0 0.0 0.0 0.0 0.0 0.0 0.0 0.0 0.0 0.0 0.0 0.0 0.0
10000.0 20000.0 2379.728812500005 696.1101100260418 317.8178826047211 999.4239999999991 0.0 30710.68114169163 513.1205774987815 478.0874659905369 517.1205774987815 35.03311150824454 1112574.81634149 585.2656857475416 39.03311150824454 585.2656857475416 542.2325742392972 288.0
20000.0 30000.0 4051.260263671873 547.2704778180798 328.7593497057119 998.7050000000017 135.92199999999866 14143.318858308368 323.8794225012185 306.9125340094631 323.8794225012185 16.966888491755462 793945.1836585099 399.73431425245826 16.966888491755462 399.73431425245826 382.76742576070285 425.14285714285717
30000.0 40000.0 2191.7252128906184 539.5765882352944 392.56378404694675 992.6059999999998 0.17399999999906868 15821.0 321.0 302.0 321.0 19.0 864861.0 490.0 19.0 490.0 471.0 582.8571428571429
40000.0 50000.0 1121.2749375000058 731.8497912946431 336.29145479521856 999.4119999999966 201.69700000000012 13267.436361480171 277.2980044082948 261.3682039674653 277.2980044082948 15.929800440829478 769364.3786573511 436.78940132248846 15.929800440829478 436.78940132248846 420.85960088165893 480.0
50000.0 60000.0 2255.696173828146 656.6889247395811 383.5063839940813 999.5019999999931 70.18292187499901 14724.384798164663 300.2450571366472 282.6085467290181 300.2450571366472 17.636510407629082 825946.8247475976 422.4041939497657 17.636510407629082 422.4041939497657 404.7676835421366 480.0
60000.0 70000.0 2132.1773691406415 599.0105220947244 334.9725093181949 998.9089999999997 167.04200000000128 14107.382384615341 381.2100038806631 364.2760694950733 381.2100038806631 16.933934385589843 978160.2868949269 520.0597153873994 16.933934385589843 520.0597153873994 503.1257810018095 720.0
70000.0 80000.0 92.38328125000407 678.2004111328115 387.8562449704078 999.8260000000009 159.3570000000036 12604.178734323457 439.8739179523609 424.7544255013688 439.8739179523609 15.119492450992116 1105406.6672378462 635.1835415608327 14.309623608471856 635.1835415608327 620.8739179523609 840.0
80000.0 90000.0 2125.8958281249943 576.9521918945311 403.34253547915574 996.6929999999993 0.3870000000024447 13579.062682470367 302.71936375555356 286.41172953686964 302.71936375555356 16.30763421868387 791856.3741440477 449.3452634906869 17.117503061204133 449.3452634906869 432.2277604294828 540.0
90000.0 100000.0 3407.1519980468875 580.5008463040867 397.6831557910744 992.4689999999973 72.03704882811871 12504.215279354881 256.5064827211363 241.5074396975328 256.5064827211363 14.999043023603514 686570.4683182304 379.14429921615476 13.999043023603514 379.14429921615476 365.1452561925512 480.0
100000.0 110000.0 2217.5347792968823 623.5777055376838 365.27550068756125 999.6399999999994 7.153000000005704 18092.125092271217 339.83903104226425 318.19494146362933 339.83903104226425 21.644089578634933 803450.152280656 436.795614571305 17.644089578634937 436.795614571305 419.1515249926701 480.0
110000.0 120000.0 4065.41431640627 555.9034655949508 376.77770683959324 994.7829999999958 61.56899999998859 10363.214667319902 260.30813910307995 247.8786436090428 260.30813910307995 12.429495494037159 658212.847719344 386.2779705013671 12.429495494037159 386.2779705013671 373.8484750073299 480.0
120000.0 130000.0 4454.077015624993 587.0025882352955 409.2460779059286 998.4500000000116 50.56500000000233 16323.0 356.0 336.0 357.0 19.0 836234.0 461.0 21.0 461.0 438.0 480.0
130000.0 140000.0 1371.0629023437505 765.1798036458339 295.85880605870454 997.9459999999963 200.38899999999558 14943.838297579048 340.31773741245297 321.3935443666249 340.31773741245297 17.92419304582811 881753.2908739595 444.6967721833124 18.92419304582811 444.6967721833124 424.77257913748434 480.0
140000.0 150000.0 186.53809765621554 654.202159642271 384.66092759934673 999.0400000000081 63.91699999998673 16953.915732562484 452.3559630051707 431.6563560146837 453.3559630051707 19.69960699048699 1112766.337093887 548.5412281798386 21.69960699048699 548.5412281798386 523.8416211893516 840.0
150000.0 160000.0 3250.0283417968894 588.3473508649539 391.2603021274515 996.8319999999949 137.92699999999604 14952.245969858466 281.32629958237635 263.9500996186914 282.32629958237635 17.376199963684897 712969.3720321534 388.761999636849 17.376199963684897 388.761999636849 370.3857996731641 472.0
160000.0 170000.0 4396.9604316406185 445.17894117646983 328.5118292005369 999.8539999999921 79.23399999999674 17479.0 331.0 310.0 331.0 21.0 751522.0 413.0 21.0 413.0 392.0 546.0
170000.0 180000.0 4450.598999999987 584.9204545454519 392.7112227605382 995.6540000000095 172.19699999998556 12505.0 276.0 261.0 276.0 15.0 646160.0 282.0 11.0 282.0 271.0 480.0
180000.0 190000.0 4409.2119999999995 587.7297272727275 396.9411496899993 993.8040000000037 170.87200000000303 12505.0 275.0 260.0 275.0 15.0 666895.0 290.0 10.0 290.0 280.0 480.0
190000.0 200000.0 1636.050087890646 688.0011998697883 356.464821018084 998.8450000000012 166.77999999999884 15859.83852773235 368.56324786697337 349.55290660677406 368.56324786697337 19.01034126019933 839872.0535011975 384.5788534906193 14.010341260199327 384.5788534906193 370.5685122304199 480.0
200000.0 210000.0 3996.4388183593983 559.8911932373048 308.09036473412516 999.0860000000102 79.11100000000442 14890.118541663918 346.5436951834513 328.65026707988375 346.5436951834513 17.893428103567576 802883.7920430654 451.21832124712245 17.893428103567576 451.21832124712245 433.32489314355485 634.2857142857143
210000.0 220000.0 2264.3666171874793 639.1131464843774 317.9120007937489 997.1730000000098 168.24993359376094 12526.425708183966 327.4182757825773 312.389871027344 327.4182757825773 15.028404755233383 780733.5895163874 477.1349993812586 14.096230636233097 477.1349993812586 463.0387687450255 480.0
220000.0 230000.0 3019.24794140624 683.0778368489584 356.4830264093497 991.2989999999991 67.63271289062686 14566.460681169987 339.83275228884094 322.3818318172433 339.83275228884094 17.45092047159762 795372.6908119199 472.15665030420973 18.383094590597906 472.15665030420973 453.7735557136118 480.0
230000.0 240000.0 973.5305566405877 635.5733586154529 390.2305198874818 996.5590000000084 58.61699999999837 14370.434200938656 406.26615666790246 389.02000106610416 406.26615666790246 17.246155601798332 993426.7364491483 504.8329276931486 16.431530505600215 504.8329276931486 488.40139718754835 685.7142857142857
240000.0 250000.0 3474.148371093732 749.13933607701 322.6530046815159 999.7069999999949 0.0 12810.722340311122 391.37587221025456 376.0051224026508 391.37587221025456 15.370749807603762 868003.1376782814 489.0782478836414 16.18537490380188 489.0782478836414 472.8928729798395 540.0
250000.0 260000.0 980.4326347655733 648.6727468261706 399.80395512455254 999.8919999999925 80.33399999997346 14921.81577104262 505.28385699265885 487.3584719060215 505.28385699265885 17.92538508663734 1031712.1942191903 625.0300061262855 17.92538508663734 625.0300061262855 607.1046210396481 780.0
260000.0 270000.0 991.2947558593005 651.663238281254 407.62659682874306 999.7660000000033 0.5050000000046566 13404.18422895738 468.71614300734115 452.6415280939785 468.71614300734115 16.07461491336266 1061440.8057808098 632.9699938737145 16.07461491336266 632.9699938737145 616.8953789603519 720.0
270000.0 280000.0 3196.628705078154 690.3169429086445 373.4472836474008 999.4710000000196 7.8109999999869615 13927.409555304266 318.54157923032034 301.8288645339877 318.54157923032034 16.71271469633265 740671.1433249884 452.39243801565095 15.71271469633265 452.39243801565095 436.6797233193183 480.0
280000.0 290000.0 2975.996896484343 642.2631893229128 339.3459636797338 999.1639999999898 122.65574218751863 14059.33302214666 350.65037634643943 333.7636458305817 350.65037634643943 16.88673051585768 816109.1828218774 484.7981305915846 16.88673051585768 484.7981305915846 467.91140007572693 600.0
290000.0 300000.0 5751.029093749996 483.013921595981 339.0126482979771 979.4859999999753 105.92300000000978 14502.257422549075 251.80804442324023 234.40748963543058 251.80804442324023 17.40055478780967 591328.6738531343 331.8094313927644 16.40055478780967 331.8094313927644 315.40887660495474 370.2857142857143
