ts te idle avg_span std_span max_span min_span c_bytes_all c_ack_cnt c_ack_cnt_p c_pkts_all c_pkts_data s_bytes_all s_ack_cnt s_ack_cnt_p s_pkts_all s_pkts_data videorate
0.0 10000.0 6665.900601562498 568.9489057617193 340.9542238251536 999.9420000000027 65.92799999999988 13890.0 72.5699389751297 57.5699389751297 76.5699389751297 15.0 134698.33165214528 111.25595118010376 19.0 111.25595118010376 88.25595118010376 288.0
10000.0 20000.0 1509.452218749997 694.8881529947919 325.5225500388805 996.4089999999997 51.77799999999843 13325.0 202.4300610248703 185.4300610248703 202.4300610248703 16.0 438699.66834785475 246.74404881989625 17.0 246.74404881989625 228.74404881989625 288.0
20000.0 30000.0 2316.5895214843695 611.5349798177083 371.3004653939512 999.5330000000031 34.84599999999773 20818.922787848423 318.7952631822949 293.85495880198374 318.7952631822949 24.940304380311165 851663.6733986818 418.6694652341372 24.470152190155584 418.6694652341372 394.19931304398165 375.27272727272725
30000.0 40000.0 1523.4359843749917 588.485228001646 303.7958938078926 999.0570000000007 80.85100000000239 14996.464411683062 331.46326711368226 312.5089374874161 332.46326711368226 17.954329626266105 677997.2098601956 436.7461371144581 18.42448181642169 436.7461371144581 418.32165529803643 352.0
40000.0 50000.0 2969.0860019531247 540.7575886346722 291.66827687165795 999.1499999999942 92.7400917968771 17588.111751154636 364.5769267538513 343.9814761149894 365.5769267538513 20.595450638861934 709560.5229107605 450.1228911663082 21.595450638861934 450.1228911663082 427.52744052744623 498.0
50000.0 60000.0 3577.3169296874985 618.3360521763389 298.4908291125138 992.3999999999942 15.52499999999418 12945.501049313882 370.1645429501715 354.6546275956107 370.1645429501715 15.509915354560794 665437.5938303621 497.46150648509644 15.509915354560794 497.46150648509644 481.9515911305357 480.0
60000.0 70000.0 4826.439658203119 525.8456666666675 380.0772176589654 992.4539999999979 0.06900000000314321 14124.0 245.0 228.0 245.0 17.0 541448.0 350.0 17.0 350.0 333.0 480.0
70000.0 80000.0 4519.257890624984 505.13405620659773 418.14768158753026 998.4109999999928 0.09399999999732245 19531.4065589541 336.365355688868 312.5773887304645 338.365355688868 22.787966958403487 670149.3144352643 512.2450252729029 24.787966958403487 512.2450252729029 486.4570583144994 345.6
80000.0 90000.0 5339.30626953124 509.8752490234377 225.6309805055402 849.3479999999981 93.58400000000256 12691.593441045901 308.634644311132 293.4226112695354 308.634644311132 15.212033041596511 632599.6855647357 464.7549747270971 15.212033041596511 464.7549747270971 449.5429416855006 480.0
90000.0 100000.0 1515.8949335937505 733.3264324951178 293.92289375089564 999.0899999999965 199.8920000000071 15888.156806418268 585.7540743096617 566.6912347838565 585.7540743096617 19.062839525805146 1110121.6148398728 796.3483335983694 18.531419762902573 796.3483335983694 777.8169138354668 780.0
100000.0 110000.0 84.02705078125291 733.6788792724619 305.9732689461833 995.7820000000065 307.97699999999895 12053.987469797066 441.400639906548 426.9376937296515 441.400639906548 14.462946176896484 972353.998912097 714.7548092124371 14.994365939799057 714.7548092124371 699.760443272638 840.0
110000.0 120000.0 129.50066992186476 722.2668691406252 320.67773349139065 999.0709999999963 241.7369999999937 12495.261115370864 368.9565578968263 353.9684345853984 368.9565578968263 14.988123311427882 938889.4588422459 690.9524932457116 14.988123311427882 690.9524932457116 675.9643699342837 840.0
120000.0 130000.0 3013.3297500000044 709.4027403645838 320.2207007166111 999.1449999999895 84.50200000000768 13723.594608413801 343.8887278869639 327.40263690109344 343.8887278869639 16.48609098587049 769516.9274057843 570.9443639434819 16.48609098587049 570.9443639434819 554.4582729576115 624.0
130000.0 140000.0 1500.2151132812724 736.0768609374994 285.90440616204495 999.9539999999979 312.4409999999916 14622.48925243338 376.2584317310574 358.7261277646752 376.2584317310574 17.532303966382173 933491.666062004 692.1292158655287 17.532303966382173 692.1292158655287 674.5969118991466 660.0
140000.0 150000.0 151.48546484374674 757.034461059573 283.9006626921544 998.4580000000133 326.61900000000605 12884.821480733004 351.62611662094827 336.1749136799011 351.62611662094827 15.451202941047207 932124.5061587613 685.8213048567595 14.959449487332517 685.8213048567595 670.861855369427 840.0
150000.0 160000.0 964.3655234375037 697.8605065104164 336.5635212940359 995.7660000000033 172.17800000001444 12482.229553842404 351.5056332353702 336.53306750784924 351.5056332353702 14.97256572752097 912651.2157899446 672.4396608650877 15.464319181235659 672.4396608650877 656.9753416838521 840.0
160000.0 170000.0 86.79691601562081 704.6927573242174 345.6785116068153 999.6169999999984 202.29899999999907 12132.107458123844 414.76563907310174 400.20872665301226 414.76563907310174 14.55691242008945 1033512.5023798961 761.6617586327833 14.55691242008945 761.6617586327833 747.1048462126939 840.0
170000.0 180000.0 2610.8181074218883 782.9919281529001 235.89811675940882 998.5909999999858 320.6820000000007 16390.352254867365 282.8441793395224 261.35716439456223 284.8441793395224 18.4870149449602 696124.1096093939 503.94805977984083 21.4870149449602 503.94805977984083 477.46104483488057 552.0
180000.0 190000.0 4348.2480273437395 638.6253076923044 345.2941698579599 999.6749999999884 0.0 12505.0 311.0 296.0 311.0 15.0 644476.0 481.0 15.0 481.0 466.0 480.0
190000.0 200000.0 2566.128134765604 690.6509399414099 306.76074763891404 997.4809999999998 172.2609999999986 16728.997036569966 351.29008850305917 330.79497016577875 352.29008850305917 19.495118337280445 779111.8792369177 590.6192303078748 21.495118337280445 590.6192303078748 567.1241119705944 600.0
200000.0 210000.0 3855.344023437472 682.0915800781271 304.19398663973794 999.0540000000037 224.21799999999348 12099.002963430034 240.70991149694083 226.20502983422125 240.70991149694083 14.504881662719555 598363.1207630823 449.3807696921252 14.504881662719555 449.3807696921252 434.87588802940564 540.0
210000.0 220000.0 3557.7453671874828 712.1160833333294 268.0200041806511 998.6330000000016 333.9549999999872 12505.0 258.0 243.0 258.0 15.0 598998.0 453.0 15.0 453.0 438.0 480.0
220000.0 230000.0 3884.5977050781075 766.6643636363654 268.2234438680845 998.7690000000002 363.3729999999923 12505.0 281.0 266.0 281.0 15.0 598091.0 452.0 15.0 452.0 437.0 480.0
230000.0 240000.0 3251.4146074219025 693.5766428571411 302.9686743453105 997.125 42.37799999999697 14186.0 312.0 295.0 312.0 17.0 738047.0 556.0 17.0 556.0 539.0 480.0
240000.0 250000.0 1446.3377441406483 787.9170751201857 258.928487208934 999.9249999999884 272.7870000000112 12939.232680789299 461.7092491938331 446.1796971440901 461.7092491938331 15.529552049743046 1040085.5150493076 762.770738138951 15.529552049743046 762.770738138951 747.241186089208 768.0
250000.0 260000.0 94.01130468747579 739.9222473144509 327.3992998845067 999.8190000000177 198.82099999999627 12503.582766598382 398.7089334449394 383.710661778356 398.7089334449394 14.998271666583392 1036096.5050776833 760.3978579467595 14.998271666583392 760.3978579467595 745.3995862801761 840.0
260000.0 270000.0 1446.6107480468927 746.670719029016 317.79017107927416 997.2380000000121 266.0929999999935 12072.184552612318 395.5818173612275 381.10964107755393 395.5818173612275 14.47217628367356 971664.9798730091 708.8314039142895 14.47217628367356 708.8314039142895 694.3592276306159 696.0
270000.0 280000.0 939.6801269531134 819.893 250.58739347993622 996.3620000000228 267.2870000000112 16355.0 369.0 350.0 370.0 19.0 835248.0 628.0 20.0 628.0 607.0 480.0
280000.0 290000.0 1621.6096152344835 623.6175068359262 372.58924709382086 998.0509999999776 16.39399999997113 13355.77935742664 371.325459815116 354.30042444472247 371.325459815116 16.02503537039354 919149.0294171823 681.3004244447225 17.02503537039354 681.3004244447225 663.2753890743289 768.0
290000.0 300000.0 552.0377968749381 687.9999931640632 366.6974594555945 998.8570000000182 66.48300000000745 11654.22064257336 377.674540184884 363.69957555527753 377.674540184884 13.97496462960646 955500.9705828177 700.6995755552775 13.97496462960646 700.6995755552775 686.7246109256711 840.0
