ts te idle avg_span std_span max_span min_span c_bytes_all c_ack_cnt c_ack_cnt_p c_pkts_all c_pkts_data s_bytes_all s_ack_cnt s_ack_cnt_p s_pkts_all s_pkts_data videorate
0.0 10000.0 6076.838119140622 676.5524469401043 272.0072036735074 989.4800000000032 268.3179999999993 22897.901868335917 280.247592386417 253.95884999912764 284.247592386417 26.288742387289364 555490.1590496681 368.633372167164 44.57748477457873 368.633372167164 320.0558873925853 288.0
10000.0 20000.0 2916.4611074218774 735.4793493009868 306.2532822044899 998.413999999997 0.0 18156.098131664083 425.752407613583 404.04115000087234 425.752407613583 21.711257612710636 1012673.8409503319 597.366627832836 40.42251522542127 597.366627832836 556.9441126074147 288.0
20000.0 30000.0 2186.349214843751 723.8192657552078 332.0247317568669 999.2209999999977 0.0 12291.206327335996 399.34430838299505 384.5660079838048 399.34430838299505 14.77830039919024 952214.2822611112 501.45280638704384 23.77830039919024 501.45280638704384 477.6745059878536 840.0
30000.0 40000.0 4979.625630859373 563.6722739701707 194.18920730961878 758.7439999999988 218.5550136718739 11866.793672664004 217.65569161700495 203.4339920161952 217.65569161700495 14.22169960080976 585907.7177388888 323.54719361295616 24.22169960080976 323.54719361295616 299.3254940121464 288.0
40000.0 50000.0 3723.7540097656383 628.447460937499 274.5716907293527 992.5249999999942 285.3799999999974 14834.695028434986 298.65746396946315 280.86637247137173 298.65746396946315 17.791091498091447 722454.8220053121 400.91091498091447 29.791091498091447 400.91091498091447 371.119823482823 380.0
50000.0 60000.0 130.0190312500199 697.8618236443016 339.78315686590383 997.8260000000009 203.97700781250023 13131.151575379165 393.0060733122992 376.2612050467591 393.0060733122992 15.74486826554006 1083781.6649909278 568.2329240736116 24.976888383724308 568.2329240736116 542.2560356898873 840.0
60000.0 70000.0 103.40397851562011 708.8048747558605 349.00530125110805 997.6879999999946 228.4429999999993 12521.136247818507 419.3357673355232 404.31632607309126 419.3357673355232 15.019441262431936 1128566.2876997609 600.1892624845691 25.00972063121597 600.1892624845691 575.1795418533532 840.0
70000.0 80000.0 978.0938847656216 756.5124054687506 316.08554687225757 998.3329999999987 216.45100976563117 13536.023696908724 341.16784042768086 324.9268920043036 341.16784042768086 16.240948423377265 899593.6747666188 494.25959735978626 28.018648936408987 494.25959735978626 466.2409484233773 540.0
80000.0 90000.0 4692.9731621093815 550.615402343748 371.76162584038025 999.5829999999987 0.0 15281.576269748537 331.64544830377827 313.9239376469096 332.64544830377827 17.721510656868645 774799.3901458348 455.88063540664746 33.480440710023316 455.88063540664746 421.4001946966241 480.0
90000.0 100000.0 2106.0967578124983 699.6724373779298 308.69084727042366 999.5650000000023 239.91208789062512 15050.424537777597 426.97787001845586 408.9487333102261 426.97787001845586 18.02913670822982 1147534.3096081915 611.9411545453582 29.496708247805557 611.9411545453582 582.4444462975528 582.8571428571429
100000.0 110000.0 141.45434765625396 728.0514418945322 324.17535271461065 996.9440000000031 224.74008984374814 12499.802267334127 427.8612884092167 412.8675507377298 427.8612884092167 14.993737671486901 1217235.7933572612 604.1410197943085 24.99686883574345 604.1410197943085 579.144150958565 840.0
110000.0 120000.0 68.65509179685614 717.743244262696 344.00493926577735 999.247000000003 223.89101953126374 12514.941171046978 459.90155807723556 444.8905155681399 459.90155807723556 15.011042509095683 1189783.6912212071 622.9112507401658 25.00552125454784 622.9112507401658 597.9057294856179 840.0
120000.0 130000.0 4844.359007812513 564.9285092773425 250.49391879020385 998.1540000000095 222.45711132811266 12056.24920555138 228.44669014634727 213.998467141469 228.44669014634727 14.448223004878242 632231.3662048862 356.53324061463866 25.224111502439122 356.53324061463866 331.30912911219957 288.0
130000.0 140000.0 4975.805455078109 511.0232666666678 359.5495259707373 987.9500000000116 0.0 14186.0 270.0 253.0 270.0 17.0 690248.0 410.0 30.0 410.0 379.0 320.0
140000.0 150000.0 4982.604361328151 644.5132999999944 320.2975608392404 994.3509999999951 308.7829999999958 12505.0 262.0 247.0 262.0 15.0 788445.0 402.0 25.0 402.0 377.0 480.0
150000.0 160000.0 2213.649550781265 725.9864586838946 308.03061270714426 999.935999999987 282.5590000000084 13775.317990788457 320.4270504470342 303.8965468436746 320.4270504470342 16.530503603359584 1013355.9504340295 468.9482734218373 25.765251801679792 468.9482734218373 443.1830216201575 696.0
160000.0 170000.0 105.94447070310707 722.0724459228495 334.0959649341284 999.5249999999942 233.83103710936848 12493.770671724722 482.3781085990229 467.39255119995835 482.3781085990229 14.98555739906447 1235853.8139302866 664.0346111133115 24.992778699532238 664.0346111133115 639.0418324137793 840.0
170000.0 180000.0 1037.6683281249716 774.9342889476136 295.5766728555048 999.1650000000081 241.5129023437621 14145.161600966087 436.63193610637353 419.6904762841942 436.63193610637353 16.941459822179304 1179051.8527400764 662.9621896757582 29.837683296018003 662.9621896757582 633.1245063797403 600.0
180000.0 190000.0 3785.259703125019 632.3212850167412 274.9434055122599 992.93299999999 62.05600000001141 12126.749736520735 316.5629048475694 301.0204256721728 316.5629048475694 14.54247917539664 783649.3828956076 427.054925789093 25.404286202769974 427.054925789093 400.650639586323 480.0
190000.0 200000.0 269.34820117181516 737.4637946614627 341.97041455610673 997.814000000013 226.17300000000978 13791.403089938934 439.1484821315737 422.5985988906834 439.1484821315737 16.54988324089028 1192331.471732676 614.7238907884577 25.77494162044514 614.7238907884577 588.9489491680125 840.0
200000.0 210000.0 71.68915429688059 727.9401907958982 332.009111841408 999.0050000000047 222.16908007813618 12518.316695010471 457.77450219287414 442.7584579820182 457.77450219287414 15.01604421085599 1230675.1865592636 656.8035288255126 25.008022105427997 656.8035288255126 631.7955067200845 840.0
210000.0 220000.0 87.49689843753004 701.0219051339247 331.37405399950626 993.9860000000044 103.99799999999232 17021.442235772283 508.0313574258332 487.2019089489991 509.0313574258332 19.829448476834077 1418010.4746711224 734.124610100601 35.61241220270721 734.124610100601 696.5121978978939 840.0
220000.0 230000.0 1894.0148144531413 678.7290013950884 375.486286352594 997.7889999999898 0.0 9665.837979278309 356.04565824971894 344.44103417829933 356.04565824971894 11.60462407141965 911839.867036938 480.3479702854288 19.60462407141965 480.3479702854288 460.74334621400914 840.0
230000.0 240000.0 2542.555869140604 711.0206000000024 244.519232634396 997.3960000000079 269.2840000000142 17848.0 389.0 367.0 390.0 21.0 1011423.0 556.0 36.0 556.0 518.0 508.0
240000.0 250000.0 1485.668322265672 754.0852382812402 304.3519499626419 998.7239999999874 155.85205078125 15547.0 433.35603312193473 414.9040220812898 434.35603312193473 18.0 1087731.8482649755 632.3560331219347 32.452011040644905 632.3560331219347 598.452011040645 696.0
250000.0 260000.0 1107.0856992187328 732.5410017089926 325.3237007075029 999.2220000000088 188.9449492187705 14965.301231036112 299.544060797778 281.04920010264277 299.544060797778 17.946871735780082 861320.9694746872 448.46838273820987 30.638181079957363 448.46838273820987 417.28221269889747 480.0
260000.0 270000.0 1024.9611914062407 713.1119252604122 333.9063705820176 999.2800000000279 192.3858945312677 12365.934946155361 406.6193017263688 391.7853976363056 406.6193017263688 14.833904090063179 1108319.126096799 579.5718764825638 24.690583705240993 579.5718764825638 554.8812927773229 720.0
270000.0 280000.0 2648.6344765624963 784.7365030691975 279.4682648122941 997.9270000000251 194.81904296873836 12684.763822808527 388.48060435391847 373.2613801797618 388.48060435391847 15.21922417415674 972989.0561635384 555.6037076572916 28.21922417415674 555.6037076572916 527.3844834831348 624.0
280000.0 290000.0 238.95048828120343 751.8832078125017 321.46447476262057 999.4550000000163 232.3979999999865 13150.875155043603 392.0542735868547 376.2666209587528 392.0542735868547 15.787652628101956 1150360.5584839191 581.3900946777333 25.787652628101956 581.3900946777333 555.6024420496312 840.0
290000.0 300000.0 3279.068285156216 625.5127712673566 415.96711934662324 999.6869999999763 0.0 17825.124844956397 400.9457264131453 380.7333790412472 402.9457264131453 20.212347371898044 1003079.4415160809 569.6099053222667 35.21234737189805 569.6099053222667 532.3975579503688 624.0
