ts te idle avg_span std_span max_span min_span c_bytes_all c_ack_cnt c_ack_cnt_p c_pkts_all c_pkts_data s_bytes_all s_ack_cnt s_ack_cnt_p s_pkts_all s_pkts_data videorate
0.0 10000.0 6667.966646484379 673.0512721946017 352.1811636912834 997.143 0.343994140625 21326.6353569921 227.01033411975106 203.00956862939915 231.01033411975106 24.00076549035193 435779.4082255953 315.0191372587983 43.0011482355279 315.0191372587983 268.0179890232704 288.0
10000.0 20000.0 1797.891042968753 761.3210003083877 283.9085157231822 991.0429999999978 20.79899999999907 18376.364643007895 418.98966588024894 396.99043137060085 418.98966588024894 21.99923450964807 915198.5917744047 553.9808627412017 42.99885176447211 553.9808627412017 510.9820109767296 364.8
20000.0 30000.0 3580.538236328124 680.5131472355771 319.2312185460103 987.7249999999985 52.0869140625 14198.24814018427 312.187145224456 295.13318407788984 312.187145224456 17.05396114656618 796594.084300024 428.8094171984927 29.053961146566184 428.8094171984927 399.75545605192656 660.0
30000.0 40000.0 1227.9805449218838 737.8901489955357 307.0876295945084 999.2739999999976 242.25 11599.75185981573 343.812854775544 329.86681592211016 343.812854775544 13.946038853433816 948704.915699976 471.1905828015073 23.946038853433816 471.1905828015073 447.24454394807344 840.0
40000.0 50000.0 3356.5768222656043 610.9845040457606 321.48174259486046 998.8990000000049 23.758056640625 14226.056648391357 278.1689135775539 261.1206525553957 278.1689135775539 17.04826102215826 776940.3404397956 418.0723915332374 29.024130511079132 418.0723915332374 389.0482610221583 444.0
50000.0 60000.0 1010.6826484375051 751.7951688939149 328.572296139094 998.9370000000054 0.0 14230.788671428238 443.67396354854736 426.62000129381454 443.67396354854736 17.053962254732813 1127347.4072447785 610.9940307211064 29.86082181159339 610.9940307211064 579.1332089095129 634.2857142857143
60000.0 70000.0 327.41912695311476 696.9514125689345 381.8828335152681 996.9569999999949 15.061279296875 12445.825013309906 384.5901164447578 369.6614116094447 384.5901164447578 14.928704835313141 1236425.4384735879 504.21193075549434 26.1459757895317 504.21193075549434 478.06595496596265 840.0
70000.0 80000.0 1148.0709160156257 786.298399218751 232.2804583329322 997.2960000000021 344.9389999999985 12270.677292771326 364.8834950219222 350.16252346004694 364.8834950219222 14.720971561875245 1089571.663629699 460.5723297163737 25.47287123595471 460.5723297163737 435.099458480419 840.0
80000.0 90000.0 63.09834179689642 704.3672177159914 367.15171921734964 998.3249999999971 55.79296875 12807.037071514502 401.9900009216938 386.62938891214037 401.9900009216938 15.360612009553467 1182579.6387755703 530.9495042119152 25.552456493657534 530.9495042119152 505.3970477182577 840.0
90000.0 100000.0 1134.3480292968597 698.5056020833339 381.48182224617847 997.6300000000047 0.0 10730.615302584665 293.6935104855249 279.8060221691578 293.6935104855249 12.887488316367069 1005902.5114365688 387.1998130618731 20.943744158183534 387.1998130618731 365.25606890368954 840.0
100000.0 110000.0 1685.9641933593666 763.7694257812507 323.3945404735909 999.9150000000081 48.39208984375 18113.003185341717 471.9757496003681 450.92086766702454 472.9757496003681 21.05488193334356 1340594.821442782 652.7562218669939 38.05488193334356 652.7562218669939 613.7013399336503 634.2857142857143
110000.0 120000.0 508.5404726562265 710.779988647464 358.5130677666361 999.0439999999944 30.04000000000815 12506.511580132203 400.74706593956876 385.7452225491636 400.74706593956876 15.001843390405124 1199025.070346558 584.6262417304508 26.001843390405124 584.6262417304508 558.6243983400457 840.0
120000.0 130000.0 273.63295312499395 764.3153427083356 306.9369533133648 998.4759999999951 48.300048828125 13359.523946704097 474.3763800164817 458.33546833760624 474.3763800164817 16.040911678875432 1213472.6356726778 660.5702764550376 26.992093177563376 660.5702764550376 633.5781832774743 840.0
130000.0 140000.0 390.5450742187386 815.3946855468766 238.84240548743813 999.140000000014 398.7490000000107 12423.961287821981 484.13930610100766 469.23694310363175 484.13930610100766 14.902362997375882 1236268.3579015234 676.7007522370452 24.387775398386495 676.7007522370452 652.3129768386586 840.0
140000.0 150000.0 148.49215429692413 743.5244006835914 315.7620740518023 997.9219999999914 107.81500000000233 16291.0 492.5596980735013 472.5596980735013 493.5596980735013 19.0 1328438.9855852735 676.1661940612402 33.56340610030145 676.1661940612402 640.6027879609388 840.0
150000.0 160000.0 41.7129550781101 779.3429614257781 312.1421673904458 999.2729999999865 57.041259765625 15033.136073734462 563.0987398218008 545.0412568050515 563.0987398218008 18.057483016749345 1491879.6801379276 792.6748720847152 30.057483016749345 792.6748720847152 762.6173890679657 840.0
160000.0 170000.0 83.27584179688711 767.9091078814321 341.75879340824093 998.8619999999937 24.24609375 12499.676352052238 467.8838949047341 452.891001504873 467.8838949047341 14.992893399861137 1176207.9307497311 644.6640991465581 24.967705191555897 644.6640991465581 619.6963939550022 840.0
170000.0 180000.0 181.3141074218438 756.0035739746145 330.14590616308783 997.8310000000056 76.625 12526.503810256672 409.43584218828016 394.4090036828865 409.43584218828016 15.02683850539363 1189532.0814694562 602.4294341584282 24.942049612260796 602.4294341584282 577.4873845461674 840.0
180000.0 190000.0 87.30336132811499 713.5222184053324 357.46724883940897 999.5499999999884 35.114990234375 12501.24387368398 471.07498838448913 456.080444138147 471.07498838448913 14.994544246342095 1226427.397672531 671.4882957847238 25.068641763607065 671.4882957847238 646.4196540211168 840.0
190000.0 200000.0 316.3444218749937 756.3430471833868 315.90991323198534 996.244000000006 82.32199999998556 18463.439890272646 486.3549876221265 464.4267467904727 488.3549876221265 20.928240831653792 1315669.1918816243 708.8140786550628 36.9641204158269 708.8140786550628 668.8499582392359 840.0
200000.0 210000.0 40.16986914060544 760.3387596628316 334.18693233116574 999.1330000000016 46.9033203125 14209.517401152803 544.8393073870059 526.7862373856 544.8393073870059 17.05307000140586 1445443.3071472528 751.0117238436437 30.053070001405857 751.0117238436437 719.9586538422379 840.0
210000.0 220000.0 403.97285156248836 712.2844783935561 366.79022892323655 997.5009999999893 29.948974609375 12511.688914465505 445.45162778242366 430.44420824694 445.45162778242366 15.00741953548367 1180887.993822554 607.6422158081061 26.00741953548367 607.6422158081061 581.6347962726225 840.0
220000.0 230000.0 160.30415039061336 770.8928609375008 321.24131396826033 999.5879999999888 175.73499999998603 12439.435758022812 396.2954289355572 381.3741799782242 396.2954289355572 14.921248957332969 1173774.1968402567 576.885104671129 24.902987451555468 576.885104671129 551.9821172195736 840.0
230000.0 240000.0 83.52676171870553 681.5071773897097 390.1032575520482 998.3310000000056 18.24611132813152 12565.021172244149 453.7278086717644 438.6550797929561 453.7278086717644 15.072728878808316 1208201.3850078648 608.041108568697 25.09099038458582 608.041108568697 582.9501181841114 840.0
240000.0 250000.0 1322.9999003905687 734.8454547851609 320.99800737227145 999.7619999999879 0.0 18406.33675411473 427.0391745708907 405.0936419439215 429.0391745708907 20.945532626969186 1117178.9643219868 556.5293809281679 36.94553262696918 556.5293809281679 516.5838483011988 720.0
250000.0 260000.0 3278.348187500029 755.8170000000003 336.5606998789332 998.7359999999753 104.84799999999814 10824.0 381.0 367.0 381.0 13.0 944253.0 526.0 25.0 526.0 500.0 840.0
260000.0 270000.0 3397.0920781249297 677.5148149414199 318.58242104181295 997.2150000000256 61.7900390625 15970.026119107371 356.55159817932787 337.42747032498164 356.55159817932787 19.12412785434623 879150.5777973431 537.9930228347698 36.062063927173114 537.9930228347698 501.93095890759673 366.85714285714283
270000.0 280000.0 472.6633203125093 695.0012459716818 369.1888229011005 999.2849999999744 39.573974609375 12435.478736860488 426.715048814579 411.79831708847667 426.715048814579 14.916731726102379 1186155.1570327613 613.7015900328565 24.978795653275494 613.7015900328565 588.722794379581 840.0
280000.0 290000.0 320.30508984369226 755.1655350260437 327.27626339153693 999.4249999999884 146.66399999998976 12471.49514403214 484.7333530060931 469.7742125865417 484.7333530060931 14.95914041955139 1175155.2651698955 667.3053871323737 24.95914041955139 667.3053871323737 642.3462467128222 840.0
