ts te idle avg_span std_span max_span min_span c_bytes_all c_ack_cnt c_ack_cnt_p c_pkts_all c_pkts_data s_bytes_all s_ack_cnt s_ack_cnt_p s_pkts_all s_pkts_data videorate
0.0 10000.0 0.0 0.0 0.0 0.0 0.0 0.0 0.0 0.0 0.0 0.0 0.0 0.0 0.0 0.0 0.0 0.0
10000.0 20000.0 0.0 0.0 0.0 0.0 0.0 0.0 0.0 0.0 0.0 0.0 0.0 0.0 0.0 0.0 0.0 0.0
20000.0 30000.0 8225.997099609376 591.3343001302079 398.30679815606106 931.6010000000024 153.222900390625 3745.7796361212954 10.491760499616337 6.163920166538779 11.491760499616337 4.327840333077558 10098.031992198825 14.655680666155115 5.163920166538779 14.655680666155115 8.491760499616337 0.0
30000.0 40000.0 127.97967578124371 706.950831108941 342.8940629112433 997.9349999999977 19.347999999998137 30010.094957130932 303.06432153678253 264.10908504472593 314.06432153678253 33.95523649205662 575713.5183721225 436.73429415709944 42.1191566585954 436.73429415709944 381.6151374985041 288.0
40000.0 50000.0 0.0 754.1865091337313 312.13076595620305 999.929999999993 0.0 13956.125406747775 387.813427632155 371.0965044572892 387.813427632155 16.71692317486582 671499.6889195242 492.45661508438906 16.71692317486582 492.45661508438906 475.73969190952323 288.0
50000.0 60000.0 35.391132812495925 759.612040574598 257.3638087805393 999.1710000000021 240.2960000000021 14433.212352848039 384.87728843907763 367.5590107204584 384.87728843907763 17.318277718619257 649632.5512980612 494.59619930967597 17.318277718619257 494.59619930967597 477.27792159105667 288.0
60000.0 70000.0 0.0 777.5154489037297 287.82518529911056 999.994000000006 138.85995507812186 14511.173588817286 382.044639468408 364.65650535171136 382.044639468408 17.388134116696605 623072.1569860956 476.4016067779988 17.388134116696605 476.4016067779988 459.01347266130216 288.0
70000.0 80000.0 124.09362499999406 800.0034868164075 266.9514292723342 999.3120000000054 0.0 14414.237561552694 368.1753682773778 350.8912641545744 368.1753682773778 17.284104122803367 594311.9958368235 453.10818379527774 17.284104122803367 453.10818379527774 435.8240796724744 288.0
80000.0 90000.0 17.75698242188082 872.4219589843742 157.4836232386958 994.525999999998 465.7350000000006 12388.75914737405 318.7873736215889 303.9164473228886 318.7873736215889 14.870926298700368 534543.2755997665 406.7553290932884 14.009484041880768 406.7553290932884 392.7458450514077 288.0
90000.0 100000.0 17.205865234369412 787.1329615162028 323.3952956012462 999.7149999999965 0.0 11255.087770002941 314.88327370449 301.3917749844108 314.88327370449 13.491498720079226 531913.1828914987 403.5885123361821 14.352940976898825 403.5885123361821 389.23557135928326 288.0
100000.0 110000.0 31.64345703125582 789.3883811961207 286.9386551923729 999.301999999996 200.42999999999302 15436.359573391393 384.24455081899816 365.73550399835256 384.24455081899816 18.509046820645572 735696.635979858 556.0398059859168 17.647059023101175 556.0398059859168 538.3927469628156 288.0
110000.0 120000.0 0.0 823.2298789692568 248.81740717149745 997.9109999999928 135.09697070313268 12206.006019716413 386.0099796118491 371.3681449419399 386.0099796118491 14.641834669909187 640109.5203906519 485.19961545090985 15.503822467453586 485.19961545090985 469.6957929834562 288.0
120000.0 130000.0 172.04123828123556 777.0743677884602 326.38798658955596 996.6499999999942 38.96499999999651 12097.16398629718 357.2245315669731 342.7283540344267 357.2245315669731 14.496177532546414 670581.4213116851 501.4934284704538 14.496177532546414 501.4934284704538 486.9972509379074 288.0
130000.0 140000.0 768.8767226562486 695.172780598959 350.68023212639935 999.8269999999902 0.0 12505.0 316.06315484293657 301.06315484293657 316.06315484293657 15.0 604543.8660557393 456.5863328969567 15.0 456.5863328969567 441.5863328969567 288.0
140000.0 150000.0 1356.0069355468731 681.6249393880192 373.9136303177687 996.4100000000035 0.0 11737.249079536892 323.4285912708809 309.3467029786677 323.4285912708809 14.081888292213193 605465.5542305692 458.2128599573837 14.081888292213193 458.2128599573837 444.1309716651705 288.0
150000.0 160000.0 2940.193183593743 563.587995117189 350.59734396097974 999.0849999999919 57.8409999999858 15782.750920463108 408.891738708866 389.9736270010792 408.891738708866 18.918111707786807 791576.6001354055 592.1715360183125 18.918111707786807 592.1715360183125 573.2534243105258 352.0
160000.0 170000.0 1044.1064453125 708.5722568359415 348.33962325499874 999.5109999999986 41.279000000009546 13987.477409149902 487.1261680726801 470.32924440298507 487.1261680726801 16.796923669695005 1021682.0047838255 743.5630840363401 16.796923669695005 743.5630840363401 726.7661603666451 720.0
170000.0 180000.0 394.44355078125955 705.1881138237853 367.9889885294824 999.3619999999937 9.10888671875 12680.689175551124 576.2113172222961 561.0211487160879 576.2113172222961 15.190168506208181 1150686.0150052777 840.0833079889226 15.190168506208181 840.0833079889226 824.8931394827143 840.0
180000.0 190000.0 1067.3587714843452 641.2173356445346 352.1255832335088 999.698000000004 21.814728515630122 13379.845945388304 635.8039807196712 619.7502632372514 635.8039807196712 16.05371748241982 1220457.3954288343 883.2477325454684 15.592212366244317 883.2477325454684 867.6555201792241 840.0
190000.0 200000.0 54.5318535156257 810.5883268914477 250.24435445815976 999.2049999999872 286.3299999999872 12500.80484286596 564.3225016181148 548.3277080964297 564.3225016181148 14.99479352168495 1047384.8406855646 772.5104002005047 15.456298637860453 772.5104002005047 756.0541015626443 840.0
200000.0 210000.0 67.78611328126863 796.7314460720453 294.3830106978794 999.9200000000128 242.78599999999278 13194.965677088894 517.7283910232987 501.89962463008203 517.7283910232987 15.828766393216663 1125004.7879324218 818.9422793903252 14.945141382956692 818.9422793903252 803.9971380073684 840.0
210000.0 220000.0 455.16584765628795 675.2897764756877 368.2572144964063 999.935999999987 19.202908203122206 13057.789589887147 561.087179848805 545.4315823859678 561.087179848805 15.655597462837228 1134893.439866395 830.652783789212 15.779238955066276 830.652783789212 814.8735448341457 840.0
220000.0 230000.0 1026.5075859375065 641.905604926216 370.9766426217416 998.1020000000135 6.3759765625 12088.81446092499 452.05995774410565 437.5735191905643 452.05995774410565 14.48643855354139 1044919.6231764695 763.7690828016152 14.246422071572313 763.7690828016152 749.522660730043 840.0
230000.0 240000.0 1496.1575800780847 610.9119276367171 345.1232344866645 998.5630000000237 81.96899999998277 13801.283576491933 558.5727271605347 542.0047856568251 558.5727271605347 16.567941503709527 1177852.401158914 861.9259019090547 17.100208840085216 861.9259019090547 844.8256930689695 840.0
240000.0 250000.0 1366.963796874974 709.0519682904397 296.26161839801523 999.9689999999828 249.96299999998882 12559.310002929597 510.82826357391235 495.75153165331704 510.82826357391235 15.076731920595273 1045539.6710461124 770.3199835120696 15.544464584219583 770.3199835120696 754.77551892785 840.0
250000.0 260000.0 68.19760546874022 731.3986261307543 352.61840235888786 999.920999999973 1.23388671875 12811.064819975509 506.3117258710894 490.96156172179485 506.3117258710894 15.350164149294532 1108011.0405337096 813.0973285147185 15.350164149294532 813.0973285147185 797.7471643654239 840.0
260000.0 270000.0 1633.478761718783 854.6448075520806 235.66173280273824 999.5769999999902 323.6369999999879 12503.95449974664 562.9477871454922 547.9490303086948 562.9477871454922 14.998756836797433 1132259.7803824758 822.8881153117688 14.998756836797433 822.8881153117688 807.8893584749715 840.0
270000.0 280000.0 194.99467382818693 638.2244810267833 405.43530962854504 998.2139999999781 5.8291015625 13349.923964477586 544.4683913890689 528.4625364967055 544.4683913890689 16.00585489236336 1134395.2124649708 818.71429686833 15.005854892363361 818.71429686833 803.7084419759667 840.0
280000.0 290000.0 89.05682421877282 771.5385225123333 292.5153045124656 998.7420000000275 263.3279999999795 13440.351279288872 535.6707226813826 519.5430423406983 535.6707226813826 16.127680340684297 1098394.6461577753 801.6978373054252 16.74805592290445 801.6978373054252 784.9497813825205 840.0
290000.0 300000.0 855.1255605468759 682.8110441406228 343.0420508833344 999.4259999999776 0.034912109375 12405.84134177592 528.8624498819462 513.9958429375032 528.8624498819462 14.866606944443047 1132392.5559668168 823.5884345362078 15.246231362222897 823.5884345362078 808.3422031739849 840.0
