ts te idle avg_span std_span max_span min_span c_bytes_all c_ack_cnt c_ack_cnt_p c_pkts_all c_pkts_data s_bytes_all s_ack_cnt s_ack_cnt_p s_pkts_all s_pkts_data video_rate
0.0 10000.0 6682.55512304687 638.5228125000008 422.49268076694995 995.5080000000016 0.0 21675.659092767073 219.66571487750565 194.61499062926893 223.66571487750565 25.050724248236712 433369.4744406176 322.717232487858 39.19369472853894 322.717232487858 279.523537759319 288.0
10000.0 20000.0 2234.7472578125016 718.2269492187497 325.85557899579476 999.7699999999968 18.544921875 18349.862711625152 476.4478593009741 454.47965451946413 476.4478593009741 21.968204781509908 978827.6847520641 633.3206255716352 41.82523430120768 633.3206255716352 591.4953912704276 453.6
20000.0 30000.0 483.8208398437491 771.9341452287944 303.8670924068538 998.6520000000019 263.9470000000001 10808.478195607773 325.8807437907143 312.8996728204609 325.8807437907143 12.98107097025338 802609.2890515805 446.95077787889477 21.975388939447388 446.95077787889477 424.9753889394474 840.0
30000.0 40000.0 2800.773753906258 652.7141202895214 351.25406859528056 999.6829999999973 4.3890449218743015 18356.0 424.005682030806 402.005682030806 424.005682030806 22.0 997617.5517557379 600.011364061612 38.00568203080599 600.011364061612 562.0056820308059 570.0
40000.0 50000.0 1160.0089335937373 739.9849285714299 336.22148002297695 999.872000000003 143.1889999999985 12505.0 398.0 383.0 398.0 15.0 1019485.0 575.0 25.0 575.0 550.0 840.0
50000.0 60000.0 298.00335156248184 734.6804236225335 320.27412340627376 997.5310000000027 0.0 15726.198627917225 428.79638364485095 409.96381296811336 428.79638364485095 18.832570676737642 1132201.5096860633 597.05949851385 30.245511624672044 597.05949851385 565.813986889178 840.0
60000.0 70000.0 292.2010976562451 748.8298939453125 295.3481082925264 998.9199999999983 5.77503320312826 13486.801372082773 468.1857148043596 452.01828548109717 468.1857148043596 16.167429323262358 1269648.9005291166 659.9166327517639 27.54364799724393 659.9166327517639 632.37298475452 840.0
70000.0 80000.0 77.0001269531349 684.9674248560852 377.95102038365457 999.497000000003 0.0 16875.0 481.01790155078953 460.01790155078953 483.01790155078953 19.0 1375520.58978482 755.023868734386 32.21084037808403 755.023868734386 718.813028356302 840.0
80000.0 90000.0 281.99580273438187 757.4830080729153 322.9819659485501 999.7649999999994 172.43099999999686 12494.918531216157 532.1129266468438 517.1249141245892 532.1129266468438 14.988012522254646 1362729.27561136 770.6574024925204 24.976025044509292 770.6574024925204 745.6813774480111 840.0
90000.0 100000.0 316.9889941406436 655.9892891773899 413.00692552612924 999.6450000000041 11.974878906243248 12557.801034705195 580.8135217707277 565.7500649364506 580.8135217707277 15.063456834277105 1169856.3045311063 707.0631684989241 25.04970963375658 707.0631684989241 682.0134588651675 840.0
100000.0 110000.0 121.59507421875605 736.3997606445294 271.71687879466185 999.6959999999963 228.75400000000081 19257.280434078646 486.9665054688586 465.01797482539035 488.9665054688586 21.94853064346825 1239328.609273695 725.2387785281501 38.68685189135999 725.2387785281501 684.55192663679 682.2857142857143
110000.0 120000.0 143.1431816406257 614.8604570312493 412.60453011810483 999.8010000000068 20.67499999998836 12526.952131354 464.7227766271577 448.6960057352626 464.7227766271577 15.026770891895124 1268976.1909320776 672.3083593993567 26.31418432226925 672.3083593993567 644.9941750770876 840.0
120000.0 130000.0 538.9379570312158 835.6797300781259 266.7581575665593 998.2119999999995 64.5859375 13276.802141832664 481.11470818577516 465.1726868384471 481.11470818577516 15.942021347328023 1215873.026148883 657.557704717883 27.910813586551168 657.557704717883 629.6468911313319 840.0
130000.0 140000.0 195.68824023439083 683.2218326056968 371.6153237060268 998.9709999999905 30.992052734363824 12509.99096926564 490.500437604634 475.4945030395143 490.500437604634 15.005934565119667 1228861.4934808034 690.6472667974472 25.011869130239333 690.6472667974472 665.6353976672078 840.0
140000.0 150000.0 122.32762695313431 696.8709975585934 393.4342296625261 998.4150000000081 25.047960937488824 12526.254757547693 466.769123696003 451.74385050034584 466.769123696003 15.025273195657185 1236608.1000220748 713.5273195657186 25.05054639131437 713.5273195657186 688.4767731744042 840.0
150000.0 160000.0 264.9268906250072 793.4025765830578 315.3288560174008 996.4619999999995 8.553955078125 17138.076616461556 493.0517801204504 472.0431501003753 494.0517801204504 20.008630020075067 1292232.1910285992 678.0258900602252 35.00863002007507 678.0258900602252 641.0172600401502 737.1428571428571
160000.0 170000.0 1988.3638574219076 687.7606668526777 422.7630720716346 999.9700000000012 0.0 11664.849048542623 368.2215186727972 354.2207245965533 368.2215186727972 14.000794076243814 1130618.9619772162 602.5207075262699 23.010218172562695 602.5207075262699 579.5104893537072 768.0
170000.0 180000.0 429.3693749999802 862.5367247314462 222.07383544460882 996.1730000000098 290.0540000000037 14146.0525364912 518.7975491225666 501.82126786633444 518.7975491225666 16.976281256232106 1182314.9109435184 701.1240002007467 29.95256251246421 701.1240002007467 671.1714376882824 685.7142857142857
180000.0 190000.0 137.05001367189107 664.0423393012154 423.3808952294089 997.7099999999919 14.217113281250931 12546.166598157923 449.782170610624 434.7323335245734 449.782170610624 15.0498370860506 1254133.5340971332 657.791453914579 25.064131733499615 657.791453914579 632.7273221810793 840.0
190000.0 200000.0 157.74805273441598 705.2574953613257 378.54153708348434 999.8869999999879 19.117919921875 12507.68040807594 460.6646203944592 445.6618192092906 460.6646203944592 15.002801185168583 1240952.6757474882 689.7488382289152 24.9836293732835 689.7488382289152 664.7652088556318 840.0
200000.0 210000.0 61.01226953123114 847.215967927632 235.91311278267713 999.3390000000072 317.5879999999888 16056.168880531783 543.3928019424739 523.710581846552 544.3928019424739 18.682220095921892 1478376.6717763175 807.256756432311 34.42195562749903 807.256756432311 770.834800804812 840.0
210000.0 220000.0 65.92608203121927 715.2220335477956 389.7334396202189 998.8040000000037 15.202880859375 12753.663472867758 486.52260375778525 471.2265119151252 486.52260375778525 15.296091842660111 1269670.9098370024 672.8654648839964 25.575528122968056 672.8654648839964 647.2899367610283 840.0
220000.0 230000.0 177.2000156250142 826.3309428385381 268.0158607590917 999.5830000000133 261.91599999999744 12491.342438871221 511.2588211143825 496.2754766767347 511.2588211143825 14.983344437647832 1254522.427579554 704.38504887913 24.813254056931594 704.38504887913 679.5717948221984 840.0
230000.0 240000.0 228.1834882812691 703.154756204042 385.3465608301935 999.2049999999872 1.02587890625 12505.918899906741 433.326064018739 418.3249434090966 433.326064018739 15.001120609642367 1223048.7170131712 659.2829604834691 25.171210990358603 659.2829604834691 634.1117494931104 840.0
240000.0 250000.0 1989.2416152343503 836.6213939302924 219.41176334113402 994.585000000021 391.4789999999921 12504.081100093259 440.9820702457221 425.98319085536446 440.9820702457221 14.998879390357633 1021030.0 615.9988793903576 23.998879390357633 615.9988793903576 592.0 840.0
250000.0 260000.0 3761.5889589843573 604.0102060546841 306.43267096483004 997.2270000000135 6.306884765625 14191.65429623438 308.10343224818985 291.0965367649772 308.10343224818985 17.00689548321266 755130.4457274622 429.0137909664253 29.006895483212656 429.0137909664253 400.00689548321265 394.2857142857143
260000.0 270000.0 1263.9417949218769 785.6926964111408 327.89537778859784 999.8400000000256 6.47802734375 14191.370810613222 593.1688746076846 576.1624868296351 593.1688746076846 17.006387778049515 1184004.467680032 712.2120244750315 29.999746147418428 712.2120244750315 682.2122783276131 737.1428571428571
270000.0 280000.0 1843.2917363281013 670.9313886718747 394.4424688220661 993.6780000000144 42.5009765625 12492.974893152397 321.6847809275408 306.69806418880296 321.6847809275408 14.98671673873783 875679.3668022316 476.94103417695374 24.993358369368913 476.94103417695374 451.94767580758486 840.0
280000.0 290000.0 2544.4744101562537 596.0463795165961 366.33505077858115 997.3150000000023 0.0 13383.429997190031 392.200749554133 376.1556531719763 392.200749554133 16.045096382156665 964988.4703154585 545.878246763746 27.022548191078332 545.878246763746 518.8556985726676 685.7142857142857
290000.0 300000.0 102.7156269531115 721.1532510986326 365.4860881430766 998.7930000000051 11.095947265625 12467.570002809969 403.50433493913147 388.5494313212882 403.50433493913147 14.954903617843335 1065879.2494748156 618.9549036178433 24.977451808921668 618.9549036178433 593.9774518089216 840.0
