ts te idle avg_span std_span max_span min_span c_bytes_all c_ack_cnt c_ack_cnt_p c_pkts_all c_pkts_data s_bytes_all s_ack_cnt s_ack_cnt_p s_pkts_all s_pkts_data videorate
0.0 10000.0 6178.100142578125 798.6240768821025 171.6441967851125 985.9049999999988 506.1990000000005 23571.48853820738 251.70461690111563 225.16049999601728 255.70461690111563 26.544116905098306 623169.0817109412 404.36235419588667 44.18409838981141 404.36235419588667 356.17825580607524 1316.0
10000.0 20000.0 36.0149062499986 698.6695669232538 359.82744397149486 999.5699999999997 0.0 26125.69432702068 668.9962595641404 635.9172645834217 677.9962595641404 29.078994980718633 1716197.29650998 1045.258477015219 51.552345147660716 1045.258477015219 986.7061318675579 1316.0
20000.0 30000.0 13.1068242187539 769.4687131696427 294.58907939230187 997.7169999999969 175.58388085937622 16904.20110459003 520.4510635994848 499.20175600991377 520.4510635994848 20.24930758957097 1155844.2678113258 671.9138504274715 41.13597593791579 671.9138504274715 629.7778744895558 594.6666666666666
30000.0 40000.0 1121.5036660156184 600.9314957682291 395.9026104574364 999.5650000000023 0.0 12455.52577430667 476.1599848821785 461.23966129565054 476.1599848821785 14.92032358652789 1112573.6448044358 642.0587010801091 26.925895702013026 642.0587010801091 615.132805378096 840.0
40000.0 50000.0 48.41993359375192 602.7262653586648 351.99996409447334 999.9420000000027 0.0 13936.055388736131 419.85593435630415 403.12936475750115 419.85593435630415 16.726569598803017 1140059.1587389805 605.6660432672052 32.01496023634131 605.6660432672052 573.6510830308639 840.0
50000.0 60000.0 2193.590498046862 746.7421741365121 282.6049162504336 999.6870000000054 148.83800000000338 14210.992609756579 463.36841613890147 446.30033079204344 463.36841613890147 17.068085346858048 1200650.2864000965 661.6188336179304 32.3615206014115 661.6188336179304 629.2573130165188 840.0
60000.0 70000.0 71.1404062500078 769.8429009765626 267.4029547514138 997.5580000000045 274.2820000000065 13395.088496761282 528.144218781271 512.0827799115566 528.144218781271 16.061438869714287 1169588.1497192748 665.5338305825614 31.510815382526793 665.5338305825614 634.0230152000346 840.0
70000.0 80000.0 393.1658085937379 740.9845061848957 299.19260381361397 995.2810000000027 259.9099042968737 12798.689350833864 432.2506642143543 416.90523788849964 432.2506642143543 15.345426325854675 1108093.1274266425 566.0391470403566 30.805783407038213 566.0391470403566 535.2333636333185 840.0
80000.0 90000.0 57.3737539062422 683.7978647748164 385.8830450019249 998.0679999999993 0.0 12520.264409787389 441.06884156225004 426.0631047653959 441.06884156225004 15.00573679685417 1122970.9868783224 608.5487627732605 24.508605195281255 608.5487627732605 584.0401575779792 840.0
90000.0 100000.0 111.4242128906335 696.1031088867188 343.66998464858574 996.9529999999941 9.992919921875 12514.71389971668 492.09535056183546 477.083786395506 492.09535056183546 15.01156416632938 1131989.1008139635 655.7986012149572 29.992295498517013 655.7986012149572 625.8063057164401 840.0
100000.0 110000.0 703.9651230468735 828.294310752467 223.90457804823185 999.8770000000077 233.615966796875 13335.28610028332 472.73489025391257 456.7464544202419 472.73489025391257 15.98843583367062 1228756.2544666308 655.3029642529604 32.38901809382341 655.3029642529604 622.913946159137 840.0
110000.0 120000.0 1407.0214003906294 754.3768404605247 280.8017789908162 999.7909999999974 254.5219999999972 12505.0 474.99308975640486 459.99308975640486 474.99308975640486 15.0 1156418.4146459582 654.6270672381684 30.412316951526154 654.6270672381684 624.2147502866421 840.0
120000.0 130000.0 1172.6718847656448 723.0998286675313 338.9051578811442 999.9549999999872 110.53095898436732 13371.185306353223 434.39601587944736 418.35241912480495 434.39601587944736 16.043596754642437 1089063.8153787777 608.6651007640841 30.249966210775856 608.6651007640841 578.4151345533082 840.0
130000.0 140000.0 206.53795507815084 673.2693548943001 385.5220577322684 998.945000000007 0.0 12478.814693646778 436.78065354839975 421.8242503030422 436.78065354839975 14.956403245357563 1104516.4146946697 598.60626652983 22.956403245357563 598.60626652983 575.6498632844725 840.0
140000.0 150000.0 2551.7810000000463 579.5351176470559 356.3384567045905 995.7909999999974 236.03599999999278 9984.0 364.0 352.0 364.0 12.0 869927.0 479.0 26.0 479.0 453.0 840.0
150000.0 160000.0 3570.0789843749953 669.4414694393379 277.8054059297498 996.5139999999956 85.40700000000652 16856.41635592856 391.6558695629517 371.45054865219436 391.6558695629517 20.2053209107573 902687.2545490965 533.6824741167381 39.4106418215146 533.6824741167381 494.2718322952236 522.0
160000.0 170000.0 800.5190097656741 842.1476099175311 259.77309456312776 999.685999999987 260.2719999999972 12344.58364407144 418.88363091035274 404.0889518211101 418.88363091035274 14.794679089242699 999983.5113567989 536.8291054949171 29.589358178485398 536.8291054949171 507.23974731643176 840.0
170000.0 180000.0 500.1108066406159 808.1066067708365 268.1023534406765 999.9919999999984 186.64604101562873 13368.944803588216 414.1557545399482 398.1148571862275 414.1557545399482 16.040897353720744 1052541.4620622038 559.6632267247369 30.040897353720744 559.6632267247369 529.6223293710161 840.0
180000.0 190000.0 1182.7069101562374 614.6989659745075 411.5151867946374 991.7870000000112 0.0 11653.262986384778 398.5781726815721 384.6045385622007 398.5781726815721 13.973634119371425 984476.5396946958 526.1672558543951 25.988165592463595 526.1672558543951 500.17909026193144 840.0
190000.0 200000.0 1265.3415937499958 646.6959760742175 301.6905577013679 999.7539999999863 251.57399999999325 14165.455657313407 471.36163694802815 454.3736013571189 471.36163694802815 16.988035590909213 1179267.6630251915 624.4060460096775 32.97563818550979 624.4060460096775 591.4304078241678 840.0
200000.0 210000.0 107.93479296876467 822.3294480251757 245.46869206866754 997.4640000000072 202.70000000001164 12513.3365527136 483.36493535714715 468.3675024211485 483.36493535714715 14.99743293599862 1081492.5693120137 599.2518917995352 30.995298868305873 599.2518917995352 568.2565929312293 840.0
210000.0 220000.0 464.1700195312151 892.9704117647061 216.68492851807247 999.2870000000112 230.90200000000186 12505.0 410.0 395.0 410.0 15.0 978602.0 555.0 30.0 555.0 525.0 840.0
220000.0 230000.0 498.169955078105 757.8453192138713 300.6899089062336 998.7000000000116 3.3291015625 13173.661707332678 424.6657831135234 408.86976124627535 424.6657831135234 15.796021867248058 1013995.8055194289 564.9500359118215 28.799360711558254 564.9500359118215 536.1506752002633 840.0
230000.0 240000.0 1031.5081171875354 562.1617607886881 394.6952382072467 999.2209999999905 0.0 12680.027735701526 403.51408271810845 388.3057176138533 403.51408271810845 15.208365104255158 940994.016726429 518.3921478654294 27.209413231448178 518.3921478654294 491.1827346339811 840.0
240000.0 250000.0 1295.3955507812789 692.3151649966072 315.92939688538854 998.6180000000168 41.05900000000838 15523.409058572197 459.2069715839203 440.1837408721112 460.2069715839203 18.02323071180914 1160915.6202601967 662.5842691333734 38.10626809593187 662.5842691333734 622.4780010374415 840.0
250000.0 260000.0 46.339947265631054 874.4473440755262 167.89947404865686 998.3890000000247 411.6970253906329 13229.199496662011 451.7152657618395 435.84495905701965 451.7152657618395 15.87030670481985 1139897.0167466237 617.851752757312 31.62262474220289 617.851752757312 586.229128015109 840.0
260000.0 270000.0 91.76031250006054 807.1790472005183 321.08260575702013 999.3219999999856 29.03104101563804 12221.471614114493 391.0453742280033 376.3911405522539 391.0453742280033 14.65423367574938 961920.2439631717 525.1606394819324 30.366649346621983 525.1606394819324 494.7939901353104 840.0
270000.0 280000.0 1299.752791015606 687.4336883223671 344.8412599862185 999.8329999999842 0.0 12052.230387617097 428.85252259460503 414.40468065848665 428.85252259460503 14.447841936118412 1060583.29678415 598.0611548501314 26.895683872236823 598.0611548501314 571.1654709778945 840.0
280000.0 290000.0 139.33091015630635 622.6478487304673 392.8610603204983 999.0939999999828 1.073974609375 13345.903538824 432.0461975855315 416.04512322307727 432.0461975855315 16.00107436245422 1010077.3153396364 587.0805771840666 29.00214872490844 587.0805771840666 558.0784284591581 840.0
290000.0 300000.0 69.761990234314 792.7769113898057 285.74198255208927 998.5650253906497 228.468017578125 13772.412935563338 436.1209420279171 419.60089873867946 436.1209420279171 16.520043289237655 1007943.8320697766 584.7559297259971 33.34826934328037 584.7559297259971 551.4076603827168 840.0
