ts te idle avg_span std_span max_span min_span c_bytes_all c_ack_cnt c_ack_cnt_p c_pkts_all c_pkts_data s_bytes_all s_ack_cnt s_ack_cnt_p s_pkts_all s_pkts_data videorate
0.0 10000.0 8935.735107421875 494.16979541015644 151.7689846990256 590.9530000000013 267.6399999999994 11386.787448471016 64.12455715421036 51.77723539323015 67.32096736822504 12.347321760980215 110004.32154786022 88.41318871673944 14.543731974994888 88.41318871673944 70.6730465277299 288.0
10000.0 20000.0 1315.9427050781305 665.703792734375 348.30963669459095 999.8600000000006 115.29400000000169 26692.212551528984 684.8754428457896 653.2227646067698 685.6790326317749 31.652678239019785 1284798.6784521397 826.5868112832605 32.456268025005116 826.5868112832605 793.3269534722701 372.9230769230769
20000.0 30000.0 616.0971601562414 737.9025928308829 298.90771995529803 999.6730000000025 167.125 13786.41954921752 828.9899690099901 812.4650943973652 828.9899690099901 16.524874612624878 1425403.755657796 913.8133389741135 16.524874612624878 913.8133389741135 897.2884643614886 840.0
30000.0 40000.0 104.41952148437122 714.4699232177732 336.4629223071825 999.8399999999965 197.75400000000081 12923.657951616402 482.7423414434306 467.2439272207347 482.7423414434306 15.498414222695832 1172057.719575642 727.9268032503135 13.498414222695832 727.9268032503135 714.4283890276176 840.0
40000.0 50000.0 2141.389789062501 583.6667423930925 337.44913470204716 998.0590000000011 40.625 12061.384898869894 501.07565148255156 486.603741269473 501.07565148255156 14.471910213078598 1154235.017873382 689.9333930667257 10.471910213078598 689.9333930667257 679.4614828536471 840.0
50000.0 60000.0 92.44571289062878 672.3583843994134 388.88511344775804 999.7519999999931 150.16800000000512 12518.778057119649 503.6321538301296 488.61577088468414 503.6321538301296 15.01638294544548 1203180.029508342 700.0677123149135 13.01638294544548 700.0677123149135 687.051329369468 840.0
60000.0 70000.0 787.206382812481 690.211945826481 316.2247009376116 999.221000000005 0.0 14182.633821548026 617.8479015681629 600.8519041584744 617.8479015681629 16.9959974096885 1448338.0705315715 824.7286754129973 13.995997409688497 824.7286754129973 808.7326780033088 840.0
70000.0 80000.0 78.00001953124593 671.9481243896498 394.14427824869006 999.9930000000022 153.33400000000256 12505.294945919693 487.09262804739626 472.0922773388116 487.09262804739626 15.000350708584653 1208879.4281977213 686.6882762867253 13.000350708584655 686.6882762867253 673.6879255781406 840.0
80000.0 90000.0 52.22555273438047 786.1600490337173 311.5900029047142 997.7660000000033 108.28299999999581 13738.262115026517 495.5980224591794 479.1310034174738 495.5980224591794 16.467019041705626 1276943.4062205583 751.854509860351 15.467019041705624 751.854509860351 736.3874908186453 840.0
90000.0 100000.0 250.00140624999767 783.6879964021377 283.83968081965264 999.8680000000022 120.50999999999476 12992.649029084758 531.2910235666606 515.7164783007221 531.2910235666606 15.57454526593844 1223913.8599616643 744.2569822413612 12.79979805605744 744.2569822413612 731.4571841853038 840.0
100000.0 110000.0 949.4478515625087 713.1683442708319 329.4175884646737 999.3300000000017 164.5980703124951 12466.089090892116 513.1680422977781 498.2084172653468 513.1680422977781 14.959625032431314 1277906.9621684158 739.4416258635775 11.734372242312313 739.4416258635775 727.7072536212652 840.0
110000.0 120000.0 104.24246289063012 673.2709926757816 387.2912631040396 999.1959999999963 153.7100000000064 12504.788876925284 489.49681858339295 474.49706962153175 489.49681858339295 14.999748961861219 1206264.071719837 716.0336295095021 13.999748961861219 716.0336295095021 702.0338805476409 840.0
120000.0 130000.0 2416.3949355468794 607.8081204044112 308.994402851953 998.9539999999979 88.70600000000559 18805.91083809659 442.59677018713256 420.61233399438987 443.59677018713256 21.984436192742677 989085.3030538415 601.6524678311681 21.984436192742677 601.6524678311681 578.6680316384254 637.3333333333334
130000.0 140000.0 82.51469726560754 727.1188753125002 337.4662308468404 999.9759999999951 77.70300000000861 24073.918953448792 719.8112320231095 690.3244118114967 721.8112320231095 28.48682021161276 1513412.1292375308 908.5069786275781 26.48682021161276 908.5069786275781 881.0201584159653 1092.0
140000.0 150000.0 1014.174492187507 817.7475610351539 206.22886208940758 999.8310000000056 495.2050410156371 13326.934619101079 517.3174237841348 501.3400513171636 517.3174237841348 15.977372466971145 1289530.5763963698 570.7980877583409 14.01987518159003 570.7980877583409 556.778212576751 840.0
150000.0 160000.0 714.5391054687789 722.3776796874959 367.36913728174704 995.7960000000021 12.227117187489057 12133.788882651 485.1730555764829 470.6138921846733 485.1730555764829 14.559163391809523 1258061.0262875173 552.080391146011 13.516660677190636 552.080391146011 538.5637304688205 840.0
160000.0 170000.0 2031.166052734363 717.9301548978367 378.04774851569056 998.9429999999993 0.0 11097.756153846829 376.7491133677158 363.4236006996458 376.7491133677158 13.325512668069951 1007423.2689935203 448.11622195299856 10.325512668069951 448.11622195299856 437.79070928492865 840.0
170000.0 180000.0 624.9538378906145 640.171772677951 408.8233597223747 999.625 0.0 15953.732216635846 488.41785277275244 469.260026118013 488.41785277275244 19.157826654739413 1150106.37461629 619.1009059033224 19.157826654739413 619.1009059033224 599.943079248583 705.0
180000.0 190000.0 3114.7823183593573 609.3907432861324 353.0748770288276 999.0789999999979 143.70199999999022 17088.690904545747 415.97027318670155 395.46172276512516 415.97027318670155 20.508550421576395 1054202.7318489437 535.7524370987226 17.508550421576395 535.7524370987226 518.2438866771461 660.0
190000.0 200000.0 83.72330468750442 671.5646998290995 392.2372932934328 999.1149999999907 138.76900000000023 12515.730697674304 446.9673611743949 431.9546017241282 446.9673611743949 15.01275945026671 1213635.3317270922 742.6867612389998 13.01275945026671 742.6867612389998 729.6740017887331 840.0
200000.0 210000.0 556.5241835937195 762.7984967447911 281.07080819147666 999.6140000000014 241.1939999999886 14168.968324358266 604.6184490023408 587.6387006975152 604.6184490023408 16.979748304825524 1472532.3318302014 861.1549793857855 15.979748304825524 861.1549793857855 845.17523108096 840.0
210000.0 220000.0 125.69567773435847 672.2413292236342 386.93627806194235 999.8969999999972 159.50200000000768 12509.29537576712 494.8015236948686 479.7964162326009 494.8015236948686 15.00510746226768 1222097.770545809 688.9977236143777 13.00510746226768 688.9977236143777 675.99261615211 840.0
220000.0 230000.0 94.90351757811732 721.7062237413209 366.54140127338906 999.7880000000005 63.22802734375 13378.471680420434 485.6247531071943 469.5855692593021 485.6247531071943 16.039183847892268 1267298.7936769316 727.7436566630142 14.039183847892268 727.7436566630142 713.704472815122 840.0
230000.0 240000.0 1640.80887109373 789.2834488075689 309.81395533125703 998.9049999999988 76.00500000000466 12983.778421663172 511.1371822003952 494.56765767698096 511.1371822003952 15.569524523414287 1241123.229861017 686.9430256995664 10.895886338207575 686.9430256995664 675.0471393613587 840.0
240000.0 250000.0 1117.7209863280877 730.3083562729829 254.30249911328593 998.695000000007 220.31707031250698 13004.090940050946 531.7724736883251 516.1786362306964 531.7724736883251 15.593837457628705 1254643.6627845576 674.2050846469288 14.267475642835416 674.2050846469288 659.9376090040932 840.0
250000.0 260000.0 242.26759374997346 709.8175462239616 352.58828858192294 999.6979999999749 140.08199999999488 12335.026868030725 507.99756722536574 493.19967558680366 507.99756722536574 14.797891638562097 1255710.162898409 734.6568329766706 12.797891638562097 734.6568329766706 721.8589413381085 840.0
260000.0 270000.0 668.0366269531078 713.398992606023 390.4522462144063 999.7770000000019 127.78999999997905 11238.946787489289 444.1104167204138 430.61701982684747 444.1104167204138 13.493396893566336 1122919.984827038 657.8594986759346 11.493396893566336 657.8594986759346 646.3661017823682 840.0
270000.0 280000.0 1803.0427910156432 693.8760472861866 365.76584125009043 999.7870000000112 0.0 20132.50550273798 501.31685009126596 476.8055340165779 502.31685009126596 23.511316074688068 1214755.801947914 704.3621143900182 21.511316074688068 704.3621143900182 679.8507983153302 705.0
280000.0 290000.0 593.1061015625019 808.6375228949732 269.4451783652533 999.079000000027 147.32099999999627 12508.73693525919 498.746209137292 483.74176040484053 498.746209137292 15.004448732451417 1214816.198052086 649.6378856099818 11.48868392531193 649.6378856099818 638.1492016846698 840.0
290000.0 300000.0 595.7861425781157 676.2650114889702 383.39156750072016 999.8649999999907 5.833251953125 12922.490247603284 493.68383992898265 478.1740811080593 493.6966017430141 15.496997006891966 1157704.731227402 600.9229567120746 10.048439414219372 600.9229567120746 590.874517297855 840.0
