ts te idle avg_span std_span max_span min_span c_bytes_all c_ack_cnt c_ack_cnt_p c_pkts_all c_pkts_data s_bytes_all s_ack_cnt s_ack_cnt_p s_pkts_all s_pkts_data videorate
0.0 10000.0 7379.7599843749995 591.1300152343753 298.7313077489638 997.2220000000016 233.14208984375 19794.3917820482 170.7834457239724 148.75821652455684 174.7834457239724 22.025229199415598 342580.67220831505 249.22246538586438 36.334240945685494 249.22246538586438 208.8882244401789 288.0
10000.0 20000.0 1950.2654316406333 636.0744282438862 300.1853042103016 996.9579999999987 15.476000000002387 20227.690230816646 423.9360841925054 399.7091820726924 423.9360841925054 24.226902119813047 990883.1912485757 601.7236858358153 45.1700216927718 601.7236858358153 556.5536641430435 440.72727272727275
20000.0 30000.0 346.16572460938914 674.990380859374 344.16901756095234 999.3709999999992 86.74390624999796 12671.703722023753 523.5902627338485 508.3902681782097 523.5902627338485 15.19999455563873 1153673.642222813 683.7228836288423 24.828765152391302 683.7228836288423 658.894118476451 748.0
30000.0 40000.0 4260.571611328123 590.066187049279 312.67132314374186 997.3199999999997 260.40899999999965 12372.584910441748 227.7000677164707 212.86577499370975 227.7000677164707 14.834292722760972 553434.8711607473 303.91859289492993 25.59660010559393 303.91859289492993 278.32199278933604 288.0
40000.0 50000.0 2078.857324218734 687.3217675781254 322.8976516537296 999.099000000002 257.12699999999313 13514.308612668194 222.41380834293003 206.2037816349855 222.41380834293003 16.210026707944543 565181.465323979 308.64970076022473 25.72846403201025 308.64970076022473 282.9212367282144 288.0
50000.0 60000.0 2409.1603359375003 590.7857145182295 356.0723969751209 997.9510000000009 0.0 14139.611463341977 320.35284426404183 303.4078023860945 320.35284426404183 16.945041877947336 805999.32118873 458.99123589130005 29.224882438587684 458.99123589130005 428.7663534527124 445.7142857142857
60000.0 70000.0 956.5017851562297 751.7039681396509 286.4071282966212 998.3080000000045 170.19100000000617 12023.14144638471 418.24612850698355 403.8277609360347 418.24612850698355 14.418367570948885 1065000.1234233957 582.6599518810016 24.16063903511705 582.6599518810016 558.4993128458846 656.0
70000.0 80000.0 3911.561861328126 625.4917126116072 303.88588772060865 996.5380000000005 68.3969999999972 12716.711880796107 201.01878981621414 185.75897408751942 201.01878981621414 15.259815728694736 531954.1482641066 309.422918839709 24.816570227864204 309.422918839709 284.60634861184474 288.0
80000.0 90000.0 3106.405453125015 654.5481240234367 257.738592340498 995.4199999999983 291.7041015625 12570.3894916351 198.5665605955358 183.48871315166735 198.5665605955358 15.077847443868428 530290.5564496575 312.6532545958236 25.15333367335689 312.6532545958236 287.4999209224667 288.0
90000.0 100000.0 2346.280275390629 673.2755024414064 271.797501838178 999.3410000000003 212.07089843749418 12458.62230378046 214.0572890820393 198.11246930548154 214.0572890820393 14.944819776557747 531721.7152144528 325.72265003834013 25.271158103801447 325.72265003834013 299.4514919345387 288.0
100000.0 110000.0 4765.988142578135 546.8271762695322 322.6685439639857 998.601999999999 90.71900000001187 16686.28252876999 237.28860331452734 216.36914309611683 239.28860331452734 18.91946021841052 547235.7682044363 324.9850441925377 36.18250560663262 324.9850441925377 284.8025385859051 288.0
110000.0 120000.0 3832.6370839843876 595.0903106689439 349.33657879353564 999.9659999999858 26.904999999998836 14954.669814882702 245.50399581630552 227.12939855225204 246.50399581630552 17.37459726405344 569994.9297892798 349.4195375170812 31.644358374307572 349.4195375170812 315.7751791427736 288.0
120000.0 130000.0 2568.9506718749763 675.0659193892061 343.89856844986065 999.4180000000051 19.364000000001397 17133.930060642724 483.6763912701099 463.91257541024083 485.6763912701099 19.538041702034192 1263905.7016913067 733.6557381611059 33.83733438805611 733.6557381611059 697.36685545738 2344.0
130000.0 140000.0 752.5621484375151 656.688562779018 319.9235234034667 997.9100000000035 0.0 25946.05258369108 615.8186580583658 581.731583334363 620.8186580583658 29.31284888183763 1452859.8429997456 902.5145563601614 54.98205487871236 902.5145563601614 840.9840497971187 1192.7272727272727
140000.0 150000.0 1181.8486035156238 747.0987561197912 270.81795845121405 998.4880000000121 292.322998046875 12264.351289856064 236.52819179673082 221.8061620281187 236.52819179673082 14.722029768612074 605582.2871619582 338.7415689182863 23.704771829812685 338.7415689182863 315.0367970884737 480.0
150000.0 160000.0 2726.5857929688063 652.9599332031212 325.5713824334565 994.935999999987 232.29199999998673 12484.811132967912 211.8323119153316 196.86473651268267 211.8323119153316 14.967575402648912 656645.0929761704 326.6509129479356 25.66886372138013 326.6509129479356 300.98204922655543 480.0
160000.0 170000.0 1186.171212890622 688.6518072509771 335.65615837148647 999.810999999987 136.94801562500652 12511.362104127733 264.8029751780315 249.7869965468348 264.8029751780315 15.01597863119662 645132.6329669547 361.7498359877131 24.681174938685302 361.7498359877131 337.0686610490278 480.0
170000.0 180000.0 4030.179228515597 660.4336988002261 226.5791114728465 999.0950000000012 327.80300000001444 14556.721632149427 341.0878659755308 323.64632771078635 341.0878659755308 17.44153826474443 789884.4755800255 489.8319755766379 29.88307652948886 489.8319755766379 459.94889904714904 531.4285714285714
180000.0 190000.0 3817.943117187504 597.3356825520808 354.1605920856321 998.5299999999988 0.0 14672.463729523344 298.7251104501453 281.6514221913828 299.7251104501453 17.07368825876247 764909.6539587006 432.4191676041958 29.32131638992479 432.4191676041958 402.097851214271 600.0
190000.0 200000.0 1398.239359374973 717.6018748851151 280.96206687406817 995.9349999999977 172.73300000000745 14498.592794833552 362.393840506737 344.02170622717324 362.393840506737 17.372134279563753 920442.7181724105 470.11054311975397 31.450559062181718 470.11054311975397 437.6599840575722 480.0
200000.0 210000.0 797.7200507812377 670.3738757324245 338.8925895943525 999.0249999999942 70.9879355468729 12217.484237966808 470.4472454457731 455.7889767090414 470.4472454457731 14.658268736731692 1215486.4736271175 665.8517194913718 25.436307098009316 665.8517194913718 640.4154123933624 780.0
210000.0 220000.0 173.53005078129354 739.0689490966761 294.9881513671823 999.4739999999874 223.873291015625 12482.812317355436 440.2321453675236 425.25852786769553 440.2321453675236 14.973617499828105 1228130.597703832 641.4994156872777 24.21146866132315 641.4994156872777 617.2879470259547 840.0
220000.0 230000.0 2086.752730468783 633.7242634548586 381.64208688621056 997.2289999999921 0.0 15116.309929296342 387.39521801681246 369.90733462882633 388.39521801681246 17.487883387986138 916588.4770962553 504.7079598224785 28.368011175493354 504.7079598224785 475.33994864698514 564.0
230000.0 240000.0 7740.574089843751 382.55183114346636 248.58485100531863 838.132080078125 21.054000000003725 10189.75955614965 102.88061275128999 90.53760085969543 105.46776580803325 11.343011891594557 247081.18496238175 174.40147129721822 23.27783356764456 174.40147129721822 147.5364846728304 288.0
240000.0 250000.0 1243.9696718750056 594.9102771344811 380.48757223555884 999.7519999999786 0.0 22460.22137085151 480.22966355227334 452.11015353304606 481.6425104955301 26.11951001922727 1037087.3697063116 628.5872669209705 51.16037966256671 628.5872669209705 574.0140403151469 398.4
250000.0 260000.0 2066.522570312489 665.2605388020825 349.65774408598566 995.8549999999814 0.0 10863.186127875415 350.4203694901119 337.3737748077393 350.4203694901119 13.04659468237267 1017277.832700042 542.9152740989832 21.923541894989707 542.9152740989832 520.9917322039936 840.0
260000.0 270000.0 2628.1818984374986 740.1710142299042 265.24674332236225 993.6439999999711 267.37099999998463 12815.037646672163 309.53024339877777 294.1674754520227 309.53024339877777 15.3627679467551 801045.67928286 426.9978976425827 26.17551802543065 426.9978976425827 400.8223796171521 540.0
270000.0 280000.0 3435.4304746094276 574.8265863281287 274.59295585757934 997.5740000000224 185.42391210939968 13871.692335347618 280.26343727910637 263.63128253618277 280.26343727910637 16.632154742923593 737343.4698729732 419.05956398585414 28.814327353926735 419.05956398585414 390.24523663192736 397.7142857142857
280000.0 290000.0 2212.349156250013 681.9430236979116 318.61884778062364 997.6819999999716 32.23499999998603 13299.328358749426 393.53874552417454 376.59461272078363 393.53874552417454 15.94413280339091 965455.8076125359 559.4419999014472 27.649108790715157 559.4419999014472 530.792891110732 600.0
290000.0 300000.0 2245.5183671874693 695.2772174862124 313.01410428301364 996.5129999999772 193.11697656247998 16288.576514822274 347.7938929321429 327.79640281808827 348.7938929321429 18.997490114054628 955133.140885737 543.0004444454732 34.234137044175924 543.0004444454732 506.7663074012973 634.2857142857143
