ts te idle avg_span std_span max_span min_span c_bytes_all c_ack_cnt c_ack_cnt_p c_pkts_all c_pkts_data s_bytes_all s_ack_cnt s_ack_cnt_p s_pkts_all s_pkts_data video_rate
0.0 10000.0 0.0 0.0 0.0 0.0 0.0 0.0 0.0 0.0 0.0 0.0 0.0 0.0 0.0 0.0 0.0 0.0
10000.0 20000.0 7120.689998046873 372.17803450520864 376.70261611036585 888.3289999999979 0.0 6530.52597689416 14.491005463750112 7.515698589528506 18.03139717905701 5.975306874221605 16439.282409489962 28.370029904435064 9.515698589528505 28.370029904435064 14.773547884292759 0.0
20000.0 30000.0 45.676863281252736 614.0253510509671 398.35419187404074 999.4179999999978 0.0 27440.30922128481 320.9231752249431 284.41193997241083 330.3827835096362 30.51123525253236 656836.2819176087 509.46881887434984 40.97084353722546 509.46881887434984 456.5787587677382 288.0
30000.0 40000.0 284.48803906250396 728.1251100510815 315.8719227032335 996.2900000000009 20.68499999999767 12317.808816169894 294.99756227094144 278.91548057108963 295.99756227094144 15.082081699851823 476629.9316135432 357.98463714048455 17.082081699851823 357.98463714048455 338.9025554406327 288.0
40000.0 50000.0 599.0840000000171 846.3255797384513 190.40581505798036 999.5899999999965 406.7320839843742 10297.77471477124 237.52683142613543 225.15203226924524 237.52683142613543 12.374799156890173 427258.27796894533 328.768857517803 12.374799156890173 328.768857517803 316.3940583609128 288.0
50000.0 60000.0 79.86341601562162 745.0503715624998 319.29662879464354 998.8709999999992 29.6533203125 9217.96874527706 267.8817909665967 256.7918145910718 267.8817909665967 11.089976375524968 472744.13231369 357.73090139778594 11.089976375524968 357.73090139778594 346.64092502226106 288.0
60000.0 70000.0 41.5917832031264 764.8032479208674 336.37646436217096 997.375 0.0 10027.558410578087 300.61063662608626 288.5595765982319 300.61063662608626 12.05106002785437 488955.05701359623 372.2750733845363 12.05106002785437 372.2750733845363 360.22401335668195 288.0
70000.0 80000.0 295.4493027343851 794.4660308061085 258.6987129808802 995.3329999999987 160.1180000000022 8231.054115024752 232.875972201467 222.9604315883423 232.875972201467 9.915540613124703 361478.44611308776 279.0848839205431 9.915540613124703 279.0848839205431 269.1693433074184 288.0
80000.0 90000.0 392.2159531250072 807.7920422656252 290.91803947339884 999.5430000000051 0.0 12285.454166916239 359.03740069066066 344.2985167713334 359.03740069066066 14.7388839193272 605376.0417561446 455.74178054046547 14.7388839193272 455.74178054046547 441.00289662113823 288.0
90000.0 100000.0 77.43539453124686 731.2573653790503 281.9101285782986 999.4070000000065 52.699011718752445 8881.806699995792 235.66277202805688 224.96353293895478 235.66277202805688 10.699239089102106 409604.0036593123 311.14404120980504 10.2611160806728 311.14404120980504 300.8829251291322 288.0
100000.0 110000.0 62.80686523436452 742.0758863118493 302.4522279499902 996.1469999999972 224.76010351562581 6547.384004708459 147.3893438459579 139.48781777992767 147.3893438459579 7.901526066030255 223473.41005478057 176.1481687054681 8.33964907445956 176.1481687054681 167.80851963100855 288.0
110000.0 120000.0 342.5760878906294 841.1396370738618 234.10372495768422 999.7939999999944 189.05908203125 8857.35512837951 221.4391686042286 210.77881767868817 221.4391686042286 10.66035092554044 385779.01315499435 293.81772024374703 10.66035092554044 293.81772024374703 283.1573693182066 288.0
120000.0 130000.0 279.49686132813804 767.1054267578089 320.03128185716196 997.2399999999907 0.0 10824.0 300.7145213530498 285.7145213530498 302.7145213530498 13.0 517669.7096837595 396.71336405982817 15.0 396.71336405982817 381.71336405982817 288.0
130000.0 140000.0 78.09718750001048 659.244767696497 372.4303203949312 996.8010000000068 0.0 16928.485766462167 187.3873681784676 169.44574781885817 194.86598219276604 16.941620359609445 293490.26588014944 251.7340837331799 21.42023437390788 251.7340837331799 222.83523534497357 288.0
140000.0 150000.0 63.15801562499837 729.4320367914253 319.1106015531184 999.9280000000144 0.0 12259.514233537833 304.34471879872723 284.28633915833666 305.8661047844288 17.05837964039056 491499.5233233232 391.2956471851744 20.57976562609212 391.2956471851744 367.1944955733807 288.0
150000.0 160000.0 30.40196289063897 730.5584494018549 298.586097144727 998.484999999986 0.0 16086.920218073376 331.240867411505 311.0269313614772 335.240867411505 18.213936050027794 702738.9958190715 514.2748943602494 22.213936050027794 514.2748943602494 490.0609583102215 288.0
160000.0 170000.0 17.683914062508848 651.7054785156256 369.5307316057773 997.4839999999967 0.0 21232.21128530468 361.43787804606075 336.8384974604122 366.43787804606075 23.599380585648557 631991.8237804174 482.61596831321714 27.599380585648557 482.61596831321714 450.01658772756855 288.0
170000.0 180000.0 66.90695117186988 721.1800270182314 328.77879349380396 998.7300000000105 23.304999999993015 13991.405889308005 469.04632198211664 451.28566318988226 469.04632198211664 16.760658792234356 800802.121545905 605.3546177995662 17.760658792234356 605.3546177995662 586.5939590073317 288.0
180000.0 190000.0 34.81233007812989 791.9841664870679 269.1738001507062 999.1969999999856 54.304000000003725 15129.693123217974 406.10958630848603 387.9770187843959 406.10958630848603 18.132567524090177 739040.9756423491 554.9424323514276 17.46704575431801 554.9424323514276 537.4753865971096 288.0
190000.0 200000.0 0.0 755.9267811869992 323.3135213699524 999.6130000000121 0.0 12760.769484095965 345.8835196130986 330.5900625650995 345.8835196130986 15.293457047999114 557344.8869879853 425.0342083851862 15.958978817771278 425.0342083851862 409.0752295674149 288.0
200000.0 210000.0 0.0 877.7409545522823 216.18579390860364 999.4400000000023 2.19569335936103 13791.951491054879 372.17529089058246 355.6441961028943 372.17529089058246 16.53109478768817 620303.2694692893 470.08796535741624 16.53109478768817 470.08796535741624 453.5568705697281 288.0
210000.0 220000.0 157.78195117186988 712.7050907315368 321.4103649055705 998.4090000000142 131.87290234374814 11719.588933386547 394.0071555673554 379.9415380388302 394.0071555673554 14.065617528525218 609597.3669977824 460.142396635375 14.065617528525218 460.142396635375 446.07677910684976 288.0
220000.0 230000.0 65.84659765622928 773.4046261449382 276.07017599692415 997.4100000000035 67.01600000000326 13263.622657968852 378.8050940383592 362.90220697001814 378.8050940383592 15.902887068341048 627850.0717584116 475.25268313124246 15.902887068341048 475.25268313124246 459.3497960629014 288.0
230000.0 240000.0 552.0616718750098 768.4569919327446 282.0686041051503 998.9510000000009 63.053000000014435 18660.575137402153 803.6566946206627 779.8386355098222 806.6566946206627 21.818059110840696 1689088.5936688893 1223.8918687647345 23.818059110840696 1223.8918687647345 1199.0738096538937 2516.4444444444443
240000.0 250000.0 897.5992148437072 696.2183504687482 357.6433943892256 994.6109999999753 7.762999999977183 18041.074751359483 802.7560428042059 781.6546495271048 803.7560428042059 21.101393277101156 1391490.7869114608 1018.9049544093082 21.89186739085301 1018.9049544093082 994.0130870184553 705.0
250000.0 260000.0 42.304916015593335 644.9277877038036 374.47596798825464 999.9629999999888 15.201999999990221 12718.724698242928 625.7036228916484 609.4541774386507 625.7036228916484 15.249445452997577 1201588.510484178 876.3078694983766 15.790474113751857 876.3078694983766 860.5173953846247 840.0
260000.0 270000.0 983.5340214843745 576.0050843394896 362.12794523808884 999.5210000000079 108.55200000002515 13043.059136879006 655.5929837786955 639.9491219270244 655.5929837786955 15.643861851671058 1162196.783166003 833.9741194947497 15.459843724871899 833.9741194947497 818.5142757698778 840.0
270000.0 280000.0 35.19365039060358 935.0838839111348 94.66549172750713 999.8360000000102 670.053955078125 12809.608593130348 580.2133915698233 564.8548762124767 580.2133915698233 15.358515357346612 1208950.3419037696 886.1138202574402 16.211030709639633 886.1138202574402 869.9027895478006 840.0
280000.0 290000.0 18.30209765624022 803.4714222861834 305.00431378538974 999.8379999999888 163.45699999999488 12781.794600575802 569.4922867110971 554.1631611456087 569.4922867110971 15.329125565488468 1223760.4443005007 887.09351973257 15.329125565488468 887.09351973257 871.7643941670815 840.0
290000.0 300000.0 630.1444218748948 745.760883616732 332.92439569828025 999.1940000000177 93.09999999997672 11665.0 542.5969960872341 528.5969960872341 542.5969960872341 14.0 1281592.650701562 910.7306736915347 14.0 910.7306736915347 896.7306736915347 840.0
