ts te idle avg_span std_span max_span min_span c_bytes_all c_ack_cnt c_ack_cnt_p c_pkts_all c_pkts_data s_bytes_all s_ack_cnt s_ack_cnt_p s_pkts_all s_pkts_data video_rate
0.0 10000.0 0.0 0.0 0.0 0.0 0.0 0.0 0.0 0.0 0.0 0.0 0.0 0.0 0.0 0.0 0.0 0.0
10000.0 20000.0 4383.577802734377 750.3272805304273 303.93140762645174 999.4000000000015 107.6919999999991 32415.762239107597 511.7320300462327 473.89443575153194 515.7320300462327 37.837594294700715 989578.4482213664 622.4570050769896 38.837594294700715 622.4570050769896 579.6194107822889 288.0
20000.0 30000.0 965.6552871093809 641.8718981711645 365.18385395786265 998.724000000002 7.722000000001572 15514.828711946298 655.5223502882059 636.91410195967 655.5223502882059 18.60824832853574 1201276.140561516 649.6890605039217 18.60824832853574 649.6890605039217 631.080812175386 761.1428571428571
30000.0 40000.0 822.7151718750029 652.182614908854 387.6794887897963 999.7699999999968 62.97412109375 13100.555584043015 617.2902248030827 601.5899424275643 617.2902248030827 15.700282375518242 1164623.9208683798 681.877490096704 14.783358035317816 681.877490096704 667.0941320613862 840.0
40000.0 50000.0 371.98000195313216 811.1639469209554 257.69488675566697 999.6580000000031 167.07299999999668 13224.853464903092 563.2884838235732 547.434608822328 563.2884838235732 15.853875001245303 1181406.7050176046 758.0074238349966 14.770799341445729 758.0074238349966 743.2366244935508 840.0
50000.0 60000.0 811.803902343745 761.7022340087897 291.23333600584243 999.0359999999928 55.75 12597.664908391458 490.8415780580284 475.72993359008683 490.8415780580284 15.111644467941517 1114985.4146614866 725.1460876122476 13.111644467941517 725.1460876122476 712.034443144306 840.0
60000.0 70000.0 127.04119140625698 642.3252973345576 412.07424228047836 998.2350000000006 0.0 13029.469724984605 459.8501363752495 444.21824514032835 459.8501363752495 15.631891234921211 1098270.6177222645 678.8089504866891 13.260123383489848 678.8089504866891 664.5488271031993 840.0
70000.0 80000.0 2081.5148496093752 595.1223715820306 418.187636410185 997.5 53.79399999999441 11887.865366623937 442.47519660562773 428.2187323084905 442.47519660562773 14.256464297137274 1050003.752947382 591.0139823884514 13.628232148568637 591.0139823884514 577.3857502398828 840.0
80000.0 90000.0 486.5818378906406 688.5126719835066 388.8920228167287 999.9539999999979 47.0419921875 13448.162209460166 502.85902207272557 486.7348162350234 502.85902207272557 16.12420583770218 1162290.7803206546 719.8584846745869 14.124205837702181 719.8584846745869 705.7342788368846 840.0
90000.0 100000.0 423.61329296874464 818.1081059283101 252.0126622329546 997.1640000000043 152.25299999999697 13242.837790539834 520.8069889871836 504.9311948248858 520.8069889871836 15.875794162297819 1178435.0712292283 777.0663901992359 14.875794162297819 777.0663901992359 762.1905960369381 840.0
100000.0 110000.0 1793.0051210937527 750.2607178308809 352.2786821975947 999.5120000000024 23.936000000001513 12319.44896756325 459.62620603020133 444.84683745997154 459.62620603020133 14.779368570229785 1090139.4729799516 690.8229222078963 13.779368570229785 690.8229222078963 677.0435536376665 840.0
110000.0 120000.0 106.1610175781243 748.7433434895842 342.33892769820324 998.0910000000003 163.05800000000454 13308.891089112007 464.13761519115883 448.17199574129796 464.13761519115883 15.965619449860887 1181952.1009125328 623.6619872799131 15.965619449860887 623.6619872799131 607.6963678300522 840.0
120000.0 130000.0 1293.2808105469157 608.1248809742598 372.01053539590464 998.4439999999886 73.22412109375 12673.950139889565 426.26650151067037 411.0743265726227 426.26650151067037 15.192174938047673 1126698.0543949245 576.4389537605135 15.192174938047673 576.4389537605135 561.2467788224659 840.0
130000.0 140000.0 1976.6416406249919 658.9565998263877 359.64205407767497 998.0370000000112 89.87289257813245 12949.941675333568 465.1566207327824 449.6197902986428 465.1566207327824 15.536830434139672 1086382.83006251 700.9849404616549 15.536830434139672 700.9849404616549 685.4481100275152 840.0
140000.0 150000.0 1693.6215312499844 755.4442595600343 310.0262466916117 999.9340000000084 150.05799999999 12593.5441874794 444.471422353297 429.36625845996775 444.471422353297 15.105163893329232 1129699.2804592897 586.1264627146029 15.105163893329232 586.1264627146029 571.0212988212736 840.0
150000.0 160000.0 3305.7668222656357 615.9743567243297 336.21643554706674 997.7950000000128 16.301999999996042 11536.219496879545 392.5583494409093 378.708243853032 392.5583494409093 13.850105587877305 953084.1887828271 505.5078424902162 10.850105587877305 505.5078424902162 494.6577369023389 840.0
160000.0 170000.0 1238.2910468750051 668.2525030517554 405.1875244693105 998.8859999999986 32.125 12153.004443742666 457.1172736810715 442.54653655455604 457.1172736810715 14.570737126515445 1157265.2208580815 568.5320162113803 11.570737126515445 568.5320162113803 556.9612790848649 840.0
170000.0 180000.0 2769.3992167968827 595.2424173943 366.5362743891876 997.6989999999932 74.0419921875 19839.523210259293 449.473581915953 426.2705419035924 450.473581915953 23.203040012360592 1019411.628808706 574.0458092438917 24.101520006180294 574.0458092438917 548.9442892377112 615.0
180000.0 190000.0 1349.538847656222 639.5517636718741 383.7212033712394 999.6199999999953 149.33199999999488 12960.528085725615 452.3007154910395 436.75188647209296 452.3007154910395 15.548829018946522 1075139.2975194587 684.2397023509436 12.650349025126818 684.2397023509436 671.5893533258168 840.0
190000.0 200000.0 190.43358984374208 667.5068594970708 389.3809118867329 998.505999999994 137.57099999999627 12486.936971086045 446.54235095397104 431.5641136394096 446.54235095397104 14.9782373145615 1085434.5460544145 677.9671470518801 12.9782373145615 677.9671470518801 664.9889097373186 840.0
200000.0 210000.0 212.25220507814083 663.0805754394532 400.40885842521817 998.68299999999 96.53599999999278 12243.841766251271 468.2990845654592 453.60866648044714 468.2990845654592 14.690418085012144 1117703.8160693757 695.1477941576343 12.690418085012144 695.1477941576343 682.4573760726221 840.0
210000.0 220000.0 291.23105078126537 658.1802497558583 400.96851475465644 999.7989999999991 88.56200000000536 12758.07308780311 447.35084078472903 432.0510000094347 447.35084078472903 15.299840775294339 1126409.862026981 687.049407762378 11.93965817220679 687.049407762378 675.1097495901713 840.0
220000.0 230000.0 964.7651093750028 686.6596865234372 326.0547931902472 999.8729999999923 8.201000000000931 16598.09687887467 566.0334262888482 545.7537914950233 567.0334262888482 19.2796347938249 1376085.8495210642 873.5501394332723 17.63981739691245 874.5501394332723 852.91032203636 840.0
230000.0 240000.0 632.4388828124793 686.5088677083355 389.98632335018937 998.5830000000133 169.13899999999558 13172.70969058539 565.1005639014112 549.2960943946817 565.1005639014112 15.804469506729385 1070974.5924509706 699.6759816143996 13.804469506729385 699.6759816143996 685.8715121076701 840.0
240000.0 250000.0 933.9128906249825 700.4796660879629 323.5536959770974 999.877999999997 0.0 33744.29030941461 563.8994360985888 522.7039056053183 572.8994360985888 38.19553049327062 1268235.4075490294 808.3240183856004 38.19553049327062 808.3240183856004 763.1284878923299 2981.3333333333335
250000.0 260000.0 5985.610894531186 397.9682857142928 268.27113772262385 796.0960000000196 52.867000000027474 14163.0 295.0 276.0 295.0 17.0 592680.0 397.0 19.0 397.0 376.0 448.0
260000.0 270000.0 3419.162816406286 630.838937040439 368.61916900352776 999.7069999999949 0.0 15844.0 522.3898146076865 503.38981460768656 522.3898146076865 19.0 1087807.957040355 694.0441105385935 18.0 694.0441105385935 676.0441105385935 788.5714285714286
270000.0 280000.0 111.51021289057098 652.8489423253683 399.91439334712743 999.9579999999842 48.52799999999115 13172.515643435097 514.261013972098 498.45677825711596 514.261013972098 15.804235714982045 1197355.4452879047 747.8130716136641 13.402117857491023 747.8130716136641 734.4109537561731 840.0
280000.0 290000.0 2054.0827890625224 633.3296700520829 411.15575398613436 999.5540000000037 16.184000000008382 11837.484356564903 445.34917142021544 431.1534071351975 445.34917142021544 14.195764285017955 1030399.5976717403 635.1428178477424 11.597882142508977 635.1428178477424 623.5449357052335 840.0
290000.0 300000.0 755.0908593751374 676.1645953124932 391.1968439963682 999.609999999986 137.84600000001956 13140.419708263114 467.3351398331952 451.5695739196252 467.3351398331952 15.765565913570018 1117813.7929226186 678.6318375739053 12.765565913570018 678.6318375739053 665.8662716603353 840.0
