ts te idle avg_span std_span max_span min_span c_bytes_all c_ack_cnt c_ack_cnt_p c_pkts_all c_pkts_data s_bytes_all s_ack_cnt s_ack_cnt_p s_pkts_all s_pkts_data videorate
0.0 10000.0 5803.119029296875 798.967694561298 222.7539330645806 999.9110000000001 257.4399999999987 24518.164619614625 307.4730601017904 278.89484488573703 311.4730601017904 28.578215216053344 666859.0111634759 455.3231647696525 48.876162674308404 455.3231647696525 402.4470020953441 288.0
10000.0 20000.0 1107.8070449218649 728.0939449218756 320.39666370048235 997.5729999999967 77.08899999999994 17804.7948331569 516.6946864074373 495.36933601774183 516.6946864074373 21.32535038969548 1260252.3989031848 746.0374505280774 34.075620128566 746.0374505280774 711.9618303995115 564.0
20000.0 30000.0 2059.8557265624913 708.1888277803317 363.0928426321076 998.6440000000002 0.0 14255.040547228475 371.8322534907723 354.73581909652114 371.8322534907723 17.096434394251176 1042643.5899333393 581.63938470227 31.048217197125588 581.63938470227 550.5911675051443 531.4285714285714
30000.0 40000.0 59.75772656249319 796.1332054443369 303.3816646616169 999.487000000001 161.4190000000017 12504.346313204675 413.96572130219636 398.9665184812151 413.96572130219636 14.99920282098131 1199502.3093243756 590.9681128392524 25.99920282098131 590.9681128392524 564.9689100182711 840.0
40000.0 50000.0 4850.155312500006 524.0402077824524 384.36909749363645 994.1630000000005 0.0 11816.633501246724 235.29673474070867 221.13813055632687 235.29673474070867 14.15860418438182 697187.2267735493 373.76776421974205 24.237507687063385 373.76776421974205 349.5302565326786 398.4
50000.0 60000.0 2385.574974609379 688.7487747896644 315.68853155648316 995.0449999999983 241.24800000000687 13888.253301511919 280.59599607006066 262.9294258272753 280.59599607006066 16.666570242785443 732030.2766397615 424.210386429897 26.587666740103877 424.210386429897 396.62271968979314 441.6
60000.0 70000.0 339.69887695311627 697.8188780517594 387.53917972077244 997.926999999996 0.0 12598.050938617649 464.0743436734111 448.9633999648095 464.0743436734111 15.110943708601535 1199688.9442391726 613.7278161244858 23.14328323022648 613.7278161244858 590.5845328942594 840.0
70000.0 80000.0 3188.32709570312 630.2940685096154 384.59164032095464 993.4590000000026 31.499890624996624 11717.715945419033 265.0672042136232 251.0025251703733 265.0672042136232 14.06467904324989 758259.2430231408 398.3259203866228 24.032339521624944 398.3259203866228 374.2935808649978 480.0
80000.0 90000.0 3033.4916191406373 677.1879999999991 346.50907320395817 994.9089999999997 168.5639999999985 13345.0 295.0 279.0 295.0 16.0 782476.0 422.0 26.0 422.0 396.0 480.0
90000.0 100000.0 1702.2024453124905 700.542812744141 333.5427028380164 997.2109999999957 26.35400390625 13505.001002400077 370.1722976106031 353.00482652337405 370.1722976106031 16.16747108722901 924286.6132555457 507.7584464159046 29.251206630843512 507.7584464159046 477.5072397850611 480.0
100000.0 110000.0 2341.728558593779 664.6115808105469 317.06232042400705 997.3500000000058 26.529296875 14547.544178579536 390.16861692821726 373.28245143389347 391.16861692821726 16.886165494323805 979633.5501589875 515.7624729170777 30.829248241485708 515.7624729170777 483.933224675592 624.0
110000.0 120000.0 2204.8661210937425 720.7091216517874 316.8028506525646 992.9169999999867 255.23099999999977 13280.454819020388 343.65908546117964 326.7127220427325 343.65908546117964 15.946363418447186 786006.8365854669 483.47908066701774 26.91954512767078 483.47908066701774 455.559535539347 480.0
120000.0 130000.0 670.8997753906297 785.0685507812518 274.45386539376284 999.3379999999888 263.96199999999953 13341.171443474577 350.9766551431377 334.98132411451013 350.9766551431377 15.995331028627534 893095.3852794779 483.99066205725507 25.995331028627533 483.99066205725507 457.99533102862756 480.0
130000.0 140000.0 1096.7750273437414 707.2606877441431 369.6338363326779 999.6210000000137 4.612738281255588 14958.129129073692 391.8571493501173 373.9388652310963 391.8571493501173 17.918284119020985 1090801.6234160915 560.0591045668787 29.918284119020985 560.0591045668787 530.1408204478577 600.0
140000.0 150000.0 121.71437304688152 712.0001136474602 377.85686155042356 998.9720000000088 43.04073437501211 11723.256067329254 452.6743652583618 438.60437474762307 452.6743652583618 14.069990510738709 1206238.6796427572 638.6715295684492 24.06999051073871 638.6715295684492 614.6015390577104 840.0
150000.0 160000.0 4140.884322265629 564.3600533447261 388.5626101849057 993.6849999999977 0.0 15389.690235969365 259.673742903067 239.8618703977833 260.673742903067 18.811872505283727 749708.8820959742 403.72218085330405 29.811872505283727 403.72218085330405 371.91030834802035 436.8
160000.0 170000.0 2055.6176562499895 754.9541977539066 299.75780900074443 999.2589999999909 101.50306250000722 17590.52320558571 415.570849030473 394.85696565024926 416.570849030473 20.713883380223745 1102352.8745892188 592.1014115867961 35.46856415217109 592.1014115867961 555.6328474346249 600.0
170000.0 180000.0 4713.4157207031385 520.2774567708353 321.23135569453444 992.2069999999949 27.04296875 13563.895153406684 277.6216483538369 259.9593495932463 278.6216483538369 15.662524281212873 630839.1965774873 374.5170647067411 31.993560901197043 374.5170647067411 339.5237293261663 364.8
180000.0 190000.0 4764.018687499949 577.7326406250041 365.38267245758743 993.0620000000054 0.06901562499115244 11501.334765160718 235.62558996100626 221.79725026549156 235.62558996100626 13.82811417489243 622467.3583989933 320.938046660576 21.742396782960913 320.938046660576 299.1954243569928 480.0
190000.0 200000.0 3037.7383632812125 692.3976411830392 298.0837029065315 994.3289999999979 27.3759765625 13505.871102166053 361.0953761013004 344.92685670110035 361.0953761013004 16.168519400200065 931996.4241202823 479.6009343019006 29.252779100300096 479.6009343019006 450.3481552016005 480.0
200000.0 210000.0 86.34314062501653 762.9215324218715 331.09534937959234 999.2609999999986 243.83799999998882 13957.030850560044 384.75598213745303 368.00654737774215 384.75598213745303 16.749434759710894 1143627.8853249934 537.1119052577877 25.706197979655386 537.1119052577877 511.4057072781324 840.0
210000.0 220000.0 1147.0397675780987 731.5635931755567 350.3994984492951 998.8740000000107 27.248046875 12730.458623965082 415.4629605727278 400.2166248812036 415.4629605727278 15.246335691524195 1140732.7789533336 596.0122038803809 28.28745769719725 596.0122038803809 567.7247461831835 600.0
220000.0 230000.0 71.96907031247974 755.5958562500018 342.3755125256316 998.9169999999867 227.49199999999837 13179.403066204843 432.3139741343342 416.4895278358962 432.3139741343342 15.82444629843804 1201494.6992337601 620.0384157072681 25.742301372720462 620.0384157072681 594.2961143345476 840.0
230000.0 240000.0 5580.696562500001 612.5018618861587 397.97854376616834 999.5289999999804 0.0 15914.170311742057 271.85444319192186 253.9069072354141 273.85444319192186 17.94753595650771 674380.555503513 378.76247204115754 31.739887960987193 378.76247204115754 345.02258408017036 480.0
240000.0 250000.0 1118.1841738281073 700.7492679893131 334.03465206363984 998.5160000000033 34.056999999971595 14930.253475488564 388.1292741939694 369.22074216766765 388.1292741939694 17.9085320263018 987382.6916813035 553.2412750105294 30.19377795548096 553.2412750105294 522.0474970550484 480.0
250000.0 260000.0 147.77336914057378 702.6309965820365 367.95337017219936 998.4270000000251 75.31795117189176 12502.765332156245 437.65155368231837 422.65535509100005 437.65155368231837 14.996198591318368 1241461.3332094061 625.9733496429978 24.998099295659184 625.9733496429978 600.9752503473387 840.0
260000.0 270000.0 1707.0772773437202 642.7774763327257 425.8381778744724 999.3780000000261 27.319091796875 11932.346392414789 353.7873319621587 339.4882152226686 353.7873319621587 14.299116739490108 953420.2475974411 497.9408777198722 27.289677833236233 497.9408777198722 470.651199886636 624.0
270000.0 280000.0 848.0561503906501 786.3165559081972 269.27669928923274 999.7930000000051 362.6209082031273 15569.171676568267 425.56445287580897 406.8979809763291 425.56445287580897 18.666471899479838 1127572.5546124203 585.1602807419828 31.59641216773425 585.1602807419828 553.5638685742484 660.0
280000.0 290000.0 3092.750974609342 598.3653983072921 422.5603330706736 999.9959999999846 0.0 11129.01165454426 308.64923082196714 295.30704810564873 308.64923082196714 13.342182716318385 835970.7547406853 405.8691876079513 23.41656975596309 405.8691876079513 382.4526178519882 508.8
290000.0 300000.0 4084.8768339844537 622.2426622721299 337.63717114267655 988.5889999999781 27.430908203125 12499.240646602384 280.87010112037825 265.8770401003754 280.87010112037825 14.993061020002871 709232.0788184021 401.1329543789714 24.989591530004308 401.1329543789714 376.1433628489671 441.6
