ts te idle avg_span std_span max_span min_span c_bytes_all c_ack_cnt c_ack_cnt_p c_pkts_all c_pkts_data s_bytes_all s_ack_cnt s_ack_cnt_p s_pkts_all s_pkts_data video_rate
0.0 10000.0 0.0 0.0 0.0 0.0 0.0 0.0 0.0 0.0 0.0 0.0 0.0 0.0 0.0 0.0 0.0 0.0
10000.0 20000.0 3529.5772578125107 580.2776080729151 349.1101972163319 999.8229999999967 65.26499999999942 22084.0 293.4472097797009 267.4472097797009 298.4472097797009 25.0 620937.0936915813 443.4472097797009 30.0 443.4472097797009 409.4472097797009 634.2857142857143
20000.0 30000.0 1326.8925800781217 784.5523017578125 295.83501447178617 996.9619999999995 7.080999999998312 15295.799650906823 300.05293746047676 281.73253335469826 300.05293746047676 18.320404105778493 656215.2193771539 372.04632239034214 18.261479930009017 372.04632239034214 353.7848424603332 288.0
30000.0 40000.0 3680.201244140633 466.51681673177075 342.9332443219242 999.6789999999964 58.55672460937785 12781.974014703595 212.03680412670604 196.2122395829483 214.03680412670604 14.82456454375772 384524.35215802357 252.50788623895622 15.883488719527197 252.50788623895622 235.624397519429 288.0
40000.0 50000.0 1879.1787753906392 605.8650900297611 295.28852380291204 997.2660000000033 126.6820000000007 22570.73904868664 432.7652926208424 406.11905042647965 433.7652926208424 26.646242194362724 997659.8143099982 677.0206478786549 27.646242194362724 677.0206478786549 648.3744056842922 322.90909090909093
50000.0 60000.0 1816.3868847656267 645.542643400492 354.68013530952425 999.775999999998 53.9149999999936 14430.106583807916 596.8609736677789 578.5481743580688 596.8609736677789 17.31279930971015 1022988.7590163444 739.1080377251874 17.922720163398303 739.1080377251874 720.185317561789 685.7142857142857
60000.0 70000.0 450.0627578124986 827.422640039061 212.6118002182822 999.8289999999979 278.6389999999956 13854.152273997075 593.0805277710988 576.4348098626815 593.0805277710988 16.64571790841716 1221765.90860996 891.3650011036307 17.03579705472901 891.3650011036307 874.3292040489017 840.0
70000.0 80000.0 514.054197265621 797.4371735026047 309.9980968025817 999.0080000000016 199.0439999999944 13052.762621966658 542.6331262284691 526.9815056649678 542.6331262284691 15.651620563501346 1241310.9669101767 898.2856107042252 15.651620563501346 898.2856107042252 882.6339901407239 840.0
80000.0 90000.0 37.61544140626211 732.4139231770823 327.4960859233345 999.849000000002 170.85199999999895 12926.556567847034 577.8637955785182 562.3625392552756 577.8637955785182 15.50125632324261 1278225.2826787648 927.921458236646 15.50125632324261 927.921458236646 912.4202019134034 840.0
90000.0 100000.0 157.7856953124865 561.2231498325889 424.1299478950337 997.6260000000038 22.59900000000198 13737.701617801973 507.073346327756 490.5821508244813 507.073346327756 16.491195503274696 1198249.862854036 863.2668282028808 16.097395051229796 863.2668282028808 847.169433151651 840.0
100000.0 110000.0 32.57016210939037 813.0314273681624 226.68627815365542 999.9839999999967 390.02294921875 12645.568353098277 562.0705918908241 546.9032486133261 562.0705918908241 15.167343277497949 1174051.2673278663 853.9441964305178 15.561143729542849 853.9441964305178 838.383052700975 840.0
110000.0 120000.0 1869.8334199218662 736.6761225043366 304.6604263801693 999.7790000000095 257.74199999999837 14158.453526267635 517.1803370949776 500.1891930020861 517.1803370949776 16.99114409289153 1173502.726864194 847.599456033972 16.0986558541434 847.599456033972 831.5008001798287 840.0
120000.0 130000.0 445.6798710937728 778.144987351189 321.8091809479624 998.0679999999993 104.93792968749767 14043.11331580482 621.384817079202 604.5305322798904 621.384817079202 16.854284799311692 1324923.5767232417 964.1549313457671 17.746773038059825 964.1549313457671 946.4081583077073 840.0
130000.0 140000.0 99.09592578126467 739.9978350830079 315.80778275063625 999.9809999999998 72.49799999999232 12930.11901116234 569.5379400227514 554.0324477383729 569.5379400227514 15.505492284378526 1301317.6193647194 939.3078132277227 15.505492284378526 939.3078132277227 923.8023209433443 840.0
140000.0 150000.0 130.4424433594104 540.031413504463 441.68501699916357 998.6719999999914 7.60999999998603 12910.928229022993 516.8925031804747 501.40935997341626 516.8925031804747 15.483143207058472 1159031.842348482 846.0664684368371 15.087935093875402 846.0664684368371 830.9785333429618 840.0
150000.0 160000.0 740.3182207031641 761.2151840820261 255.13728678607973 999.6639999999898 299.19699999998556 12646.823392618588 526.2456620696935 511.07682469752854 526.2456620696935 15.168837372164985 1164975.1350353244 845.9559061935329 15.564045485348055 845.9559061935329 830.3918607081848 840.0
160000.0 170000.0 45.874828125030035 844.48780900493 253.53443705412315 996.6050000000105 302.3231210937374 13558.267933145817 538.396368659011 522.1196696249319 538.396368659011 16.276699034079034 1158923.5727301335 844.8429705908529 16.276699034079034 844.8429705908529 828.5662715567739 840.0
170000.0 180000.0 117.97789062498487 729.0009915364595 347.3348587034684 999.119000000006 125.73475000000326 12972.11297741044 563.5378059984095 547.981191280918 563.5378059984095 15.556614717491605 1240128.990236931 894.1004606986049 15.556614717491605 894.1004606986049 878.5438459811132 840.0
180000.0 190000.0 200.70467578124953 702.8431166992195 354.68778443362515 998.1820000000007 22.614999999990687 12931.648823137963 530.315523513236 514.8082121896475 530.315523513236 15.50731132358854 1244042.7414977048 891.6192620428361 15.50731132358854 891.6192620428361 876.1119507192476 840.0
190000.0 200000.0 595.4265097656171 665.969070703123 368.9647500769057 998.8070000000007 36.49499999999534 13206.663694620509 576.066206335587 560.2314141750261 576.066206335587 15.834792160560921 1254555.2366783996 903.0394919092456 15.43827974933478 903.0394919092456 887.6012121599108 840.0
200000.0 210000.0 196.5702753906371 777.2028860677076 254.09046907038794 999.6790000000037 178.15100000001257 13368.312983216681 581.3390914786037 565.3119659318772 581.3390914786037 16.02712554672646 1219493.5375123436 887.7653576799928 15.527523966455366 887.7653576799928 872.2378337135374 840.0
210000.0 220000.0 20.267859374987893 771.7162303710909 356.38550202720336 997.7300000000105 0.0 12177.023053066421 533.4184136800661 518.8082746324146 533.4184136800661 14.610139047651515 1219877.4817538306 886.1772327481684 14.506253039148751 886.1772327481684 871.6709797090198 840.0
220000.0 230000.0 92.93411914061289 730.4658800551483 336.21405064655397 999.7630000000063 0.0 13029.1723277098 466.3751843316999 450.7519116471461 466.3751843316999 15.623272684553866 1203893.5838712682 870.2875689578318 15.623272684553866 870.2875689578318 854.6642962732778 840.0
230000.0 240000.0 573.4209335937339 595.6738528645833 404.90348871125667 998.2149999999965 19.195999999996275 12419.334769860627 511.5175941979527 496.6194553515072 511.5175941979527 14.898138846445455 1215063.1490373823 873.9465430173478 14.898138846445455 873.9465430173478 859.0484041709024 840.0
240000.0 250000.0 290.1020605469239 682.7337502790144 368.8008308941044 998.4629999999888 0.0 12923.631431860542 600.6104319614869 585.1121824725501 600.6104319614869 15.49824948893689 1250837.357462477 913.7908334449866 15.101861153554545 913.7908334449866 898.688972291432 840.0
250000.0 260000.0 53.95596679690061 818.5668821231606 231.72071165962103 997.1919999999809 205.96299999998882 13666.611220635741 527.4543567456952 511.0725291223913 527.4543567456952 16.38182762330401 1132506.9369011838 831.2519655112453 15.876017060372696 831.2519655112453 815.3759484508727 840.0
260000.0 270000.0 966.2082421875675 758.2022352941157 349.9890015304698 998.3979999999865 97.20891601563198 11010.42257764309 495.8431581989814 482.6213741576678 495.8431581989814 13.221784041313645 1141047.9850484794 824.1805394703136 14.123982939627304 824.1805394703136 810.0565565306863 840.0
270000.0 280000.0 644.3342187500093 802.3245672607409 252.595753844947 999.6199999999953 338.9309999999823 13683.80325312161 566.3800296630932 549.9771720493934 566.3800296630932 16.402857613699894 1284418.1608083055 926.6229268275841 16.402857613699894 926.6229268275841 910.2200692138842 840.0
280000.0 290000.0 749.8906074219267 547.7175943359325 400.8798216516715 999.7619999999879 23.022999999986496 12925.446504508092 583.1764345785991 567.6764981879832 583.1764345785991 15.499936390616043 1245533.1158563488 900.976031634221 15.499936390616043 900.976031634221 885.476095243605 840.0
290000.0 300000.0 123.52684374997625 691.1241131727454 375.2065564571727 999.6819999999716 33.75500000000466 12586.750242370297 535.4435357583076 520.3463297626236 535.4435357583076 15.097205995684064 1181614.7233353457 856.4010415381948 15.097205995684064 856.4010415381948 841.3038355425108 840.0
