ts te idle avg_span std_span max_span min_span c_bytes_all c_ack_cnt c_ack_cnt_p c_pkts_all c_pkts_data s_bytes_all s_ack_cnt s_ack_cnt_p s_pkts_all s_pkts_data videorate
0.0 10000.0 6894.327019531254 739.9261347656247 256.0099442137115 998.8149999999987 272.6290000000008 19240.71996268342 161.6881269814174 140.23737164179977 165.6881269814174 21.45075533961765 358435.5825255056 254.43576653244014 33.984273573167364 254.43576653244014 216.45149295927274 288.0
10000.0 20000.0 1272.5304726562536 659.4497398097823 334.3833311876554 998.6160000000018 113.28788085937413 20391.9689652626 482.80766115279073 458.40504083492203 482.80766115279073 24.402620317868696 1257253.838212119 763.4207834365222 47.722477741805335 763.4207834365222 715.698305694717 322.90909090909093
20000.0 30000.0 1578.0677812499998 693.237790147569 339.2379223639403 999.2079999999987 51.69999999999709 14911.258096694412 523.6056288988834 505.7289843130399 523.6056288988834 17.876644585843533 1215374.2450709674 738.5558185006336 31.753289171687065 738.5558185006336 706.8025293289465 705.0
30000.0 40000.0 446.63863671874424 718.2999125000002 335.73085769705773 998.885000000002 239.20999999999913 11051.052975359571 419.5197671663588 406.2497874096887 419.5197671663588 13.26997975667012 1069819.1920538032 576.8299999293048 22.161143712790654 576.8299999293048 554.6688562165143 840.0
40000.0 50000.0 2792.8579121093717 812.0018386418283 234.3960778379108 997.6900000000023 298.421996093748 12221.4341207629 308.43458384307525 293.77581864053326 308.43458384307525 14.658765202542032 754348.2784733276 462.23339452456156 29.696346205633645 462.23339452456156 432.53704831892793 480.0
50000.0 60000.0 1987.8864316406252 674.8906567095606 347.98313960752654 992.1040000000066 14.535992187506054 14240.042376724949 430.3879422509433 412.31962481675777 430.3879422509433 17.068317434185495 1112773.1107221188 626.4158396554699 29.13663486837099 626.4158396554699 596.2792047870989 634.2857142857143
60000.0 70000.0 1976.08214843749 698.3894014246316 382.31383325032783 996.2590000000055 0.0 14248.246083661928 445.0089459433793 427.93493157517247 445.0089459433793 17.07401436820681 1120502.306290505 656.78738177634 29.148028736413625 656.78738177634 627.6393530399264 582.8571428571429
70000.0 80000.0 1034.3429785156477 739.7427751464829 346.5703772959736 998.5409999999974 161.26499999999942 12672.277418850223 407.4808411458538 392.2819381507881 407.4808411458538 15.198902995065662 1133165.8391169715 610.2907264141345 24.79961665946657 610.2907264141345 585.4911097546681 780.0
80000.0 90000.0 143.67545507814793 716.1486105957019 328.7519681423805 999.179999999993 211.89500000000407 12255.371949603166 460.44442078350164 445.7412436733909 460.44442078350164 14.70317711011078 1193057.7085403712 647.3162291405633 25.004543550886318 647.3162291405633 622.3116855896769 840.0
90000.0 100000.0 3635.34048046876 573.590862239583 374.02201259198796 997.3619999999937 0.0 11073.628050396834 399.6220818337963 386.3252589439071 399.6220818337963 13.29682288988922 864229.8989943111 550.7140600900298 22.59364577977844 550.7140600900298 528.1204143102514 619.2
100000.0 110000.0 4616.319173828117 638.9192742513042 280.8145564249116 994.4539999999979 218.61500000000524 13973.176359821297 280.35923014480335 263.6122903590467 280.35923014480335 16.746939785756595 697502.2582917605 405.7796645744748 28.493879571513187 405.7796645744748 377.2857850029616 352.0
110000.0 120000.0 2388.02468945313 715.4422255859372 329.9493203427296 998.2030000000086 190.60888671875 14655.985177203067 402.5416066901614 384.98240178898425 402.5416066901614 17.55920490117717 924839.0169185625 593.4358002795011 29.382768390582683 593.4358002795011 564.0530318889184 480.0
120000.0 130000.0 2276.7138730468578 687.155337109376 297.80847559360615 999.3450000000012 0.0 12762.24289664369 353.3454287108333 338.03918716720983 353.3454287108333 15.306241543623438 897418.5022877108 498.9531988575865 23.750636854811543 498.9531988575865 475.2025620027749 696.0
130000.0 140000.0 1673.8800683594018 744.6235754522985 298.9686661784627 999.2639999999956 281.125 12610.151690587265 509.6476776322827 494.52218499927835 509.6476776322827 15.12549263300441 1253389.9297764285 698.8131608276132 28.848472910215815 698.8131608276132 669.9646879173973 840.0
140000.0 150000.0 982.6561464843398 755.8479396972652 294.76753547205254 996.390000000014 215.00899999999092 14187.355887085838 436.341120502914 419.33950827094515 436.341120502914 17.001612231968892 1051718.3931442122 598.4379720077343 29.003224463937784 598.4379720077343 569.4347475437966 582.8571428571429
150000.0 160000.0 100.95300390626653 710.4260723876923 349.6756772144414 999.5190000000002 160.51399999999558 12499.30722881184 402.1429299521893 387.1496990023536 402.1429299521893 14.99323094983572 1187423.4164425835 614.1380245833595 24.98646189967144 614.1380245833595 589.1515626836882 840.0
160000.0 170000.0 1892.5962792968785 795.2617190946698 254.8831041548407 997.4489999999932 257.92800000001444 14351.177490155129 437.85945251292947 420.66313083173844 437.85945251292947 17.196321681191066 1097774.3970042546 616.5841602772437 30.92425371760589 616.5841602772437 585.6599065596379 603.4285714285714
170000.0 180000.0 331.1968105468841 709.3180595128661 343.23003719227165 999.7190000000119 56.92268359375885 12164.6913138234 461.8048211312775 447.2093844248603 461.8048211312775 14.595436706417171 1203109.60756779 655.3550227558818 24.659263057610584 655.3550227558818 630.6957596982712 840.0
180000.0 190000.0 2240.977681640623 772.043299348957 308.42252575096364 999.93299999999 0.0 11417.1598084285 409.2958856579978 395.59362904910836 409.2958856579978 13.702256608889464 1004473.5509314657 556.3539855024026 21.714252378862394 556.3539855024026 534.6397331235402 840.0
190000.0 200000.0 3047.3779374999867 616.1129517463252 401.15847075672303 999.7490000000107 0.0 13914.125620497884 360.4547201771031 343.77494892757835 360.4547201771031 16.679771249524784 826651.0222766575 484.1939497778041 30.049803337966104 484.1939497778041 454.14414643983804 366.85714285714283
200000.0 210000.0 3222.4274687500147 634.4500198317266 331.7138468388768 989.1900000000023 73.70100976561662 12344.452014629214 309.4279399357126 294.6188412262843 309.4279399357126 14.809098709428316 778036.2309593619 458.07529763074774 24.61819741885663 458.07529763074774 433.45710021189115 448.0
210000.0 220000.0 214.18610156248906 702.5200461425775 340.5795013245578 999.9619999999995 247.64300000001094 12459.240564377795 393.87182225602396 378.9262329999267 393.87182225602396 14.945589256097259 1099016.64867262 561.1306784511362 24.891178512194518 561.1306784511362 536.2394999389417 720.0
220000.0 230000.0 2216.4030898437486 700.8525694754478 295.13951325414945 997.68299999999 307.02900000000955 13473.7554940038 309.29343293455537 293.14033484418223 309.29343293455537 16.153098090373128 795827.1589712074 429.0496283536213 26.120490528033667 429.0496283536213 402.92913782558765 480.0
230000.0 240000.0 216.47211132815573 721.6316803385432 345.1023914087568 999.6630000000005 6.779000000009546 14102.355480109509 362.68843026350226 344.7878886700308 362.68843026350226 16.900541593471473 961941.6579789439 516.5159597051315 29.389855340640814 516.5159597051315 486.1261043644908 582.8571428571429
240000.0 250000.0 231.85458203125745 721.4834344618074 334.02069378570013 998.4629999999888 98.23700000002282 13312.9130720406 466.74591091701006 450.76028300733043 466.74591091701006 15.985627909679664 1257140.153756941 655.6215321517226 27.56818931837405 655.6215321517226 628.0533428333486 840.0
250000.0 260000.0 3883.942525390652 606.7419361478353 352.82644733534687 995.3939999999711 0.0 10965.720443032995 246.46393939212675 233.29997061425954 246.46393939212675 13.163968777867186 728142.3922837423 351.9265093072731 20.895721241581505 351.9265093072731 331.0307880656916 624.0
260000.0 270000.0 1901.8802890625084 691.5303349034922 321.493691010046 999.8570000000182 161.73390429688152 14092.267783284704 337.1989187993168 320.30582666598576 337.1989187993168 16.89309213333103 900675.4079579725 430.69397018387315 30.21840058081493 430.69397018387315 400.47556960305826 480.0
270000.0 280000.0 1243.6815058593638 725.0914082031231 314.83308196676 999.6830000000191 239.9981113281101 12488.005283393328 306.525755636189 291.5459633848295 306.525755636189 14.979792251359486 761800.1734536352 435.33270139671265 24.696901515715226 435.33270139671265 410.63579988099747 480.0
280000.0 290000.0 3230.453791015607 692.7241242675809 320.810382973891 996.6520000000019 0.0 16575.91639207015 400.9909767530712 381.72829376606745 401.9909767530712 19.262682987003746 909748.08132415 554.6087833761799 33.78804896101124 554.6087833761799 519.8207344151685 397.7142857142857
290000.0 300000.0 5181.2970332031255 604.6917233664743 241.50771824181945 998.6329999999725 306.7970000000205 12273.282294155406 230.80552304845426 216.0810494525501 230.80552304845426 14.724473595904168 598855.1565861118 335.397100582921 25.448947191808337 335.397100582921 309.9481533911126 364.8
