ts te idle avg_span std_span max_span min_span c_bytes_all c_ack_cnt c_ack_cnt_p c_pkts_all c_pkts_data s_bytes_all s_ack_cnt s_ack_cnt_p s_pkts_all s_pkts_data videorate
0.0 10000.0 0.0 0.0 0.0 0.0 0.0 0.0 0.0 0.0 0.0 0.0 0.0 0.0 0.0 0.0 0.0 0.0
10000.0 20000.0 3737.5140429687526 691.5483333333331 357.82212414320145 999.3369999999995 48.45900000000256 33025.0 496.0 458.0 500.0 38.0 968462.0 610.0 39.0 610.0 567.0 288.0
20000.0 30000.0 1048.0531816406292 678.2197038085931 393.6794863890636 998.8870000000024 24.1050000000032 15881.809804090519 549.7204615138301 530.6743519966465 549.7204615138301 19.04610951718356 1195397.4846239993 665.1671473076273 19.04610951718356 665.1671473076273 646.1210377904438 840.0
30000.0 40000.0 1215.8113339843767 652.2695182674635 353.4025962164643 999.3380000000034 24.12999999999738 12555.647401813354 513.9561647829325 498.89709331806637 513.9561647829325 15.059071464866228 1208741.3913850323 584.8206927329434 15.059071464866228 584.8206927329434 569.7616212680772 840.0
40000.0 50000.0 16.915863281246857 841.5821175130218 318.3976367495755 996.7820000000065 50.86407031249837 14078.570694843205 566.811922276429 549.9396622349983 566.811922276429 16.872260041430682 1109396.7927439194 664.5232675091404 16.872260041430682 664.5232675091404 647.6510074677096 840.0
50000.0 60000.0 627.9870234374976 682.2642050781251 363.87316729409605 999.5880000000034 22.549998046873952 12523.972099252924 484.10735203310804 469.0847930565885 484.10735203310804 15.022558976519528 1123603.8246740506 652.1463136402865 15.022558976519528 652.1463136402865 637.1237546637669 840.0
60000.0 70000.0 492.9269062499952 683.4233295036769 381.27717832418654 999.8880000000063 31.181884765625 12556.842699636973 439.96562649119954 423.9031654072996 439.96562649119954 15.062461083899967 1090366.4082778606 632.2164113270013 15.031230541949983 632.2164113270013 616.1851807850513 840.0
70000.0 80000.0 206.28939648438245 674.2992561035153 413.0305515045875 999.849000000002 62.531982421875 12506.07670297451 467.7105406026163 452.71007730766786 467.7105406026163 15.000463294948407 1137562.569005311 651.7825715177808 15.03169383689839 651.7825715177808 636.7508776808822 840.0
80000.0 90000.0 1566.600326171858 765.8741885986337 282.33125904839824 998.8500000000058 7.5939999999973224 14092.080597388518 517.7279322998845 499.79085667873295 517.7279322998845 16.937075621151628 1176386.5292898272 688.3435959652204 16.937075621151628 688.3435959652204 670.4065203440687 840.0
90000.0 100000.0 1631.3388203124923 779.6128774414074 343.8287188826786 999.5979999999981 32.21899999999732 14176.059829812359 487.8345274879584 470.8463469531042 487.8345274879584 16.988180534854173 1139149.9283113028 658.7399717667918 16.988180534854173 658.7399717667918 641.7517912319377 840.0
100000.0 110000.0 283.25513281248277 708.7789557674645 378.64791396537913 998.0139999999956 11.763960937503725 12073.769426935723 475.7069005895389 461.21965989163675 475.7069005895389 14.48724069790217 1143053.4750922022 650.7361446641014 14.48724069790217 650.7361446641014 636.2489039661992 840.0
110000.0 120000.0 599.9114941406297 666.8216018066396 371.405001377756 999.2190000000119 41.263916015625 13018.208414830888 497.5415889320151 481.9302177893751 497.5415889320151 15.61137114264001 1234331.524330716 710.30123958179 15.61137114264001 710.30123958179 694.68986843915 840.0
120000.0 130000.0 3328.4087363281287 547.2865754278263 342.5353616331177 995.1559999999881 16.043000000005122 31173.96232842103 436.91698299048755 399.00377536588394 442.91698299048755 34.91320762460365 890061.072265779 560.2226439873168 39.91320762460365 560.2226439873168 513.3094363627131 1459.0
130000.0 140000.0 990.4632988281664 717.6551512695296 328.4107767966152 999.7449999999953 32.280999999988126 15817.495726466397 610.5850108897264 590.6165428166514 610.5850108897264 18.96846807307508 1150064.730144945 687.6728508576792 19.96846807307508 687.6728508576792 666.704382784604 840.0
140000.0 150000.0 1206.5602890625305 760.4877377387133 341.3941192327223 998.984999999986 13.766921875008848 12531.504273533603 593.1390282239043 578.1074962969794 593.1390282239043 15.03153192692492 1245228.2181931832 738.2005476650389 15.03153192692492 738.2005476650389 723.169015738114 840.0
150000.0 160000.0 422.7040839843976 848.0518360770054 208.15406477476745 999.0909999999858 246.40200000000186 12498.689406907746 501.95330273777586 486.96080641565015 501.95330273777586 14.992496322125739 1232208.9895306833 742.526307247341 14.992496322125739 742.526307247341 727.5338109252152 840.0
160000.0 170000.0 144.34266015625326 638.5625903033086 434.2905089181928 999.9200000000128 7.48299023436266 12655.662437951487 426.88791911694636 411.70649755369953 426.88791911694636 15.181421563246829 1136395.633887087 689.9046783702352 15.181421563246829 689.9046783702352 674.7232568069884 840.0
170000.0 180000.0 773.9459980468673 653.4834186883221 353.86646162394266 999.9679999999935 62.029000000009546 12360.648155140769 456.4347390316469 439.60865691701946 456.4347390316469 14.826082114627432 1068634.4282441013 641.6956158597058 13.826082114627432 641.6956158597058 625.8695337450783 840.0
180000.0 190000.0 2203.0205585937656 648.3403529411744 368.6995921058121 997.6630000000005 0.0 12505.0 461.0 446.0 461.0 15.0 1063922.0 653.0 15.0 653.0 638.0 840.0
190000.0 200000.0 837.0299355468305 725.7494054457724 347.998855840371 996.3539999999921 167.65100000001257 14186.0 513.7933778634463 496.7933778634463 513.7933778634463 17.0 1159725.482337601 738.1846363153074 17.0 738.1846363153074 721.1846363153074 840.0
200000.0 210000.0 246.39208203123417 849.8948648158506 278.2701556076059 999.5080000000016 63.912000000011176 12505.0 472.2066221365537 457.2066221365537 472.2066221365537 15.0 1137783.517662399 697.8153636846926 15.0 697.8153636846926 682.8153636846926 840.0
210000.0 220000.0 124.55713476563687 680.728455688477 416.80882666402033 999.3310000000056 70.623291015625 12626.089799017249 441.48015250999185 426.3342611858747 441.48015250999185 15.14589132411717 1184759.1899695508 707.7202287649877 15.14589132411717 707.7202287649877 692.5743374408706 840.0
220000.0 230000.0 951.0653457031003 719.4387652803339 300.10944871855327 999.1380000000063 59.66800000000512 12847.868263053591 479.7757921206036 463.369352418446 479.7757921206036 15.406439702157645 1130264.960821385 686.9833848393329 15.406439702157645 686.9833848393329 670.5769451371752 840.0
230000.0 240000.0 709.4687324218685 837.2527692057289 275.92011547343475 999.9029999999912 191.2600000000093 13264.292904898675 518.2256543556763 502.3223088331496 518.2256543556763 15.90334552252671 1170265.9691173516 725.3889582391325 15.90334552252671 725.3889582391325 709.4856127166058 840.0
240000.0 250000.0 1506.2616328125005 727.6208313802069 347.06555217318925 999.5420000000158 16.102000000013504 12491.083333815712 455.9156059364949 440.93212160445785 455.9156059364949 14.983484332037039 1074447.8581008546 629.0402986236318 14.983484332037039 629.0402986236318 614.0568142915947 840.0
250000.0 260000.0 1200.1626113281236 681.1387903645867 332.55389045138793 999.704000000027 3.865966796875 12983.278016180011 470.69042819364023 455.1216224275327 470.69042819364023 15.568805766107515 1183819.0362639017 674.9667126197411 15.568805766107515 674.9667126197411 659.3979068536336 840.0
260000.0 270000.0 115.0242714844062 678.9042539062466 418.9693002294777 999.6350000000093 24.280029296875 12519.254305512528 450.9805392247171 435.9636646544278 450.9805392247171 15.016874570289367 1145151.5200157324 640.3908899473006 15.016874570289367 640.3908899473006 625.3740153770111 840.0
270000.0 280000.0 1548.9701796875452 757.0149368489575 319.80141003618655 995.8539999999921 21.06500000000233 16301.409854502073 516.6156946009086 496.67946786499544 517.6156946009086 18.936226735913163 1197112.4077074705 702.250654336624 19.936226735913163 702.250654336624 680.3144276007108 840.0
280000.0 290000.0 744.8160410155542 677.9917424958916 396.587075017241 998.585000000021 16.10899999999674 12109.570745242383 529.8065545139065 515.2767220839132 529.8065545139065 14.529832429993164 1275690.3214137158 711.530903280591 14.529832429993162 711.530903280591 697.0010708505978 840.0
290000.0 300000.0 119.47122070309706 810.561064313619 307.0418385439364 998.6699999999837 167.11700000002747 12922.804510487169 487.9927804153982 472.4959855158891 487.9927804153982 15.49679489950912 1154571.9484942663 703.9527721556644 15.49679489950912 703.9527721556644 688.4559772561553 840.0
