ts te idle avg_span std_span max_span min_span c_bytes_all c_ack_cnt c_ack_cnt_p c_pkts_all c_pkts_data s_bytes_all s_ack_cnt s_ack_cnt_p s_pkts_all s_pkts_data video_rate
0.0 10000.0 9527.126041015625 238.45841914062476 19.526275606835554 255.756103515625 211.21600000000035 8751.825166792667 37.777563866167995 28.428844931492748 40.29958129341085 9.348718934675244 61938.05887311205 45.68730225172485 9.348718934675244 45.68730225172485 33.816565889806746 288.0
10000.0 20000.0 1104.0385527343824 731.0462870312498 301.3765899612579 998.7659999999996 16.042999999997846 31196.174833207333 666.8649645070257 630.2136834417008 668.3429470797828 36.65128106532475 1322841.9197248246 785.7129672256909 36.65128106532475 785.7129672256909 747.583703587609 406.2857142857143
20000.0 30000.0 158.34005859374884 715.5642578124994 330.4147220657744 999.7810000000027 49.68408203125 14294.202606751638 567.0806053592501 549.9269756247058 567.0806053592501 17.15362973454416 1326745.981419503 696.0941362596611 17.15362973454416 696.0941362596611 678.940506525117 840.0
30000.0 40000.0 3055.2581328125016 548.7899382812495 386.55208352548937 999.5489999999991 117.41391796874814 11856.72609444161 338.656603514364 324.417852452617 338.656603514364 14.238751061746987 890724.4353767787 446.1428100376123 14.238751061746987 446.1428100376123 431.9040589758654 660.0
40000.0 50000.0 3459.0809511718835 487.0410656020215 361.7565202495551 998.1290000000008 54.07201953125332 15965.69667531878 338.9872574556437 319.83627192545197 338.9872574556437 19.150985530191797 873509.0743129614 462.1638936721783 18.150985530191797 462.1638936721783 444.01290814198654 570.0
50000.0 60000.0 1334.8813574218657 569.0127217310862 409.8142747229129 999.9260000000068 17.01072656249744 13085.58048640844 530.1954650524812 514.4936401031966 530.1954650524812 15.701824949284559 1080228.5756299263 666.11708858109 14.701824949284559 666.11708858109 651.4152636318054 840.0
60000.0 70000.0 132.68925976562605 676.3382388916016 395.5777747165431 999.8010000000068 146.4649999999965 12502.63132359543 497.556279039116 482.55909553900256 497.556279039116 14.99718350011347 1074964.8714478891 642.2599101631153 11.99718350011347 642.2599101631153 630.2627266630018 840.0
70000.0 80000.0 45.13114453126036 619.7326878255205 409.59587728498485 999.880999999994 149.60599999999977 14800.162813484103 446.3514836885047 428.5938584643856 446.3514836885047 17.757625224119028 1157645.9017799771 675.8706377485291 13.998600142911068 675.8706377485291 661.8720376056181 737.1428571428571
80000.0 90000.0 5530.46100195311 487.50436044034456 345.095094050568 937.9780000000028 165.4560000000056 11334.256146641124 247.57933863803774 233.98899288841992 247.57933863803774 13.59034574961781 690792.8609806052 393.76478179073274 12.352107506243408 393.76478179073274 381.41267428448936 480.0
90000.0 100000.0 1004.3730390625133 584.3316700246704 421.1017417853077 999.926999999996 0.5920332031237194 16379.098626434177 446.6943271259171 427.0404935972051 446.6943271259171 19.653833528711917 1034028.5853117914 572.8605118561301 18.65109685329428 572.8605118561301 554.2094150028357 660.0
100000.0 110000.0 125.2899355468835 670.9045678710936 400.2851689897916 999.7690000000002 133.08000000000175 12499.092730132481 426.40240503620987 411.40942913831157 426.40240503620987 14.992975897898312 1108484.970378416 526.1956159216028 11.992975897898312 526.1956159216028 514.2026400237044 840.0
110000.0 120000.0 391.94234765626607 790.7786741943364 313.8417388937826 999.4860000000044 139.56600000000617 13065.373968712702 449.8559697286137 434.2068936310466 449.8559697286137 15.649076097567022 1213339.568973715 596.7088666443317 12.649076097567022 596.7088666443317 584.0597905467646 840.0
120000.0 130000.0 3139.69541796876 520.4136451480291 337.5595563108872 999.80799999999 91.03810742188944 15109.109423726493 352.005323332881 333.86562605786 352.005323332881 18.13969727502102 834395.133108105 472.62512009584606 17.13969727502102 472.62512009584606 455.485422820825 495.0
130000.0 140000.0 2297.1796640625107 544.6227047384511 396.88886162572396 998.9640000000072 16.155999999988126 22292.605759763675 493.2618421437864 466.0374298419359 495.2618421437864 26.224412301850567 1233169.3871042973 717.32430750642 26.224412301850567 717.32430750642 690.0998952045695 1036.8
140000.0 150000.0 353.93346679687966 742.6151921037963 370.75546306443675 999.7999999999884 159.64100000000326 11454.463344589349 427.730571512001 413.98091236266765 427.730571512001 13.74965914933335 1063578.6755780983 649.4720502453348 12.74965914933335 649.4720502453348 636.7223910960014 840.0
150000.0 160000.0 4752.219632812514 610.4423046874997 368.3161344633633 999.2369999999937 176.23000000001048 16909.903902020404 313.7263588428982 293.4303970093424 313.7263588428982 20.295961833555772 762688.8148094265 434.7577100133463 18.295961833555772 434.7577100133463 416.4617481797905 429.0
160000.0 170000.0 3214.0648124999716 629.8902861328139 369.9618778599997 998.1380000000063 178.1939999999886 14111.819775604989 362.20444052618217 345.2652969166638 362.20444052618217 16.939143609518418 897124.5252562438 536.04751796485 16.939143609518418 536.04751796485 519.1083743553315 685.7142857142857
170000.0 180000.0 3324.352673828107 527.3300479166695 379.09708385404025 997.1410000000033 150.5570000000007 13413.302673370963 330.81348070445733 314.7222516049986 330.81348070445733 16.09122909945871 885480.9772566888 533.556644219631 14.40643821284985 533.556644219631 519.1502060067812 582.8571428571429
180000.0 190000.0 3308.516955078143 548.3363468191923 399.49641544496137 999.7600000000093 97.9799160156108 12868.889249549236 272.08106265315115 256.6319197324398 272.08106265315115 15.449142920711317 706689.2855698381 387.03498817220316 10.872987764527085 387.03498817220316 376.16200040767603 480.0
190000.0 200000.0 2329.44788281247 523.6985631510405 353.59038752481536 999.7390000000014 155.41699999998673 16232.599067243997 415.3342863544871 395.87133971810044 415.3342863544871 19.462946636386686 1098816.5165357948 598.9687013937978 17.723892679179777 598.9687013937978 581.2448087146181 660.0
200000.0 210000.0 2002.5766171875002 606.295418749998 403.0240230352437 996.2889999999898 149.60899999999674 11803.140150102907 323.2631432131163 309.0975092046712 323.2631432131163 14.165634008445021 897844.1391586799 536.4565465627727 11.165634008445021 536.4565465627727 525.2909125543276 720.0
210000.0 220000.0 4571.859103515628 537.7438189603362 343.4497373925326 998.2740000000049 167.33900000000722 14441.074914480489 290.1513039447532 272.8368434105979 290.1513039447532 17.31446053415524 770893.4768742153 460.451969582565 12.314460534155241 460.451969582565 448.1375090484098 480.0
220000.0 230000.0 4471.035914062464 572.4533714488683 385.4479854819875 999.2570000000123 167.16200000001118 11405.603047185818 256.75262090840243 243.0649592019776 256.75262090840243 13.687661706424826 646509.7878873135 414.3484146424496 9.687661706424826 414.3484146424496 404.6607529360248 480.0
230000.0 240000.0 4278.563025390613 608.8682071614622 409.95618924845877 996.4880000000121 19.494999999995343 16349.6672204412 360.74444668334377 341.15062703199976 360.74444668334377 19.59381965134401 901422.7628059138 547.8693313947817 16.59381965134401 547.8693313947817 531.2755117434377 480.0
240000.0 250000.0 3952.2376992187346 566.8156038161117 398.3960262033471 998.75900000002 61.23300000000745 11868.875565029077 316.16045394711716 301.9168444762146 316.16045394711716 14.243609470902589 757078.1032337546 477.0991821913683 12.243609470902589 477.0991821913683 464.8555727204657 480.0
250000.0 260000.0 3089.1338007812155 522.5658721923865 389.4379113108267 999.6610000000219 126.84600000001956 13178.750322439546 342.72145570664395 326.8928664141776 342.72145570664395 15.828589292466352 818140.7124904217 451.63785161838643 13.828589292466352 451.63785161838643 437.8092623259201 685.7142857142857
260000.0 270000.0 2313.949537109467 593.9441768092005 343.45636781164063 999.9469999999856 142.0800000000163 18485.75036583216 404.19773446436426 382.02691746875485 404.19773446436426 22.170816995609396 1038313.2501282459 631.9693872031366 21.170816995609396 631.9693872031366 610.7985702075273 560.0
270000.0 280000.0 795.0683691406739 633.5258720703096 394.1320046268716 999.5169999999925 117.4951171875 12097.38327523904 428.81904727093445 414.30849026989745 428.81904727093445 14.510557001037027 1146543.6476861262 542.424285925306 11.69259506316897 542.424285925306 530.731690862137 840.0
280000.0 290000.0 1969.0923652343336 722.1070553850524 372.9944969677775 998.2370000000228 24.286000000021886 13229.943924376634 378.88678176641093 363.00798544331445 378.88678176641093 15.878796323096546 979406.6220426494 496.56122675548227 12.696758260964604 496.56122675548227 483.86446849451767 656.0
290000.0 300000.0 5460.458253906167 375.71477090993295 280.35405340891384 874.5680000000284 0.0 15583.201692975736 276.5319286696217 257.4891368825976 276.8695091046897 18.705211351956095 655478.7042892668 381.243011931419 16.705211351956095 381.243011931419 364.5378005794629 408.0
