ts te idle avg_span std_span max_span min_span c_bytes_all c_ack_cnt c_ack_cnt_p c_pkts_all c_pkts_data s_bytes_all s_ack_cnt s_ack_cnt_p s_pkts_all s_pkts_data video_rate
0.0 10000.0 0.0 0.0 0.0 0.0 0.0 0.0 0.0 0.0 0.0 0.0 0.0 0.0 0.0 0.0 0.0 0.0
10000.0 20000.0 0.0 0.0 0.0 0.0 0.0 0.0 0.0 0.0 0.0 0.0 0.0 0.0 0.0 0.0 0.0 0.0
20000.0 30000.0 0.0 0.0 0.0 0.0 0.0 0.0 0.0 0.0 0.0 0.0 0.0 0.0 0.0 0.0 0.0 0.0
30000.0 40000.0 2550.800998046878 630.8238733865488 369.65521888875486 997.2980000000025 0.0 17147.0 205.86116487667226 186.86116487667226 212.86116487667226 19.0 457523.0280248556 343.7828771606112 23.0 343.7828771606112 313.7828771606112 288.0
40000.0 50000.0 177.119925781255 757.8833649553562 324.24412859993606 999.8699999999953 0.0 16346.0 409.9185404256233 389.9185404256233 411.9185404256233 19.0 694313.0315776918 534.3279817466323 21.0 534.3279817466323 512.3279817466323 288.0
50000.0 60000.0 0.0 729.7516909790047 310.8204206798682 998.5840000000026 0.0 12539.76910214038 402.3337579026996 387.2918305474247 402.3337579026996 15.041927355274888 685019.0701224161 508.3380231399508 15.041927355274888 508.3380231399508 493.2960957846759 288.0
60000.0 70000.0 27.23508984374348 801.3127725360571 247.24651899399782 998.8340000000026 293.93700000000536 12324.912813619085 396.19301586770916 381.40773523753876 396.19301586770916 14.785280630170377 647548.8371951533 487.69405658561493 14.785280630170377 487.69405658561493 472.90877595544464 288.0
70000.0 80000.0 23.291824218744296 699.7518647786453 366.03263246708684 999.9119999999966 0.0 10836.601460991365 289.1284380772422 276.1136289257971 289.1284380772422 13.01480915144511 476166.408193326 362.13530961901284 13.01480915144511 362.13530961901284 349.1205004675677 288.0
80000.0 90000.0 4.844617187496624 789.9994809401943 309.0897122233218 999.5529999999999 10.875 12307.478504017898 363.39816658748475 348.637821435671 363.39816658748475 14.760345151813695 565003.09196977 428.5082061006846 13.95916400746166 428.5082061006846 414.5490420932229 288.0
90000.0 100000.0 0.0 796.2956754557293 252.96667461723015 997.1809999999969 198.2110664062493 11661.081582949411 364.5836094390512 350.58267207588074 364.5836094390512 14.000937363170433 602043.2346282684 452.9976886686918 14.802118507522469 452.9976886686918 438.1955701611693 288.0
100000.0 110000.0 45.46612109376292 746.8238759450595 295.52404192210156 999.2539999999863 0.0 12587.209157580255 371.08075868411544 355.98363904788243 371.08075868411544 15.097119636232982 642861.1496061122 486.012889551292 15.097119636232982 486.012889551292 470.915769915059 288.0
110000.0 120000.0 0.0 803.899744070871 248.22838422638688 995.9090000000142 272.2760000000126 10361.10279230204 331.7333311400055 319.2889855952373 331.7333311400055 12.444345544768161 494625.8270158471 373.90062889991765 12.444345544768161 373.90062889991765 361.4562833551495 288.0
120000.0 130000.0 0.0 755.6119251512113 335.41201652897524 998.9400000000023 0.0 10958.939881718172 298.6687700329204 285.5027071332739 298.6687700329204 13.166062899646505 490139.86674138234 371.6155436102586 13.166062899646505 371.6155436102586 358.44948071061214 288.0
130000.0 140000.0 11.727818359388039 739.862977748323 264.36731605146076 996.6339999999909 0.0 10126.290542646042 336.77485054249814 324.6060280515189 336.77485054249814 12.168822490979217 506787.60966579395 385.40189804635247 12.168822490979217 385.40189804635247 373.23307555537326 288.0
140000.0 150000.0 5.769408203137573 791.1044991736775 252.70885649075208 999.8710000000137 147.29000000000815 12912.779355794908 358.3938981041624 342.91234658967267 358.3938981041624 15.481551514489686 615941.4657409267 464.6601811562055 15.481551514489686 464.6601811562055 449.1786296417159 288.0
150000.0 160000.0 149.07706445312942 696.9503742042828 367.52397198662277 999.0290000000095 0.0 8330.83480624044 203.2136330311773 193.1748347691683 203.2136330311773 10.038798262008946 343702.77824072394 264.36928623068076 9.147554920996331 264.36928623068076 255.2217313096844 288.0
160000.0 170000.0 152.4281679687556 864.4606739032438 205.56332795348757 997.8889999999956 248.97099999999045 9716.666748702757 328.929291243363 317.247536130909 328.929291243363 11.681755112454093 522106.2402481933 393.2012124325922 12.57299845346671 393.2012124325922 380.6282139791254 288.0
170000.0 180000.0 26.49106249999022 800.7243990652912 303.443251027599 999.6410000000033 7.420031249988824 10250.333251297243 286.0575010806728 273.7392561931269 286.0575010806728 12.318244887545909 478709.7412598318 365.20948864456864 12.318244887545909 365.20948864456864 352.8912437570227 288.0
180000.0 190000.0 62.04382421873743 780.8817885044617 310.1876835039914 994.4890000000014 0.0 10507.264143198967 281.6169425722471 268.99855203827246 281.6169425722471 12.61839053397466 449757.68727152253 342.66789938030917 12.61839053397466 342.66789938030917 330.0495088463345 288.0
190000.0 200000.0 7.526027343759779 775.0621590625005 293.23392879851775 996.515000000014 115.54296875 9304.984349248914 277.2282749332992 266.03538681794714 277.2282749332992 11.192888115352025 481399.6715021497 364.72460951554837 11.192888115352025 364.72460951554837 353.5317214001964 288.0
200000.0 210000.0 0.0 837.2192236328108 229.85027857644775 998.6650000000081 185.4228789062472 11193.355791713228 279.57621466731587 266.1363550806233 279.57621466731587 13.439859586692654 541109.9871790693 412.1130274414753 13.439859586692654 412.1130274414753 398.67316785478266 288.0
210000.0 220000.0 0.0 728.5082385416686 330.0879257667682 999.2030000000086 0.0 13110.395715838891 389.5198594248743 372.77099766089367 390.5198594248743 15.748861763980662 691221.0352228634 522.0750975994501 16.669842913433207 522.0750975994501 505.4052546860169 288.0
220000.0 230000.0 0.0 810.773752162392 306.17023689939566 999.814000000013 77.62590625000303 11664.0 338.556065722414 324.556065722414 338.556065722414 14.0 590928.8305390002 444.86666014507784 14.079018850547453 444.86666014507784 430.7876412945304 288.0
230000.0 240000.0 813.8218242187868 736.5163699544258 277.7747888985859 993.69200000001 0.0 11248.0 219.23391564445208 205.23391564445205 221.23391564445208 13.0 365897.4080551021 277.39743432507294 14.0 277.39743432507294 262.39743432507294 288.0
240000.0 250000.0 299.696187500027 752.1501116286 288.52084950635407 996.795999999973 0.0 10554.971144760268 286.01483345380353 273.3357117325461 286.01483345380353 12.679121721257468 606958.0082135755 443.4442681282727 12.679121721257468 443.4442681282727 430.7651464070152 288.0
250000.0 260000.0 760.0510585937882 851.4088247070322 232.60223503473523 999.9519999999902 152.12099999998463 16268.611552236382 433.39699656474 414.4607088625634 434.39699656474 18.936287702176564 730884.3472346462 555.9649843554919 19.912915813547617 555.9649843554919 535.0520685419442 288.0
260000.0 270000.0 1924.4445917968987 639.8878062500037 357.9529093235932 999.4629999999888 16.001937500026543 16609.55584306961 426.7333133148444 405.83607286899627 426.7333133148444 19.897240445848084 831058.3556437982 620.6533365359332 20.920612334477028 620.6533365359332 598.7327242014561 352.0
270000.0 280000.0 3708.8820039062994 641.178831380205 287.8823745890072 997.9270000000251 182.43900000001304 12710.36030981753 355.3987931053789 340.1546072435269 355.3987931053789 15.244185861851996 796070.0828051555 581.7547766644336 15.244185861851996 581.7547766644336 566.5105908025815 480.0
280000.0 290000.0 2543.2939902343205 535.9782225477489 387.8823101823906 999.3919999999925 80.98800000001211 13514.601269167533 412.54667451205637 396.33192865097726 412.54667451205637 16.214745861079113 1014138.1317868489 740.7048771109563 16.214745861079113 740.7048771109563 724.4901312498773 737.1428571428571
290000.0 300000.0 919.8488867187407 747.0274388020852 315.3651946566694 998.6780000000144 28.337898437515832 12528.899880948678 640.9093890491768 625.88097064139 640.9093890491768 15.028418407786775 1342133.074315976 967.4777572049123 15.028418407786775 967.4777572049123 952.4493387971255 840.0
