ts te idle avg_span std_span max_span min_span c_bytes_all c_ack_cnt c_ack_cnt_p c_pkts_all c_pkts_data s_bytes_all s_ack_cnt s_ack_cnt_p s_pkts_all s_pkts_data videorate
0.0 10000.0 0.0 699.2799899414061 309.9296973659247 999.4619999999995 0.0 132027.87128826926 1069.75078767691 874.7606413531989 1086.6054988154906 189.99014632371092 1895705.040567371 1584.4435685780356 146.7715443996618 1584.4435685780356 1423.8173130397934 0.0
10000.0 20000.0 1395.5349980468673 727.0104939630683 342.6472736029695 999.8830000000016 70.02399999999761 24073.168821171716 848.4949718252403 813.2744761796653 848.4949718252403 35.22049564557507 1409860.6746610731 1038.2660245718812 28.37617231667851 1038.2660245718812 1009.8898522552026 0.0
20000.0 30000.0 4809.080142578125 744.8115203354781 316.25786646155325 998.5360000000001 104.13999999999942 11518.0 442.5122302083769 428.5122302083769 442.5122302083769 14.0 803134.7236721312 583.1623001138369 14.0 583.1623001138369 569.1623001138369 0.0
30000.0 40000.0 5217.932570312507 491.1999548117892 449.5316785422354 999.2209999999977 5.449060546874534 23938.6859688548 401.11655140566535 371.0942206369093 402.11655140566535 30.022330768756056 700023.9188052505 533.7148804011545 29.022330768756056 533.7148804011545 503.6925496323984 0.0
40000.0 50000.0 4001.964921874991 599.2017436967343 322.1480277079119 999.122000000003 4.957999999998719 256868.34022689768 630.079157212571 423.71139651414137 632.079157212571 204.36776069842966 753109.1313727773 691.4138995066934 142.36776069842966 691.4138995066934 545.0461388082637 0.0
50000.0 60000.0 4673.419998046884 457.63141880580326 424.2529221823771 999.1100000000006 0.0 9453.349954314483 493.5191483356031 481.5548462317297 493.5191483356031 11.964302103873447 843033.7390400846 618.689181528693 18.964302103873447 618.689181528693 598.7248794248195 0.0
60000.0 70000.0 5065.417828125006 641.3684193050998 383.90328396012796 998.6609999999928 56.763000000006286 14371.623849933023 444.4437189354054 422.7981125064645 445.4437189354054 19.64560642894083 764916.0959805483 568.3681928682249 15.64560642894083 568.3681928682249 550.7225864392841 0.0
70000.0 80000.0 3210.995826171871 758.5260999999991 348.9835411552418 999.5080000000016 6.111999999993714 11059.0 603.0 588.0 603.0 14.0 1104255.0 799.0 16.0 799.0 782.0 0.0
80000.0 90000.0 2033.499896484369 767.7563383246538 351.08703957709577 999.0329999999958 4.745999999999185 15881.553444875148 723.419285754183 703.6294455460072 723.419285754183 19.78984020817569 1339358.2053089149 968.9146769796383 18.78984020817569 968.9146769796383 950.1248367714627 0.0
90000.0 100000.0 4521.365033203139 470.77930507812465 406.84333649121226 998.8209999999963 4.967999999993481 74782.4360559009 530.4016035955026 464.7769819462037 532.4016035955026 64.62462164929894 817589.4407654424 635.5078192431 44.82783539540441 635.5078192431 587.6799838476956 0.0
100000.0 110000.0 3257.9711679687753 478.63692065429495 440.8178457610665 999.0749999999971 4.301000000006752 127742.01049922395 747.892667720205 629.3071295776797 749.892667720205 115.58553814252537 884747.6203322292 720.8838674843972 71.3823243964199 721.8838674843972 645.5015430879773 0.0
110000.0 120000.0 4659.141925781238 762.9797248883946 343.67338871530796 997.1639999999898 67.73000000001048 1712.0 650.9779442468716 638.9779442468716 650.9779442468716 12.0 911653.4555765325 652.7304210119844 6.0 652.7304210119844 646.7304210119844 0.0
120000.0 130000.0 4045.236992187507 549.6950916193177 456.1078190571254 999.5750000000116 7.204999999987194 5756.0 745.4687683755619 725.4687683755619 745.4687683755619 20.0 1019593.2859318454 734.8623804874378 10.0 734.8623804874378 724.8623804874378 0.0
130000.0 140000.0 3368.569089843746 613.3241736505694 422.4849582159822 997.4280000000144 5.2149999999965075 1886.2683007104151 825.3862038811059 811.4917999041637 825.3862038811059 12.894403976942163 1138398.6279051837 814.3574463399714 8.447201988471083 814.3574463399714 804.9102443515003 0.0
140000.0 150000.0 1975.7980351562146 363.46470776367397 431.24913361340884 999.8500000000058 4.38399999999092 6253.925091194982 1011.3565468088152 990.9668849546449 1012.3565468088152 20.389661854170438 1377053.9634808388 1002.0043759201599 21.19483092708522 1002.0043759201599 979.8095449930746 0.0
150000.0 160000.0 3163.3819960937544 533.6062310697117 471.9969242227113 999.5599999999977 4.0570000000006985 1860.8066080946023 875.0969796177546 860.3810454488673 876.0969796177546 12.715934168887399 1211892.400699013 865.739012533311 6.3579670844436995 865.739012533311 857.3810454488673 0.0
160000.0 170000.0 3090.258650390606 590.7305000000031 469.8192187844087 998.4880000000121 0.0 123567.0 958.0 845.0 959.0 112.0 1182363.0 911.0 57.0 912.0 851.0 0.0
170000.0 180000.0 2869.009000000049 714.5482999999949 414.5847359386774 999.9459999999963 5.997000000003027 2044.0 906.0 892.0 906.0 14.0 1261492.0 899.0 8.0 899.0 891.0 0.0
180000.0 190000.0 2049.326765624981 437.1874356496708 451.0687180023428 999.6330000000016 4.524999999994179 9077.84844656704 908.6893932032124 885.5767669896649 908.6893932032124 21.112626213547486 1246393.4091447592 906.8020194167598 19.225252427094976 906.8020194167598 886.5767669896649 0.0
190000.0 200000.0 1880.768277343741 811.9231722656259 333.48448844581037 999.9809999999998 0.0 2736.151553432959 888.3106067967876 873.4232330103351 888.3106067967876 14.887373786452512 1248317.5908552408 890.1979805832402 9.774747572905024 890.1979805832402 880.4232330103351 0.0
200000.0 210000.0 3043.8790234374756 780.2371085069478 352.854330299163 999.494000000006 66.01300000000629 5561.461137926401 867.4938190675664 848.2862218511423 867.4938190675664 19.207597216424098 1212622.5003909045 865.6824232429302 7.0 865.6824232429302 858.6824232429302 0.0
210000.0 220000.0 2180.0248105468636 525.6682755208342 466.1386473776438 999.140000000014 4.965999999985797 2175.5388620736 984.4100709785606 969.6176681949847 984.4100709785606 14.792402783575902 1361618.3354214027 973.4554169617668 11.0 973.4554169617668 962.4554169617668 0.0
220000.0 230000.0 3447.841998046846 517.9196200520868 444.1536898552961 998.3789999999863 4.771000000007916 110787.43956347126 899.2016061646613 795.4481664794547 900.1137286488209 101.75343968520654 1106730.2554140517 857.5378740358657 58.74853191391078 858.5378740358657 795.8772196377952 0.0
230000.0 240000.0 3145.041326171864 366.93486770148246 447.7387284240882 999.359999999986 4.64000000001397 10163.560436528744 865.4985964193058 845.2520361045124 865.5864739351462 19.24656031479345 1189128.7180295484 863.7613848048055 19.25146808608922 863.7613848048055 843.422039202876 0.0
240000.0 250000.0 3312.832070312579 525.0857693810025 458.4393956638655 999.4099999999744 2.9679999999934807 5100.560986045134 862.7757525555596 845.8465867655236 862.7757525555596 15.929165790035984 1170941.2934180761 842.4913557903453 4.964582895017992 842.4913557903453 833.5267728953274 0.0
250000.0 260000.0 3258.4468417969183 674.1553158203081 422.73030531501934 999.9419999999809 56.87400000001071 1665.9002871136834 851.9483245688552 840.5970603718118 851.9483245688552 11.351264197043434 1185494.5446174077 838.533764897261 2.6756320985217172 838.533764897261 835.8581327987392 0.0
260000.0 270000.0 1436.4970566405682 778.5002675781302 369.48614832029506 999.2019999999902 14.292000000015832 2190.538726841183 1015.671830245491 1000.9522602325704 1015.671830245491 14.719570012920581 1414391.3527086088 1008.5377802670254 8.35978500646029 1008.5377802670254 1000.177995260565 0.0
270000.0 280000.0 4266.471070312546 417.74807142856713 465.3469613882739 999.8439999999828 6.1859999999869615 5036.0 732.0 715.0 732.0 16.0 988715.0 718.0 10.0 718.0 707.0 0.0
280000.0 290000.0 1205.2119433594053 597.4100704427071 483.89336751989737 999.6060000000289 0.0 19881.12379248177 1129.6496713112422 1096.847720754123 1129.6496713112422 32.80195055711908 1571323.3598413216 1119.045770197004 13.0 1119.045770197004 1106.045770197004 0.0
290000.0 300000.0 3070.8823457030812 713.1953515624998 401.6432734887831 999.6849999999977 39.10700000001816 99038.5159710409 920.3036417452591 828.216196136579 921.3036417452591 92.08744560868014 1156114.8557538397 871.1287505278989 42.0 872.1287505278989 827.1287505278989 0.0
