ts te idle avg_span std_span max_span min_span c_bytes_all c_ack_cnt c_ack_cnt_p c_pkts_all c_pkts_data s_bytes_all s_ack_cnt s_ack_cnt_p s_pkts_all s_pkts_data videorate
0.0 10000.0 0.0 672.5653970927252 325.56189054981917 999.0220000000008 0.0 138230.04999534474 1200.7446174841773 1006.971005292958 1213.4446305522963 190.77361219121914 2103217.261021876 1724.6677205903316 140.42827255390438 1724.6677205903316 1571.5394349683081 0.0
10000.0 20000.0 2386.1659082031256 718.8475596923829 317.2812743806145 998.5690000000031 58.25 24110.919061322973 844.8245700899876 806.484763295116 844.8245700899876 35.33980679487149 1298442.888567786 960.8817766239414 29.551837346887524 960.8817766239414 928.3299392770539 0.0
20000.0 30000.0 5140.630228515627 743.1925294117648 309.17003463084814 999.4150000000009 57.34399999999732 10486.0 468.0 450.0 470.0 16.0 807367.0 597.0 16.0 597.0 578.0 0.0
30000.0 40000.0 4780.378113281251 572.3615441080723 437.8163196998558 999.7030000000013 0.05908203125 24624.117799338717 515.4504640708051 485.80494018202916 516.4504640708051 29.645523888775948 866961.8681527312 651.9669505096086 28.645523888775948 651.9669505096086 622.3214266208327 0.0
40000.0 50000.0 2886.6082011718827 645.0187097167964 353.11920843461684 999.6180000000022 5.532999999995809 252490.8822006613 719.3015502094185 528.9470740981944 720.3015502094185 189.35447611122405 991211.1031292569 824.3746205174559 112.35447611122405 824.3746205174559 709.020144406232 0.0
50000.0 60000.0 2508.626445312504 549.8618369140631 437.4901458064799 998.9210000000021 5.39100000000326 12745.518761641684 636.6124853596701 619.7280124081179 636.6124853596701 15.884472951552118 1115976.3825442973 815.5956216930516 21.88447295155212 815.5956216930516 792.7111487414995 0.0
60000.0 70000.0 4058.634291015609 557.7643997656252 413.64272547199454 998.6720000000059 0.0 7265.402527220373 462.1380685849585 450.9352994934853 462.1380685849585 9.202769091473208 862354.2257596835 627.9213849240324 12.202769091473208 627.9213849240324 613.7186158325591 0.0
70000.0 80000.0 5558.748128906242 549.7811438802088 392.4554077526865 996.8220000000001 0.0 8962.279427843256 405.4821754108825 390.4367621812085 406.4821754108825 13.04541322967399 715427.692261814 530.6517016276282 14.04541322967399 530.6517016276282 513.6062883979541 0.0
80000.0 90000.0 4040.4252851562487 649.5896868785508 426.6490495226893 999.0 0.0 15944.799283294687 557.0152563642654 537.1479116369647 557.0152563642654 19.867344727300683 949477.7281522173 695.4897207282232 17.867344727300683 695.4897207282232 677.6223760009226 0.0
90000.0 100000.0 4163.257878906254 582.8229565217391 436.70991050316275 997.1410000000033 4.797999999995227 80381.0 511.0 443.0 512.0 68.0 791512.0 616.0 46.0 616.0 569.0 0.0
100000.0 110000.0 3486.118898437475 513.1065315104177 455.7528903462438 998.7410000000091 4.823000000003958 122865.0 847.7760559449058 731.7760559449058 850.7760559449058 115.0 1041901.04044841 819.9828971035041 66.0 820.9828971035041 749.9828971035041 0.0
110000.0 120000.0 4009.30186328126 855.8140195312486 295.0724174561846 998.9869999999937 198.07802734375582 1712.0 709.4006201686559 697.4006201686559 709.4006201686559 12.0 1008769.3731551189 716.1937790100576 8.0 716.1937790100576 708.1937790100576 0.0
120000.0 130000.0 3227.0860937499965 621.0969005681823 424.9037023257823 999.8640000000014 5.671999999991385 5691.113361005408 838.1690880291292 818.764790673675 838.1690880291292 19.40429735545426 1160560.2985700918 824.764790673675 8.0 824.764790673675 816.764790673675 0.0
130000.0 140000.0 2021.0890312500123 665.7394973958313 416.98942705761783 999.9560000000056 4.5499999999883585 2142.886638994593 997.9410458262838 983.3453431817381 997.9410458262838 14.59570264454574 1395630.4449249147 981.4621145311908 6.0 981.4621145311908 975.4621145311908 0.0
140000.0 150000.0 3549.59071484374 350.80174023437615 449.8729485210892 998.7419999999984 4.63399999999092 5284.0 736.2969752503446 718.2969752503446 736.2969752503446 18.0 1015578.6672011511 735.5752938354657 19.0 735.5752938354657 716.5752938354657 0.0
150000.0 160000.0 4290.619097656221 570.9380902343779 447.6253878916499 995.9610000000102 7.13300000000163 1619.4437155833539 672.8587483252704 659.8346101319291 672.8587483252704 11.024138193341265 929570.5178304062 664.5038887129322 10.520115161117722 664.5038887129322 652.9837735518145 0.0
160000.0 170000.0 1473.0950996094034 614.987669921874 431.4800937230985 999.4249999999884 5.594000000011874 120108.55628441664 1094.5574664554101 987.5816046487514 1095.5574664554101 106.97586180665873 1395311.657869907 1041.5172361331747 54.47988483888228 1042.5172361331747 985.0373512942924 0.0
170000.0 180000.0 2658.7020000000193 566.2819999999975 491.98843723557326 998.8979999999865 4.421999999991385 2044.0 901.0 887.0 901.0 14.0 1261105.0 895.0 12.0 895.0 883.0 0.0
180000.0 190000.0 3009.251017578121 495.99605905331214 430.0141430737568 998.6160000000091 4.972000000008848 9799.0 886.743365939704 864.1816878205562 886.743365939704 22.0 1219179.7694181323 871.9830498390999 13.56167811914775 871.9830498390999 857.8596936008043 0.0
190000.0 200000.0 2660.752921874984 671.7577269176148 405.98126179568396 999.94200000001 50.087917968747206 2044.0 891.2566340602959 876.8183121794438 891.2566340602959 14.0 1252470.2305818677 889.0169501609003 9.43832188085225 889.0169501609003 879.1403063991957 0.0
200000.0 210000.0 2178.027064453141 789.1053935546864 349.78683573654916 999.9659999999858 69.08100000000559 5753.0 963.5440203035711 943.5440203035711 963.5440203035711 20.0 1355884.6492923363 960.847130286706 9.0 960.847130286706 951.847130286706 0.0
210000.0 220000.0 3609.8549687499763 493.2820024038464 473.4090186129005 999.3979999999865 4.98399999999674 2037.6894677771345 796.6280423933933 782.666057647748 796.6280423933933 13.961984745645388 1114622.862957563 788.362947664613 9.0 788.362947664613 779.362947664613 0.0
220000.0 230000.0 2043.4089589843643 490.8029399956609 439.93209032497646 999.6680000000051 4.978999999992084 85624.57439637238 1057.2026850454558 973.2741505455854 1057.8228271974222 81.92853449987038 1368587.7598364411 1012.491573572854 41.565401774724315 1013.491573572854 968.3060296461632 0.0
230000.0 240000.0 2415.588691406243 401.9798707031252 440.63555422722715 999.8999999999942 5.024999999994179 42999.73613585048 953.1971576279053 901.0876768734211 954.5770154759389 50.109480754484224 1279423.864068499 937.4123172602133 32.434598225275685 937.4123172602133 902.5978611869041 0.0
240000.0 250000.0 4698.414755859354 448.6582179361964 467.47733038383893 997.1149999999907 2.3580000000074506 5202.620665958906 668.9603647919839 651.2475122710208 668.9603647919839 16.712852520963068 913983.3328788859 658.4183013779231 6.0 658.4183013779231 648.4183013779231 0.0
250000.0 260000.0 2732.3119570311974 726.7688042968803 377.52390013730826 997.2760000000126 39.396000000007916 2306.003315374523 898.4330649542297 882.8469778286059 898.4330649542297 15.586087125623855 1259474.6135340908 888.4330649542297 6.0 888.4330649542297 882.4330649542297 0.0
260000.0 270000.0 3318.09785156243 674.5468148437561 400.983753465738 995.4760000000242 5.271999999997206 5279.959831883767 798.1203817196114 781.2231821632672 798.1203817196114 16.897199556344198 1116840.5482100213 794.7087993284047 9.196139202931118 794.7087993284047 785.5126601254735 0.0
270000.0 280000.0 3009.8351894531515 391.9392197265665 451.67376505866537 999.2150000000256 5.37400000001071 1547.8925515620688 852.3470105359595 840.7570891245481 852.3470105359595 10.589921411411378 1189513.2427352378 846.9744717531416 13.589921411411378 846.9744717531416 832.3845503417303 0.0
280000.0 290000.0 1858.2159785155673 592.9433526785745 452.50763257518554 999.5420000000158 0.0 19297.523635220736 1007.5672726278901 979.3533332422326 1007.5672726278901 28.213939385657504 1403269.126486925 997.3513938019146 16.213939385657504 997.3513938019146 981.137454416257 0.0
290000.0 300000.0 2489.003999999957 764.6227272727305 362.887084725286 998.765000000014 14.01600000000326 99657.0 984.0 893.0 985.0 90.0 1264190.0 945.0 47.0 945.0 896.0 0.0
