ts te idle avg_span std_span max_span min_span c_bytes_all c_ack_cnt c_ack_cnt_p c_pkts_all c_pkts_data s_bytes_all s_ack_cnt s_ack_cnt_p s_pkts_all s_pkts_data videorate
0.0 10000.0 0.0 699.1675864089443 336.5834056290205 999.375 0.0 139038.1928920234 1222.1745579134888 1022.9637813714357 1238.1542736515903 196.21077654205305 1974764.369042912 1642.3193112103143 148.2069048538987 1642.3193112103143 1481.132690618314 0.0
10000.0 20000.0 3175.153949218751 640.0585524193549 367.4864031009642 998.9060000000027 22.050999999999476 23858.66111109187 687.152230370274 655.0087160213777 687.152230370274 32.143514348896296 1112433.217045319 823.6269312339981 26.143514348896296 823.6269312339981 797.4834168851019 0.0
20000.0 30000.0 4584.422931640627 799.9198310546882 288.9486591293178 998.5310000000027 36.03600000000006 10401.171827093236 437.0668824858266 421.17412417091737 440.0668824858266 15.892758314909274 773640.1332741642 568.6351485629234 14.892758314909274 568.6351485629234 551.7423902480141 0.0
30000.0 40000.0 4499.629150390618 541.2864054827015 444.2320542888164 999.9369999999981 2.790000000000873 26872.06302534861 512.9930628236816 475.96254480975017 515.9930628236816 34.03051801393144 859057.3837179423 658.9658528022233 34.03051801393144 658.9658528022233 619.9353347882918 0.0
40000.0 50000.0 3627.432041015629 630.7560866815471 367.8600002559605 997.9630000000034 5.427999999999884 245447.70836509488 616.3208593793304 424.55687316774583 617.3208593793304 189.76398621158458 786190.2053740162 703.1525055996901 134.76398621158458 703.1525055996901 565.3885193881056 0.0
50000.0 60000.0 3947.0470585937583 428.57095797413683 389.5949733520859 996.1959999999963 5.0570000000006985 13322.651923393085 460.6901649326239 443.0234340426414 460.6901649326239 16.666730889982453 802669.2780384861 595.9124081270148 22.666730889982453 595.9124081270148 572.2456772370325 0.0
60000.0 70000.0 5141.977023437488 591.8150214843749 362.98856955617794 999.9020000000019 104.54799999999523 7312.337218503928 416.96449733312835 406.7050285644054 416.96449733312835 9.259468768722964 699891.3254301981 508.89221749402645 11.259468768722964 508.89221749402645 496.63274872530354 0.0
70000.0 80000.0 5201.634738281267 561.2085619860193 398.9024730437975 995.5819999999949 0.0 8995.06764056626 435.96453304540915 423.57799524453986 435.96453304540915 11.38653780086929 732286.6741651931 537.4418674141216 13.38653780086929 537.4418674141216 522.0553296132523 0.0
80000.0 90000.0 5272.531806640633 635.0677777777778 402.8149584618904 999.195000000007 6.289999999993597 14406.0 454.0 436.0 454.0 18.0 774794.0 572.0 18.0 572.0 554.0 0.0
90000.0 100000.0 3959.5416582031175 591.5673846153849 436.0078809316255 999.7299999999959 5.024000000004889 77919.0 559.0 494.0 560.0 65.0 926916.0 713.0 48.0 713.0 664.0 0.0
100000.0 110000.0 3938.808144531242 504.02608007812313 459.4623072815404 999.119000000006 5.184999999997672 120417.0 786.3920078032722 672.3920078032722 788.3920078032722 114.0 967487.4547583726 774.0486377859752 66.0 775.0486377859752 705.0486377859752 0.0
110000.0 120000.0 3203.0091210937535 849.6238598632808 256.60040138904037 999.9789999999921 343.3538789062586 2044.0 837.6079921967278 823.6079921967278 837.6079921967278 14.0 1131634.5452416274 809.9513622140248 9.0 809.9513622140248 800.9513622140248 0.0
120000.0 130000.0 4381.045000000013 631.5057777777741 462.9345923925921 999.7740000000049 6.64100000000326 5370.0 701.0 683.0 701.0 18.0 958604.0 691.0 9.0 691.0 682.0 0.0
130000.0 140000.0 3621.7960527343675 638.3298947265633 468.8400394810496 999.6499999999942 5.095000000001164 2044.0 744.7403253197168 730.7403253197168 744.7403253197168 14.0 1062648.7611506775 759.9278664438269 9.0 759.9278664438269 750.9278664438269 0.0
140000.0 150000.0 3615.5480878906383 331.01409912109375 437.11161964580265 999.7410000000091 5.261999999987893 5508.657099705786 793.9832214413717 775.2744437323007 793.9832214413717 18.708777709071004 1071410.1944870502 781.0869026081907 20.708777709071004 781.0869026081907 760.3781248991197 0.0
150000.0 160000.0 3161.1728300781106 584.1937641601568 420.7928288627754 999.5599999999977 4.630000000004657 1926.3429002942135 826.802257868169 812.51103557724 826.802257868169 13.291222290928996 1150691.8549827551 826.960489139041 10.291222290928996 826.960489139041 815.669266848112 0.0
160000.0 170000.0 3882.7850703125005 520.1884002278651 427.3751857720496 999.8820000000123 8.192999999999302 123743.74964466247 736.8065161631174 625.5512616444552 737.8065161631174 109.25525451866224 885630.087206456 695.9916958855306 55.37937876555186 696.9916958855306 638.6123171199787 0.0
170000.0 180000.0 1836.537906249985 584.410935267858 448.2817167294948 999.814000000013 6.62400000001071 1912.098243571842 1007.7145662196309 994.9662140450619 1007.7145662196309 12.748352174568986 1401554.5188477791 998.0889496684948 11.290293478807488 998.0889496684948 986.7986561896873 0.0
180000.0 190000.0 3017.1130957031564 417.4905557725676 446.58706431404477 998.6549999999988 5.23399999999674 8682.15211176568 861.9531129879941 842.9567196812254 861.9531129879941 18.99639330676878 1183098.583325282 853.9440962549161 15.330327755640651 853.9440962549161 838.6137684992755 0.0
190000.0 200000.0 2762.9572578125226 751.3426999999967 392.6554197076477 999.5950000000012 45.89499999998952 3322.0 831.0 811.0 831.0 18.0 1162506.0 846.0 17.0 846.0 828.0 0.0
200000.0 210000.0 3259.1889121093845 849.697510986327 327.1267018461598 998.0489999999991 56.76900000000023 5402.0 819.2310044841795 801.2310044841795 819.2310044841795 18.0 1150218.8744034083 826.2310044841795 11.0 826.2310044841795 815.2310044841795 0.0
210000.0 220000.0 3084.4090214843745 532.9533060396632 459.43017858905534 997.4029999999912 6.206000000005588 2044.0 859.8550275515727 845.8550275515727 859.8550275515727 14.0 1185875.0569322053 849.3753900085471 10.0 849.3753900085471 839.3753900085471 0.0
220000.0 230000.0 1553.29035742188 539.9579626850333 416.47621298303636 998.2410000000091 6.290000000008149 104714.55006003121 1064.4583938177961 959.3981560416987 1067.2058636548109 104.06023777609755 1374467.777319284 1059.016610028456 66.89879348058537 1060.016610028456 987.3703467108559 0.0
230000.0 240000.0 3058.4459082030808 344.5976055617572 442.0755386977692 999.439000000013 4.687999999994645 26741.44993996878 902.9153325224416 868.9755702985392 903.1678626854269 32.939762223902434 1203094.7788748909 878.6249055447595 26.10120651941463 878.6249055447595 851.2711688623597 0.0
240000.0 250000.0 3423.139041015762 474.7149256417303 480.7572357759205 999.7509999999893 2.474999999976717 5431.880725012165 843.6735419300517 824.6260676829904 843.6735419300517 18.04747424706124 1158799.4856328287 836.7429674989158 6.0 836.7429674989158 825.7429674989158 0.0
250000.0 260000.0 4126.011013671814 652.665442925354 424.3923215964136 999.0420000000158 9.89000000001397 2236.2562824766883 726.3054767001696 709.291884637057 727.3054767001696 16.013592063112583 997287.82580223 714.3868331311795 6.0 714.3868331311795 707.3868331311795 0.0
260000.0 270000.0 3258.501748046954 567.4738543294176 429.9456138041175 999.7710000000079 5.618000000016764 5553.862992511146 822.848196910989 803.9092632211629 822.848196910989 18.938933689826182 1125150.74561164 812.2766737736949 14.0 812.2766737736949 798.2766737736949 0.0
270000.0 280000.0 4189.387222656282 365.11392358398007 439.28342885698396 999.7779999999912 2.7330000000074506 1619.5886857825515 681.1993433150146 669.1741889754173 681.1993433150146 11.025154339597323 946012.1071666225 684.8654718819457 13.504192389932888 684.8654718819457 670.3612794920128 0.0
280000.0 290000.0 4133.553999999887 401.97793333334073 453.0011074307893 999.8560000000289 0.0 18926.22033101271 742.9362558756006 715.8903303833481 742.9362558756006 27.045925492252415 1004851.358092582 723.2590923862068 12.352671475546902 723.2590923862068 709.90642091066 0.0
290000.0 300000.0 4079.1309179688105 689.80819511718 397.90097918016636 999.4380000000237 39.913999999989755 99315.19098320474 795.5774268921846 706.6485067240342 796.5774268921846 88.92892016815026 986517.9901643083 752.2210512621151 43.14313613452021 753.2210512621151 707.0779151275949 0.0
