ts te idle avg_span std_span max_span min_span c_bytes_all c_ack_cnt c_ack_cnt_p c_pkts_all c_pkts_data s_bytes_all s_ack_cnt s_ack_cnt_p s_pkts_all s_pkts_data videorate
0.0 10000.0 211.76904296875 767.658229383674 312.21088910995974 999.7199999999721 4.974999999976717 41998.25956078944 960.9068722900898 900.7571508727715 971.9068722900898 56.14972141731833 1943102.864495233 1454.8416382414182 53.7637523551153 1454.8416382414182 1393.0778858863032 0.0
10000.0 20000.0 2386.3487246093573 806.0018696874986 289.76816239054443 999.7519999999786 65.06591406249208 14896.740439210556 916.0931277099102 897.2428491272285 916.0931277099102 18.85027858268167 1414641.1355047668 1018.1583617585817 16.236247644884703 1018.1583617585817 1000.922114113697 0.0
20000.0 30000.0 3013.472806640668 685.4661330566402 421.43660879809113 998.7880000000005 0.0 10262.0 698.4183631134322 685.4183631134322 698.4183631134322 13.0 1239213.6308968642 886.187233688969 10.0 886.187233688969 875.187233688969 0.0
30000.0 40000.0 3329.6220410155947 733.9692908296156 356.567503282473 998.1329999999725 8.231000000028871 9475.0 595.4354182370469 582.4354182370469 595.4354182370469 12.0 1122211.1056101522 806.9169235288294 13.0 806.9169235288294 792.9169235288294 0.0
40000.0 50000.0 2142.180699218705 824.7813477450294 265.7766752055044 999.8580000000075 161.5256992187351 10497.367222596378 628.9515161209514 615.6602806941545 628.9515161209514 13.29123542679694 1171347.7680591503 836.634165481065 11.29123542679694 836.634165481065 825.3429300542681 0.0
50000.0 60000.0 4692.577015625022 630.7667808388176 378.29683279745683 999.6979999999749 7.158999999985099 10035.632777403622 487.5394985216387 474.83073394843564 487.5394985216387 12.70876457320306 889273.6700979815 641.3946829480909 11.70876457320306 641.3946829480909 629.6859183748879 0.0
60000.0 70000.0 4253.318867187481 734.3117773437579 318.889066342899 998.5050000000047 58.31400000001304 8588.23280284791 526.7530549575348 515.8771896108037 526.7530549575348 10.875865346731196 966869.7016553807 692.6032217172076 10.118196705084694 692.6032217172076 682.4850250121228 0.0
70000.0 80000.0 2615.486046875012 726.1155421697423 374.28455574676263 998.2609999999986 0.0 8056.766877508382 589.2290174639004 579.0164249163313 589.2290174639004 10.21259254756909 1083099.9200863494 774.5636778876453 10.970261189215591 774.5636778876453 763.5934166984298 0.0
80000.0 90000.0 3929.8002421875135 853.2851150173551 239.5390764949953 998.4959999999846 161.3740000000107 10999.000319643706 544.6731315854958 530.7615894797959 544.6731315854958 13.911542105699715 1020014.2035941221 733.7000947481926 12.911542105699715 733.7000947481926 720.7885526424928 0.0
90000.0 100000.0 6069.187863281288 733.155272727266 330.2374730790148 999.5189999999711 5.047000000020489 7892.0 357.0 347.0 357.0 10.0 639974.0 462.0 10.0 462.0 452.0 0.0
100000.0 110000.0 831.4340000000084 916.8565999999992 193.47813323027157 999.8939999999711 400.5889999999781 5262.0 939.0 915.0 940.0 22.0 1317287.0 949.0 16.0 949.0 931.0 0.0
110000.0 120000.0 2979.345744140621 780.0726950954866 363.39413344777086 998.5100000000093 3.172000000020489 2044.0 837.1990685032989 823.1990685032989 837.1990685032989 14.0 1189796.6723302756 846.0211744243509 11.0 846.0211744243509 834.0211744243509 0.0
120000.0 130000.0 3378.0222558593377 662.1977744140662 438.30101775862227 998.6520000000019 17.40500000002794 2376.0 760.0063022968817 744.0063022968817 760.0063022968817 16.0 1084803.980145415 774.2890009059898 12.0 774.2890009059898 762.2890009059898 0.0
130000.0 140000.0 2053.344984375057 794.6655015624943 303.5420364612437 999.4029999999912 298.45799999998417 2044.0 966.9560462893 952.9560462893 966.9560462893 14.0 1356228.3847293016 958.2365330958557 6.0 958.2365330958557 952.2365330958557 0.0
140000.0 150000.0 3249.997941406211 562.5001715494824 468.7797475703201 998.6570000000065 0.0 2118.514576503774 817.5135884045027 803.1402008942028 817.5135884045027 14.373387510299823 1147467.5864983941 815.7855560184294 11.462903580256992 815.7855560184294 804.3226524381724 0.0
150000.0 160000.0 4551.896164062433 605.9809817708382 419.6413586061233 998.4230000000098 5.724999999976717 1201.9588015228926 678.9299118223377 670.4233446886191 678.9299118223377 8.506567133718443 945771.3069306805 668.1526075157134 5.771362695750836 668.1526075157134 662.3812448199625 0.0
160000.0 170000.0 2297.1179101563175 770.2882089843682 393.0564907403353 999.9519999999902 0.0 1955.526621973333 973.395082683679 960.2750373276973 973.395082683679 13.120045355981734 1365092.069365933 958.5151280396608 2.7657337239921715 958.5151280396608 955.7493943156686 0.0
170000.0 180000.0 1316.8779999999097 868.312200000009 272.61678108159884 998.2980000000098 348.24099999998 2373.0 1057.0 1041.0 1057.0 16.0 1488859.0 1052.0 10.0 1052.0 1042.0 0.0
180000.0 190000.0 2981.4550605468685 639.6147217684615 484.6141615152688 999.9050000000279 4.942999999970198 2044.0 790.3606373864392 776.3606373864392 790.3606373864392 14.0 1137150.3178364723 811.3606373864392 14.0 811.3606373864392 797.3606373864392 0.0
190000.0 200000.0 1768.73987890617 785.2248291903471 323.1668621827075 997.4300000000512 60.51806054683402 2821.0 928.7671260227681 913.7671260227681 928.7671260227681 15.0 1333155.464415345 947.7076899405208 13.0 947.7076899405208 934.7076899405208 0.0
200000.0 210000.0 3260.6811015625717 673.9318898437429 426.513645060619 999.7789999999804 14.786939453100786 2274.0933944544086 758.293649182144 742.907544396274 758.293649182144 15.386104785869932 1063631.6464067448 754.9669804785215 8.0 754.9669804785215 746.9669804785215 0.0
210000.0 220000.0 1941.5570488281082 805.8442951171892 289.75213751091553 999.5849999999627 174.73291015625 2142.9066055455914 947.8002439979604 933.1863487838303 947.8002439979604 14.613895214130068 1344365.9160140173 954.6614277620356 12.0 954.6614277620356 942.6614277620356 0.0
220000.0 230000.0 3390.501917968737 734.3886757812514 374.639331396367 999.6010000000242 50.447999999974854 1637.946870735077 801.714035840399 790.560202634312 801.714035840399 11.153833206086988 1109917.9386924277 784.9184289359619 4.576916603043494 784.9184289359619 780.3415123329183 0.0
230000.0 240000.0 3247.4270253904397 564.1170812174581 457.39173829280634 998.4290000000037 5.3549999999813735 1642.2709615317235 842.8202523222949 831.6438264032668 842.8202523222949 11.176425919028082 1172593.3459032602 829.3766796236089 7.470263271972944 829.3766796236089 821.906416351636 0.0
240000.0 250000.0 3055.225966796861 868.0967541503924 282.38613746891366 999.2920000000158 186.26500000001397 1995.7821677331995 871.2440552479945 857.5743143731095 871.2440552479945 13.669740874884928 1222663.3707317323 859.0081558729123 1.9528201249835613 859.0081558729123 857.0553357479287 0.0
250000.0 260000.0 1307.7469101562165 869.2253089843783 271.6740814669436 999.0320000000065 283.8530000000028 2376.0 1028.172720365741 1012.172720365741 1028.172720365741 16.0 1439311.8109416727 1012.6807760387953 6.0 1012.6807760387953 1006.6807760387953 0.0
260000.0 270000.0 2938.786179687362 882.6517275390797 283.02507369126283 999.158000000054 186.68191015627235 2044.0 828.490605460754 814.490605460754 828.490605460754 14.0 1186849.4270606847 839.9825497876996 9.0 839.9825497876996 830.9825497876996 0.0
270000.0 280000.0 2217.6562871094793 599.4173146033517 455.9361740262736 999.8619999999646 4.942999999970198 2044.0 957.3366741735051 943.3366741735051 957.3366741735051 14.0 1321947.7619976425 938.3366741735051 10.0 938.3366741735051 928.3366741735051 0.0
280000.0 290000.0 2995.4409667968284 778.2843370225746 405.5724603175738 998.9980000000214 8.23899999994319 2044.0 876.909603219714 862.909603219714 876.909603219714 14.0 1230396.8576670624 866.9183257160573 5.0 866.9183257160573 861.9183257160573 0.0
290000.0 300000.0 4542.207738281228 779.6846088169675 379.6218844945637 998.1049999999814 0.7099667969159782 2044.0 678.5363993863423 664.5363993863423 678.5363993863423 14.0 956138.3860856587 676.5276768899989 5.0 676.5276768899989 671.5276768899989 0.0
