ts te idle avg_span std_span max_span min_span c_bytes_all c_ack_cnt c_ack_cnt_p c_pkts_all c_pkts_data s_bytes_all s_ack_cnt s_ack_cnt_p s_pkts_all s_pkts_data videorate
0.0 10000.0 330.10205078125 824.6511488396136 286.7645861157803 999.9029999999984 0.0 42432.648854472885 1024.25063483007 964.0099165794729 1033.25063483007 56.240718250597084 2119354.668724479 1577.0603055276465 51.633289862729896 1577.0603055276465 1518.4270156649168 0.0
10000.0 20000.0 1438.2953808593738 858.664997578125 181.88884112564307 998.6630000000005 372.775999999998 13242.351145527113 970.7493651699299 953.9900834205271 970.7493651699299 16.75928174940292 1604651.331275521 1151.9396944723535 17.366710137270108 1151.9396944723535 1134.5729843350832 0.0
20000.0 30000.0 5004.2770019531235 872.6122666666668 202.70252784119268 999.5080000000016 333.9259999999995 9475.0 486.0 474.0 486.0 12.0 829130.0 600.0 12.0 600.0 588.0 0.0
30000.0 40000.0 4764.7387949218755 857.7036582031258 232.3277303009435 999.5080000000016 267.264892578125 11012.732005475462 459.4216722769238 445.4788288356669 459.4216722769238 13.942843441256898 845834.4802408899 610.7907707801427 13.942843441256898 610.7907707801427 596.8479273388857 0.0
40000.0 50000.0 5386.810886718755 656.9495186767572 379.16798011248665 999.9339999999938 56.69501953125291 8558.237342821925 359.972499787123 349.13054998360894 359.972499787123 10.841949803514048 665440.4635289621 482.5341409972729 10.841949803514048 482.5341409972729 471.69219119375884 0.0
50000.0 60000.0 4902.020839843739 735.4176116943363 239.61011602517934 997.2219999999943 370.81409570312826 9240.384073845322 431.47655901726716 419.77462834357 431.47655901726716 11.701930673697184 818647.4315021308 590.6372906235036 11.701930673697184 590.6372906235036 578.9353599498065 0.0
60000.0 70000.0 5582.720931640622 604.3770815716904 358.9817625658897 999.0899999999965 54.727294921875 7502.127023947959 394.2853315343177 384.7849167763376 394.2853315343177 9.500414757980169 685877.2642006523 494.61662075680914 9.500414757980169 494.61662075680914 485.116205998829 0.0
70000.0 80000.0 5191.04759570313 800.4011769531246 211.52275616487788 996.2829999999958 423.55800000000454 8698.519553909333 445.84393738436825 434.83107606081654 445.84393738436825 11.012861323551704 780955.3605273649 562.4211768422717 11.012861323551704 562.4211768422717 551.40831551872 0.0
80000.0 90000.0 3887.099027343749 822.7538823529424 296.88522980730295 995.7590000000055 158.31299999999464 11058.0 515.0 501.0 515.0 14.0 935318.0 675.0 14.0 675.0 661.0 0.0
90000.0 100000.0 5820.104191406252 853.3940000000015 187.89543872783779 994.0299999999988 324.00900000000547 7892.0 411.0 401.0 411.0 10.0 676030.0 489.0 10.0 489.0 479.0 0.0
100000.0 110000.0 2367.3241093749966 848.0750989583337 295.3350892499351 998.3830000000016 199.337890625 5055.0 876.8378808183357 854.8378808183357 877.8378808183357 22.0 1223463.797198886 887.2389961771064 17.0 887.2389961771064 869.2389961771064 0.0
110000.0 120000.0 4167.208574218705 833.2559179687565 331.4030557083952 997.7030000000086 93.83010937500512 2158.4844288943655 689.9903594113856 675.3006941770822 689.9903594113856 14.689665234303407 974283.2459399856 696.2099135840083 7.0 696.2099135840083 689.2099135840083 0.0
120000.0 130000.0 2266.953998046869 859.2273335503479 280.1293051275591 999.820000000007 154.93168359374977 2069.38183227108 936.1830479942015 922.0120731010023 936.1830479942015 14.170974893199274 1319264.0882407427 937.7017383353057 9.860640127502682 937.7017383353057 927.8410982078029 0.0
130000.0 140000.0 1878.509240234387 812.1490759765613 382.6058768605662 999.7300000000105 69.38268164062174 2084.4493275019195 956.4448017645715 942.2011311169695 956.4448017645715 14.243670647601926 1353652.2977634077 961.9925095667603 7.139359872497318 961.9925095667603 954.853149694263 0.0
140000.0 150000.0 2817.4061503905978 653.4792633167632 434.7710422329552 998.4049999999988 5.679999999993015 1890.7099629602978 891.9596517249812 879.0275454593057 891.9596517249812 12.932106265675557 1241651.0655458237 884.7672683563235 8.614566816312067 884.7672683563235 876.1527015400113 0.0
150000.0 160000.0 1009.6500097656681 817.3045445667575 324.1616134216682 999.0499999999884 191.6520253906201 2029.3406485523997 1137.7160870494533 1123.9508718459808 1137.7160870494533 13.765215203472607 1585587.0756849356 1118.6869812472564 4.28624930581432 1118.6869812472564 1114.400731941442 0.0
160000.0 170000.0 2953.325082031224 704.6674917968776 389.23474127552413 999.6989999999932 8.8798828125 1509.239900654678 872.8544763686785 862.6027948220336 872.8544763686785 10.251681546644939 1210670.2348252295 858.4688685511936 6.125840773322469 858.4688685511936 852.3430277778713 0.0
170000.0 180000.0 2890.3168828125054 888.7103896484368 244.4785010105336 999.1549999999988 298.1710000000021 2036.3938991652599 881.0136948683923 867.0670086592901 881.0136948683923 13.946686209102289 1225694.1948009892 873.9337241820458 7.9733431045511445 873.9337241820458 865.9603810774946 0.0
180000.0 190000.0 2589.4888867187547 571.0647692307673 486.5594067639888 999.7200000000012 5.486999999993714 2824.0 902.0 887.0 902.0 15.0 1252133.0 892.0 8.0 892.0 884.0 0.0
190000.0 200000.0 1765.5358984375198 823.446410156248 363.38247632226853 998.7509999999893 101.2041015625 2376.0 1016.1775356849998 1000.1775356849998 1016.1775356849998 16.0 1427472.7146462102 1016.0400271885713 10.0 1016.0400271885713 1006.0400271885713 0.0
200000.0 210000.0 2015.732205078093 798.4267794921907 343.1738161307605 999.06700000001 145.24700000000303 1984.6440518530012 949.4842861810974 935.8418521337902 949.4842861810974 13.642434047307237 1337467.3669785766 951.6217946775259 9.0 951.6217946775259 942.6217946775259 0.0
210000.0 220000.0 3199.002968749992 755.6663368055565 334.485987898519 999.7399999999907 143.200927734375 1961.1537653236053 797.6883022218884 784.1873759247583 797.6883022218884 13.500926297130151 1124789.1770010001 805.544941877451 10.0 805.544941877451 795.544941877451 0.0
220000.0 230000.0 1379.3409726562386 862.0659027343761 198.1478678746466 998.9519999999902 477.303955078125 2186.2021828233937 1021.9997221714752 1007.1430825159126 1021.9997221714752 14.856639655562612 1415900.9238404806 1009.3017511448106 11.0 1009.3017511448106 998.3017511448106 0.0
230000.0 240000.0 3557.252957031247 647.656804296875 463.6883623150216 999.7520000000077 5.665000000008149 2208.759636638745 733.6937289800535 718.7012010484948 733.6937289800535 14.992527931558707 1028778.9585524973 742.5425324195968 14.992527931558707 742.5425324195968 727.5500044880381 0.0
240000.0 250000.0 2827.656921875023 717.2343078124977 383.4543806005025 998.3369999999995 7.431001953140367 2211.240363361255 868.0219014351543 853.014429366713 868.0219014351543 15.007472068441293 1206435.208868036 863.4260884671152 10.007472068441293 863.4260884671152 853.4186163986739 0.0
250000.0 260000.0 4562.65707812499 906.2238203125016 109.71640269456104 996.9130000000005 697.6899238281185 1644.9983713933225 668.8548633739591 657.3245009576508 668.8548633739591 11.530362416308336 931460.2241681865 662.7387478980195 3.9217270693847226 662.7387478980195 658.8170208286348 0.0
260000.0 270000.0 1929.3910859375028 733.691719460227 374.90361034352065 999.414999999979 78.22800195310265 1889.082179148478 976.5455244479332 963.9584998277337 976.5455244479332 12.587024620199612 1363270.879367393 968.4260613782327 8.136966448869252 968.4260613782327 960.2890949293634 0.0
270000.0 280000.0 3437.556912109372 730.5042319878444 425.78677778036325 999.189000000013 5.86099999997532 1741.9194494581996 788.534135503439 776.6515225399469 788.534135503439 11.882612963492052 1095806.5465776194 781.358054948677 6.941306481746026 781.358054948677 774.416748466931 0.0
280000.0 290000.0 3368.0839921874576 829.66525097657 343.2084879252567 999.6369999999879 5.4060000000172295 2337.9025452625974 774.3941466197293 758.6236493591111 774.3941466197293 15.770497260618056 1104845.4909321605 792.541660316639 10.0 792.541660316639 782.541660316639 0.0
