ts te idle avg_span std_span max_span min_span c_bytes_all c_ack_cnt c_ack_cnt_p c_pkts_all c_pkts_data s_bytes_all s_ack_cnt s_ack_cnt_p s_pkts_all s_pkts_data videorate
0.0 10000.0 5.181671875001484 584.5095972508841 361.61552252938895 999.8209999999999 0.0 126563.48286656738 1326.372055483049 1132.793454077776 1344.0499309649367 189.57860140527322 2028883.0643451964 1665.4308231178718 131.75999192039944 1665.4308231178718 1519.9929557155847 0.0
10000.0 20000.0 115.28414062500815 660.532366699219 353.93173578315015 999.773000000001 94.14899999999761 14286.228963780854 1316.0283890607539 1274.2427415298425 1316.0283890607539 41.78564753091119 1762975.6678544166 1270.8428304744527 16.078483185740197 1270.8428304744527 1254.7643472887125 0.0
20000.0 30000.0 1849.028402343749 815.0971597656251 242.5935857777026 999.0219999999972 443.65087890625 2263.772053029659 991.8535420916612 976.6082758425922 991.8535420916612 15.245266249068992 1380423.8693663878 986.9073107055893 10.44462282440039 986.9073107055893 976.462687881189 0.0
30000.0 40000.0 2963.8308867187516 393.0632164884867 419.04021129964633 999.9599999999991 5.055999999996857 18452.74861231276 845.1482806926033 812.0551550435747 846.1482806926033 32.09312564902858 1127872.5453869738 840.040803532357 29.98237129782936 840.040803532357 807.0584322345278 0.0
40000.0 50000.0 1827.1190546875077 595.6356371299346 438.7430097748905 999.7360000000044 5.07499999999709 245490.62010032084 1173.3328489073951 978.9008191949252 1175.3328489073951 193.43202971246978 1382521.4322615378 1128.9979154503826 141.43202971246978 1128.9979154503826 984.5658857379129 0.0
50000.0 60000.0 3031.604984375008 443.57528837316204 459.2114881624678 999.176999999996 2.437000000005355 2953.4547108114657 882.2732804035504 866.13230423825 883.2732804035504 16.14097616530048 1201859.4228970343 873.3834279672114 18.14097616530048 873.3834279672114 853.242451801911 0.0
60000.0 70000.0 2678.5830527343787 682.6141818181812 436.2591558992936 999.1399999999994 93.096000000005 5431.0 885.0 867.0 885.0 18.0 1222788.0 877.0 11.0 877.0 866.0 0.0
70000.0 80000.0 1742.0419843750133 650.0172868303562 432.2370752699698 999.0620000000054 5.259999999994761 3519.0 999.3489175777507 979.3489175777507 1000.3489175777507 17.0 1405109.3575802168 1014.5226380052065 13.0 1014.5226380052065 998.5226380052065 0.0
80000.0 90000.0 1675.815095703103 532.5593470818028 427.7777675266768 999.125 4.929000000003725 6929.0 1041.2932238398007 1013.2932238398007 1043.2932238398007 25.0 1429236.194993529 1042.6521186990974 19.0 1042.6521186990974 1019.6521186990974 0.0
90000.0 100000.0 3339.4222011718666 423.372680338541 436.76589775541174 999.275999999998 4.794999999998254 53660.204919756674 859.243794202329 799.2150939022961 861.9866213628798 58.02870030003299 1106789.0533906661 836.8717212787374 40.313506174318874 836.8717212787374 793.8153879438678 0.0
100000.0 110000.0 1695.4531679687643 467.4934297656239 415.8913728794679 999.0209999999934 0.0 142678.87610677228 1086.5018438723355 953.2228271450856 1087.7590167117849 132.27901672724994 1326253.0228735227 1044.9567355637407 77.99421085296407 1044.9567355637407 963.7053518713274 0.0
110000.0 120000.0 2101.8500058593927 789.8149994140607 310.6061094465421 999.929999999993 186.64000000001397 2155.9189734710326 974.666065915243 959.973782942526 974.666065915243 14.692282972717063 1364702.3910105026 971.0506318606772 6.692282972717062 971.0506318606772 964.3583488879601 0.0
120000.0 130000.0 2979.7090332031075 544.5679205228382 446.5475116338275 999.8710000000137 6.826999999990221 5353.0 868.5826818819004 850.5826818819004 868.5826818819004 18.0 1187727.7095981794 856.3823965124523 11.0 856.3823965124523 845.3823965124523 0.0
130000.0 140000.0 3333.092884765618 606.9917377485809 454.2663746931241 999.9409999999916 4.771000000007916 1774.946616911468 819.1680265351964 806.8930510503308 819.1680265351964 12.27497548486571 1132072.5219259697 811.2082726804296 11.564985290919427 811.2082726804296 799.6432873895102 0.0
140000.0 150000.0 2113.2939707031182 405.65210263671906 455.6461122188197 999.3299999999872 4.74299999998766 5480.487757112477 1004.3432593018215 986.1689284267062 1004.3432593018215 18.174330875115214 1380421.3099084967 993.2594353326426 14.476103342398012 993.2594353326426 978.7833319902445 0.0
150000.0 160000.0 3165.230076171836 624.887447620742 453.62665069186767 999.4729999999981 7.597000000008848 1694.5656259760547 843.8521868736227 832.3014932336035 843.8521868736227 11.550693640019075 1170416.4387189168 837.0960500670163 7.958911366682562 837.0960500670163 829.1371387003338 0.0
160000.0 170000.0 2460.59510742189 557.3709404947896 445.19673710776857 999.9079999999958 4.905999999988126 78603.64319071738 967.2979556266171 890.6297955626617 967.8766800719497 75.6681600639554 1252300.5980366974 940.7787733759703 40.41280447731042 941.7787733759703 897.7872444533272 0.0
170000.0 180000.0 1934.8051074217947 672.9183243815181 421.03443868152635 999.9189999999944 4.529000000009546 41906.356809282624 916.7020443733829 872.3702044373383 917.1233199280503 44.33183993604461 1241909.4019633026 904.2212266240298 23.58719552268959 904.2212266240298 880.2127555466728 0.0
180000.0 190000.0 2390.4570156249683 484.94218003217077 467.18158488086306 998.9560000000056 4.344000000011874 9316.0 978.1123152215691 954.7630823875943 978.1123152215691 23.0 1349617.2523271274 973.409384807056 13.349232833974863 973.409384807056 959.7109191391062 0.0
190000.0 200000.0 2944.9629140625184 609.8646674804671 419.1247968313773 997.4700000000012 6.440999999991618 2824.0 877.6518199151668 862.0010527491416 877.6518199151668 15.0 1217558.5142502738 870.8446534124128 7.650767166025138 870.8446534124128 862.5431190803625 0.0
200000.0 210000.0 3554.1349902343645 723.0783344184035 356.55704796341746 998.9670000000042 61.83999999999651 5295.199891348201 791.9330250371884 774.6727847278619 791.9330250371884 17.260240309326512 1085554.0916353539 778.6897085180135 7.506826872884343 778.6897085180135 771.1828816451292 0.0
210000.0 220000.0 1697.1530976562935 556.814393489579 444.5181690264046 999.94200000001 4.722999999998137 2166.800108651799 1027.3556054391752 1012.6158457485017 1027.3556054391752 14.739759690673486 1431186.491082751 1023.1090188756173 12.493173127115657 1023.1090188756173 1010.6158457485017 0.0
220000.0 230000.0 3538.674427734397 521.4249987980741 425.4236276775461 999.0439999999944 5.37400000001071 24366.0 846.574026354223 811.574026354223 846.574026354223 33.0 1127678.1583285371 823.4293554248318 15.0 823.4293554248318 807.4293554248318 0.0
230000.0 240000.0 2823.8737207031227 404.9610468750005 452.29038700905323 999.9830000000075 4.1969999999855645 97688.3930248628 947.8810826256837 857.4630523554258 948.8810826256837 89.41803027025786 1198460.790068841 910.607723284817 52.0 911.607723284817 855.607723284817 0.0
240000.0 250000.0 3401.946601562493 518.3543383413478 445.767430978678 998.5779999999795 2.3319999999948777 5159.33337807279 812.4777373975602 795.8733194573628 812.4777373975602 16.604417940197525 1121535.8723173223 807.7610784050858 6.022448210455387 807.7610784050858 798.7386301946304 0.0
250000.0 260000.0 2805.5952441407135 799.3783062065874 324.366666559536 998.859999999986 84.69699999998556 1864.7435679601413 880.5302486193797 867.9465989029957 880.5302486193797 12.58364971638388 1219970.3488164302 868.4730684512309 5.780600752964246 868.4730684512309 862.6924676982668 0.0
260000.0 270000.0 2132.887175781303 715.1920749289725 394.83542094774754 999.9689999999828 7.027999999991152 1883.722273395382 938.8290573701645 926.2743419325753 938.8290573701645 12.554715437589122 1317978.327291567 941.4712042214449 8.357764401008755 941.4712042214449 933.1134398204362 0.0
270000.0 280000.0 2710.0978828124935 473.55719482421773 478.8757789527751 999.8539999999921 5.490999999979977 5343.807755708883 902.6550820198895 883.8158953843179 902.6550820198895 17.83918663557161 1232185.1538817957 895.20480459949 16.83918663557161 895.20480459949 877.3656179639185 0.0
280000.0 290000.0 2841.3520000000135 522.0655000000012 488.7333439841761 998.4060000000172 0.0 18674.0 920.0 893.0 920.0 27.0 1262631.0 904.0 12.0 904.0 892.0 0.0
