ts te idle avg_span std_span max_span min_span c_bytes_all c_ack_cnt c_ack_cnt_p c_pkts_all c_pkts_data s_bytes_all s_ack_cnt s_ack_cnt_p s_pkts_all s_pkts_data videorate
0.0 10000.0 0.0 671.4064007947213 334.60960613544523 998.4369999999763 0.0 134923.51141258315 1198.2184778417582 1001.0844836038634 1212.21770956825 192.1339942378949 1836044.02935501 1540.5555376149268 157.05801525703276 1540.5555376149268 1371.4982906314021 0.0
10000.0 20000.0 1709.3979628906236 635.3636549136503 377.445183617154 999.8859999999986 0.0 29108.33099932815 888.0815509880083 836.3674018058504 889.0815509880083 50.71414918215798 1457208.8259744183 1090.2103778857875 37.41310302913638 1090.2103778857875 1049.7972748566513 0.0
20000.0 30000.0 2642.3859628905775 681.2820534137173 364.2543820603513 999.8420000000042 4.815999999991618 13491.473291785378 588.3561506791951 566.9952489196687 590.3561506791951 19.360901759526396 1072096.2517063639 789.7381497446693 21.360901759526396 789.7381497446693 764.3772479851428 0.0
30000.0 40000.0 2414.423310546903 598.4523984374978 416.9510475432184 999.6849999999977 5.24900000001071 16075.526708214622 736.0879327233408 712.4488344828671 737.0879327233408 23.639098240473604 1274203.655341129 931.9771164958689 22.639098240473604 931.9771164958689 908.3380182553952 0.0
40000.0 50000.0 3663.125281249988 662.5697929687516 373.8679276005456 999.4099999999744 6.175999999977648 252149.07735167968 691.9043383649197 501.61971403826965 692.9043383649197 189.2846243266501 928546.2357979252 781.2498104709111 115.28462432665009 782.2498104709111 662.9651861442611 0.0
50000.0 60000.0 2301.4847421874874 531.8369247159078 431.54658761771327 997.2619999999879 0.0 6918.445128381316 659.1584991984002 650.4031034487987 659.1584991984002 8.755395749601686 1128915.787974922 816.6619044831618 18.75539574960169 816.6619044831618 796.9065087335601 0.0
60000.0 70000.0 1328.117988281243 822.1046182725695 310.1324705227434 999.8960000000079 73.37599999998929 14377.47751993901 786.4930790341441 767.5330991103958 786.4930790341441 17.959979923748215 1465878.0691796597 1056.3730188053887 16.959979923748215 1056.3730188053887 1038.4130388816404 0.0
70000.0 80000.0 2789.5839648437686 631.9672270132197 419.35702692590286 999.8379999999888 0.0 9475.0 655.4956117743193 639.4956117743193 655.4956117743193 12.0 1199815.5292176192 870.9396751128409 17.0 870.9396751128409 850.9396751128409 0.0
80000.0 90000.0 3215.1979531249963 711.0464318953783 360.8844953038536 999.7829999999958 5.402999999991152 12551.39259555783 619.2041944643046 603.5496583588023 619.2041944643046 15.654536105502311 1168229.5922726116 839.1859713477699 12.654536105502311 839.1859713477699 826.5314352422675 0.0
90000.0 100000.0 3699.060830078204 522.2059665624914 383.91218577406966 999.3250000000116 4.772999999986496 76847.60740444217 569.300193761376 502.9547298668784 570.300193761376 65.3454638944977 892704.8785097692 684.8743535393892 42.34546389449769 685.8743535393892 640.5288896448916 0.0
100000.0 110000.0 2718.8792402343242 512.1075252757394 452.4505585603018 999.3169999999809 4.493000000016764 122022.41387174022 961.0576006687256 842.4587219233026 963.0576006687256 115.59887874542304 1182929.6514518685 932.2553581595716 70.0 933.2553581595716 857.2553581595716 0.0
110000.0 120000.0 3145.6640507812845 761.5928832465239 328.7923458284615 999.4220000000205 153.4660000000149 2082.121033762599 786.433590387702 772.197921509614 786.433590387702 14.235668878087946 1111594.1821400495 796.732190026323 11.0 796.732190026323 785.732190026323 0.0
120000.0 130000.0 3355.772777343751 516.2092478966358 455.73981365159653 999.869000000006 5.1670000000158325 5351.033424296393 829.4771596321243 810.085392015881 829.4771596321243 17.391767616243328 1140165.2585418576 825.07554154364 14.0 825.07554154364 810.07554154364 0.0
130000.0 140000.0 1890.8577480469248 653.8312426382192 385.73714871105165 998.8859999999986 6.896000000007916 2975.241093290596 979.1559827336764 959.9409013410814 981.1559827336764 17.21508139259503 1353736.6756834977 976.4819778901633 14.806911399156583 976.4819778901633 959.6750664910066 0.0
140000.0 150000.0 2889.6593046874623 324.19594098165953 425.7132450366985 998.4330000000191 4.237000000022817 4814.114385818432 860.1265788183061 843.4563599676537 861.1265788183061 15.670218850652363 1169396.737352056 849.8546652648387 20.248896342344274 849.8546652648387 828.6057689224945 0.0
150000.0 160000.0 2898.6768515625154 653.0451001420469 444.57893155726686 999.0270000000019 7.054999999993015 2028.0761910917563 878.7490877594655 863.8607032424673 879.7490877594655 13.888384516998292 1219547.4948306708 871.6002671154633 7.944192258499146 871.6002671154633 862.6560748569641 0.0
160000.0 170000.0 1432.9017050780822 600.726330322268 444.12842387886934 999.9760000000242 5.495999999984633 99206.80160018726 1120.092502652436 1026.752701663661 1120.8642807481729 93.33980098877538 1451489.1905592266 1084.347807439236 50.09934573372931 1085.347807439236 1032.4766836097701 0.0
170000.0 180000.0 2996.53006249998 654.0588797940344 437.94283042317295 999.3499999999767 5.35999999998603 23923.198399812733 827.3929184942775 796.732719483053 827.6211403985409 30.660199011224627 1147702.8820303865 832.8973414330422 21.900654266270692 832.8973414330422 810.7684652625081 0.0
180000.0 190000.0 1959.0860722656944 387.331586914055 441.06110070807114 999.8889999999665 5.011000000056811 8984.0 977.1698177268686 955.8383961813997 977.1698177268686 21.0 1336238.4019319005 968.411024428185 20.331421545468864 968.411024428185 947.7481813372473 0.0
190000.0 200000.0 2932.8848124999786 651.6958366477312 409.06461779723435 999.875 101.53901562502142 3150.0 873.8289081344121 856.160329679881 873.8289081344121 17.0 1210584.2209643854 862.3121008493263 5.668578454531135 862.3121008493263 855.974943940264 0.0
200000.0 210000.0 3492.665976562421 657.0405023437576 431.3353032131413 999.8299999999581 26.3291015625 5377.7734780361225 778.9351238882587 760.8821119363788 778.9351238882587 18.053011951879892 1083071.471753023 775.3714788186437 7.0 775.3714788186437 768.3714788186437 0.0
210000.0 220000.0 63.893023437354714 666.0797984375075 478.6885794872707 999.9089999999851 5.3519999999552965 1971.226521963878 1289.35703830629 1273.4100502581698 1289.35703830629 15.946988048120108 1804984.6734082834 1271.4304435632237 6.0 1271.4304435632237 1265.4304435632237 0.0
220000.0 230000.0 783.3770624999888 669.8341383928533 420.39831397766534 999.8980000000447 4.945999999996275 22178.0 1186.508618356805 1153.508618356805 1186.508618356805 30.0 1637367.4733952037 1165.9331046184898 12.0 1165.9331046184898 1150.9331046184898 0.0
230000.0 240000.0 877.3960566406604 434.10928621418617 461.3259496016944 999.1030000000028 4.59499999997206 102182.31567850744 1226.6693305668664 1127.6071879252552 1227.6693305668664 98.06214264161105 1574906.8459462654 1177.3752422592895 56.0 1178.3752422592895 1118.3752422592895 0.0
240000.0 250000.0 2059.014746093657 587.0905046038014 430.27708713088043 998.3370000000577 53.37699999997858 1843.345964441461 1007.6411456428079 994.267249634084 1007.6411456428079 12.373896008723849 1397301.8490857848 996.9346243385878 6.454313321667784 996.9346243385878 986.48031101692 0.0
250000.0 260000.0 61.93897265626583 841.6060856119826 291.58119715386874 999.0679999999702 161.21200000005774 5228.277496122415 1280.29852432669 1260.7363018607018 1280.29852432669 19.562222465988256 1776903.378795972 1258.906843602841 7.543947794655367 1258.906843602841 1251.3628958081854 0.0
260000.0 270000.0 2067.850999999908 881.3498888888992 330.45195344265403 999.85699999996 0.8030234375037253 2537.774111178421 969.4002442461627 952.435269641065 969.4002442461627 16.964974605097748 1374708.6926745218 972.2271038766936 5.0017388836768495 972.2271038766936 967.2253649930167 0.0
270000.0 280000.0 2396.128011718625 454.6210581342046 480.1678190287637 997.8989999999758 4.4610000000102445 5455.235413275222 963.996008047398 945.9547794551379 963.996008047398 18.041228592260225 1328692.1518886911 950.6363686911927 12.0 950.6363686911927 938.6363686911927 0.0
280000.0 290000.0 2017.3740351562155 546.1025309895864 434.57979440432274 999.6720000000205 0.0 27120.011285627756 951.1646089072382 920.2720872678186 951.1646089072382 30.892521639419627 1299252.4468575674 932.982146467018 15.655420544629 932.982146467018 917.326725922389 0.0
290000.0 300000.0 3082.076974609401 790.9700070312596 315.2255489689813 999.4150000000373 29.084000000031665 102500.0400508473 928.5452107034887 838.4421966565895 929.5452107034887 90.10301404689925 1176141.320708788 887.2343696142308 49.344579455371 888.2343696142308 835.8897901588598 0.0
