ts te idle avg_span std_span max_span min_span c_bytes_all c_ack_cnt c_ack_cnt_p c_pkts_all c_pkts_data s_bytes_all s_ack_cnt s_ack_cnt_p s_pkts_all s_pkts_data videorate
0.0 10000.0 0.0 651.8390028666838 365.45701247745234 998.7619999999879 0.0 134957.59834209754 1092.7733103263895 903.8327165106266 1106.7528571080013 184.94059381576298 1881581.792625732 1569.5286995877798 145.6433775118464 1569.5286995877798 1412.9057752943215 0.0
10000.0 20000.0 2489.4229023437947 635.7936749730565 369.6472904810131 999.4199999999837 7.348999999987427 19543.150086262016 779.7672601333063 752.0791757586499 779.7672601333063 27.68808437465647 1233894.2539158105 907.4670907355548 19.778551618906455 907.4670907355548 885.6885391166484 0.0
20000.0 30000.0 2082.459576171881 800.1996956521737 335.3499969146793 999.880999999994 0.0 11850.0 647.0 632.0 647.0 15.0 1202349.0 865.0 15.0 865.0 850.0 0.0
30000.0 40000.0 5568.5701250000275 475.43248063858607 446.5941008052298 998.0410000000265 6.300999999977648 12825.0 427.6351275921725 411.6351275921725 427.6351275921725 16.0 774877.3951903165 569.4062606921552 19.0 569.4062606921552 550.4062606921552 0.0
40000.0 50000.0 952.2367910156026 673.0055316521149 357.61311549610247 998.5489999999991 0.0 255273.0 916.5222378621709 705.5222378621709 918.5222378621709 210.0 1332263.3229200041 1135.9310769201143 178.0 1136.9310769201143 952.9310769201142 0.0
50000.0 60000.0 1990.6346210937481 538.064822437959 438.3746754103539 999.2289999999921 4.851000000024214 14746.234134919014 607.7393222484876 587.3882823772487 607.7393222484876 18.351039871238832 1123259.1527847983 827.2707447994687 26.351039871238832 827.2707447994687 798.91970492823 0.0
60000.0 70000.0 5364.818925781292 518.3014393601168 343.50197788111575 996.2370000000228 0.0 7831.596893052291 426.43753789755743 413.5185593840993 427.43753789755743 9.91897851345817 746506.9699446558 549.3900975338701 10.91897851345817 549.3900975338701 534.471119020412 0.0
70000.0 80000.0 3397.1838515624404 526.6192036637924 412.64034783499204 999.2449999999953 5.420999999972992 13061.502732391762 614.9302764624808 593.0630976626077 616.9302764624808 18.86717879987313 1080552.717907756 796.1842023556264 18.155780966621602 796.1842023556264 775.0284213890048 0.0
80000.0 90000.0 4083.871085937484 703.9597511160703 382.31768248462856 998.6439999999711 7.142999999981839 12553.666239636934 560.735497937131 544.872695121701 560.735497937131 15.862802815429868 998650.4412524693 724.8176176987653 16.574200648681398 724.8176176987653 708.2434170500837 0.0
90000.0 100000.0 3346.627789062506 584.5480456452567 437.5804826014948 998.8020000000251 4.4689999999827705 67043.79284772574 648.1429936090937 590.8381147341231 648.944935810482 57.304878874970484 1080233.6239694434 813.5551051858598 41.8504972360969 813.5551051858598 770.9026657483746 0.0
100000.0 110000.0 2929.098171874997 508.90176551010774 449.03087598110324 999.1909999999916 5.017999999981839 136712.20715227426 954.4741177086617 829.7789965836322 956.6721755072733 122.69512112502952 1178202.1806743392 919.5357944246322 61.1495027639031 920.5357944246322 854.1882338621174 0.0
110000.0 120000.0 1861.530175781285 678.205818684893 404.7491233511845 999.6329999999725 3.007999999972526 2376.0 967.197687281372 951.197687281372 967.197687281372 16.0 1352174.7277557715 968.7238989886355 12.0 968.7238989886355 955.7238989886355 0.0
120000.0 130000.0 3152.501179687446 629.3394382102309 412.420626555 997.3150000000023 5.070999999996275 5035.0 876.169722679982 860.169722679982 876.169722679982 16.0 1196424.0522618683 856.9853622645627 7.0 856.9853622645627 849.9853622645627 0.0
130000.0 140000.0 3402.093798828195 733.6401334635318 396.7312945320257 999.935999999987 4.8549999999813735 2376.0 848.3389324106214 832.3389324106214 848.3389324106214 16.0 1188796.3072075134 841.5232928260406 3.0 841.5232928260406 838.5232928260406 0.0
140000.0 150000.0 2002.3242109375424 358.4716430027114 446.1309786424954 999.9469999999856 4.081999999994878 5452.0 1004.8011218943291 986.8011218943291 1004.8011218943291 18.0 1376795.2568751492 992.7683871674715 18.0 992.7683871674715 974.7683871674715 0.0
150000.0 160000.0 2177.535787109402 652.9301010742153 460.48241867870274 999.9629999999888 5.651000000012573 1905.0866179451655 994.824742834393 979.3061487503859 994.824742834393 15.518594084007022 1384023.7117511556 980.616774603254 7.759297042003511 980.616774603254 972.8574775612506 0.0
160000.0 170000.0 2744.7441386719 507.4130525045946 458.75094690354183 998.630999999994 0.0 121528.91338205483 1017.9112078134297 909.4298018974367 1019.9112078134297 107.48140591599298 1262793.1734032787 957.1296435721199 51.24070295799649 958.1296435721199 902.8889406141235 0.0
170000.0 180000.0 2626.2698730468983 670.7977388139169 455.91022917065254 999.9510000000009 5.044999999983702 2044.0 926.3301977168541 912.3301977168541 926.3301977168541 14.0 1295679.842695733 917.6987627390024 5.0 917.6987627390024 912.6987627390024 0.0
180000.0 190000.0 1677.2731015624595 469.6681492187461 440.1812983570064 998.0760000000009 4.5829999999841675 9771.0 1063.8697149369254 1041.472668918293 1064.2667609555576 22.0 1462891.3200101152 1051.217578511862 15.0 1051.217578511862 1035.8205324932296 0.0
190000.0 200000.0 3142.529222656274 690.8296783203143 393.37589693155223 999.7299999999814 50.82600585941691 2044.0 856.7906111954338 842.1876572140661 857.3935651768015 14.0 1193528.9714115618 854.370867514829 8.0 854.370867514829 845.7679135334613 0.0
200000.0 210000.0 3196.9968125000596 762.2305763888871 343.57767694291636 997.0479999999516 57.07200000004377 5385.0 872.8865837394453 854.8865837394453 872.8865837394453 18.0 1202993.1730798036 859.6121660222714 6.0 859.6121660222714 853.6121660222714 0.0
210000.0 220000.0 1793.8641777342418 548.183054817724 469.14403810997436 999.8819999999832 4.807000000029802 2376.0 1034.7922387442295 1018.7922387442295 1034.7922387442295 16.0 1431297.3169267597 1018.7922387442295 8.0 1018.7922387442295 1010.7922387442295 0.0
220000.0 230000.0 3118.073896484333 419.8462957261021 446.40805862782815 999.3090000000084 5.503999999957159 29471.418185301023 853.7937708704951 812.5081848682195 853.8106864757882 38.28558600227569 1148914.6255086896 843.8958882728613 18.693539817017154 844.8958882728613 821.185432850551 0.0
230000.0 240000.0 2018.1118906250922 425.33981761533124 461.05350837383344 999.6040000000503 4.432000000029802 100053.58181469898 1088.9234364597494 999.2090224620249 1089.9065208544562 88.7144139977243 1398609.4480570904 1047.0712500785253 52.306460182982846 1047.0712500785253 992.7817055008355 0.0
240000.0 250000.0 3463.282048828085 538.5133808593785 431.95333932632457 998.8399999999674 67.02899999998044 5659.536405311308 795.6846061281627 775.2476398311067 795.6846061281627 19.436966297056074 1089134.6796694137 786.7455739981889 7.0 786.7455739981889 775.7455739981889 0.0
250000.0 260000.0 3391.1789804687724 826.1026274414035 229.2551767665262 995.0039999999572 407.125 1732.3093678708651 836.4555950291672 824.5306039756604 836.4555950291672 11.92499105350676 1164689.2115758553 825.2086717668919 3.297981721669786 825.2086717668919 821.9106900452222 0.0
260000.0 270000.0 3297.091755859321 677.2200244140695 368.5362827924642 999.1700000000419 69.29200000001583 5007.3852485636 860.0634463583996 844.9375199983749 860.0634463583996 15.125926360024657 1181010.3907113574 839.487354440094 3.7682541542962813 839.487354440094 835.7191002857977 0.0
270000.0 280000.0 1608.0813496094197 497.69357042738426 468.2451383460374 999.6260000000475 4.824999999953434 2012.7689782542263 1021.5492725892555 1008.037156299843 1021.5492725892555 13.51211628941251 1415496.9864551013 1009.061388878668 11.933764124033932 1009.061388878668 997.1276247546341 0.0
280000.0 290000.0 2904.5838886718266 598.8130000000043 454.53324247368954 999.2730000000447 0.0 20948.0 887.0 858.0 887.0 29.0 1212967.0 869.0 13.0 869.0 856.0 0.0
