ts te idle avg_span std_span max_span min_span c_bytes_all c_ack_cnt c_ack_cnt_p c_pkts_all c_pkts_data s_bytes_all s_ack_cnt s_ack_cnt_p s_pkts_all s_pkts_data videorate
0.0 10000.0 36.48621679687858 613.0190342588679 347.29582565564505 999.4199999999983 20.77100000000064 100174.6664026435 1412.7122040773106 1244.4099381869287 1419.5703826530687 168.30226589038188 1730355.0161637983 1391.7725769288463 95.48785082653154 1391.7725769288463 1289.426547526557 0.0
10000.0 20000.0 577.0579082031181 680.5832121930808 397.08800673718275 999.6610000000001 40.64887890624959 7375.554033793549 1121.7893748529857 1098.7297011096337 1121.7893748529857 23.059673743352203 1545484.2761057413 1099.5452480027623 6.503787856782109 1099.5452480027623 1093.0414601459802 0.0
20000.0 30000.0 2334.114910156248 766.5885089843753 343.6257888360256 999.1739999999991 51.86899999999878 2274.737805003659 947.469713227169 931.8255559634509 947.469713227169 15.644157263718 1317552.7910245238 938.7358539838194 8.0 938.7358539838194 930.7358539838194 0.0
30000.0 40000.0 3005.7521132812544 451.56236791992114 436.58834218430013 999.9939999999988 5.762000000002445 18952.868385964088 879.4263757222903 847.2558610898636 880.4263757222903 32.1705146324268 1172189.6099032606 867.17400801984 28.05173751691584 867.17400801984 838.1222705029243 0.0
40000.0 50000.0 1476.3428281250017 561.3419008789064 434.29779723248356 999.7979999999952 5.2039999999979045 226444.97282812337 1176.7399596905268 995.4366107639488 1177.7399596905268 179.30334892657817 1392051.7589890047 1100.6489221375966 105.61907497671794 1100.6489221375966 992.0298471608787 0.0
50000.0 60000.0 3086.0148183593847 477.80299931640695 442.26829329790246 998.869000000006 7.19999999999709 7713.420980908888 859.2855210773716 832.4035419000946 862.2855210773716 26.881979177277028 1157843.7472126842 857.2730835964703 21.329187506366218 857.2730835964703 831.9438960901041 0.0
60000.0 70000.0 3878.7420957031136 524.4434166666675 476.5012284447501 999.6349999999948 9.317999999999302 5367.0 718.0 697.0 718.0 18.0 967686.0 715.0 15.0 715.0 697.0 0.0
70000.0 80000.0 2796.554730468735 663.02384268466 441.1652134784126 998.5869999999995 6.130999999993946 6914.128708860302 890.250084797307 871.9000145366812 890.4000872200871 18.35007026062575 1231515.1662350502 883.0500654150653 11.550041187263371 883.0500654150653 870.3500218050218 0.0
80000.0 90000.0 1695.7352695312438 564.5418486979169 468.83023626739975 999.9330000000045 5.332999999998719 33040.8712911397 970.749915202693 926.0999854633188 971.5999127799129 43.64992973937425 1288760.8337649498 942.9499345849347 24.44995881273663 942.9499345849347 916.6499781949782 0.0
90000.0 100000.0 1996.3046445312502 344.77241389974006 447.91793131970184 999.476999999999 0.0 76008.01268573542 832.1061673140596 747.2928378819186 834.1061673140596 84.81332943214109 1049957.8719457826 820.4795084497774 57.0 820.4795084497774 761.4795084497774 0.0
100000.0 110000.0 839.0814160156297 682.2816275634768 400.61030654904863 996.3959999999934 41.236000000004424 124229.22335190371 1090.1722930939152 976.3456463957001 1091.1722930939152 113.82664669821511 1387671.203889093 1057.1589758278412 62.0 1058.1589758278412 993.1589758278412 0.0
110000.0 120000.0 3241.898894531274 750.9001228298584 385.05708954158297 999.8759999999893 7.473999999987427 1906.1923331330004 814.5492128178308 799.5706956914953 815.5492128178308 13.978517126335596 1111053.0418791252 793.3417916455104 4.847397302676718 793.3417916455104 787.4943943428336 0.0
120000.0 130000.0 1327.5889667968731 555.9145020751967 454.0593341929085 999.7250000000058 5.885000000009313 5581.392180197145 1004.4644776592287 983.9860978951078 1004.4644776592287 19.478379764120874 1399231.6200408544 999.9894755000619 7.66874820079206 1000.9894755000619 991.3207272992698 0.0
130000.0 140000.0 3182.521000000037 620.8728181818151 442.7272453370116 999.5389999999898 5.888999999995576 1648.3258347708986 853.8176952958947 842.57008430451 853.8176952958947 11.247610991384802 1179034.4791981117 839.7716487801003 5.656096502629958 839.7716487801003 834.1155522774703 0.0
140000.0 150000.0 4026.1630078125454 338.12762561677437 443.6342327861603 998.5169999999925 5.39100000000326 6047.853614259828 732.8901538190707 710.2346378312683 735.8901538190707 19.655515987802527 982658.7830470335 729.2585997967087 18.827757993901265 729.2585997967087 707.4308418028074 0.0
150000.0 160000.0 1421.01708984375 676.9770700120179 438.74023146598165 999.439000000013 5.804000000003725 2373.0 1086.7358863781515 1068.7358863781515 1086.7358863781515 16.0 1507837.1111854261 1075.4059613758704 7.0 1075.4059613758704 1067.4059613758704 0.0
160000.0 170000.0 3079.584648437536 573.564787806914 471.12016596754745 999.5109999999986 6.475999999995111 117669.0 940.0221492504248 834.0221492504248 941.0221492504248 106.0 1176066.5105962793 893.5300039589547 51.0 894.5300039589547 840.5300039589547 0.0
170000.0 180000.0 2006.5156718750368 625.3743329326904 439.16828352714964 999.2809999999881 5.127999999996973 2370.0 1004.973705346299 988.973705346299 1004.973705346299 16.0 1395150.1068982284 999.3684665138679 11.0 999.3684665138679 988.3684665138679 0.0
180000.0 190000.0 3673.1664492187265 362.4753760850678 391.02781145326264 998.9560000000056 5.271999999997206 8977.974835308143 723.6192989604222 701.5607345615266 724.5093402550517 21.168523104265923 975375.4805970035 710.7681262769678 13.0 710.7681262769678 696.8780849823382 0.0
190000.0 200000.0 2255.2871191405866 775.3939845703164 363.7115511696464 999.9310000000114 9.226964843750466 2128.9666500760204 972.5917921681544 957.9398656912416 972.7017508735248 14.541967771542293 1354053.5739961376 963.1597831019825 6.0 963.1597831019825 957.049824396612 0.0
200000.0 210000.0 2505.269882812543 629.1315097656212 425.8945926465736 999.6130000000121 0.0 5101.058514615836 911.0571678965484 894.7676587723566 911.0571678965484 16.289509124191785 1245185.2167269252 890.7676587723566 5.0 890.7676587723566 885.7676587723566 0.0
210000.0 220000.0 2869.8489707031404 595.2492524414071 497.3141198242901 999.8470000000088 5.583000000013271 2386.3542011408185 859.8393840121975 843.7468888246021 859.8393840121975 16.092495187595294 1213144.4741136457 866.6543936370068 10.0 866.6543936370068 856.6543936370068 0.0
220000.0 230000.0 2777.7919843750133 515.6144067708325 446.2976373942574 999.9679999999935 5.651000000012573 36898.474481314886 831.7100902348681 787.406953568803 831.882025126533 40.303136666065065 1089071.5653971157 802.9511694407288 24.7136206018249 802.9511694407288 776.0656139472388 0.0
230000.0 240000.0 3502.7171308593533 433.1326558159716 430.410086400323 999.7680000000109 4.554999999993015 83167.53684817886 878.9358106583054 804.8867721215477 879.7638757666405 73.04903853675772 1118583.5567191134 844.5467274132625 47.508714593384134 844.5467274132625 795.2099477115432 0.0
240000.0 250000.0 896.2868300781702 714.1207823016806 408.10748780554496 999.5239999999758 2.419999999983702 2311.6344693654246 1083.1713910870844 1067.6160614775024 1083.1713910870844 15.555329609581927 1506233.2049586722 1074.634805308015 5.777664804790963 1074.634805308015 1064.857140503224 0.0
250000.0 260000.0 4131.0862109375885 658.3398654513811 428.8452314770444 997.609999999986 10.497894531232305 5245.007747885575 723.8674172439246 706.5300211723247 723.8674172439246 17.337396071599844 1009611.8023627589 725.399601365767 7.0 725.399601365767 718.399601365767 0.0
260000.0 270000.0 1146.8680136718322 805.3297260298331 315.06590376250125 999.4170000000158 5.494999999995343 2346.057992263317 1099.731950138313 1083.9123236788955 1099.731950138313 15.81962645941757 1534434.0862321227 1086.9123236788955 5.0 1086.9123236788955 1081.9123236788955 0.0
270000.0 280000.0 2921.531626953103 433.64025723805435 448.3946715906511 999.6830000000191 6.456000000005588 5539.934259851109 887.4942720753098 867.6512946063272 887.4942720753098 18.842977468982586 1211735.8051564367 875.1611296744375 13.0 875.1611296744375 861.1611296744375 0.0
280000.0 290000.0 3062.1911972656962 546.0509881417341 445.1060626737079 998.1379999999772 0.0 20083.22349880335 853.4943101333026 821.7580239959331 854.4943101333026 31.736286137369575 1156192.413788931 835.2481889278229 16.0 835.2481889278229 818.2481889278229 0.0
290000.0 300000.0 973.8759160154732 656.9151882812614 380.33483732909565 999.75900000002 58.96500000002561 102340.77650119665 1086.2575307070736 989.993816844443 1088.2575307070736 95.26371386263042 1391382.1704538646 1048.993816844443 48.0 1048.993816844443 996.993816844443 0.0
