ts te idle avg_span std_span max_span min_span c_bytes_all c_ack_cnt c_ack_cnt_p c_pkts_all c_pkts_data s_bytes_all s_ack_cnt s_ack_cnt_p s_pkts_all s_pkts_data videorate
0.0 10000.0 24.27142578124767 628.6966145241485 329.48973731128433 999.9949999999953 1.0300000000279397 116764.79245757218 1150.450787003166 965.7047957457863 1168.450787003166 180.7459912573795 1985447.7787296132 1623.352913249814 126.52139346239142 1623.352913249814 1483.8315197874226 0.0
10000.0 20000.0 80.07652539061382 725.697013549805 329.6751965035681 999.890000000014 137.75599999999395 11134.68382629329 706.8847254465878 673.1191665575208 706.8847254465878 33.7655588890671 1811490.4010143988 1282.7839152906254 7.681742968883181 1282.7839152906254 1275.102172321742 0.0
20000.0 30000.0 1183.450162109395 617.3297891927068 425.1698330541416 997.9259999999776 4.760999999998603 4670.268370665403 597.5169323666337 575.7179380768459 597.5169323666337 19.79899428978766 1546555.1202343951 1094.9758932917823 10.488718683663103 1094.9758932917823 1083.4871746081192 0.0
30000.0 40000.0 741.6759335937095 555.3542980238973 483.90755469458844 999.560999999987 4.85999999998603 1607.5313613568767 616.442144585845 605.8286070062406 616.442144585845 10.613537579604277 1662007.765093719 1168.3504452226791 8.511281316336897 1168.3504452226791 1158.8391639063423 0.0
40000.0 50000.0 222.17408007808262 620.6392747691716 442.9792550798825 999.7860000000219 0.0 260184.0 837.8393808111397 629.8393808111397 838.8393808111397 206.0 1663947.591418228 1311.792499760801 134.0 1311.792499760801 1174.792499760801 0.0
50000.0 60000.0 1396.1319824217935 427.50361988467574 467.6950729302107 998.3410000000149 4.319000000017695 2044.0 571.705894286304 557.705894286304 571.705894286304 14.0 1511852.032172717 1076.8051555106886 18.0 1076.8051555106886 1057.8051555106888 0.0
60000.0 70000.0 1702.2041425781208 576.9300571614566 427.2538719476827 999.50900000002 53.3640000000014 5714.0 570.3476616979525 548.3476616979525 571.3476616979525 20.0 1466347.7611461065 1042.5838619070184 5.0 1042.5838619070184 1034.5838619070184 0.0
70000.0 80000.0 758.7308535155607 500.9674355468763 435.05834542041896 999.9569999999949 0.0 5568.0 643.9397289954356 615.9397289954356 647.9397289954356 23.0 1632178.9088221986 1173.4146144435786 16.0 1173.4146144435786 1152.4146144435786 0.0
80000.0 90000.0 1272.8640664062696 734.1686611328138 398.0700801230423 996.0160000000033 5.183000000019092 4569.0 568.1673342091682 555.1673342091682 568.1673342091682 13.0 1514116.7064407496 1061.403868377913 3.0 1061.403868377913 1058.403868377913 0.0
90000.0 100000.0 157.19370703131426 550.9999607204841 499.30651310812254 999.570000000007 4.471000000019558 2666.879414567282 648.9631425697135 631.1995207294278 648.9631425697135 17.76362184028569 1723982.0125529608 1217.8717977782842 14.0 1217.8717977782842 1203.8717977782842 0.0
100000.0 110000.0 1047.983197265712 558.1874106702254 436.72532794902526 999.9239999999991 4.375 124710.12058543271 673.9996709799558 560.7632928202415 674.9996709799558 109.2363781597143 1504508.0336041597 1129.0185120530496 63.0 1129.0185120530496 1063.0185120530496 0.0
110000.0 120000.0 1293.9879765624064 741.7983346354255 392.58461121516524 999.9400000000023 89.01000000000931 1103.3515206039615 574.0777437193268 566.4865262730771 574.0777437193268 7.59121744624972 1565873.7247974281 1095.5353958571595 2.354730467749832 1095.5353958571595 1092.1806653894096 0.0
120000.0 130000.0 107.05821289063897 761.8195990084115 422.58243283769315 998.8030000000144 5.342000000004191 2293.7325995666683 655.9490442004956 640.4807153561559 655.9490442004956 15.468328844339709 1776679.067960982 1248.077126925775 8.645269532250168 1248.077126925775 1239.4318573935248 0.0
130000.0 140000.0 68.66197265620576 672.9422040364627 465.97792593029936 999.939000000013 5.6450000000186265 5647.110190328713 679.0180379989599 657.0350079739809 679.0180379989599 21.98303002497895 1801514.0085184465 1268.2995647447935 5.0 1268.2995647447935 1262.2995647447935 0.0
140000.0 150000.0 842.1890585937654 480.45800065103964 456.1194233124507 998.8859999999986 0.0 6001.234771214819 636.1157969041033 615.2643828291491 637.4682644738639 20.851414074954228 1626823.9341284854 1159.9624382833829 15.92236660730211 1159.9624382833829 1142.6876041063204 0.0
150000.0 160000.0 1244.9349414063036 582.3741409912036 426.790099277464 998.7579999999725 6.632999999972526 6520.570918285839 575.9397756946157 558.8337660851382 576.5873081248551 17.10600960947739 1534082.0789122097 1091.4567746655373 12.07763339269789 1091.4567746655373 1078.2507760804076 0.0
160000.0 170000.0 496.55207421875093 551.869446443259 423.1422969774983 999.6199999999953 5.319000000017695 47663.21936981822 672.5642741356316 615.154509816721 673.6565632187182 56.40976431891073 1653495.5934427879 1193.3028687267665 27.36866655724721 1194.3028687267665 1163.322745848625 0.0
170000.0 180000.0 1437.4191308593727 609.7475433134207 405.50361889525925 998.8730000000214 4.868000000016764 164451.99310435215 672.6665548880117 526.2256416516791 674.5742658049251 146.44091323633256 1365337.0981102872 1058.2129255916366 74.63133344275279 1058.2129255916366 981.6738812319703 0.0
180000.0 190000.0 263.9696972655365 507.3697145507787 462.6716186229331 999.9560000000056 4.43798828125 6447.7875258296135 627.964787830532 609.7754608040646 627.964787830532 18.149322444756706 1661052.6412945732 1177.018765311769 15.040004581710779 1177.018765311769 1161.9387561483472 0.0
190000.0 200000.0 3140.1111542967847 548.4288351863104 440.5845338568447 999.8000000000466 22.831000000005588 5655.817272618793 472.5551633691449 452.22879883869433 472.5551633691449 19.3663691121614 1186744.2468667317 849.0399690820216 9.959995418289221 849.0399690820216 838.119978245443 0.0
200000.0 210000.0 2183.2907851561904 781.670921484381 354.48238484265005 999.3159999999916 8.706000000005588 1889.9362758801994 516.6120050361964 503.5452218778472 516.6120050361964 13.06678315834919 1362139.1088489192 962.8116526058524 7.622101513673727 962.8116526058524 955.1895510921786 0.0
210000.0 220000.0 73.04126562480815 566.8495940755367 479.72587253021777 999.0169999999925 4.511999999987893 1482.2464515010079 657.8172424328919 647.2503947034024 657.8172424328919 10.566847729489409 1763151.7379691734 1241.8924236820735 9.377898486326274 1241.8924236820735 1231.5145251957472 0.0
220000.0 230000.0 2652.057125000283 536.1646583333069 446.29734808610243 998.1239999999525 0.0 27120.0 502.4158841871953 465.4158841871953 502.4158841871953 35.0 1272355.2604911034 925.4953037879051 24.0 925.4953037879051 898.4953037879051 0.0
230000.0 240000.0 80.96003906265832 495.26864328834927 462.7104656695688 999.6949999999488 4.197000000043772 97387.0 734.3478960382313 643.3478960382313 735.3478960382313 89.0 1729738.4511681532 1277.018520874006 52.0 1278.018520874006 1221.018520874006 0.0
240000.0 250000.0 1245.4620058594737 597.6883329427025 437.10976104402346 999.7519999999786 11.488000000012107 5319.854252396933 579.0555141005215 559.3575969174074 579.0555141005215 17.69791718311405 1520413.095781496 1082.6214422854725 8.0 1082.6214422854725 1070.6214422854725 0.0
250000.0 260000.0 916.7841093749739 825.7468991477297 329.81719950093964 998.4470000000438 66.263916015625 1612.7304439949269 610.1875529182083 596.4806999104904 610.1875529182083 13.706853007717923 1647168.0253995047 1149.920227973379 2.337308492359978 1149.920227973379 1147.582919481019 0.0
260000.0 270000.0 105.06426757818554 771.4559312220829 383.79318307649544 999.5119999999879 5.165999999968335 10353.41530360814 691.9680808307145 656.3728510215465 693.9680808307145 34.595229809168025 1779144.1560463966 1268.4349542810917 13.662691507640023 1268.4349542810917 1252.7722627734518 0.0
270000.0 280000.0 1692.85218359367 595.9361449497852 467.2052714720475 998.3780000000261 5.298999999999069 2278.0001588487135 537.1192150553387 521.7095755442019 537.1192150553387 15.40963951113683 1399526.377377295 988.5214444472334 7.0 988.5214444472334 981.5214444472334 0.0
280000.0 290000.0 92.44386523449793 652.8829459228509 434.67100145651136 999.4769999999553 0.0 30325.999841151286 683.6335452320652 646.043184743202 683.6335452320652 37.59036048886317 1776752.7738371044 1257.7583265346157 13.0 1257.7583265346157 1244.7583265346157 0.0
290000.0 300000.0 2099.4953730468405 740.6428177083338 353.66131602039 995.5779999999795 47.47299999999814 104272.28531945616 601.8667171267396 507.38973070142436 602.8667171267396 94.47698642531525 1352624.6423933345 1005.6324712950048 47.886191855189146 1006.6324712950048 954.7462794398157 0.0
