ts te idle avg_span std_span max_span min_span c_bytes_all c_ack_cnt c_ack_cnt_p c_pkts_all c_pkts_data s_bytes_all s_ack_cnt s_ack_cnt_p s_pkts_all s_pkts_data videorate
0.0 10000.0 1093.7303378906217 633.1023333333336 348.8690344266926 999.3039999999964 0.0 94781.80623849621 759.8638695998434 606.6940888276791 765.8638695998434 153.16978077216436 1035644.0676140403 910.2543438615321 98.50494120296878 910.2543438615321 805.7494026585632 0.0
10000.0 20000.0 176.73182617187558 652.051203515625 355.0586054903729 999.0330000000031 7.2629999999990105 22423.09601459594 457.91436678387026 400.922323288631 461.19404234223714 53.99204349523934 723502.494427084 567.8368313794944 35.29084722057168 567.8368313794944 527.2663086005558 0.0
20000.0 30000.0 2005.4380996093823 618.8472432183161 357.91367539273244 999.6330000000016 8.447999999996682 23044.592038328257 888.5642795642482 853.6742502975682 889.2846040058814 34.890029266679946 1373233.5801938006 1014.9708149042797 31.56852316960739 1014.9708149042797 982.6819672930393 0.0
30000.0 40000.0 2415.2099023437477 649.9193015280334 377.5122836321596 999.9449999999997 5.434000000001106 25149.849134493554 905.0102553518008 872.8469233702397 908.0102553518008 32.16333198156116 1641208.7969126669 1200.0826590397971 35.16333198156116 1200.0826590397971 1161.9193270582361 0.0
40000.0 50000.0 1757.8001269531233 574.4700449652776 388.11138219009996 997.9109999999928 6.710000000006403 288706.0 887.0440562142608 643.0440562142606 894.0440562142608 237.0 1085764.4341666473 987.3129203786604 187.0 987.3129203786604 790.3129203786602 0.0
50000.0 60000.0 3687.641394531238 532.6676551724141 429.44977215047135 999.8800000000047 0.0 12883.0 485.0 463.0 486.0 21.0 825566.0 617.0 23.0 617.0 590.0 0.0
60000.0 70000.0 5376.335914062482 559.627547851563 414.22740535571097 999.3179999999993 4.732000000003609 13748.0 455.0825152650161 432.0825152650161 458.0825152650161 20.0 761801.1572875828 578.8506190789699 23.0 578.8506190789699 550.8506190789699 0.0
70000.0 80000.0 4949.829853515621 602.8047925781262 415.17989419202803 998.4619999999995 4.875 9475.0 452.9174847349839 439.9174847349839 453.9174847349839 12.0 802207.8427124172 586.1493809210301 14.0 586.1493809210301 571.1493809210301 0.0
80000.0 90000.0 4739.110167968756 570.604234375 416.28031632558924 999.3640000000014 0.0 15695.0 446.5928035411277 421.5928035411277 448.5928035411277 25.0 778720.2422436796 584.3977323160045 19.0 584.3977323160045 562.3977323160045 0.0
90000.0 100000.0 5512.5523320312495 489.6310846354172 396.03500674898595 992.3540000000066 6.172999999995227 8773.368177486043 380.2282541347671 369.11566164236547 380.2282541347671 11.112592492401646 711571.5359370662 520.260965487655 18.112592492401646 520.260965487655 502.14837299525334 0.0
100000.0 110000.0 1302.499007812483 538.6834955915185 372.90409649690366 1000.0 6.25 210547.04422613958 895.309273210524 699.5645900036507 904.309273210524 192.7446832068734 1236187.4932270327 1044.1533316779814 108.74468320687339 1044.1533316779814 926.4086484711081 0.0
110000.0 120000.0 4332.2247988281015 611.3760782137794 350.5122000821237 999.0739999999932 5.988000000012107 14259.587596374364 534.8696691135813 507.72694481285623 536.8696691135813 26.14272430072496 911142.7285922215 685.1879705183591 21.142724300724957 685.1879705183591 659.0452462176343 0.0
120000.0 130000.0 3629.8350156249944 571.3759310344828 401.29309383407394 999.9890000000014 6.682999999989988 21742.0 555.0 495.0 563.0 54.0 838806.0 666.0 44.0 666.0 611.0 0.0
130000.0 140000.0 3818.6455898437125 640.3296800000011 435.3671643792645 998.6110000000044 2.38300000000163 15808.0 519.0 495.0 520.0 22.0 939544.0 695.0 20.0 695.0 673.0 0.0
140000.0 150000.0 5169.087166015583 517.0664166666684 439.81476278393234 995.8269999999902 5.668999999994412 11083.0 441.0 424.0 441.0 15.0 772149.0 571.0 22.0 572.0 548.0 0.0
150000.0 160000.0 3557.818289062503 566.0704615384614 424.0502130680499 999.484999999986 6.502000000007683 15224.0 514.0 492.0 514.0 20.0 933502.0 691.0 22.0 691.0 667.0 0.0
160000.0 170000.0 5351.171339843742 615.9445985863097 415.9293127598912 993.2619999999879 8.309000000008382 93818.16081575067 505.13268174208065 423.09076856280944 508.0218466390205 80.04191317927123 749332.680902675 592.0417438059968 48.0394291068123 593.0417438059968 540.0762047678913 0.0
170000.0 180000.0 5565.241867187491 625.9402306743432 384.96457291367386 997.195000000007 4.850000000005821 38507.31460920738 456.0068629502705 421.36647767322904 456.1176980533306 34.640385277041474 753410.8680875666 563.0809507448738 23.642869349500394 563.0809507448738 539.3641913266665 0.0
180000.0 190000.0 4199.964355468779 541.8221584374993 398.37063976187005 996.2669999999925 7.062999999994645 17999.401596394684 482.5368908514352 457.91505165452475 483.5368908514352 24.621839196910454 842951.1748138411 634.196811689189 29.621839196910454 634.196811689189 603.5749724922784 0.0
190000.0 200000.0 5038.242791015626 555.3625446428583 385.80853469076726 999.2209999999905 5.722000000008848 12718.229673596155 447.0889488179557 429.3086732953356 447.0889488179557 16.780275522620116 752338.7500695417 553.2706472477174 13.780275522620114 554.2706472477174 537.4903717250974 0.0
200000.0 210000.0 5408.119746093726 566.7433280222039 384.9094626131064 996.5709999999963 6.980999999999767 8904.562222004182 414.5771155125157 398.75971594801854 416.5771155125157 13.817399564497121 681054.6444785254 513.3658984488283 13.817399564497121 513.3658984488283 495.54849888433125 0.0
210000.0 220000.0 5483.98288867189 586.1808208007773 394.44392040050866 996.5359999999928 6.977000000013504 13670.331083046927 453.6575001257422 433.55931286608256 454.6575001257422 17.098187259659618 768281.8816478502 572.0439480633947 20.098187259659618 572.0439480633947 549.9457608037351 0.0
220000.0 230000.0 4343.53857421875 651.0609230769231 376.9856247171175 997.2930000000051 0.0 45292.0 567.0 520.0 569.0 44.0 930259.0 708.0 34.0 709.0 667.0 0.0
230000.0 240000.0 4220.6482500000275 518.8919642857103 446.03103190144697 999.7199999999721 5.99900000001071 107527.0 568.0 477.0 569.0 88.0 834675.0 669.0 60.0 669.0 605.0 0.0
240000.0 250000.0 4006.4683437499916 608.5695200000075 405.61217459488876 998.0520000000251 0.0 11082.0 517.0 500.0 517.0 15.0 933897.0 687.0 16.0 688.0 666.0 0.0
250000.0 260000.0 5357.253011718742 712.2416872558679 365.01259341742303 999.3020000000251 37.16600000002654 12828.0 424.2513232144124 408.2513232144124 424.2513232144124 16.0 737305.2582890015 538.304233364815 13.0 538.304233364815 525.304233364815 0.0
260000.0 270000.0 4568.568896484328 771.7444119944875 310.71828246422064 992.2640000000247 5.3109999999869615 10267.0 469.7486767855876 456.7486767855876 469.7486767855876 13.0 849874.7417109985 615.695766635185 14.0 615.695766635185 601.695766635185 0.0
270000.0 280000.0 5603.018023437529 536.0326711914037 436.08484035194937 997.8040000000037 5.371999999973923 12799.0 382.7109661937452 366.7109661937452 382.7109661937452 16.0 698344.8346997765 514.3737823895473 18.0 514.3737823895473 496.3737823895473 0.0
280000.0 290000.0 5200.62208984379 561.1536475585948 409.1544612912523 999.3069999999716 6.081000000005588 27755.00410121999 412.5830523745647 384.9383916248886 412.5830523745647 26.644660749676127 718535.7008340927 534.2455997572533 22.644660749676127 534.2455997572533 510.60093900757727 0.0
290000.0 300000.0 4608.823208984395 529.7973436612228 374.9831179462663 997.0690000000177 0.0 104664.39575462467 495.4207251114352 407.3183605275859 497.4207251114352 86.1023645838493 751851.3744793641 597.7287584077164 48.102364583849294 597.7287584077164 546.6263938238671 0.0
