ts te idle avg_span std_span max_span min_span c_bytes_all c_ack_cnt c_ack_cnt_p c_pkts_all c_pkts_data s_bytes_all s_ack_cnt s_ack_cnt_p s_pkts_all s_pkts_data videorate
0.0 10000.0 100.57292578124907 568.0831584660448 378.57768888983856 999.835000000021 0.0 108855.68511675388 1150.986617740296 975.2240063090792 1162.986617740296 170.76261143121667 1910260.8055535976 1548.0772970204175 117.84002625035697 1548.0772970204175 1421.2372707700604 0.0
10000.0 20000.0 39.953978515579365 618.3074992187525 385.59493757356745 999.9380000000237 15.2919921875 12363.379631154132 1307.3199111708907 1268.6572970598463 1311.3199111708907 37.66261411104461 1784186.687574618 1272.2477626731206 12.441348225140148 1272.2477626731206 1256.6257989448563 0.0
20000.0 30000.0 762.7624160155538 327.0088670333054 376.4841918868204 999.0860000000102 0.0 8890.590475545945 1170.0945136358444 1117.4916233319045 1182.0945136358444 29.60289030393974 1581047.720940317 1179.5271203826123 16.0 1179.5271203826123 1135.7077358857362 0.0
30000.0 40000.0 3343.9239843750256 704.6669015624968 348.632081606127 999.7770000000019 4.886999999987893 7548.007249082701 823.3778203908096 801.8451117617624 824.3778203908096 21.53270862904717 1121818.5040240756 808.7091857501661 9.532708629047173 808.7091857501661 798.1764771211189 0.0
40000.0 50000.0 2594.6830957031343 810.1480058593756 246.17791354973113 999.3190000000177 326.2060000000056 247181.9927509173 1037.7514144192414 839.2841230482886 1039.7514144192414 198.4672913709528 1185692.8171732796 975.6859971611472 127.46729137095284 975.6859971611472 846.2187057901942 0.0
50000.0 60000.0 2797.403046875086 806.5316614583264 360.5065959459428 999.4799999999814 56.18800000002375 5685.0 900.1898765248422 880.1898765248422 900.1898765248422 20.0 1259364.1436774747 898.1898765248422 6.0 898.1898765248422 892.1898765248422 0.0
60000.0 70000.0 2193.187980468734 867.4235577256962 197.0058403688598 999.6319999999832 551.14697265625 2044.0 971.3111402910381 957.3111402910381 971.3111402910381 14.0 1357647.3083356025 963.3111402910381 6.0 963.3111402910381 957.3111402910381 0.0
70000.0 80000.0 3432.388919921883 610.7830072798268 433.81902494291 999.994000000006 54.055999999982305 5386.0 825.4072277555938 807.4072277555938 825.4072277555938 18.0 1129187.3797133495 810.3055880345586 8.0 810.3055880345586 802.3055880345586 0.0
80000.0 90000.0 2100.3450917968876 721.1787189275545 393.9686974491333 999.8890000000247 8.308000000019092 2044.0 983.7873214090951 968.7873214090951 984.7873214090951 14.0 1357571.311299265 970.1692029302459 9.0 970.1692029302459 960.1692029302459 0.0
90000.0 100000.0 3177.5230781250284 558.3659966947072 438.10457424695363 1000.0 5.853999999992084 7995.0 883.9013052807095 858.9013052807095 884.9013052807095 25.0 1205309.5779851472 869.6684903910318 11.0 869.6684903910318 857.6684903910318 0.0
100000.0 110000.0 2580.4347578125307 582.5928705729156 429.0756670946177 999.810999999987 10.277000000001863 192248.60394960272 1003.4230416853935 830.6181986154976 1006.4230416853935 170.80484306989587 1146853.3987731978 925.5707717050598 83.0 925.5707717050598 838.5707717050598 0.0
110000.0 120000.0 3319.6389375000144 675.390406249999 392.7986940130995 999.7139999999781 73.54300000000512 5348.414320846501 841.2592353515192 823.7025225753356 841.2592353515192 17.556712776183744 1160370.202237579 827.7025225753356 5.0 827.7025225753356 822.7025225753356 0.0
120000.0 130000.0 2013.2779550781706 798.6722044921829 301.79176869193566 999.829000000027 247.5559999999823 1869.662865684998 986.815618468308 974.0055718786324 986.815618468308 12.810046589675558 1383508.3427772487 982.6979045445594 7.17160243575518 982.6979045445594 975.5263021088042 0.0
130000.0 140000.0 4703.1500273437705 662.1062465820287 406.1294288523306 997.255999999994 62.82699999999022 1378.4789817464427 653.2269851770503 643.6438041499022 653.2269851770503 9.583181027148136 904179.7299184285 642.7782588762337 3.583181027148136 642.7782588762337 639.1950778490856 0.0
140000.0 150000.0 1813.6390566406772 642.4509956430277 440.5608864057887 998.1049999999814 5.570999999996275 5489.839882119342 1028.6782480564502 1010.4330315193536 1028.6782480564502 18.245216537096685 1417300.6052827071 1013.606244127095 12.245216537096685 1013.606244127095 1001.3610275899983 0.0
150000.0 160000.0 2681.249999999942 736.3998000000022 413.9776149277858 999.2370000000228 6.065999999991618 2044.0 899.0 885.0 899.0 14.0 1264022.0 901.0 9.0 901.0 892.0 0.0
160000.0 170000.0 2203.0644003906636 640.4703042689695 440.16051262323816 999.5729999999749 24.84299999999348 118001.0 1028.7128929309906 919.7128929309906 1029.7128929309906 108.0 1306926.8494896884 991.6490542644877 53.0 992.6490542644877 935.6490542644877 0.0
170000.0 180000.0 2987.3760058594053 701.2623994140595 395.4728934170162 999.5619999999763 36.521000000007916 2044.0 858.2567950309985 844.2567950309985 858.2567950309985 14.0 1195522.8649200322 852.3206336975014 9.0 852.3206336975014 843.3206336975014 0.0
180000.0 190000.0 2038.1432890624856 667.1768461216541 346.8529918534766 999.2789999999804 54.25099999998929 16241.0 978.320862231803 946.320862231803 981.320862231803 32.0 1335975.7417054141 981.945197272699 26.0 981.945197272699 952.945197272699 0.0
190000.0 200000.0 3156.6401757812127 622.5508931107946 439.9693161336717 998.9830000000075 4.699999999953434 2371.831444869809 840.49514223594 824.5202540138328 840.49514223594 15.974888222107282 1158903.091531015 828.946142528722 11.0 828.946142528722 817.946142528722 0.0
200000.0 210000.0 2133.605808593915 660.225099283843 434.23973765804334 999.9910000000382 25.072076171869412 5266.168555130191 979.4184574169964 962.3933456391036 979.4184574169964 17.025111777892718 1363519.084429615 974.806081533344 9.0 974.806081533344 965.806081533344 0.0
210000.0 220000.0 1086.4424492185935 751.6090904447215 360.56566548417044 999.4610000000102 6.194999999948777 5563.2605442366275 1095.150543715284 1073.583296909887 1096.150543715284 21.567246805396923 1524042.533281495 1093.9663289409195 12.783623402698462 1093.9663289409195 1080.1827055382212 0.0
220000.0 230000.0 4597.853300781222 544.5813433948841 412.23199906855257 999.9969999999739 11.548999999999069 87827.23657151894 740.1568332500423 661.0548382113817 740.8343935039352 77.10199503866058 911542.7690599997 690.2711170309925 36.121038500979964 690.2711170309925 652.4725182761197 0.0
230000.0 240000.0 1578.075953124906 509.3917026654475 450.0163278742703 999.1049999999814 5.025000000023283 32118.53773247631 1050.153908344965 1013.5398784311715 1050.476348091072 36.61402991379347 1430310.28266819 1029.893966919757 20.151992447891764 1029.893966919757 1009.4195347257582 0.0
240000.0 250000.0 2673.6430136718554 738.1817986328155 414.1947240723043 999.9740000000456 37.6820000000298 5360.965151768135 874.3345648429804 856.6178366008314 874.3345648429804 17.716728242149017 1225959.7829145498 876.2014778115765 7.943345648429804 876.2014778115765 868.2581321631467 0.0
250000.0 260000.0 1558.4087246094132 844.1591275390587 324.37201294581143 999.5089999999618 157.207275390625 2373.0 1020.5095121838921 1004.5095121838921 1020.5095121838921 16.0 1441316.7910753447 1029.2945084918035 11.0 1029.2945084918035 1018.2945084918036 0.0
260000.0 270000.0 3327.8999902344076 615.4844554332402 463.07625442817147 999.7989999999991 7.557000000029802 5430.0 790.3197066972053 772.3197066972053 790.3197066972053 18.0 1104791.3334868625 797.5347103892939 13.0 797.5347103892939 784.5347103892939 0.0
270000.0 280000.0 3315.0643027342157 478.666406947554 457.60948781610455 999.4139999999898 5.400000000023283 2041.0 836.6639909399026 822.6639909399026 836.6639909399026 14.0 1156918.179062181 827.6639909399026 9.0 827.6639909399026 818.6639909399026 0.0
280000.0 290000.0 1716.5964492186904 607.1704935826045 434.43209573997285 999.640999999945 5.233000000007451 23717.0 1047.3268378423543 1015.3268378423543 1047.3268378423543 32.0 1410538.2307614658 1018.0668310333036 18.0 1018.0668310333036 1000.0668310333036 0.0
