ts te idle avg_span std_span max_span min_span c_bytes_all c_ack_cnt c_ack_cnt_p c_pkts_all c_pkts_data s_bytes_all s_ack_cnt s_ack_cnt_p s_pkts_all s_pkts_data videorate
0.0 10000.0 19.96018750005169 557.3569578124979 375.14417371941533 999.8439999999828 5.157999999995809 106009.62900062653 1152.232211191522 984.4254456946785 1166.546842912258 162.80676549684364 1784177.606132928 1446.4508496689073 105.37450136575868 1446.4508496689073 1329.7617165824126 0.0
10000.0 20000.0 58.37500976561569 576.5154995117191 411.14855436547646 999.6689999999944 85.70299999997951 12210.669266691642 1324.3118105125232 1285.4126066976048 1326.3118105125232 36.89920381491805 1812418.467970481 1294.9590966693922 10.0 1294.9590966693922 1279.9590966693922 0.0
20000.0 30000.0 2198.928890625015 600.4954699519216 458.35172097310357 999.7509999999893 0.0 4471.860438396355 965.3829167751522 947.2449602723001 965.3829167751522 18.13795650285223 1342743.068612645 952.8472698698923 12.0 952.8472698698923 940.8472698698923 0.0
30000.0 40000.0 3244.1986699218396 462.76375533853815 455.1406631759447 998.7150000000256 5.120999999984633 4938.942493275947 816.0970752126393 801.0205037602809 816.0970752126393 15.07657145235823 1130826.3303714935 811.9209379728269 13.474261854765924 811.9209379728269 797.446676118061 0.0
40000.0 50000.0 2915.3666933593922 554.7257398897063 437.74024116555063 999.7170000000042 0.0 243964.14104375945 1049.284647017516 833.4229402251767 1050.284647017516 214.86170679233936 1186965.2084399613 992.5966513900009 152.52799698561006 993.5966513900009 838.0686544043909 0.0
50000.0 60000.0 1867.5598964843084 441.6081107113492 468.38189612459337 999.8719999999739 4.659999999974389 2034.9485775226267 1012.9672468145485 999.3032154616537 1012.9672468145485 13.664031352894703 1416579.3249718526 1004.6267604866912 13.997741159624033 1004.6267604866912 989.6290193270672 0.0
60000.0 70000.0 1476.374916015542 632.7343631417482 448.12613171221767 999.945000000007 7.329000000027008 5759.0 1040.2427636523555 1019.2427636523555 1040.2427636523555 20.0 1458277.1371743828 1039.3769739206919 13.0 1039.3769739206919 1025.3769739206919 0.0
70000.0 80000.0 3316.2921308594523 499.10120493860865 465.48822616529424 997.9089999999851 4.5719999999855645 2044.0 806.907519822293 791.907519822293 806.907519822293 14.0 1135759.559983107 813.3221213275651 15.0 813.3221213275651 797.3221213275651 0.0
80000.0 90000.0 3448.5089531249832 550.5871705729174 425.8577028074014 999.8169999999809 2.8460000000195578 5098.0 807.8497165253515 791.8497165253515 807.8497165253515 16.0 1101456.3028425102 786.3009047517431 6.0 786.3009047517431 779.3009047517431 0.0
90000.0 100000.0 1929.289648437465 400.92616967773694 460.5726922489631 997.8410000000149 0.0 78034.0 1111.546920287124 1020.5469202871241 1114.546920287124 91.0 1464000.5859802645 1102.3402556018673 48.0 1102.3402556018673 1051.3402556018673 0.0
100000.0 110000.0 2095.4640996094095 497.3990017361098 405.3765391720199 999.5879999999888 5.989000000001397 121973.0 942.1039194475948 827.1039194475948 943.1039194475948 111.0 1137249.4222099306 883.8903260439297 66.0 884.8903260439297 814.8903260439297 0.0
110000.0 120000.0 3244.3161621094914 675.5683837890508 418.30729787641644 999.4130000000005 2.9319999999715947 2131.825975767257 806.9452413569729 792.4161692137967 806.9452413569729 14.529072143176249 1137923.4846956676 807.8364273027186 8.0 807.8364273027186 797.8364273027186 0.0
120000.0 130000.0 3242.500880859443 619.9902878195968 447.7978220874426 999.9660000000149 4.967999999993481 5266.557852768884 854.0867741772246 836.9425951858017 854.0867741772246 17.144178991422876 1181950.7272538026 841.071264878066 8.727709278832602 841.071264878066 832.3435555992335 0.0
130000.0 140000.0 1998.606849609234 615.9218577223678 459.2482751080806 999.8090000000084 5.591000000014901 1620.8852457970088 948.4177712793463 937.7106317060028 948.4177712793463 10.70713957334352 1321883.542758848 931.849931040214 6.589282977786267 931.849931040214 925.2606480624277 0.0
140000.0 150000.0 3152.7472578124143 387.4592634548608 458.1240143837781 999.4029999999912 4.473999999987427 5363.7309256668495 837.8993734517373 820.27976415968 837.8993734517373 17.619609292057355 1147774.237101487 831.0117951332045 17.683007743381133 831.0117951332045 813.3287873898233 0.0
150000.0 160000.0 2599.0200292968657 582.1050769230753 451.40616477448634 998.9799999999814 0.0 6021.0 887.0 867.0 888.0 19.0 1227837.0 878.0 10.0 878.0 866.0 0.0
160000.0 170000.0 2477.4923281249357 601.2072142857194 461.99069239878196 999.5630000000237 5.368000000016764 117413.0 993.0 884.0 994.0 109.0 1239262.0 936.0 51.0 937.0 883.0 0.0
170000.0 180000.0 2246.9757070312626 775.8133292968735 382.38081927959456 999.8229999999749 5.10899999999674 2376.0 960.6042763776718 944.6042763776718 960.6042763776718 16.0 1364572.1091109598 966.0042424381664 11.0 966.0042424381664 955.0042424381664 0.0
180000.0 190000.0 3168.5301875000587 422.77793749999546 416.43629439307756 998.8549999999814 4.584999999962747 11878.0 853.4735424567184 826.6593488614752 854.4735424567184 25.0 1159406.8878087949 846.0735763962239 21.814193595243246 846.0735763962239 821.4451892057373 0.0
190000.0 200000.0 1579.1449804687873 690.3478401442363 355.04574919550106 998.0339999999851 23.40491796878632 3189.0 994.8793530155108 974.693546610754 996.8793530155108 18.0 1374812.1342349115 986.8748512950461 13.185806404756752 986.8748512950461 971.5032384855325 0.0
200000.0 210000.0 3206.0658867185703 570.9358427734502 453.3046315484141 999.9960000000428 0.0 5337.0 839.92567163013 821.92567163013 839.92567163013 18.0 1174980.776845275 838.9385416734495 11.0 838.9385416734495 827.9385416734495 0.0
210000.0 220000.0 3280.3341953125782 486.622557477668 478.12750983908325 998.8889999999665 4.856999999959953 2044.0 809.2540534881557 795.2540534881557 809.2540534881557 14.0 1132582.1152360656 810.9942209998965 15.0 810.9942209998965 794.9942209998965 0.0
220000.0 230000.0 1873.8190039063338 486.2312812499984 433.0049210985557 999.4660000000149 0.0 100192.22138800699 1066.6384036812494 967.8625796342163 1067.4161546955922 96.77582404703313 1365885.159406166 1023.8861075340277 49.55453854503094 1024.8861075340278 969.553817974654 0.0
230000.0 240000.0 2947.5438613281585 388.168107730263 435.8044418967973 997.5979999999981 4.768999999971129 22965.51941048369 847.5604618069315 818.4899718458526 847.7827107925887 28.070489961079023 1161094.4884995613 843.4621118092084 26.650723128395846 843.4621118092084 815.5891396951556 0.0
240000.0 250000.0 3387.932201171876 571.4345665690101 428.22623461543253 999.5050000000047 79.34299999999348 1629.6367234960783 826.3905413230017 815.3164613449032 826.3905413230017 11.07407997809843 1148853.4746675645 817.4130456195612 7.189192892092031 817.4130456195612 807.2238527274692 0.0
250000.0 260000.0 2768.0350722656585 728.7614927734364 408.8999804528521 999.3310000000056 55.65000000002328 5319.622478013256 879.2736962206308 862.1940902068413 879.2736962206308 17.079606013789423 1234815.8541907012 876.3533022344202 6.605545434481182 876.3533022344202 869.747756799939 0.0
260000.0 270000.0 1632.6299999998882 836.7370000000112 338.19283776698785 998.7140000000363 103.13800000003539 2376.0 1030.0 1014.0 1030.0 16.0 1449390.0 1020.0 6.0 1020.0 1014.0 0.0
270000.0 280000.0 5491.315999999992 356.17399999999907 453.0287749271659 999.1060000000289 4.9769999999552965 4779.0 561.0 547.0 561.0 14.0 762814.0 557.0 15.0 557.0 542.0 0.0
280000.0 290000.0 1061.9498828126816 650.6440797990903 477.71625635198757 999.765999999945 0.0 19859.0 1124.651712454725 1090.651712454725 1124.651712454725 34.0 1572630.160649607 1113.6862226733383 13.0 1113.6862226733383 1100.6862226733383 0.0
290000.0 300000.0 260.92182226572186 766.1128487723181 398.45037529438184 998.3399999999674 34.304882812546566 99814.0 1100.348287545275 1008.3482875452751 1101.348287545275 92.0 1416939.839350393 1051.3137773266617 47.0 1052.3137773266617 1002.3137773266617 0.0
