ts te idle avg_span std_span max_span min_span c_bytes_all c_ack_cnt c_ack_cnt_p c_pkts_all c_pkts_data s_bytes_all s_ack_cnt s_ack_cnt_p s_pkts_all s_pkts_data videorate
0.0 10000.0 12.884347656276077 635.9955935872385 358.5569171091249 999.1379999999772 0.0 106770.2455811826 1229.2880626063206 1055.2687266598277 1237.2880626063206 170.0193359464929 1852515.7607959518 1503.1027675965954 114.34577118526688 1503.1027675965954 1381.7569964113286 0.0
10000.0 20000.0 1114.8748105468694 619.9411314697281 405.66239429410234 999.7789999999804 58.06591796875 10987.632907740881 1174.1560840208604 1140.234493320932 1174.1560840208604 32.75080064904145 1603039.3987496328 1150.5461906193887 10.585395025443386 1150.5461906193887 1139.3754005685018 0.0
20000.0 30000.0 1921.3941875000019 738.1573540482946 365.7190082323812 999.8219999999856 41.12508203124162 2095.973753461617 973.0519795238278 958.1015295851405 973.0519795238278 14.121239989574104 1355856.3934677993 964.832525875969 8.732149649006999 964.832525875969 955.6857712524054 0.0
30000.0 40000.0 3381.940923828224 376.26244867621506 438.3850750417683 999.6809999999823 5.868000000016764 4992.073374957009 847.0882041293816 832.0466056707719 847.0882041293816 15.041598458609649 1160998.150192988 833.5524313796184 11.732113625118421 833.5524313796184 821.8203177545 0.0
40000.0 50000.0 2814.9619921874255 484.40490597099 444.2158773074895 998.4330000000191 0.0 245503.4164059469 1048.1626429159542 853.611845614948 1050.1626429159542 193.55079730100613 1195272.6071636127 975.0633263168165 119.9503417004312 976.0633263168165 851.1129846163853 0.0
50000.0 60000.0 3336.1127792968764 431.0209375000013 475.3149302679835 996.814000000013 4.727000000013504 2044.0 854.0 840.0 854.0 14.0 1173990.0 840.0 10.0 840.0 829.0 0.0
60000.0 70000.0 1661.5449999999837 621.7422142857187 452.88218781542724 999.4969999999739 2.9039999999804422 5772.0 1065.0 1044.0 1065.0 20.0 1470799.0 1056.0 7.0 1056.0 1047.0 0.0
70000.0 80000.0 3160.6616796875023 571.0528600260392 483.4255061958501 999.2370000000228 5.00099999998929 2044.0 843.3061365831353 828.3061365831353 843.3061365831353 14.0 1179060.1630407171 848.3061365831353 9.0 848.3061365831353 838.3061365831353 0.0
80000.0 90000.0 3135.4113300781464 578.6589724934893 453.90046319378513 997.8539999999921 2.4070000000065193 5382.0 845.5173936504343 827.5173936504343 845.5173936504343 18.0 1172787.2554648954 840.9805710538483 9.0 840.9805710538483 831.9805710538483 0.0
90000.0 100000.0 2007.1780859373976 389.67725288723193 433.58843716776994 998.7170000000042 0.0 46493.73895538878 1043.7519152121706 991.0012951731624 1045.3509835147934 52.750620039008346 1380292.1725021023 1017.5013480114712 31.976707565569974 1017.5013480114712 983.9255721432784 0.0
100000.0 110000.0 2729.7445820312714 370.04228031589224 419.30264507628567 999.390000000014 5.164999999979045 150621.66249675967 958.230502308166 815.4244870932681 959.631434005543 138.8060152148979 1129282.5509590819 903.451539566389 74.02329243443003 903.451539566389 826.0273154345817 0.0
110000.0 120000.0 2789.683339843701 705.7349643110858 344.7311856064339 997.9890000000014 83.29700000002049 3441.0594054911544 863.145551272943 846.0695230199123 864.0612937476207 17.07602825303076 1197740.438721247 864.5736951531348 11.747227424033206 864.5736951531348 850.9107252544239 0.0
120000.0 130000.0 2036.9729218750726 487.5200570518041 455.59460903017515 999.859999999986 5.297000000020489 7067.539142360409 1030.8324269573027 1007.4650904642397 1031.916684482625 21.36733649306299 1406550.2422187498 1016.6286501986008 13.252772575966794 1016.6286501986008 1000.2916200973117 0.0
130000.0 140000.0 4656.203925781301 534.3796074218699 455.4627857544947 999.005999999994 5.25199999997858 1888.0465543129365 690.9628146908835 677.9022932793598 690.9628146908835 13.060521411523714 948600.098201501 676.2442786969323 5.0 676.2442786969323 671.2442786969323 0.0
140000.0 150000.0 2179.9431289062486 424.7895721628233 459.46337236153175 998.960000000021 4.289999999979045 5210.9098899066885 987.126470091194 970.8858949310849 987.126470091194 16.240575160109174 1358773.5611859811 975.4880880743507 14.550182761938814 975.4880880743507 960.9379053124119 0.0
150000.0 160000.0 3163.925890625047 596.8494699519181 446.4447282818977 999.1439999999711 7.701999999990221 4988.043555780374 835.1267892337705 817.4278858054034 836.1267892337705 17.69890342836711 1169296.517705724 841.8256926621376 10.449817238061186 841.8256926621376 830.3758754240764 0.0
160000.0 170000.0 1360.815156250028 520.9168947368407 459.94677083463495 999.9490000000224 0.0 118848.0 1148.0 1040.0 1149.0 106.0 1458173.0 1104.0 60.0 1104.0 1040.0 0.0
170000.0 180000.0 3075.352113281202 769.9999874132013 425.3735975976418 999.4890000000014 5.352000000013504 2044.0 844.5007701314257 830.5007701314257 844.5007701314257 14.0 1200986.686514904 855.5007701314257 7.0 855.5007701314257 848.5007701314257 0.0
180000.0 190000.0 3256.676837890467 381.43382412111094 435.064510002413 999.8660000000382 4.812000000034459 9797.0 808.6196930475791 784.9472790876129 808.6196930475791 22.0 1094311.6690898333 798.5366121773575 18.836206979983103 798.5366121773575 778.8641982173913 0.0
190000.0 200000.0 1945.9110468750587 621.928202524029 425.0938831545306 998.609000000055 5.194999999948777 2044.0 978.7559641540774 964.4283781140437 978.7559641540774 14.0 1363379.1383073367 976.2323014360859 11.163793020016897 976.2323014360859 964.9047153960521 0.0
200000.0 210000.0 3258.011984375189 757.8712239583126 361.73118251512426 999.1929999999702 78.8530000000028 5743.496498137044 855.1088242424698 835.1480019645359 855.1088242424698 19.960822277934 1182809.9972922718 844.8331009968811 5.0 844.8331009968811 839.8331009968811 0.0
210000.0 220000.0 3379.1941308593377 476.9498477957594 469.41090779699397 997.8159999999916 5.170999999972992 1998.8214628974965 845.163537655901 831.4356975179643 845.163537655901 13.727840137936727 1175818.159958442 838.6686796579617 9.0 838.6686796579617 829.6686796579617 0.0
220000.0 230000.0 3269.988775390666 419.7656250000065 417.8970181684784 999.8229999999749 4.631000000052154 67117.7970350683 909.7234509974634 839.3210664795437 910.1830488715439 66.40238451791976 1166674.4614886986 873.7128289906958 32.00512134097567 874.7128289906958 836.2481097756397 0.0
230000.0 240000.0 3116.5830058592837 412.2688312717041 449.731393456245 994.3760000000475 4.4989999999525025 53046.378638324364 894.5053431512624 840.5391995162145 895.045745277182 52.966143635048105 1180347.8499358662 872.7789088520944 33.99487865902433 872.7789088520944 837.2436280671504 0.0
240000.0 250000.0 2138.423216796713 550.7594522135565 438.75973634599154 999.8120000000345 72.95499999995809 5172.175325066712 954.336944628963 936.5607861601721 954.336944628963 15.77615846879098 1312643.056797807 946.0942031007355 9.023820741163984 946.0942031007355 933.0703823595715 0.0
250000.0 260000.0 2985.195970703033 671.3123742897932 400.70864552732036 998.8000000000466 7.827000000048429 2641.331040506082 898.285471990858 881.1188210284876 900.285471990858 15.166650962370424 1236179.9806148396 886.6425946567629 7.976179258836017 886.6425946567629 876.6664153979268 0.0
260000.0 270000.0 1667.561999999918 833.2438000000082 344.85748190771284 997.4660000000149 82.99100000003818 2376.0 1054.0 1038.0 1054.0 16.0 1469516.0 1043.0 6.0 1043.0 1037.0 0.0
270000.0 280000.0 3351.409999999916 451.96426666666906 475.4596311401522 999.8850000000093 4.7269999999552965 5415.0 844.0 826.0 844.0 18.0 1156026.0 831.0 11.0 831.0 820.0 0.0
280000.0 290000.0 2790.7129140625475 567.6259226262068 460.0311355127406 999.8059999999823 0.0 19250.0 856.9530251335575 827.9530251335575 856.9530251335575 28.0 1180327.8247717496 850.7085607645305 17.0 850.7085607645305 833.7085607645305 0.0
290000.0 300000.0 1897.1819941404974 628.6552312199582 427.88962306489736 999.8129999999655 10.385000000009313 100489.0 1029.0469748664425 938.0469748664425 1030.0469748664425 90.0 1299097.1752282507 971.2914392354696 41.0 971.2914392354696 928.2914392354696 0.0
