ts te idle avg_span std_span max_span min_span c_bytes_all c_ack_cnt c_ack_cnt_p c_pkts_all c_pkts_data s_bytes_all s_ack_cnt s_ack_cnt_p s_pkts_all s_pkts_data videorate
0.0 10000.0 335.93994140625 739.8055297851598 352.6506834711908 999.7069999999949 5.505999999993946 50686.03519469094 896.3976469668936 824.0620592235956 908.3976469668936 67.33558774329792 1799861.557551739 1370.570200262488 64.33558774329794 1370.570200262488 1297.23461251919 685.1851851851852
10000.0 20000.0 2344.7760390624753 758.1277795758922 352.47796011843155 997.8890000000247 0.0 13786.537793665153 682.387862267921 663.9401718969887 682.387862267921 17.44769037093228 1255605.2653194556 907.0248030681926 16.44769037093228 907.0248030681926 888.5771126972603 260.0
20000.0 30000.0 4666.040220703173 571.1140488281214 394.314759407788 999.1010000000242 0.0 9646.427011643904 469.97258133345883 457.75585944768903 469.97258133345883 12.21672188576979 843737.9674609958 613.4503217992718 13.21672188576979 613.4503217992718 599.2335999135021 307.6923076923077
30000.0 40000.0 4305.963052734383 675.3975121093769 362.5226533033333 998.7509999999893 3.360107421875 10081.293094069806 526.3155305490635 512.5497844569447 526.3155305490635 12.765746092118786 961904.8817718463 696.8717763882652 12.765746092118786 696.8717763882652 682.1060302961465 366.6666666666667
40000.0 50000.0 5825.350052734371 599.219821289058 291.1929913858661 998.8769999999786 225.71000000002095 8097.082016588498 401.98546190014406 391.73238409258215 401.98546190014406 10.253077807561937 693216.0989604185 499.91443162402027 9.253077807561937 499.91443162402027 490.6613538164583 275.0
50000.0 60000.0 3255.7137812500587 765.9803286132781 303.00090263170574 999.685999999987 6.0939999999827705 8182.329660368123 625.1124182283389 614.7520147420361 625.1124182283389 10.360403486302893 1165040.390966415 832.9832867761775 11.360403486302893 832.9832867761775 821.6228832898745 400.0
60000.0 70000.0 3483.690181640617 786.3463559570285 331.3590851229025 998.9409999999916 0.0 10759.295228973573 561.8284987541803 548.2077261401639 561.8284987541803 13.620772614016385 1052418.83796913 758.1851800815846 13.620772614016385 758.1851800815846 744.5644074675681 275.0
70000.0 80000.0 3853.485031249991 838.302610894096 289.1871064605631 997.7280000000028 6.85899999999674 9475.0 555.9449429892463 543.9449429892463 555.9449429892463 12.0 1022452.9327043279 734.7390782066602 13.0 734.7390782066602 721.7390782066602 340.0
80000.0 90000.0 3454.2344882812467 804.4252917968755 285.0813052912263 996.8819999999832 22.00900390627794 9475.0 611.347815797085 599.347815797085 611.347815797085 12.0 1153009.9082768299 826.1934051729766 11.0 826.1934051729766 815.1934051729766 436.3636363636364
90000.0 100000.0 2917.43142773438 710.431837975541 387.2179403028221 997.8719999999739 5.601000000024214 11058.0 574.7735326200303 560.7735326200303 574.7735326200303 14.0 1076799.502894748 778.3840026536816 15.0 778.3840026536816 763.3840026536816 350.0
100000.0 110000.0 5591.0799921875005 571.7582509765634 461.57281461004754 998.8869999999879 31.986894531233702 5901.0 504.22972718175157 482.22972718175157 505.22972718175157 20.0 730877.7070029108 538.3046980554888 10.0 538.3046980554888 526.3046980554888 354.54545454545456
110000.0 120000.0 3272.353166015586 758.6710926649329 357.6066196585647 997.4070000000065 100.39299999998184 2034.5540310730603 818.3634392939636 804.4203427212343 818.3634392939636 13.943096572729278 1141856.3968826467 815.981370365999 8.0 815.981370365999 806.981370365999 430.7692307692308
120000.0 130000.0 1889.7448339842958 737.2959241832458 376.74455738010005 999.8069999999716 56.84305273438804 2053.4459689269397 1005.8709145963277 991.814011169057 1005.8709145963277 14.056903427270722 1406720.0277017741 1002.4664059536234 10.0 1002.4664059536234 992.4664059536234 430.7692307692308
130000.0 140000.0 3362.7161582031404 829.6604802246075 310.95241473305106 999.8730000000214 87.4430000000284 2093.7751832410404 829.7561675155554 815.5522279043154 829.7561675155554 14.203939611240004 1151211.1259872252 820.8529046333705 7.431385436600003 820.8529046333705 813.4215191967705 457.14285714285717
140000.0 150000.0 3287.3198749999865 517.2172403846142 473.26730988456114 999.5839999999735 5.261999999987893 1485.6418605639712 844.8226449364213 834.5914183527664 844.8226449364213 10.23122658365494 1174138.6623314205 835.2459302134063 7.786197660847469 835.2459302134063 827.4597325525588 436.3636363636364
150000.0 160000.0 2416.9187832031166 758.9278216796869 369.8102961684218 999.329000000027 6.1969999999855645 2215.2636968471716 942.0822930805907 927.2089494111012 942.0822930805907 14.873343669489522 1319432.044920425 939.3321926201503 6.8728417895395815 939.3321926201503 932.4593508306107 400.0
160000.0 170000.0 2503.5612968750647 749.6438703124935 369.12766102841135 999.7239999999874 0.0 1857.3192593478166 899.8085219890279 887.1170318534123 899.8085219890279 12.691490135615535 1249641.6912976918 889.5000121246434 6.909575113012947 889.5000121246434 882.5904370116305 436.3636363636364
170000.0 180000.0 3064.6840976562817 866.9144877929648 309.43772980645133 999.9619999999995 113.52490234375 2044.0 853.744355493989 839.744355493989 853.744355493989 14.0 1195084.408159062 853.4268755078415 8.0 853.4268755078415 845.4268755078415 400.0
180000.0 190000.0 2079.266902343661 634.9656998197181 436.925225881567 999.7999999999884 8.158999999985099 2824.0 956.255644506011 941.255644506011 956.255644506011 15.0 1329179.591840938 949.5731244921585 11.0 949.5731244921585 938.5731244921585 400.0
190000.0 200000.0 3212.591999999946 848.4260000000068 349.88338787454904 999.8710000000428 0.0 2044.0 858.0 844.0 858.0 14.0 1190077.0 846.0 4.0 846.0 842.0 400.0
200000.0 210000.0 3208.4257382813375 848.9467827148328 274.0833996805564 999.8310000000056 336.1019999999553 2376.0 819.9101133443836 803.9101133443836 819.9101133443836 16.0 1161524.6418557798 830.9101133443836 11.0 830.9101133443836 819.9101133443836 400.0
210000.0 220000.0 2055.821990234428 794.4178009765571 297.13960071070017 999.6189999999478 256.26699999999255 2044.0 970.021307428017 956.021307428017 970.021307428017 14.0 1359215.5196812241 966.3505039784483 8.0 966.3505039784483 958.3505039784483 430.7692307692308
220000.0 230000.0 3400.0142207029276 733.3317532552303 384.45864540350436 998.8699999999953 141.1480000000447 2044.0 811.4680187829058 797.4680187829058 811.4680187829058 14.0 1130236.9738421568 809.898878276944 10.0 809.898878276944 799.898878276944 400.0
230000.0 240000.0 3087.2340527344495 577.9087456054598 453.1538817114361 996.6659999999683 5.653999999980442 1960.8278022831464 843.8153806005687 830.3983632948457 843.8153806005687 13.417017305722988 1170122.5708500233 838.0836867323044 8.708508652861493 838.0836867323044 829.375178079443 430.7692307692308
240000.0 250000.0 2688.1338808593573 731.1866119140643 359.61609587093693 997.7580000000307 97.12200195307378 1526.4459013466603 910.8694300067493 900.4971456515157 910.8694300067493 10.3722843552336 1270835.9162494116 902.8232372654719 6.186142177616801 902.8232372654719 896.6370950878552 466.6666666666667
250000.0 260000.0 1372.439205077826 862.7560794922174 282.5840975200237 999.7870000000112 111.534912109375 2142.1973610399514 1075.4534498741907 1061.0190946115042 1075.4534498741907 14.434355262686724 1519794.1700157642 1077.1357950537981 7.1053491695217055 1077.1357950537981 1070.0304458842766 533.3333333333334
260000.0 270000.0 2441.2929042970063 839.8563439669992 283.7327350867168 999.2929999999469 275.4580078125 2114.5109945492104 930.2023169488682 915.8718650820357 930.2023169488682 14.3304518668324 1310690.6844083967 929.9836935438574 6.0 929.9836935438574 923.9836935438574 426.6666666666667
270000.0 280000.0 2307.115957031143 642.8546702474026 429.3816845397399 999.4129999999423 5.59499999997206 2284.0179407810315 977.7341257330094 962.288234523485 977.7341257330094 15.445891209524286 1358116.2069893545 964.4805371073912 7.0 964.4805371073912 957.4805371073912 430.7692307692308
280000.0 290000.0 2341.5230097656604 765.847699023434 347.0343416197994 999.9440000000177 145.6239999999525 2044.0 919.2799650670255 905.2799650670255 919.2799650670255 14.0 1294523.5153017042 926.0876624831194 10.0 926.0876624831194 916.0876624831194 430.7692307692308
290000.0 300000.0 3138.9881503905635 686.1011849609437 417.43673223583835 998.8760000000475 1.1920000000391155 2232.481174354746 841.05803467186 825.4229732494096 841.05803467186 15.635061422450452 1170180.1666933547 838.1850469563501 8.254024568980181 838.1850469563501 829.9310223873699 436.3636363636364
