ts te idle avg_span std_span max_span min_span c_bytes_all c_pkts_all s_bytes_all s_pkts_all video_rate
0.0 10000.0 7092.262046875025 969.2459843749917 27.31207938148988 999.1539999999804 945.626953125 28282.415738252108 340.8919069968028 1018531.4660354424 764.7627544909774 480.0
10000.0 20000.0 2920.3039531249087 707.9696046875091 463.6614539054778 998.0129999999772 28.054000000003725 44895.58426174789 629.1080930031972 1593462.5339645576 1136.2372455090226 706.6666666666666
20000.0 30000.0 1195.953937500075 978.2273402777695 55.582526053702495 999.9739999999874 830.1640625 59515.27447581461 995.1621830193878 2586887.9539747066 1808.6577648268137 1842.857142857143
30000.0 40000.0 770.1350625000778 839.0786306818111 353.57149570495363 999.7019999999902 83.77100000000792 59722.72552418539 1110.8378169806122 2916870.046025294 2030.3422351731863 2300.0
40000.0 50000.0 2402.624941406306 949.6718823242118 113.21289089028792 999.8769999999786 675.2370000000228 57285.1386474899 948.3712386168196 2508833.039580402 1750.068492677365 1500.0
50000.0 60000.0 1929.7971054686932 807.0202894531307 367.16224457692454 999.3630000000121 65.08194140624255 56606.492672303284 958.6597452514915 2453769.1221769876 1712.6845984650056 1800.0
60000.0 70000.0 2055.824707031192 794.4175292968808 393.16739306374154 999.0979999999981 41.87800000002608 51372.56992820445 865.8162033668535 2240015.921585075 1573.7494340105895 1842.857142857143
70000.0 80000.0 1976.855361328111 891.4605154079877 290.0562003905341 999.6670000000158 120.3337539062486 54655.919709817485 911.7245500910326 2377951.2916718516 1666.3794943896391 1500.0
80000.0 90000.0 227.7886347657186 888.3828513849347 279.33499460049757 999.5889999999781 66.5571152343764 63658.81212439694 1063.5782015211903 2745140.0647443533 1932.6259981611106 1700.0
90000.0 100000.0 1060.6182499999995 893.938175 246.94752440892725 999.5970000000088 207.79074999998556 58417.066917787946 1050.8500611526126 2717223.560241331 1905.4919822962902 2300.0
100000.0 110000.0 2971.575925781217 878.5530092773479 313.4417331809185 999.9870000000228 104.63199999998324 55075.481545237875 880.5923371156391 2387477.2473791377 1671.525026285307 1614.2857142857142
110000.0 120000.0 2028.9551562499837 885.6716493055574 309.80608617422104 998.304999999993 60.78892578126397 46243.847481429184 732.1670822461529 1906450.085508813 1341.8947556027497 1766.6666666666667
120000.0 130000.0 2168.076939453138 870.2136733940957 310.7678472318769 998.6730000000098 49.17508203122998 55669.478998927916 916.202468017419 2375156.3353156075 1660.5581661243525 1614.2857142857142
130000.0 140000.0 2025.1320820312249 797.4867917968775 406.68386152731654 999.8769999999786 0.0 52704.107856902636 867.9372708356029 2303489.134551405 1605.4758307358513 1500.0
140000.0 150000.0 1437.2839394530747 856.2716060546925 308.5107974950053 999.3620000000228 54.28910351562081 63091.78015476059 1052.3347754992935 2751617.115607117 1925.2773451642222 1800.0
150000.0 160000.0 2901.982957031287 709.8017042968713 457.0134856509426 999.9290000000037 30.35999999998603 51390.3039627418 859.7660662858925 2225413.0816379203 1555.2688760875174 1900.0
160000.0 170000.0 1996.6350000000093 889.2627777777767 324.0476817105014 999.9749999999767 25.15999999997439 50413.0 844.0 2190469.0 1536.0 1500.0
170000.0 180000.0 2439.033091796853 945.1208635253934 112.45415361850792 999.5109999999986 681.4189999999944 60143.30043554281 914.36810597741 2400474.8729926473 1683.4306016155638 1500.0
180000.0 190000.0 2004.9246503906325 799.5075349609367 396.09143772547765 999.5920000000042 0.0 53649.05756212483 862.3531086136366 2259320.4809625167 1582.5811077816368 1500.0
190000.0 200000.0 108.09136523440247 899.2644213423271 275.012728992642 999.8320000000531 78.28974218748044 66834.34616007941 1164.2573413406712 3033691.260940039 2116.526607105002 2071.4285714285716
200000.0 210000.0 124.79477148444857 897.7459298650501 261.61832794086473 999.9440000000177 131.63910742185544 66911.51108716948 1190.4307591189056 3155364.5736263534 2196.859862349789 2300.0
210000.0 220000.0 212.33708789071534 889.7875374644805 242.16196746408121 999.935999999987 209.67987890623044 62026.891027292906 1094.1962879061111 2848554.8473810083 1990.6975759018412 2300.0
220000.0 230000.0 2010.3007812502328 887.744357638863 229.9590049453595 999.1189999999478 293.9019667968387 53699.78890262704 894.174191805811 2362201.528375563 1655.1387539850527 1465.7142857142858
230000.0 240000.0 4945.291251953109 631.8385935058614 466.96930976191663 999.6909999999916 42.90000000002328 32449.104825163522 466.22020523745437 1190968.435721872 852.7654912611146 840.0
240000.0 250000.0 1149.378882812569 983.402346354159 42.45578153320227 999.5579999999609 870.2451171875 64660.92223204466 1021.963378561162 2755109.7845395664 1928.6740407956208 1700.0
250000.0 260000.0 2019.6590214843163 798.0340978515684 389.897253550602 999.9320000000298 0.0 53016.78511603853 856.5803064003317 2226784.757336214 1560.5788289699399 1500.0
260000.0 270000.0 2001.8881699219346 799.8111830078066 389.0090495146227 999.6080000000075 26.131000000052154 59574.16477539017 943.8085440938628 2419858.7742789136 1693.9685493657826 1700.0
270000.0 280000.0 3195.0219882812817 756.1086679687464 399.9859389443196 999.2219999999506 30.79599999997299 51488.31686543838 815.8371388204974 2010228.6109732687 1411.4325218651231 1728.5714285714287
280000.0 290000.0 1482.7818554687547 851.7218144531246 306.59005708363134 999.8680000000168 52.75306250003632 64158.21908645689 1052.761505161357 2826112.287045144 1970.2246592726665 1600.0
290000.0 300000.0 1222.1300820311299 877.786991796887 266.0462692219334 999.7939999999944 129.27791796880774 60496.59192463137 1041.049126962789 2702196.7858268935 1897.121399730867 2166.6666666666665
