ts te idle avg_span std_span max_span min_span c_bytes_all c_pkts_all s_bytes_all s_pkts_all videorate
0.0 10000.0 6489.262074218754 877.6844814453116 192.11972102925606 998.6299999999974 593.52392578125 15238.983893758654 165.5597899791625 499615.4585431414 448.1267637969305 364.8
10000.0 20000.0 354.41284570311836 876.8715594815347 237.83806694182715 995.1410000000033 388.757080078125 34942.337629045265 621.983122109463 2027472.1628305598 1777.5215070050938 288.0
20000.0 30000.0 1289.5870332031263 871.0412966796873 248.5417569785798 997.5460000000021 377.498046875 20277.912758953094 409.9245677140328 780142.7562101239 663.484271069545 288.0
30000.0 40000.0 449.834113281242 868.1968987926143 294.8863417922134 999.4360000000015 49.60693359375 21924.02585055398 496.2220851459781 725840.216649391 619.2504528595423 288.0
40000.0 50000.0 105.6239335937571 989.4376066406243 16.117800290876975 999.7029999999941 946.3810664062476 15784.739867689012 345.3104350513636 472994.405766784 431.61700526888876 288.0
50000.0 60000.0 231.9970351562224 976.8002964843778 40.2747242298728 998.945000000007 878.43896484375 20992.451676060475 438.8684052327893 697665.7545062825 607.278177408902 288.0
60000.0 70000.0 1179.566964843747 882.0433035156253 275.0863784766178 999.9569999999949 117.57503515624558 17541.548323939525 368.1315947672107 618843.2454937175 537.721822591098 288.0
70000.0 80000.0 347.9529785156046 965.2047021484395 55.642546589287875 999.9070000000065 810.822021484375 22464.10340884518 444.7091986360003 805615.737550911 698.9431957131437 288.0
80000.0 90000.0 952.9140214843937 904.7085978515606 254.27021375072457 999.627999999997 183.3199785156321 16865.89659115482 356.2908013639997 605005.262449089 532.0568042868563 288.0
90000.0 100000.0 355.14895312498265 964.4851046875017 56.23342919392517 999.0979999999981 838.248046875 16830.740327537434 378.9380255966902 511368.5578725332 448.97502908714796 288.0
100000.0 110000.0 230.76996093749767 888.1118217329548 259.8823399982166 999.064000000013 160.25995312500163 18543.06884067412 433.5383617722989 551502.4547181723 482.5807561766727 288.0
110000.0 120000.0 1711.028978515591 828.8971021484409 324.9495085019281 999.9659999999858 119.19399999998859 20081.88806426398 450.46788184700745 657955.546444898 581.1919890636385 288.0
120000.0 130000.0 5907.614029296907 584.6265672432991 385.2319853558934 955.4130000000005 67.705078125 18905.71629593998 436.5229298051585 1019513.0117110892 894.5253116756971 588.0
130000.0 140000.0 5444.790132812486 650.7442667410734 355.7814971597964 998.765000000014 53.4189453125 22779.333504853916 566.8731946806075 1371516.4689241503 1163.3211479506226 1122.857142857143
140000.0 150000.0 92.25483593749232 900.7041058238643 298.2066413111028 999.8500000000058 3.037109375 31937.171269384024 830.9879763028525 2010633.6634248435 1680.141558093599 1500.0
150000.0 160000.0 109.36110937499325 989.0638890625007 14.850657464921852 999.0279999999912 949.0219999999972 30189.081697346548 818.6716299953849 2013201.2969043136 1668.2642079526217 1500.0
160000.0 170000.0 111.13800976565108 988.8861990234349 19.334553622638754 999.3800000000047 936.739990234375 35724.43097199453 942.0398722014679 2327924.344413015 1932.7037949848157 1500.0
170000.0 180000.0 44.030033203132916 905.0881787997151 280.7812585589416 999.9379999999946 62.61800976563245 37613.49943599671 967.9822995739905 2359029.3986203196 1953.5262513292726 1800.0
180000.0 190000.0 57.76793359374278 903.8392787642052 271.3099556569047 999.9729999999981 92.78304296874558 45974.55007300641 1200.5971076259043 2975372.352638333 2448.2105241972426 2300.0
190000.0 200000.0 109.61513476562686 899.1258968394885 264.5797341498184 999.6069999999891 120.10897656250745 48828.66543960896 1282.2069502639656 3200165.0391979613 2617.905894590195 2300.0
200000.0 210000.0 1050.7919394531345 813.5643691406241 350.7395614271912 998.994000000006 55.14794921875 46079.8589949294 1199.9614528766142 2986384.7149589886 2436.725986102057 2300.0
210000.0 220000.0 227.14166406253935 977.285833593746 42.81692256914199 999.176999999996 864.96728515625 49592.700249749556 1307.5604624670834 3259117.399833426 2656.6238388144684 2300.0
220000.0 230000.0 1587.758199218748 764.7492546164775 391.8689314238579 999.185999999987 30.5380859375 31001.86701196393 777.4719115429087 1890078.11622096 1560.7638796377523 1436.6666666666667
230000.0 240000.0 3119.1041601562174 764.5439822048647 414.6279146946884 999.5300000000279 37.14892578125 28244.479441345975 698.85089357084 1713196.0331429595 1417.778553013318 1280.0
240000.0 250000.0 398.6629863282433 960.1337013671757 81.30374234607936 999.2359999999753 740.2299999999814 34053.995088727024 841.9669193255811 2034492.9585743814 1703.4882711122423 1500.0
250000.0 260000.0 75.69283789058682 902.2097420099467 275.87159094915097 999.6620000000112 75.03406054689549 36435.76906714665 930.252728242194 2296298.9151144456 1897.9568953769115 1500.0
260000.0 270000.0 151.18009375000838 895.3472642045447 268.55127785172215 996.929999999993 97.01089843752561 35893.77511455523 895.2253257960056 2167741.1320713875 1805.1303593573493 1500.0
270000.0 280000.0 923.3157070311136 825.1531175426261 356.96237690516307 999.2779999999912 67.88330078125 32170.89034713225 824.3128075939256 2016087.0081483864 1673.9948445737784 1500.0
280000.0 290000.0 120.10399999999208 987.9896000000008 21.533648332397878 999.7310000000289 930.787699218723 33755.07305807302 833.5031495303189 2010136.9133846026 1672.0830512110294 1500.0
290000.0 300000.0 82.17541210941272 901.6204170809625 298.9646298428554 999.8539999999921 1.3836992187425494 32345.539072465657 813.7007027362315 1985272.106012383 1658.0693214092084 1500.0
