ts te idle avg_span std_span max_span min_span c_bytes_all c_pkts_all s_bytes_all s_pkts_all video_rate
0.0 10000.0 9298.868091796874 350.56595410156297 304.2184855596949 565.680908203125 135.45100000000093 11405.585142093398 99.91069096041862 232764.38320036666 192.0602051502863 840.0
10000.0 20000.0 788.7769804687523 837.3839108664771 290.38710237589515 999.4490000000005 185.575927734375 72519.85828399763 1211.7616625922676 2962244.753334801 2391.070391870153 992.3076923076923
20000.0 30000.0 2265.5669707031193 859.3814476996534 159.10264730456706 999.6580000000031 628.1809999999969 47195.88201312462 845.1297163705699 2070237.3753413954 1674.7625697444068 1500.0
30000.0 40000.0 1586.6670781250068 764.8484474431812 391.88420233173315 999.7640000000029 7.631999999997788 61397.942893602994 1151.844699392083 2879287.79888534 2326.753602550493 2071.4285714285716
40000.0 50000.0 522.4058417968772 947.7594158203123 106.08260850500747 999.8240000000005 703.238037109375 63524.624396261934 1223.353278720415 3024366.2935289014 2437.649598145037 2300.0
50000.0 60000.0 179.345031249999 892.7868153409091 235.43894996052845 999.4309999999969 296.09896289062453 65291.23190097609 1281.6342604418794 3198424.901430303 2572.377848738466 2300.0
60000.0 70000.0 79.30005468751187 901.8818132102261 213.2360782051847 999.8880000000063 429.29299414061825 61603.54178788081 1173.6765872800502 2912120.233994436 2354.0332132825133 2300.0
70000.0 80000.0 41.470980468715425 905.3208199573895 206.3297382871123 999.244000000006 483.8170488281321 65788.43931490455 1279.2487295224464 3164120.3083258406 2555.0823227802857 2300.0
80000.0 90000.0 1075.6210800781264 811.3071745383521 289.3457095391994 999.445000000007 192.837890625 67447.81495764093 1258.5257438253736 3137173.5096935537 2523.677186262087 2300.0
90000.0 100000.0 405.8598906249972 959.4140109375003 81.69926076482498 999.7599999999948 803.2039999999979 64369.07930951707 1209.914630894496 2978426.4422650617 2400.5330614762715 2300.0
100000.0 110000.0 504.1090996093699 949.589090039063 140.1356126290208 999.5109999999986 551.597900390625 67668.30104598703 1257.0987105660754 3124937.275223333 2520.344694052069 2300.0
110000.0 120000.0 84.79880078123824 901.3819272017056 210.09408505890062 999.9930000000022 445.61809960937535 64394.83792248493 1194.424930753765 2959787.3215294536 2390.4922950357504 2300.0
120000.0 130000.0 72.91598632818204 902.4621830610744 204.17661416646956 999.6149999999907 488.1179003906145 67656.90482339736 1257.3802075379683 3068180.706366537 2467.8793626992815 2300.0
130000.0 140000.0 817.8070507812663 834.7448135653394 290.015174693792 999.3310000000056 202.6640625 68115.46968095921 1279.7735888585844 3174451.7449764153 2554.2486818949696 2300.0
140000.0 150000.0 857.0620898437337 914.2937910156267 139.27588798705528 999.9990000000107 660.7010000000009 66969.44426858569 1253.6624063820732 3131920.9799604085 2517.6115697185724 2300.0
150000.0 160000.0 208.8070917968871 890.108446200283 237.8338470130773 998.375 298.2760273437598 66652.76816219522 1248.9523969364964 3062383.2431900734 2472.7903297737857 2300.0
160000.0 170000.0 82.60376757811173 901.5814756747171 213.61336226713536 999.2760000000126 452.05111914061126 68532.02935651365 1284.1397273425123 3201274.4433465414 2582.344556061664 2300.0
170000.0 180000.0 49.18906835941016 904.61917560369 205.6266280551729 999.9519999999902 468.946044921875 66429.15808715057 1250.547071158261 3074961.8317261986 2476.5426537415024 2300.0
180000.0 190000.0 81.12208789063152 901.7161738281244 213.00953264350392 999.1900000000023 435.48095703125 69372.31648674548 1290.5924104645892 3174759.597580313 2556.403041023029 2300.0
190000.0 200000.0 45.887037109350786 904.9193602627863 208.33415163103695 999.5270000000019 414.117919921875 66261.25707676755 1244.8247701749976 3078412.2398573346 2476.061059722477 2300.0
200000.0 210000.0 35.95099218754331 905.8226370738597 208.8273029553539 999.7609999999986 399.450927734375 70726.4760741729 1328.1725912914408 3312883.023392069 2670.6228479391953 2300.0
210000.0 220000.0 44.875847656221595 905.0112865767071 213.48973346177567 999.4610000000102 373.882080078125 67648.99439593355 1280.035326573946 3166864.9918146776 2548.4369741334326 2300.0
220000.0 230000.0 371.26714257811545 875.3393506747168 281.3271257961198 999.8120000000054 175.5859375 66499.35628721878 1246.9832471899467 3099448.7434751457 2494.5169018779484 2300.0
230000.0 240000.0 506.4749375000247 949.3525062499975 106.38756241688357 999.7209999999905 690.3910000000033 65610.68633188811 1236.4126147693441 3045342.857561499 2449.7050323263234 2300.0
240000.0 250000.0 377.64173828123603 962.2358261718764 107.08338481254113 999.4029999999912 657.59326171875 69221.00663632473 1286.7764229604736 3177640.804185794 2559.5153014014286 2300.0
250000.0 260000.0 474.74827148451004 865.93197531959 235.29301952435762 999.2249999999767 338.1427382812253 68282.18121019745 1278.177584095978 3178422.778317986 2561.690942298168 2300.0
260000.0 270000.0 38.25801562500419 905.6129076704542 205.49518610296113 998.9430000000284 432.635009765625 69154.62149541634 1306.4938333512907 3201893.5925257048 2576.1807382488437 2300.0
270000.0 280000.0 736.2948828125373 842.1550106534057 286.5542351651472 999.5119999999879 187.069091796875 66955.57066944282 1251.1217941020775 3091877.282919528 2489.315206748247 2300.0
280000.0 290000.0 428.764091796882 957.1235908203118 87.4394915646499 999.9859999999753 774.1240000000107 66250.61998861865 1252.4303654901803 3091523.542050987 2488.2978113033123 2300.0
