ts te idle avg_span std_span max_span min_span c_bytes_all c_pkts_all s_bytes_all s_pkts_all videorate
0.0 10000.0 9191.820068359375 808.179931640625  808.179931640625 808.179931640625 10046.92152585951 70.3599913668017 196910.11882755757 153.65975126083129 480.0
10000.0 20000.0 2042.8989355468075 795.7101064453193 313.37276014742963 997.7019999999902 191.13306835939875 83931.64786315644 1180.1410724263533 3176174.22315596 2363.5319214503247 1040.0
20000.0 30000.0 2216.00307812501 864.888546874999 211.81616991615613 997.810999999987 479.1410039062612 57934.69082535674 1027.3640070745994 2673843.5656829444 1862.9585072005436 2033.3333333333333
30000.0 40000.0 3200.1209941405687 849.9848757324289 225.93878501534553 999.8319999999949 461.2750820312649 46025.20047259805 800.5217662005892 2050904.0634524676 1433.1617653334154 1728.5714285714287
40000.0 50000.0 107.46294726559427 899.3215502485823 214.1813500564945 999.7160000000149 460.87507617188385 67986.72686254676 1142.0906286537574 2932223.7113863467 2054.2679519580693 1600.0
50000.0 60000.0 3423.924708984385 730.6750323350684 333.8324104565774 999.8829999999725 138.50799999997253 48116.260206087194 854.6776958529963 2173025.1588569684 1519.5733782921295 1842.857142857143
60000.0 70000.0 1171.8189980469178 882.8181001953083 205.68362723341738 998.8649999999907 476.11973242188105 63299.15838388086 1081.8480327538534 2778233.938799281 1944.2423442290176 1855.5555555555557
70000.0 80000.0 2416.4032695312635 758.3596730468737 398.9110422111237 998.0270000000019 42.43599999998696 53773.393860514465 923.9968056710493 2354764.2198384744 1642.6043802756685 1570.0
80000.0 90000.0 3365.7080000000424 829.2864999999947 243.8345379292047 999.2989999999991 460.4319999999716 47694.0 763.0 1948186.0 1374.0 1257.142857142857
90000.0 100000.0 1544.8008828125312 939.4665685763854 168.06281326471398 999.9930000000168 491.3701171875 65059.14221344683 1146.7553029144028 2963908.2047863943 2061.133071117707 2300.0
100000.0 110000.0 1092.8528027343564 890.7147197265643 221.1121307100455 998.6359999999986 469.247314453125 58593.69990135846 957.2458584446997 2510161.969046385 1763.1537100265873 1700.0
110000.0 120000.0 3748.212314453209 781.4734606933489 332.07184735544644 999.7779999999912 111.25799999997253 45835.15788519471 733.9988386408974 1793008.8261672207 1264.7132188557055 1170.0
120000.0 130000.0 3980.534035156248 752.433245605469 297.4024164398602 999.5920000000042 201.7619999999879 46152.98246680388 674.6369069106122 1701748.4124497047 1216.3735595864791 1005.0
130000.0 140000.0 1868.2089882813161 813.1791011718684 300.9968167462436 999.4949999999953 251.53899999998976 57403.380689102574 904.430887160593 2269821.0143595315 1600.904991046621 1417.5
140000.0 150000.0 897.7009765625116 910.2299023437488 184.2900767564184 999.8890000000247 532.2690234375186 60613.63684409355 1022.9322059287948 2549546.573190764 1789.7214493668998 1842.857142857143
150000.0 160000.0 1566.9499999999534 937.0055555555607 179.49987771591503 999.0999999999767 458.375 64858.23061226961 1062.8409569514658 2765570.092488081 1936.086917694292 1842.857142857143
160000.0 170000.0 1971.4600683594472 892.0599924045059 203.393529880605 999.9990000000107 530.804931640625 54658.7349482462 894.0817110537695 2327428.317175504 1630.080060779757 1900.0
170000.0 180000.0 495.29986718745204 864.0636484375044 244.531701455771 999.5370000000112 345.966064453125 69840.81897579021 1176.0721714767985 3014573.5887589636 2102.1298683721916 1900.0
180000.0 190000.0 1576.7581308593508 842.324186914065 229.68368517194858 999.4710000000196 396.3410000000149 61934.241663077504 1048.45182864468 2749647.0625761515 1918.8880742023816 2300.0
190000.0 200000.0 3438.845974609372 820.1442531738285 244.6691897850306 999.7600000000093 463.0410664062365 48203.604510520745 785.6729605508331 2037805.0719979673 1423.5115525604776 1728.5714285714287
200000.0 210000.0 118.22499414067715 898.3431823508475 213.34275938768448 999.0450000000419 461.51804101560265 69314.10795626618 1148.5566157655321 2987508.5579047967 2089.654600738914 1500.0
210000.0 220000.0 2006.958031249931 799.3041968750069 341.01919351452904 999.4020000000019 16.62300000002142 50163.056173119745 793.877802774292 2090364.5316007386 1471.6608341924364 1842.857142857143
220000.0 230000.0 1752.1040195312817 824.7895980468718 287.6386396891896 998.6570000000065 232.70799999998417 67659.79293091186 1097.5233144981055 2785880.127402356 1951.5346882358072 1800.0
230000.0 240000.0 2708.05091406242 810.2165651041755 336.1724359020265 999.7989999999991 51.817000000039116 55939.41222979796 874.9226382845234 2146211.6500954414 1512.453403223743 1257.142857142857
240000.0 250000.0 2804.6570449218852 899.4178693847643 175.55440699949 998.1189999999478 494.428955078125 53561.20267490492 786.3913309760969 1996049.201835162 1413.7609237727686 1280.0
250000.0 260000.0 2716.5080703124404 809.2768810763955 284.0105147640747 999.6620000000112 294.2870000000112 45180.28864626564 773.7160915411254 1930342.3261123365 1357.5536622313982 1500.0
260000.0 270000.0 3016.1527714843396 775.9830253906289 362.02578548613576 999.8869999999879 13.68911523441784 53571.77521108551 891.7605072991707 2315486.696352069 1613.1732936810783 1500.0
270000.0 280000.0 2124.8877988281893 875.0124667968679 216.72330631666438 999.9679999999935 464.2428867187118 56715.37437600068 929.1427996713928 2392532.8604416824 1673.9155535272587 1800.0
280000.0 290000.0 1577.2804160155356 842.2719583984465 250.81521415007165 999.5679999999702 467.21468554693274 68817.34930991939 1144.4906549117247 2941183.4321299493 2061.7801183516826 2071.4285714285716
290000.0 300000.0 1422.3519648438087 857.7648035156192 219.0497817666364 998.6870000000345 520.6791015624767 59153.738572133865 1009.7368371940277 2559786.7845560475 1789.8314209101043 1842.857142857143
