ts te idle avg_span std_span max_span min_span c_bytes_all c_pkts_all s_bytes_all s_pkts_all videorate
0.0 10000.0 6760.669048828131 809.8327377929672 376.2562377486263 998.9579999999842 245.449951171875 35773.27490926611 447.3715785008121 1516697.008594718 1098.593865575212 840.0
10000.0 20000.0 3057.720660156221 694.2279339843778 436.9431837202708 999.0030000000261 25.788999999989755 64345.597886838186 979.9238799711798 2475709.571093549 1738.5419805023737 1132.0
20000.0 30000.0 710.3273476563045 928.9672652343695 120.45276419288155 999.8950000000186 654.241943359375 72925.36017318397 1209.5336362786154 3115871.0855555763 2172.273827499517 1900.0
30000.0 40000.0 1840.7839531250065 741.7469133522721 371.7870611820985 999.8250000000116 83.614990234375 61298.92964199879 1037.6285650200539 2728799.7273134873 1903.0767112883289 2300.0
40000.0 50000.0 59.579093750042375 903.6746278409053 286.00881511169194 999.1390000000247 44.493896484375 72939.51294536432 1337.9258670935576 3530700.2234193375 2448.361146798941 2300.0
50000.0 60000.0 2969.63001171872 781.1522209201422 347.93937083832554 999.4670000000042 85.931884765625 52674.34661059274 908.6192986265389 2434588.7594459034 1689.6608879315013 1900.0
60000.0 70000.0 106.23693945311243 899.4330055042625 293.5466437173728 998.7299999999814 17.6689453125 70006.81887985763 1249.2527875722392 3242867.405754882 2255.487745279515 2100.0
70000.0 80000.0 145.5769550781697 985.442304492183 24.4449502565086 999.1149999999907 920.989990234375 64062.122878417314 1180.1940226791517 3077328.6943209544 2146.185442155796 2300.0
80000.0 90000.0 53.44301562500186 904.2324531249998 275.6555362580996 999.9560000000056 78.0780097656534 66327.04701355087 1189.3184522577033 3184218.9548396403 2212.372408353146 2300.0
90000.0 100000.0 1993.563046874886 800.6436953125115 386.1928926994807 999.9990000000107 39.950927734375 51282.999755252546 779.3960531728039 2054544.437036521 1443.211276114063 1311.111111111111
100000.0 110000.0 171.45965820312267 982.8540341796877 31.16916667362686 999.6880000000237 902.55126953125 52635.06630214815 848.5300430918594 2176332.089081038 1533.1974539161208 1500.0
110000.0 120000.0 2004.9833437500056 799.5016656249994 392.62228753059514 999.4959999999846 20.52392578125 66323.17364313103 1008.2433926917719 2516977.751672161 1765.563186062697 1820.0
120000.0 130000.0 2545.4399511718657 828.2844498697928 317.02541113550313 999.0370000000112 75.948974609375 52796.49049349591 857.0121267559856 2319870.253038752 1614.3861007697803 1980.0
130000.0 140000.0 98.40493945317576 900.1450055042568 295.5062463864702 999.9689999999828 11.68603515625 71089.2360407887 1192.594831311383 3189988.223720614 2223.5829858681445 1855.5555555555557
140000.0 150000.0 2056.5751132812584 794.3424886718742 417.4518043417514 999.8479999999981 0.0 58334.840750928466 984.1022174426671 2619314.5416518915 1823.717642759219 2300.0
150000.0 160000.0 1256.0109218749567 971.5543420138937 70.24452506615948 999.8939999999711 784.8180000000284 67929.1820751853 1127.3532475336772 2934916.273460974 2051.787339125645 1900.0
160000.0 170000.0 879.6559140625177 912.0344085937483 270.2040207931668 999.9639999999781 143.0380859375 67468.38314264012 1152.7417387414232 3106561.769704648 2155.4455331724616 2300.0
170000.0 180000.0 2892.1851152344607 710.7814884765539 436.96938821069244 999.8549999999814 54.969970703125 55801.27046844468 918.4090125890993 2408406.249021772 1684.7558538992723 1842.857142857143
180000.0 190000.0 254.0078671874362 974.5992132812564 32.438568400294166 999.7640000000247 903.131103515625 63121.28136141196 1028.7090925303476 2693600.1091022063 1890.2255101070714 1800.0
190000.0 200000.0 2089.8661738280207 878.9037584635532 296.0143288326122 999.4799999999814 94.63289648439968 51931.54163790239 868.3923477772627 2266705.2526008766 1594.833790888414 1900.0
200000.0 210000.0 133.62862304679584 896.9428524502913 274.20179647360834 999.8120000000345 81.16407031251583 76759.7423654675 1307.7731365330721 3388369.9013216975 2364.0735280148742 2000.0
210000.0 220000.0 1011.5003183594672 817.1363346945939 364.2043334527197 999.3050000000512 21.31298828125 62697.74242435149 1093.6193179751076 2926294.763205297 2044.9015179896428 2300.0
220000.0 230000.0 167.40996875008568 983.2590031249914 29.29593401724652 999.734000000055 905.02001953125 66877.15062319998 1167.1082298136635 3124712.7985422686 2179.366775224934 2300.0
230000.0 240000.0 1342.2757441407302 787.0658414417518 362.9533462276829 999.8270000000484 67.957275390625 64761.523067054535 1131.5501918750087 2971397.924083152 2065.0771352511324 2300.0
240000.0 250000.0 1281.7452636720845 871.8254736327915 287.5487458290686 999.6369999999879 84.81201171875 62053.051739812756 992.3525893452394 2555560.7651564227 1787.3362571645978 1473.3333333333333
250000.0 260000.0 2073.4837421873817 792.6516257812618 389.21329485748646 999.9449999999488 36.021999999997206 46572.19819840335 762.878526013359 2016225.8388552088 1413.8226010790434 1500.0
260000.0 270000.0 2874.9981582030887 791.6668713107679 335.1198585554544 999.3669999999693 22.714111328125 53323.47766272833 874.3355280111728 2289702.17202364 1603.9289206616181 1842.857142857143
270000.0 280000.0 2051.865126953111 794.8134873046889 415.02038071259045 999.51800000004 0.0 57196.06317708958 918.2648432004509 2392730.860252036 1677.0221840054571 1728.5714285714287
280000.0 290000.0 1852.5956855468685 814.7404314453131 373.0601189064477 999.7929999999469 82.081298828125 67877.29210630263 1100.9620116118447 2818696.3074493106 1967.6773920840421 1800.0
