ts te idle avg_span std_span max_span min_span c_bytes_all c_pkts_all s_bytes_all s_pkts_all videorate
0.0 10000.0 8852.504101562488 573.7479492187558 600.2658467919256 998.2000000000116 149.2958984375 14166.723696757868 128.20402185815604 338785.4746199771 277.5577031374836 480.0
10000.0 20000.0 4352.982812499977 806.7167410714319 270.86917816402166 999.1030000000028 236.74200000002747 56912.00894091472 738.5428448520995 1980035.4785013157 1473.0008846493781 885.7142857142857
20000.0 30000.0 1517.114117187506 848.2885882812494 282.79148395032223 999.3250000000116 178.68691406247672 65818.81644494612 1071.049309226489 2834031.229266092 1983.708065459686 1600.0
30000.0 40000.0 248.61087890627095 886.4899200994299 262.6879323618145 999.6269999999786 174.25803124997765 72842.0314962431 1170.353066232002 3047388.597957542 2122.2903580102884 2185.714285714286
40000.0 50000.0 4473.122830078006 690.8596462402493 389.1533076399214 999.9060000000172 90.67300000000978 41707.211441980195 679.161679680839 1799176.2608154647 1260.0993793145105 1257.142857142857
50000.0 60000.0 2039.8051660156343 796.0194833984366 379.1763791900355 999.7079999999842 0.0 63167.70781555258 1018.720361422365 2597841.562646405 1822.5322098757654 1620.0
60000.0 70000.0 3427.675093750062 821.5406132812423 290.8553058519107 999.9199999999837 182.77990625001257 53482.50016360544 900.9687167280493 2186919.3961932035 1527.8113995528872 1728.5714285714287
70000.0 80000.0 3383.450921874959 945.2212968750058 87.87684548704503 998.689000000013 815.705078125 49605.11926162302 843.3901494387924 2242695.4865880525 1570.3076047541044 1500.0
80000.0 90000.0 4750.465126953204 749.9335532923994 300.2302000888447 999.3190000000177 184.23192187497625 42501.008191227724 665.7254646834713 1731848.3478798778 1217.1386332444627 1170.0
90000.0 100000.0 3156.79995117191 760.3555609808989 325.58793328520466 998.8960000000079 177.99904882814735 51079.87254714925 875.8843858777363 2220107.1655320697 1557.553762001433 1500.0
100000.0 110000.0 4239.096083984303 960.1506526692829 71.62680374680166 999.7160000000149 819.638916015625 44742.059589713 701.5579149612365 1880713.9577912537 1319.2870841093525 1500.0
110000.0 120000.0 1334.0039355469053 866.5996064453095 264.32573752134505 999.1730000000098 176.0310839843587 70984.08095775175 1154.8986956268877 2962231.153886838 2073.0050038232175 1800.0
120000.0 130000.0 2920.7519804688054 707.9248019531194 383.60081187373504 999.6560000000172 135.44599999999627 47497.85945253526 823.5433894118758 2124325.888321908 1481.70791206743 1900.0
130000.0 140000.0 3364.406906249991 947.9418705357156 84.48989551920032 999.3969999999972 808.87109375 58861.04386360271 859.8969646478514 2253718.1359379943 1578.0588648161975 1677.7777777777778
140000.0 150000.0 2789.2492109375307 801.1945321180522 291.2381512496856 999.8420000000042 188.18990624998696 52679.57133691353 875.3810635333258 2231283.397943668 1569.419912205157 1728.5714285714287
150000.0 160000.0 2138.7005644531455 873.4777150607616 268.49800980638986 999.4319999999716 180.80011718749302 66585.90338578436 1059.6509120679807 2737441.2323929733 1917.9260556647482 1855.5555555555557
160000.0 170000.0 2006.7464179687086 799.3253582031291 371.4089277388852 999.7550000000047 23.76500000001397 71318.8633020168 1078.500475262261 2844119.7637516255 1983.5583402221087 1900.0
170000.0 180000.0 2732.381910156226 807.5131210937527 320.9616270914223 999.0260000000126 177.8450996094034 48859.58325195683 812.2698347078112 2095744.8737244103 1468.8941561716567 1500.0
180000.0 190000.0 2166.8310429687845 870.3521063368017 256.4845432050207 999.7569999999832 220.0000097656157 62119.522145465206 1016.6436030612113 2601133.7489708303 1818.5804514629215 1800.0
190000.0 200000.0 1600.5316953125293 839.9468304687471 288.7695304102544 999.9720000000088 186.97405273438198 64925.999984624206 1049.1156154658854 2641607.6323378314 1848.5907972799139 2000.0
200000.0 210000.0 1947.634300781181 805.2365699218819 357.8560556905043 998.0849999999627 57.40500000002794 66975.27720344838 1110.1234540592006 2807001.451682134 1976.3443063855875 1728.5714285714287
210000.0 220000.0 1168.296023437637 883.1703976562363 284.8846083636082 999.109999999986 95.94604882807471 61458.39355389999 1056.1698803893973 2767097.0402750215 1928.2508314623224 2185.714285714286
220000.0 230000.0 1980.1998359374702 801.980016406253 358.56473246310213 999.0320000000065 47.96400000003632 60589.31260873005 1002.9839275039299 2611610.5027582706 1821.47368224552 1842.857142857143
230000.0 240000.0 1765.2679726562928 823.4732027343707 324.495440941829 999.0389999999898 186.93990820308682 62764.215116858766 1037.243893383329 2672902.9710958763 1869.6255073701104 1957.142857142857
240000.0 250000.0 1424.327124999836 857.5672875000164 273.6557048071254 999.9420000000391 175.71788085938897 56171.12395569989 909.5437554828978 2328004.1541220495 1638.4091565906056 1728.5714285714287
250000.0 260000.0 1656.3617246093927 834.3638275390607 303.15373440708817 999.6940000000177 182.06000585935544 70846.87650809284 1131.3847927783004 2884801.0388470143 2012.4499382604197 1800.0
260000.0 270000.0 3249.7362988282694 750.0293001301923 362.7870278639443 999.4629999999888 117.19099999999162 59506.444150148076 919.2113235041325 2356208.6221713177 1650.8593698059387 1728.5714285714287
270000.0 280000.0 100.17199804692063 899.9843638139163 253.72829052108096 999.9320000000298 168.13102929689921 70924.41926335353 1184.9410704842317 3042799.0414279234 2123.8704308735246 1900.0
280000.0 290000.0 306.5869296876481 881.2193700283956 239.23134871151913 999.7889999999898 240.7630273437826 63532.020714757506 1156.7871989975558 3008425.2268801657 2090.297589210201 2300.0
290000.0 300000.0 901.9227753906744 909.8077224609326 200.87742300081055 999.3270000000484 361.30395703122485 68244.49603883846 1193.654831462165 3098471.8608249626 2158.431395650856 2071.4285714285716
