ts te idle avg_span std_span max_span min_span c_bytes_all c_pkts_all s_bytes_all s_pkts_all videorate
0.0 10000.0 8855.753087890625 572.1234560546873 603.110527705155 998.5869999999995 145.659912109375 8996.551521242927 79.99466872318436 233427.4164824614 220.91384177907617 480.0
10000.0 20000.0 2452.019826171876 838.6644637586804 212.39010033010456 999.9330000000009 459.45400000000154 45974.77615545012 964.8770309857098 2691895.078767814 2364.0590477226356 715.3846153846154
20000.0 30000.0 3383.7651035156305 735.1372107204855 331.7837687084536 999.864999999998 121.12299999999959 31609.815263586544 850.2118534433215 2075564.1975313579 1718.57654866848 1500.0
30000.0 40000.0 1136.7449921875013 886.3255007812498 213.04000021516148 999.0749999999971 430.44301757812354 32824.61640122905 846.0481759619233 2039370.2872727758 1717.7618589855647 1280.0
40000.0 50000.0 1411.0379199218805 858.896208007812 226.3579099119441 999.9409999999989 449.73500976562354 31564.732169746054 840.5704573343189 2053252.7589132828 1709.3506757093812 1500.0
50000.0 60000.0 96.84302148438292 900.2869980468743 212.09087085860645 999.9829999999929 448.5669296874985 37671.93065998936 1002.5217389418492 2435773.1115634474 2014.759074555312 1500.0
60000.0 70000.0 130.51677929688594 897.2257473366467 211.73591831211243 999.3990000000049 441.05126953125 39975.99601364317 1069.3288674861035 2584793.947894705 2146.41812264738 2071.4285714285716
70000.0 80000.0 2086.9381777343515 879.2290913628499 193.37143676047586 999.7850000000035 553.694091796875 37173.69167008418 1014.9439664100694 2492929.8606361304 2056.484445346587 1842.857142857143
80000.0 90000.0 1953.0010253906366 804.6998974609363 327.11021787412096 999.9809999999998 90.85099999999511 31678.78191533638 842.6614185643247 2043130.3072877575 1697.0586871288779 1500.0
90000.0 100000.0 102.20996679687232 899.799093927557 217.3373326593908 999.7899999999936 456.45193359375116 35335.44088917531 917.2670726911535 2218718.581587006 1861.1309580257112 1842.857142857143
100000.0 110000.0 60.49610937501711 903.5912627840894 207.63013775781818 999.3870000000024 440.239990234375 49406.70782738829 1292.0952692425244 3192072.9317271877 2614.851123162135 2300.0
110000.0 120000.0 67.56310351558204 902.9488087713107 211.14406893664008 999.7960000000021 405.35888671875 49612.43135933201 1309.228598353282 3235859.0186658665 2642.4930580830332 2300.0
120000.0 130000.0 1333.6098945312842 866.6390105468715 280.2630603804172 998.9109999999928 227.22911328123882 29859.42497162717 731.3572585968691 1748588.2004711342 1475.3195039398033 1311.111111111111
130000.0 140000.0 1947.8898789062514 805.2110121093749 337.7530500309034 999.9070000000065 0.0 26882.661143478395 674.9902115123488 1630880.3637733709 1370.4104856425963 1500.0
140000.0 150000.0 2940.75717773434 784.3603135850733 337.28689317567813 999.5929999999935 95.42600000000675 31141.971054859478 779.5049480621137 1878871.864533872 1572.4120752002075 1335.0
150000.0 160000.0 123.26497656249558 897.8850021306822 220.60897888364255 999.6630000000005 432.8950644531287 37698.72102513641 918.7681783447315 2206875.4171367656 1857.9327447200428 1134.5454545454545
160000.0 170000.0 279.5358378906094 883.6785601917628 255.80590172289914 999.1630000000005 239.09912109375 33580.001040605064 840.0045303849154 2049911.4570293655 1710.1645807334353 1500.0
170000.0 180000.0 837.5101894531399 916.248981054686 148.92411520879696 999.7889999999898 549.304931640625 32327.99629700233 821.8269819805807 1993044.8999540522 1670.3616810981991 1728.5714285714287
180000.0 190000.0 1921.1399453125196 807.8860054687481 321.4395062377063 999.5920000000042 112.45699999999488 35309.93668454339 911.1515949968591 2221631.163671472 1834.617583821453 1900.0
190000.0 200000.0 1299.0440312499995 870.0955968750001 215.018918616632 999.1039999999921 452.82501367188524 40297.34190811058 1020.4159117319219 2491225.8464526134 2059.1705255152483 1635.5555555555557
200000.0 210000.0 1100.717912109365 889.9282087890635 206.57016471920724 998.4429999999993 456.77204492187593 35324.538429189095 875.4626424567688 2103377.0083414656 1762.5880259587311 1316.0
210000.0 220000.0 135.33708203124115 896.7875379971599 220.80495183218707 998.7639999999956 446.9669570312544 37852.38605642033 972.9262206159475 2373432.970544689 1986.376621360103 1957.142857142857
220000.0 230000.0 117.73169335938292 898.3880278764198 223.47058602408268 999.4340000000084 361.999267578125 46565.973133979656 1212.5070657503281 2977109.194361658 2450.9807120839646 2300.0
230000.0 240000.0 1965.210351562535 892.7544053819406 178.15573099032267 999.5309999999881 547.763916015625 36275.88317549607 935.1736774284939 2304232.304206883 1906.1814394446271 1465.7142857142858
240000.0 250000.0 2600.2318574218953 822.196460286456 267.32963732627263 999.6589999999851 385.2470839843736 34602.64746908861 853.2423951120918 2075995.2797663687 1742.5962088547735 1417.5
250000.0 260000.0 164.80997656250838 894.1081839488629 218.79179615828033 999.4589999999735 436.94594140624395 34959.441361434496 885.6934464754723 2131961.941376497 1766.7501774079722 1500.0
260000.0 270000.0 86.83397851564223 901.1969110440325 208.00425180810478 999.3919999999925 437.381103515625 31283.352439958573 790.1942130256266 1917842.9785307427 1608.4844651383155 1500.0
270000.0 280000.0 109.70912499999395 899.1173522727278 208.6923003349124 999.7509999999893 407.427978515625 45027.00101940956 1173.9802327030006 2886437.1001917934 2381.7325080361798 2185.714285714286
280000.0 290000.0 2005.0759296874749 888.3248967013917 202.00262566487388 999.5509999999776 482.550048828125 33792.335875089586 841.3647842202665 2034722.570175425 1702.080726383417 1370.0
290000.0 300000.0 1952.973107421829 804.7026892578172 334.45085562294855 999.4579999999842 19.400000000023283 31531.931985618896 781.5606024196371 1908502.3227544872 1599.1264289958438 1405.7142857142858
