ts te idle avg_span std_span max_span min_span c_bytes_all c_pkts_all s_bytes_all s_pkts_all videorate
0.0 10000.0 7089.624958984321 970.125013671893 22.9736812965445 995.2800000000279 950.2530000000261 34364.95686920043 399.9470354545606 1112236.8868369465 793.990570064965 660.0
10000.0 20000.0 3291.225136718771 745.4194292534698 354.2728093218886 999.0389999999898 32.0669589843601 52745.33277040879 791.0317000751039 2018874.0001405056 1438.7344212919083 888.0
20000.0 30000.0 162.86900976567995 894.2846354758473 232.49440344604847 999.8910000000033 264.5700957031222 60259.99836005509 1018.4109257886548 2603884.2420183625 1828.113723224766 1500.0
30000.0 40000.0 826.0428261719062 833.9961067116449 298.4210880379509 997.5580000000191 192.820068359375 49988.88657455954 872.1268894129598 2239883.594078714 1567.3328013690232 1500.0
40000.0 50000.0 1537.4161738281255 846.2583826171874 327.537590709073 999.6730000000098 33.87993164063664 55613.348000127764 926.2745880669752 2433567.400363283 1695.2154632227891 2071.4285714285716
50000.0 60000.0 917.8529414061923 908.2147058593807 165.17291137990938 999.5680000000284 515.1721054687514 63026.62007741501 1161.483605076253 3089646.1851600017 2143.921296994387 2300.0
60000.0 70000.0 109.10891601559706 899.1719167258548 233.9587644111154 999.685999999987 263.52504687500186 67873.72277927093 1272.6047325782065 3382886.1538225454 2345.6928413537785 2300.0
70000.0 80000.0 1037.3791464844253 896.2620853515575 238.68873389555594 999.7139999999781 266.18996289063944 65119.363801044914 1181.1552183952049 3184781.745378189 2210.979970444478 2300.0
80000.0 90000.0 91.130859375 900.8062855113636 226.7686771267797 999.5300000000279 282.06710937502794 69451.71646231246 1294.577174302658 3518963.732632872 2434.6386780331104 2300.0
90000.0 100000.0 126.88196093752049 897.5561853693163 223.12375061859981 999.945000000007 323.2019687499851 60024.06470253201 1066.1371686452205 2870975.4932898274 1994.269860785066 2300.0
100000.0 110000.0 81.944091796875 901.6414462002841 213.300878874825 999.6390000000247 391.3409296874888 63289.78506269935 1132.8887877977072 3033341.350780815 2105.8675954929076 2300.0
110000.0 120000.0 1302.1450019531767 869.7854998046823 216.91140534090917 999.7220000000088 432.9210214843624 64614.18967766188 1137.0393173208158 3116274.111339802 2159.328105437602 2300.0
120000.0 130000.0 1214.5569062499562 878.5443093750043 231.55737140487207 999.539999999979 272.72102343750885 65220.38593256791 1093.9354364590927 2858788.055327588 1996.9440905917395 1600.0
130000.0 140000.0 146.7657636718941 895.7485669389188 232.31201929763384 999.9160000000265 267.52192968747113 55764.99137240713 861.5630781021537 2183108.133693799 1535.106792125403 1728.5714285714287
140000.0 150000.0 1991.9632265625987 889.7818637152668 222.08414423164535 999.3769999999786 347.65869335934985 60833.85263706723 1008.3354144172625 2673132.980198699 1868.9863652330264 1842.857142857143
150000.0 160000.0 1718.3499687499716 828.1650031250028 294.84132879381184 998.8560000000289 274.53491992189083 65258.009150984355 1098.4587886535217 2948556.4835338024 2049.679455048377 2071.4285714285716
160000.0 170000.0 1728.11315039068 827.188684960932 295.2796762342901 998.9309999999823 285.7868886718643 61587.308672007224 1078.297802366347 2811044.73887355 1949.3515519578064 2300.0
170000.0 180000.0 2575.8679257812328 742.4132074218767 372.0192380855239 999.5420000000158 0.0 56937.09440550263 914.0476039652123 2428927.65952133 1697.4492552884767 1900.0
180000.0 190000.0 805.030035156291 919.4969964843709 234.17665838177385 999.9160000000265 253.41796484374208 68608.37269217534 1132.6847331220895 2981122.0530093675 2082.397162040389 1900.0
190000.0 200000.0 1355.9491210937267 960.4500976562526 98.92186313456607 999.9969999999739 697.40087890625 67154.42125210293 1077.391018664562 2798839.567710441 1956.145151338668 1766.6666666666667
200000.0 210000.0 66.00796484353486 903.0901850142241 224.22432402374884 999.7800000000279 301.2781210937537 70932.63907648502 1230.1791183254788 3248194.9185559372 2259.943984445447 2300.0
210000.0 220000.0 2813.6066503904294 798.4881499566189 330.99288352373526 999.5500000000466 142.5910000000149 58381.11662341323 975.5486549556886 2569185.265753777 1785.4355818445988 2033.3333333333333
220000.0 230000.0 2034.5221660155803 796.547783398442 356.34403757496744 999.7719999999972 28.2839999999851 61863.577776053135 993.7958456503545 2601943.096811339 1820.3235269865463 1800.0
230000.0 240000.0 1716.501029297011 828.3498970702989 251.01596070459328 999.8819999999832 265.57490234379657 65588.75525650263 1084.7113889175025 2868301.856646803 1995.7343877487833 1900.0
240000.0 250000.0 851.0921503907302 831.7188954190245 288.32044784827247 999.5509999999776 270.3759316406213 65390.03732881864 1151.6836322938261 3025399.5198761155 2104.4829498359654 2300.0
250000.0 260000.0 1153.673980468884 884.6326019531116 192.97322254386222 999.3860000000568 471.0040820311988 66211.83832552939 1179.232133867322 3128562.2872727336 2162.7316028049127 2300.0
260000.0 270000.0 1870.8699414061848 812.9130058593815 330.5280850587037 999.7770000000019 145.08700000005774 60059.75018087661 1064.0688231204736 2855888.2290474745 1978.1492449228415 2300.0
270000.0 280000.0 777.5319824219914 838.4061834161826 303.83953247637476 999.5590000000084 220.364013671875 72659.68715465606 1229.0016333882709 3222941.336105541 2240.2268670572576 1855.5555555555557
280000.0 290000.0 1156.6240273438161 884.3375972656183 258.0259813945953 999.4679999999935 218.6349863280775 59234.52578527224 1038.2627915562061 2754554.4806933985 1914.5767844943502 2300.0
290000.0 300000.0 77.33768164052162 902.0602107599526 218.30459852384257 999.908000000054 345.24601367185824 66349.07833971988 1171.304611605186 3082093.490553455 2139.1611093105844 2300.0
