ts te idle avg_span std_span max_span min_span c_bytes_all c_pkts_all s_bytes_all s_pkts_all video_rate
0.0 10000.0 8407.641949218749 796.1790253906256 282.2444642299698 995.7560000000012 596.60205078125 10837.213013182798 149.28744822390877 404612.9064168216 376.0431597488039 480.0
10000.0 20000.0 3157.3241445312487 684.2675855468751 350.55233840951854 998.4839999999967 94.50390625 44754.162394464365 970.4237214836384 2609520.81159518 2286.66285903955 735.0
20000.0 30000.0 47.40180859374959 904.7816537642046 278.767658582654 999.9300000000003 68.47509765625 36077.26484423867 972.7967541745993 2359111.8409324465 1959.761493018795 1500.0
30000.0 40000.0 2005.0000976562442 888.3333224826396 305.6404044876026 999.9720000000016 75.5 26711.24357203498 698.6508571635462 1694518.5601173223 1409.472328939529 1500.0
40000.0 50000.0 2673.54604687501 814.05043923611 324.86738465222925 999.2149999999965 92.876953125 31451.672899332574 825.869260171047 1994381.7294217192 1661.3713466917295 1335.0
50000.0 60000.0 265.9528593750074 973.4047140624992 49.082705275805885 998.7060000000056 860.62109375 37055.23233622334 978.6452216013885 2387011.093662183 1981.8401466439846 1700.0
60000.0 70000.0 2172.951015624989 782.7048984375011 364.23712355017426 999.9060000000027 75.830078125 33055.12374799345 900.8077918576344 2195632.3305832087 1815.1272245558819 1900.0
70000.0 80000.0 55.30817382814712 904.0628932883502 286.4484007506664 999.9360000000015 43.076904296875 37959.728897003115 1009.0861282538863 2463966.3511908003 2031.3338838213701 1700.0
80000.0 90000.0 58.554820312478114 903.7677436079565 294.0958133246597 999.3329999999987 18.236083984375 44350.54169948665 1227.5665818587638 3016736.3762024348 2479.7462736466014 2300.0
90000.0 100000.0 1993.0581132812367 889.6602096354181 302.64585207493803 999.903999999995 83.719970703125 38918.63512518359 1010.5987049173821 2482764.723067106 2040.3576333704689 1570.0
100000.0 110000.0 1994.461912109371 800.5538087890629 396.79716750450586 999.4790000000066 44.580000000001746 31365.768116190204 779.7324914458237 1896053.871252899 1576.5922302762428 1335.0
110000.0 120000.0 1996.5360703125189 889.2737699652757 306.433786280065 999.5120000000024 73.43798828125 36277.50600365464 920.1184065211371 2244282.1329258704 1853.152138027909 1700.0
120000.0 130000.0 1653.5050058593915 834.6494994140609 305.7637707646283 999.9979999999923 80.031982421875 40406.48637930459 1061.024055559992 2584080.3731017066 2119.674077489921 2033.3333333333333
130000.0 140000.0 1316.8329335937742 868.3167066406226 294.4165176682016 999.9899999999907 74.300048828125 43082.58243103091 1104.1693923297082 2680536.0760743483 2209.013418781709 1900.0
140000.0 150000.0 46.22693359374534 904.8884605823868 283.5502457368549 999.320000000007 52.443115234375 49997.79716928389 1321.4725893244179 3282784.7124956236 2672.1930476988937 2300.0
150000.0 160000.0 58.151185546885245 903.8044376775559 294.9051871815236 999.9139999999898 15.8779296875 43954.96483221971 1148.3753219456667 2825505.3339693793 2315.7648336637617 2300.0
160000.0 170000.0 891.4369296875084 910.8563070312491 237.66440681462316 997.679999999993 237.29899999999907 41388.07653917253 1072.3752731674597 2615522.77699095 2151.893904584849 1842.857142857143
170000.0 180000.0 967.5189121093717 903.2481087890628 290.88861077780257 999.4700000000012 75.465087890625 45829.26528279926 1176.95198787757 2906541.9181819456 2391.75291385338 2071.4285714285716
180000.0 190000.0 107.94903124996927 989.205096875003 23.35367254824057 999.9899999999907 923.662912109372 47453.13661568507 1246.4917439052024 3075185.228245781 2520.181354771329 2300.0
190000.0 200000.0 45.554777343786554 904.9495656960194 296.38499555658257 999.3699999999953 11.688943359360565 45265.03351802812 1185.030396171777 2910511.5473339395 2389.146538865046 2300.0
200000.0 210000.0 79.17627929686569 901.8930655184668 290.7900178547287 999.3740000000107 26.38972070312593 45387.551264471185 1187.1286574497228 2914058.6883299295 2396.9115228322653 2071.4285714285716
210000.0 220000.0 595.4158964843664 854.962191228694 276.54439494859884 999.9169999999867 53.22200000000885 39576.889476017604 1003.2371134329037 2457741.447362695 2031.1050995342694 1700.0
220000.0 230000.0 200.77810156249325 890.8383544034097 235.81663076020024 999.5540000000037 228.3008964843757 46600.11529731237 1226.0994957510018 3037618.6570161544 2496.781359320066 2300.0
230000.0 240000.0 2101.143029296887 789.8856970703113 348.1678817382932 999.4569999999949 95.39697265625 38120.61024354706 993.133886503494 2443399.230245434 2019.9357508729859 2300.0
240000.0 250000.0 616.0196835937386 938.3980316406262 86.88612324642068 999.984999999986 726.5712890625 44932.44909229815 1131.4382807310408 2741978.073220403 2277.5008363238294 1623.6363636363637
250000.0 260000.0 1122.452289062494 887.7547710937506 247.60818856356906 999.3879999999772 261.7447109374916 42544.949209841194 1127.4884381772877 2769227.2100637183 2287.6846236268293 2300.0
260000.0 270000.0 1927.1659140625852 896.9815651041572 301.29449847789095 999.0729999999749 93.5380859375 41260.85710724425 1043.6754874214666 2559069.6339010852 2107.2573071208685 1752.5
270000.0 280000.0 68.9190605469048 902.8255399502814 284.146654150103 999.6699999999837 50.176025390625 48199.517657534845 1267.8203458797502 3115236.294769375 2558.481784577003 2300.0
280000.0 290000.0 90.8231093751383 900.8342627840783 295.04308262170684 998.8260000000009 12.513916015625 46462.32028668347 1208.183320131005 3004459.04851522 2467.731994128438 2300.0
290000.0 300000.0 173.13363085937453 982.6866369140625 35.53991829331676 999.9110000000219 883.96728515625 50186.01433121376 1316.8804961204155 3278805.0777024226 2689.967021347464 2300.0
