ts te idle avg_span std_span max_span min_span c_bytes_all c_pkts_all s_bytes_all s_pkts_all video_rate
0.0 10000.0 6081.096111328166 783.7807777343667 368.5996404692329 999.5 132.285888671875 37373.51808863704 484.2643945288003 1370358.889986615 962.9179986360216 1060.0
10000.0 20000.0 1496.9369628906134 850.3063037109387 293.90249936659774 999.1259999999893 52.52392578125 70088.79820766732 1100.103009414568 2933629.589998884 2040.1327080006013 1205.0
20000.0 30000.0 73.61492968752282 902.3986427556797 292.82799242191726 999.9689999999828 20.89599609375 62939.87299488902 1149.4829084021105 3102429.8444635123 2152.1259635790634 2300.0
30000.0 40000.0 1480.6520800780854 946.5942133246572 115.08170697196283 999.5599999999977 652.263916015625 61176.114432721406 1101.1868797349684 2962421.5105721965 2054.463829362288 2300.0
40000.0 50000.0 1420.8646523437928 857.9135347656207 236.39446796813587 999.9710000000196 344.4490839843638 64047.36250752517 1156.4456904207887 3101799.827965984 2147.3089024428614 2300.0
50000.0 60000.0 53.493326171825174 904.227879438925 216.68102362542888 999.9270000000251 349.6017363280989 72820.06384625206 1326.023074393554 3532304.6643979996 2443.47317519996 2300.0
60000.0 70000.0 51.508861328067724 904.408285333812 212.83385041413774 999.8989999999758 381.38306249998277 65935.87754642623 1206.0182735965616 3238215.491282096 2245.4335846557174 2300.0
70000.0 80000.0 1332.7511757812463 866.7248824218753 217.4360787824613 999.5380000000005 409.3339238281478 61047.09663982254 1096.0752775349115 2862651.166872717 1989.282903373387 2300.0
80000.0 90000.0 44.505921875010245 905.0449161931809 209.4940860170191 999.9859999999753 410.9840996093699 67075.69980715858 1195.9108263005576 3134135.4298351435 2179.8324241026166 2300.0
90000.0 100000.0 149.28666601557052 895.5193939985845 214.86493830722665 998.710000000021 429.2680214843713 65737.03239582994 1114.926536629777 2948558.8842601352 2056.098123532298 2300.0
100000.0 110000.0 763.0113125000498 923.698868749995 157.03747738683597 999.3790000000154 503.34468749997905 70775.56353307067 1191.563129043402 3079500.7003647164 2144.930387115186 1855.5555555555557
110000.0 120000.0 444.7330117188394 955.5266988281161 123.31828566350637 998.9949999999953 604.68798828125 70347.47684265224 1195.5552389657903 3221722.8535700724 2236.9348825334573 2300.0
120000.0 130000.0 1132.1686796875438 886.7831320312456 221.09725103441076 999.9290000000037 391.46401171875186 68648.2744644429 1198.9841867565112 3194893.146700194 2214.3825971340802 2300.0
130000.0 140000.0 1615.3154199218843 838.4684580078116 268.94648385089295 999.7079999999842 310.5449999999837 61612.57340818138 1074.1347107229162 2873918.3066451144 1990.479592381158 2300.0
140000.0 150000.0 137.4656093750964 896.5940355113548 219.82776492519028 999.7839999999851 346.4521113281371 69690.89025909953 1243.242815382764 3273126.6767378156 2269.2492054612544 2300.0
150000.0 160000.0 51.49296289059566 904.4097306463095 208.27106652685592 998.6809999999823 414.13672070309985 71259.4743234381 1272.137900489966 3439220.1632537227 2374.4305157351764 2300.0
160000.0 170000.0 83.5173886718112 901.4984192116535 210.32586455649903 999.2739999999758 434.1446835937677 66398.20902404579 1184.5719264740758 3145865.789062802 2183.200697063706 2300.0
170000.0 180000.0 982.9139648438431 901.7086035156157 186.87993851953863 999.609999999986 471.56807226559613 61115.011257871 1084.3053170682836 2907999.085156748 2019.2246964534893 2300.0
180000.0 190000.0 101.09802539064549 899.9001795099413 222.4008837325436 999.5970000000088 343.09403710940387 73812.50481836993 1297.1139578629063 3501407.2017409736 2427.2639446890853 2300.0
190000.0 200000.0 1950.3380449218675 894.4068838975703 213.64462340076804 999.9860000000335 413.5820625000051 59836.37619150375 1037.9375347127748 2712875.5215926627 1888.110625919239 2300.0
200000.0 210000.0 50.34462304681074 904.5141251775626 214.85664763457044 999.6550000000279 347.5901074218564 74917.2384174832 1338.632402090226 3543503.00233705 2447.7490350136177 2300.0
210000.0 220000.0 1166.0290136719123 883.3970986328088 214.8122787220659 999.9570000000531 368.32773046870716 65328.07300121625 1146.855689482585 3126427.149686551 2170.7258463424437 2300.0
220000.0 230000.0 590.4821503906278 855.410713600852 247.64581570581427 999.7879999999423 351.0197441406781 70657.29437854685 1251.1872614356387 3362323.104888417 2329.766957259604 2300.0
230000.0 240000.0 559.5941933596041 858.2187096945814 312.897678959033 999.9640000000363 63.534912109375 67757.9249868569 1204.7463603451808 3195682.7928738035 2217.5727413177756 2300.0
240000.0 250000.0 53.21279492194299 904.2533822798233 284.89611369184877 999.8009999999776 47.1201171875 67245.63639021076 1187.8768514786152 3187031.5616830355 2211.906158411186 2300.0
250000.0 260000.0 513.3601171873743 948.6639882812626 138.047912834697 999.8580000000075 558.0270000000019 65075.04223608145 1139.7178467317667 2984903.644071037 2077.0025042847274 2300.0
260000.0 270000.0 1489.0680781248957 945.6591024305671 115.04872745311356 999.1909999999916 655.919921875 68892.62030761692 1174.320083426675 3033307.4480844056 2107.0953499203893 2300.0
270000.0 280000.0 671.9219218749786 932.8078078125021 207.53855174142612 999.8639999999432 342.15707812504843 67654.37969238308 1202.679916573325 3159776.5519155944 2191.9046500796103 2300.0
280000.0 290000.0 447.9490878904471 955.2050912109553 131.58688423368181 999.8580000000075 580.784912109375 73008.64945132147 1252.8011592746961 3387241.7138199154 2348.947702835774 2300.0
290000.0 300000.0 75.99995117180515 902.181822620745 212.31588669180124 999.8299999999581 417.42408789065666 76973.54952214776 1358.1660398838294 3601867.924932791 2495.8097424370117 2300.0
