ts te idle avg_span std_span max_span min_span c_bytes_all c_pkts_all s_bytes_all s_pkts_all video_rate
0.0 10000.0 9530.90788476565 234.5460576171754 167.2619479320158 352.818115234375 116.27399999997579 6594.978848226485 42.116329542295574 132434.09145423386 110.0179447760247 480.0
10000.0 20000.0 2131.315166015702 874.2983148871442 178.49444358237196 999.9880000000121 596.1539999999804 65869.0443265997 947.5323818403432 2498223.8669533557 1859.226059289775 735.0
20000.0 30000.0 837.48263281252 832.9561242897709 366.59642261489086 999.8260000000009 90.93605078122346 60575.71237048893 867.4591728615164 2246893.9706467893 1572.8794542375217 1500.0
30000.0 40000.0 743.0602265624912 925.6939773437509 130.703722828488 999.8910000000033 615.39208984375 49123.49362447063 816.9104144618764 2092172.8055096248 1476.1284248190227 1500.0
40000.0 50000.0 752.9441445312114 840.6414414062535 272.33162438423125 999.8090000000084 343.2939453125 58515.42950584952 970.9021797377292 2477353.2968503446 1741.7659280031164 1842.857142857143
50000.0 60000.0 823.1990449219593 917.680095507804 142.1442493041316 998.6390000000247 653.1750546874828 68648.41703952443 1258.9682761418958 3296265.1551059955 2284.239107253422 2300.0
60000.0 70000.0 77.99683007807471 902.0002881747205 220.2723828412944 999.7370000000228 335.61209960939595 66080.63147266083 1206.8658477362656 3178683.8901969856 2200.410489828644 2300.0
70000.0 80000.0 518.7001523437211 861.9363497869344 292.3532031691816 999.6930000000284 174.06591796875 70718.0744362642 1275.878855840979 3314011.8620561734 2299.599508118275 2300.0
80000.0 90000.0 628.9139687499846 937.1086031250015 112.38234301732153 999.9720000000088 664.39794921875 64012.627269061464 1143.5194532287749 2959745.52586655 2056.274219668014 2300.0
90000.0 100000.0 499.4878515625023 863.6829225852271 260.5233743702564 999.2459999999846 326.3720507812686 73089.68731934043 1254.7501783226273 3259450.6044629966 2265.632735838657 2300.0
100000.0 110000.0 57.58815234369831 903.8556225142092 218.76474897138283 999.7299999999814 333.1689453125 72606.50448355296 1279.3622930995548 3372067.3144340203 2342.478276474821 2300.0
110000.0 120000.0 847.6829804687877 915.2317019531213 173.4128833129094 999.8009999999776 535.3520546875079 63735.58772568092 1134.9297640766158 2950463.6650604233 2040.5710256579212 2300.0
120000.0 130000.0 847.874972656311 832.0113661221535 298.70663796261306 999.1529999999912 178.0419921875 70590.95127260577 1219.3595124505387 3145123.0815299693 2178.562993867626 2300.0
130000.0 140000.0 675.9637128906907 932.4036287109309 112.08869727500398 998.1030000000028 674.811279296875 68445.70090115863 1214.7698908085233 3196464.151600164 2214.3838398589505 2300.0
140000.0 150000.0 374.9429589843494 875.0051855468773 268.56467183317636 999.9930000000168 323.34072070312686 67382.91106316965 1193.7969854520763 3221276.030274748 2236.6566534668677 2300.0
150000.0 160000.0 49.67703515622998 904.5748149857973 220.96100086949755 999.7019999999902 314.21728515625 69502.64070894069 1243.031285732178 3310348.472078024 2291.390078682107 2300.0
160000.0 170000.0 1464.6753476562444 853.5324652343755 266.147483262349 999.2700000000186 174.8359375 69819.38716417878 1173.206208228322 3035938.5838112663 2107.7861950336296 2300.0
170000.0 180000.0 288.1059375000186 971.1894062499981 58.595673607101006 999.9660000000149 822.2680624999921 72670.22046822598 1222.640970437888 3147887.6321083354 2184.9970651256035 2300.0
180000.0 190000.0 372.57597656251164 962.7424023437488 111.78323067765258 999.804999999993 644.6240234375 72130.95657990276 1192.75630159906 3157721.785006728 2197.2605026651 2300.0
190000.0 200000.0 678.0830058594584 847.4469994673219 261.94022720634746 998.5129999999772 354.7279765625135 72891.35367690907 1290.0917448304156 3276396.1676166486 2277.0363743121934 2300.0
200000.0 210000.0 65.60506445297506 903.1268123224568 220.3328331369732 999.0110000000568 327.126953125 78143.64566623468 1236.2064004893787 3216356.8392996956 2231.236726275511 2300.0
210000.0 220000.0 950.1728808594635 822.7115562855033 320.09621632142984 998.6650000000373 163.674072265625 66812.01608682529 1171.2835663217054 3067896.507351861 2124.3501715732436 2300.0
220000.0 230000.0 91.23804296879098 900.7965415482918 262.4620418083328 999.2630000000354 123.280029296875 71067.8311643618 1277.2591465491066 3305633.095027437 2281.817048592021 2300.0
230000.0 240000.0 926.4769218749134 907.3523078125087 194.90838253955224 998.6130000000121 367.360107421875 67584.80770879287 1204.9936380464903 3127776.4029031163 2170.42525351698 2300.0
240000.0 250000.0 65.35901953128632 903.1491800426103 223.55157773169532 999.9980000000214 316.965087890625 72271.005487165 1242.6441374577698 3217977.7794136996 2242.063714124996 2300.0
250000.0 260000.0 49.73383789055515 904.5696511008587 222.64020545330172 999.4660000000149 296.78125 71857.00463498551 1286.9806977266853 3360812.388704155 2325.150958221857 2300.0
260000.0 270000.0 1453.8353105469141 854.6164689453086 301.786315825444 999.9749999999767 174.137939453125 65320.95013091274 1151.8409979131386 3026805.8400738556 2093.831564009547 2300.0
270000.0 280000.0 101.17895117192529 899.892822620734 265.77775825864893 999.8379999999888 114.06298828125 67562.31716362528 1202.2023093973378 3142335.1946729533 2175.886651872047 2300.0
280000.0 290000.0 610.2558867185144 938.9744113281486 109.34424285768922 999.9479999999749 668.2041015625 66185.68234073915 1167.6232890487345 3123863.3251688825 2169.361992210308 2300.0
290000.0 300000.0 369.02221874997485 875.5434346590932 262.7709108793469 999.8260000000009 331.05389843753073 74795.96876574961 1257.9534872454926 3216990.655250566 2236.055496055197 2300.0
