ts te idle avg_span std_span max_span min_span c_bytes_all c_pkts_all s_bytes_all s_pkts_all video_rate
0.0 10000.0 6117.5150117187295 970.6212470703176 26.45735273181652 994.2370000000228 945.2569999999832 39468.91274712172 466.3753981897097 1370877.7183585651 1002.7507963794194 560.0
10000.0 20000.0 938.417906250048 823.7801903409047 339.4307394716549 999.9519999999902 48.259011718735565 65990.70901617025 1129.305656120595 3084684.521387559 2141.013306524316 2053.3333333333335
20000.0 30000.0 50.03611328126863 904.5421715198846 233.04483890439514 999.6520000000019 242.21591796877328 71742.36340396077 1247.6559286629429 3286668.8383134683 2284.112703599433 2075.0
30000.0 40000.0 784.6909687500447 921.5309031249956 237.91606279860736 999.5289999999804 244.4340312500135 63584.01483274725 1169.6630170267524 3121382.9219404077 2167.123193496832 2300.0
40000.0 50000.0 1089.6509082031553 891.0349091796845 239.17013894935064 999.560999999987 284.819091796875 64781.621008687864 1175.3780956823755 3219779.6456149416 2226.177441883569 2300.0
50000.0 60000.0 763.6140019532177 923.6385998046783 119.41071061591961 999.8379999999888 713.3939082031138 65387.75033247652 1187.9655261997304 3201853.492425877 2217.67803111018 2300.0
60000.0 70000.0 59.1150039062486 903.7168178267046 241.58353261563116 999.5869999999995 206.71791015623603 68243.99699539943 1243.9276012879607 3323083.146174421 2302.7535381737716 2300.0
70000.0 80000.0 235.0310937500326 887.7244460227244 239.17545937539674 999.7660000000033 234.9959140624851 66214.84251984498 1185.1391556009112 3091332.7259364114 2156.1707383189146 2300.0
80000.0 90000.0 70.12298437498976 902.7160923295464 219.86532865336238 999.8470000000088 328.61400781251723 68715.5766493147 1223.594592999008 3263989.140879912 2261.2301940535367 2300.0
90000.0 100000.0 557.7690996093443 858.3846273082414 277.8344768326445 999.8059999999823 245.055908203125 65921.9976153188 1157.775874391133 3108163.9902012963 2150.1995201190225 2300.0
100000.0 110000.0 577.1529824218596 942.284701757814 102.01510303104695 999.7669999999925 750.14892578125 66903.88333957065 1188.8546137356727 3105370.2077767025 2155.308683041806 2300.0
110000.0 120000.0 146.80888085934566 895.7446471946049 237.12713443554088 999.7810000000172 246.36507421877468 69182.27407500835 1224.6401596691885 3276112.3423721683 2269.1090512205014 2300.0
120000.0 130000.0 65.72292968753027 903.1160973011337 217.06784638919697 999.3939999999711 336.0669550781022 68332.7757742988 1187.5417509674976 3169563.37047496 2204.1361855974146 2300.0
130000.0 140000.0 60.65301562496461 903.5769985795487 215.0501722540729 999.8869999999879 365.1248847656534 66833.93246988434 1192.071039140889 3200487.587513526 2214.230174378862 2300.0
140000.0 150000.0 702.6011894530966 845.2180736860821 271.72681236974114 999.7629999999772 257.73291015625 66691.33864955815 1189.494862919325 3228916.9029749883 2237.967566307108 2300.0
150000.0 160000.0 712.3188652343815 928.7681134765619 110.62792104703466 999.3780000000261 741.087089843757 68253.74678573846 1214.8283503816408 3172177.4336529076 2199.8288110557214 2300.0
160000.0 170000.0 98.7750449218438 900.1113595525596 239.50104058030684 999.8649999999907 226.07495507813292 65573.26378489897 1157.7883770246676 3083677.014001888 2142.210064739593 2300.0
170000.0 180000.0 361.899726562493 963.8100273437507 100.29863123869868 998.9720000000088 678.4052734375 69375.75010472539 1148.0690456469915 3045043.7467721086 2115.2640911966537 2300.0
180000.0 190000.0 55.76397265633568 904.0214570312422 220.65802567643854 999.8939999999711 320.7857265624916 68755.63508512611 1219.1383581324926 3312537.0611054543 2296.99620617426 2300.0
190000.0 200000.0 909.9719921876094 826.3661825283991 297.8913876785082 999.7930000000051 271.09130859375 67746.16749491017 1202.1934533291528 3213373.77238258 2223.848674850268 2300.0
200000.0 210000.0 78.44423437525984 901.9596150567945 240.95058524637793 999.2989999999991 217.97607421875 67900.03773032356 1200.1854143334704 3218125.2217588564 2226.6611039334966 2300.0
210000.0 220000.0 46.37119531247299 904.8753458806842 247.08647335869588 999.9549999999581 186.90087890625 68136.41138740862 1212.8045817968634 3150664.039481433 2193.9365409864336 2300.0
220000.0 230000.0 1969.8789101561997 892.2356766493111 147.23984792278458 999.1820000000298 636.6130000000121 58628.04872304627 972.0233025673027 2598319.364808833 1805.5709339400034 1900.0
230000.0 240000.0 86.97987304686103 901.1836479048308 221.23576656316126 999.9440000000177 311.6190312500112 67118.40933619553 1168.013965403654 3116406.3257648265 2162.1800970238687 2100.0
240000.0 250000.0 55.204083984484896 904.0723560014104 217.74097488045183 999.1550000000279 343.1119042969076 67752.7321710975 1192.201352677234 3156200.836564038 2180.6183633537835 2300.0
250000.0 260000.0 58.107914062566124 903.8083714488577 211.73813555718894 998.969000000041 378.44398828130215 69252.21685908745 1246.1211523838303 3248392.3681691797 2245.6750412094957 2300.0
260000.0 270000.0 385.9549960937584 874.0040912642038 275.7944826127492 1000.0 277.4541015625 65925.76155318868 1173.002150931045 3102780.869580081 2153.9738683524433 2300.0
270000.0 280000.0 71.24521093734074 902.614071732969 234.40400147077946 999.3730000000214 241.462890625 66481.13126155126 1177.3874866966667 3094384.293926725 2147.2358740237473 2300.0
280000.0 290000.0 52.69197851547506 904.3007292258659 241.23013162007942 999.6750000000466 211.909912109375 65459.695161572774 1149.9273586191637 3068398.9631731636 2122.5997169991274 2300.0
