ts te idle avg_span std_span max_span min_span c_bytes_all c_pkts_all s_bytes_all s_pkts_all videorate
0.0 10000.0 7732.957902343751 755.6806992187497 419.11802346718605 998.0449999999983 271.72509765625 21763.663676257223 298.04144003843726 742007.1990938028 643.1704928010897 840.0
10000.0 20000.0 1010.0481816406318 898.9951818359368 226.67842388548064 999.732 302.0279999999984 40087.944897500645 1007.5355419213777 2440299.5541749876 2015.0715998769122 1020.0
20000.0 30000.0 165.50659570312564 894.0448549360794 295.1254455843053 998.5310000000027 8.699083984378376 35846.65925270896 951.7782267714338 2316047.9904234456 1926.0440017285584 1500.0
30000.0 40000.0 1960.335320312508 893.2960755208325 304.52701801387406 999.538999999997 81.37867968749924 34494.73217353317 945.6447912687513 2286909.256307764 1905.7139055934394 2300.0
40000.0 50000.0 4173.660000000011 832.3342857142842 332.30775409536244 999.2039999999979 97.0570000000007 24043.0 616.0 1471915.0 1250.0 1083.3333333333333
50000.0 60000.0 1214.3447285156217 976.1839190538199 56.71915882434852 999.4950000000026 826.8139999999985 30531.415744582813 781.2205663333182 1844048.9237548881 1559.80301258331 1206.6666666666667
60000.0 70000.0 203.4923144531349 890.5916077769878 288.90460266372764 999.752999999997 27.81372851562628 30095.673075069204 779.1518964383041 1878850.23198798 1581.3787309756906 1500.0
70000.0 80000.0 365.21192578124464 875.8898249289778 268.4975726693938 998.3739999999962 118.84604296875477 35344.984587428684 938.9073657253359 2292619.2276052204 1916.5480134783568 1500.0
80000.0 90000.0 2983.6330312500068 877.0458710937492 245.52120135971214 999.8070000000007 303.6549687499937 22067.9265929193 589.7201715030419 1411612.6166519118 1189.2702429626427 1236.0
90000.0 100000.0 3263.714000000007 962.3265714285704 57.37435924945586 999.599000000002 873.4360000000015 23005.0 561.0 1328239.0 1137.0 840.0
100000.0 110000.0 153.9440058593609 984.6055994140639 31.849879872277132 999.3169999999955 896.5430000000051 43069.02965811844 1157.2623336731895 2834517.83475084 2352.550267800672 2300.0
110000.0 120000.0 147.75673828127037 895.6584783380663 290.2078930417324 999.4379999999946 25.576005859373254 36805.15086137835 923.2915457811381 2237276.778004051 1878.6418400923167 1442.2222222222222
120000.0 130000.0 83.25436132817413 901.5223307883479 274.0949396121349 999.7309999999998 83.13174414061359 46163.77148800095 1191.7431259801626 2903754.799068564 2396.270493144016 2300.0
130000.0 140000.0 443.32261718745576 868.7888529829586 267.73665178278253 999.015000000014 123.79210546874674 43752.8536555377 1152.1303959981335 2836347.601531938 2347.7173042028885 2300.0
140000.0 150000.0 1932.1890117187577 896.4234431423603 225.38119597754743 999.4949999999953 331.618722656247 34685.60248200112 898.3894914850588 2190743.458229606 1809.5129473962195 1570.0
150000.0 160000.0 1727.7281738281017 827.2271826171898 359.1175214691615 999.1059999999998 5.862734374997672 29407.46560795495 723.7720775172425 1735713.6442483638 1477.7395361880954 1390.0
160000.0 170000.0 150.86007226564107 895.3763570667599 291.12039932695365 999.8310000000056 23.02390820311848 38059.67101620537 959.9413679713531 2325499.113596643 1935.1181751862555 1500.0
170000.0 180000.0 221.49191406249884 888.9552805397728 277.09259598383625 999.9880000000121 97.24398046874558 46208.86918185074 1188.353255640524 2909059.6030119485 2418.2166240831402 2300.0
180000.0 190000.0 166.82099023435148 893.9253645241498 237.4499538006967 998.804999999993 279.13389453126 45547.82179440468 1197.9122866417326 2949536.4190563997 2426.5979152486475 2300.0
190000.0 200000.0 2925.2810859374877 884.339864257814 213.10089383552005 999.747000000003 408.59488476562547 32108.51855693221 819.6832968255189 1981458.2782020536 1644.6443127138896 1465.7142857142858
200000.0 210000.0 2367.7510371093813 848.0276625434021 323.98814583346825 999.4189999999944 5.09397070313571 28889.031353836486 715.1686235368426 1714392.2193095651 1447.4340828057095 1445.7142857142858
210000.0 220000.0 2253.6409921875165 860.7065564236093 320.5888645651308 999.7369999999937 21.094007812498603 27301.214343778982 656.3521989491037 1557144.2509900273 1310.5565011381493 934.2857142857143
220000.0 230000.0 1928.3670000000566 896.8481111111048 304.52749815388165 999.4929999999877 84.78099999998813 37035.0 972.0 2369312.0 1970.0 2300.0
230000.0 240000.0 1730.3509023437218 918.8498997395865 194.67242955625807 999.6680000000051 406.570000000007 34564.22075405827 858.7689884832334 2064085.419309588 1729.6946511595097 1270.0
240000.0 250000.0 5260.567097656225 592.4291127929719 446.368411606947 999.9109999999928 22.292902343760943 21739.779245941736 535.2310115167666 1286285.580690412 1086.3053488404903 1104.0
250000.0 260000.0 4348.650000000023 807.335714285711 326.97269266597914 998.9660000000149 94.96799999999348 21512.0 509.0 1205667.0 1026.0 840.0
260000.0 270000.0 4272.823000000091 954.5294999999848 54.998614818006395 999.5289999999804 859.7609999999986 24707.0 579.0 1381422.0 1171.0 840.0
270000.0 280000.0 3429.344999999972 938.6650000000039 103.87597473911262 999.7860000000219 740.5480000000098 21579.0 510.0 1210666.0 1030.0 840.0
280000.0 290000.0 2320.2340917969123 959.970738525386 63.40638251003026 997.5509999999776 848.2989999999991 25929.4842046637 612.9323970543028 1449174.9506305524 1230.9372258361384 840.0
290000.0 300000.0 1094.3528007813147 890.5647199218686 312.20997842643175 999.5599999999977 4.816091796848923 41192.29941747513 1067.0084376292486 2599304.8264020965 2171.421241705514 2056.6666666666665
