ts te idle avg_span std_span max_span min_span c_bytes_all c_pkts_all s_bytes_all s_pkts_all video_rate
0.0 10000.0 8270.05605859375 864.9719707031254 102.22222614749059 937.2540000000008 792.68994140625 22136.745109477626 354.18666507095696 787590.5187848347 709.76581668011 480.0
10000.0 20000.0 1387.3360136718766 861.2663986328123 264.0588194377383 998.9130000000005 205.16805859375017 66685.98036613606 1631.2145234204443 2606808.1221369985 2256.982325767932 888.0
20000.0 30000.0 120.30191601563274 898.1543712713061 216.93673408562768 999.8099999999977 390.82807226562727 54413.17498016641 1530.627821588792 1967853.3398450648 1638.2808676321508 1500.0
30000.0 40000.0 177.9921308593839 892.9098062855105 222.87828064891755 999.3260000000009 431.702880859375 77629.81816839632 2187.6290008180436 2783678.616841935 2288.4936637997375 1842.857142857143
40000.0 50000.0 4199.44088085938 828.6513027343743 184.14486319445774 999.9539999999979 566.8431191406271 49708.28137582358 1404.3419891017634 1784994.402391167 1473.4773261200694 1570.0
50000.0 60000.0 2842.5468867187446 894.6816391601569 153.56227978963517 999.7569999999978 610.01611328125 49926.31404338668 1365.8173499706402 1726585.491943365 1448.3764824721084 1122.857142857143
60000.0 70000.0 45.216181640615105 904.9803471235805 210.5727093637637 999.997000000003 389.6548867187521 56468.830657097606 1586.403623120721 1999323.5707277663 1661.2550175422195 1500.0
70000.0 80000.0 51.74965039064409 904.3863954190324 209.33128899894717 999.5899999999965 409.1910683593742 61745.22262253599 1728.366015433029 2206148.0987777202 1827.1685955845005 1500.0
80000.0 90000.0 1759.1442812500318 915.6506354166631 184.67428280764176 999.1699999999983 435.00671874999534 59502.63267697973 1692.41301147561 2137517.838551149 1763.1999044011718 1766.6666666666667
90000.0 100000.0 423.97000585935893 957.6029994140641 131.1081718957736 999.997000000003 584.468994140625 71505.26390999007 1965.8862745882032 2493204.0709726065 2053.71483909946 1614.2857142857142
100000.0 110000.0 1999.2326953124866 888.9741449652793 219.10710251139454 999.9360000000015 413.3990058593772 60339.18914772532 1616.1132910304889 2063366.9412712338 1704.5099439177673 1500.0
110000.0 120000.0 1993.9063652343611 800.6093634765639 348.88981655117766 999.9530000000086 18.270999999993364 59584.15711058129 1589.090473953087 2015633.3620381644 1669.2560808888636 1500.0
120000.0 130000.0 2804.4589335937635 799.5045629340262 296.6733380813484 999.8610000000044 293.6499999999942 61053.389831703316 1631.909960428221 2106948.6257179957 1729.5191360939095 1500.0
130000.0 140000.0 4206.559999999998 724.1800000000003 399.59593606899364 999.9530000000086 0.0 52600.0 1376.0 1752399.0 1457.0 1370.0
140000.0 150000.0 1297.7180000000226 966.9202222222198 95.1683800689325 999.6739999999991 713.1609999999928 66850.0 1773.0 2277666.0 1879.0 1311.4285714285713
150000.0 160000.0 3902.146000000008 762.231749999999 397.68028119467135 999.5760000000009 16.92499999998836 54514.0 1457.0 1841689.0 1532.0 1790.0
160000.0 170000.0 439.74609960935777 956.0253900390642 130.6201948273507 999.9580000000133 584.472900390625 70543.88219094099 1875.643801749545 2370566.8357980703 1963.4674697602027 1500.0
170000.0 180000.0 93.56098828127142 900.5853647017026 217.382055736936 999.8209999999963 409.24809960936545 60661.84152705815 1606.0476932147253 2041746.6734153111 1684.1856088171637 1500.0
180000.0 190000.0 28.779656249971595 906.474576704548 204.39256259177304 999.6160000000091 479.82108789062477 66460.23421940005 1768.7455652779772 2262582.7460115575 1869.7839816648811 1311.4285714285713
190000.0 200000.0 4726.55725585937 753.3489634486614 384.3999328789939 999.3910000000033 23.663000000000466 37225.0420626008 951.5629397577525 1203385.7447750615 1008.5629397577525 840.0
200000.0 210000.0 1625.1050722656655 930.5438808593705 141.94374526015744 999.7690000000002 607.575927734375 52318.74415134275 1377.7582704580032 1744556.6154998716 1462.5838205416358 1390.0
210000.0 220000.0 2009.5079863281571 799.0492013671843 352.6700321508192 999.6320000000123 0.0 53820.09618379719 1424.941350183075 1796102.1155597463 1491.2811993055548 1500.0
220000.0 230000.0 45.575882812496275 904.9476470170458 212.84781166523857 999.9640000000072 387.45405859375023 73479.37729768029 1949.6977374931523 2467656.3464990156 2043.53233828704 1728.5714285714287
230000.0 240000.0 1996.2999375000363 889.3000069444404 218.87251330579898 999.8589999999967 417.79994140623603 61216.54806289196 1663.494204841537 2131915.6115288544 1752.4558014840554 1900.0
240000.0 250000.0 2049.242121093732 795.0757878906268 331.1688593863144 999.9750000000058 212.3859999999986 66951.2343042878 1777.1084370242324 2295582.3109125122 1899.1468403817144 1311.4285714285713
250000.0 260000.0 1931.97788085934 896.44690212674 136.52474266742274 998.3180000000284 611.172119140625 74138.84508950844 1997.0021133108703 2550488.575913018 2101.227013916716 2056.6666666666665
260000.0 270000.0 1998.4018496093922 800.1598150390607 350.0217459714643 999.7600000000093 12.773999999975786 58160.62131366954 1550.3259499306555 1977059.9535541334 1645.9947740661287 1728.5714285714287
270000.0 280000.0 45.721974609361496 904.9343659446035 210.96592819615293 999.7800000000279 387.86273046873976 69572.50715747665 1854.6164264898048 2352066.7095243526 1934.546061249443 1500.0
280000.0 290000.0 179.0761757811997 892.8112567471636 212.51740235339776 999.6739999999991 411.6147050781292 60020.21579245302 1592.5882979031464 2000626.5754887187 1659.8143831645916 1500.0
290000.0 300000.0 345.55211914062966 877.6770800781246 276.18813861274884 999.6350000000093 193.28100000001723 72309.81064689238 1937.467212365523 2474864.1855197763 2040.4177676031204 1500.0
