ts te idle avg_span std_span max_span min_span c_bytes_all c_pkts_all s_bytes_all s_pkts_all video_rate
0.0 10000.0 8407.68291601562 796.1585419921903 81.07338738286073 853.486083984375 738.8310000000056 12327.125097792356 94.2036376759507 333779.19902679295 243.6109130278521 480.0
10000.0 20000.0 182.19010742177488 892.5281720525659 262.8600820505409 999.9670000000042 133.8769160156371 42186.746476144406 509.2451281620514 1195296.540506352 854.8009642135115 305.45454545454544
20000.0 30000.0 322.8458730468992 879.7412842684637 232.54780688315867 996.3630000000121 248.3520234375028 35321.81823672313 437.44245438666826 972703.5826221253 700.1689231410539 352.0
30000.0 40000.0 1211.7680175781716 878.8231982421828 216.61541366525088 998.8449999999721 336.6758964843466 30604.64624376585 436.954561533267 957474.35249477 672.6166339495662 480.0
40000.0 50000.0 1125.4551972656045 887.4544802734396 251.77674269696683 999.3630000000121 194.5429140625056 29278.745624313087 407.5311001149752 875050.0821683117 622.5103871682588 480.0
50000.0 60000.0 145.0320058594225 895.906181285507 245.05855817126326 999.5499999999884 204.17511132813524 33924.9555366678 477.21128872512065 1049189.372963846 739.3940400834082 480.0
60000.0 70000.0 195.3388164062635 891.3328348721578 238.8498106690238 999.2339999999967 275.53311718750047 32423.614150233836 458.8155242775325 1044794.8217572889 736.7968653719188 480.0
70000.0 80000.0 1606.4081132813008 839.3591886718699 234.79315568798586 995.7249999999767 404.5769999999902 29326.620260624593 402.1933804415242 818492.5314277498 584.5371784883563 370.2857142857143
80000.0 90000.0 1232.4350175781292 797.0513620383518 344.1973679850278 999.4859999999753 134.34304687497206 29600.50558451206 406.1471601505853 741649.463890693 531.5331142603382 288.0
90000.0 100000.0 1060.6978925782023 893.9302107421797 155.30859712449444 998.5669999999809 550.2189999999828 26563.735825555024 341.9874053594152 664412.5136976351 481.76262112282643 288.0
100000.0 110000.0 2087.9279902343405 879.1191121961843 237.5489699586345 999.6030000000028 268.1769570312463 35308.74127146657 477.97475912586344 1238247.578806916 891.012447955509 705.0
110000.0 120000.0 166.9180703125312 893.9165390624971 243.92640305399547 999.9490000000224 189.391947265598 44410.63108730038 719.7460808336232 1871664.5527190706 1328.255736523626 1405.7142857142858
120000.0 130000.0 1066.5570097657037 893.3442990234296 239.93826826488885 999.9799999999814 231.85901757812826 55775.95970657612 947.7605164115319 2429145.9818964386 1713.0574901147136 1500.0
130000.0 140000.0 2165.7449726563063 783.4255027343694 323.4839800031021 999.4160000000265 195.05102734372485 53864.15489832479 897.7870028018912 2263564.42602201 1588.9426845790615 1500.0
140000.0 150000.0 3604.4880000000703 799.4389999999912 293.89468399023025 999.7089999999735 253.045999999973 49319.0 820.0 2084971.0 1476.0 1500.0
150000.0 160000.0 1742.84507031244 917.4616588541734 192.6158349018945 999.7719999999972 421.8429999999935 58479.36533689745 960.4789427890014 2585293.780882139 1802.8073078771004 1842.857142857143
160000.0 170000.0 55.505046875041444 904.0449957386326 255.63328260230185 999.3339999999735 149.9050703124958 67512.57565081275 1191.5864970791495 3142584.4947929736 2184.374009727836 2300.0
170000.0 180000.0 178.08198828127934 892.9016374289746 247.34050119525898 999.9629999999888 174.2671171874972 66328.5191683818 1143.2732757496642 2988952.1602432514 2094.4808670725715 2300.0
180000.0 190000.0 77.50277929689037 902.0452018821009 237.36160672705932 999.2110000000102 223.73110546875978 69899.0591562586 1211.5959162161037 3276137.9230227913 2275.1335119377513 2300.0
190000.0 200000.0 94.3550039063557 900.5131814630586 234.86468632011136 999.6080000000075 256.0698847656022 72009.94656797181 1220.0372435646605 3229409.776221457 2240.7809012535477 2300.0
200000.0 210000.0 64.88621484371834 903.1921622869347 218.09950443884483 999.8479999999981 325.6978886718862 72034.41070825043 1260.3030549710957 3342920.9675640455 2320.170817052951 2300.0
210000.0 220000.0 97.00799804693088 900.2720001775517 214.28645311703426 999.1350000000093 349.59110351558775 72063.44934286072 1245.3730578044392 3268187.065674918 2274.4593126275377 2300.0
220000.0 230000.0 56.141005859477445 903.9871812855021 211.11974369874062 999.2229999999981 376.41210156248417 73515.01193976302 1220.6156887774493 3245558.564716178 2263.670499115825 2300.0
230000.0 240000.0 95.14981054677628 900.4409263139295 214.4186939779225 999.5429999999469 396.37810742191505 66910.36777288934 1152.3650189489097 3087017.5780532425 2150.9253292377703 2300.0
240000.0 250000.0 122.65605078113731 897.9403590198966 217.5867675119067 999.9179999999469 451.2499179687584 72769.80687138904 1254.0748969059 3315547.6165134124 2313.117734651193 2300.0
250000.0 260000.0 70.81776757806074 902.6529302201762 212.62452113531484 999.969000000041 431.145263671875 69410.03689977588 1225.0368491185518 3317854.7490479993 2295.526858670972 2300.0
260000.0 270000.0 560.3633496094262 858.1487863991431 261.0330822931672 999.734000000055 221.7119140625 67440.31257713294 1162.966795752603 3084240.4024827736 2156.5161198504125 2300.0
270000.0 280000.0 56.50159570307005 903.95440039063 244.07990336917587 999.295999999973 196.101318359375 68492.31077071642 1200.3390931951922 3185143.453000184 2222.068777904812 2300.0
280000.0 290000.0 650.1460703123594 934.985392968764 98.7807514632691 999.5400000000373 776.3299999999581 67807.38851805877 1191.7604649045322 3163717.551287448 2196.6381207213826 2300.0
290000.0 300000.0 573.4483613281045 856.9592398792632 262.7041765304964 999.844000000041 202.65275195310824 63993.45508332438 1107.108374911859 3001695.8633687785 2079.914506452327 2300.0
