ts te idle avg_span std_span max_span min_span c_bytes_all c_pkts_all s_bytes_all s_pkts_all videorate
0.0 10000.0 6463.443951171881 884.1390122070297 215.7146902198411 999.1149999999907 560.800048828125 39525.14763223432 459.2566080829319 1358522.2781275227 983.8783791884598 634.2857142857143
10000.0 20000.0 1908.169119140599 809.1830880859401 296.03804618576436 999.8819999999832 323.7529296875 67026.6922727568 1065.6715736728731 2703941.9905139776 1901.9859675452572 1208.0
20000.0 30000.0 74.665011718811 902.3031807528354 226.6838295943468 999.609999999986 287.94091796875 65978.41165912713 1209.1544373120867 3261381.7288869657 2265.13454730689 2300.0
30000.0 40000.0 96.98895898432238 900.2737310014253 232.75439532614223 998.9639999999781 251.782958984375 66303.59875093555 1156.1916012820266 3102523.968856127 2158.2249425934433 2300.0
40000.0 50000.0 60.70086914062267 903.5726482599434 236.8488182372514 998.2689999999711 225.89208984375 72239.43975275512 1316.8774678066602 3564911.7496333355 2466.8027128922763 2300.0
50000.0 60000.0 1952.4311621093075 894.174315321188 200.40018590147207 999.7999999999884 403.325927734375 55333.886393394394 968.1454367867382 2562766.175239626 1787.4769841297752 2300.0
60000.0 70000.0 1633.9989980468526 836.6001001953148 265.26273606615734 999.3150000000023 390.84399999998277 68089.1980074573 1136.6874599566738 2932521.913853251 2041.873726141725 1855.5555555555557
70000.0 80000.0 44.6968925781548 905.0275552201678 214.72462019392177 999.75900000002 364.988037109375 67777.90378368918 1251.53034150516 3423421.4076514593 2368.180737972328 2300.0
80000.0 90000.0 2399.0330371093005 844.5518847656333 309.8455162433558 999.6080000000075 85.48300000000745 58710.7217476502 1033.485073594849 2781254.7872377355 1930.4420022298455 2300.0
90000.0 100000.0 643.7077187499381 935.6292281250062 196.16010613411947 999.9469999999856 377.36328125 72420.29785361752 1256.5638802422575 3406853.6069511566 2358.9932882490707 2300.0
100000.0 110000.0 113.35435742180562 898.7859675071086 222.9497244569401 999.8389999999781 318.721923828125 72563.38185924837 1289.3601304997956 3484216.9034799766 2412.6213883563933 2300.0
110000.0 120000.0 124.30295312497765 897.7906406250021 238.35227986294348 999.875 238.219970703125 64411.353925442854 1117.955375761113 2881576.5866829823 2011.657428845029 2300.0
120000.0 130000.0 124.8980136718601 897.7365442116491 256.3393247584813 999.954000000027 154.60595703125 70208.30540673516 1253.3232090494419 3335250.4709482836 2304.268230680636 2300.0
130000.0 140000.0 1076.4470488281222 892.3552951171878 213.01778122555433 1000.0 329.930908203125 60844.33186882865 1078.5113656195697 2843655.1199624822 1974.2872473906923 2300.0
140000.0 150000.0 66.39186328125652 903.0552851562494 223.6329747225425 999.564000000013 298.696044921875 72325.70407555137 1298.130112977099 3508389.7437905995 2425.8731796302786 2300.0
150000.0 160000.0 83.4397890624823 901.5054737215925 227.00205531770496 999.6149999999907 271.937255859375 69432.46172896003 1248.0907047288015 3296832.0463963216 2278.7186960441873 2300.0
160000.0 170000.0 1248.105255859322 875.1894744140678 213.79415940680713 999.6780000000144 399.3400000000256 62473.16328161603 1114.0652211219221 2936651.5217881976 2033.5805408037131 2300.0
170000.0 180000.0 658.673935546889 934.1326064453111 195.0269618944987 999.7679999999818 379.216064453125 68983.12391349724 1210.6082601310516 3299775.944795109 2283.402165836852 2300.0
180000.0 190000.0 125.99878320319112 897.6364742542554 234.112717307239 999.9639999999781 281.11328125 69002.34825196202 1228.187783739628 3281297.9148410573 2283.0916124202245 2300.0
190000.0 200000.0 256.73820507811615 885.7510722656258 246.43065912210727 999.9939999999478 209.528076171875 65865.60092287457 1159.117231301312 3005265.0976601006 2101.668043417197 2300.0
200000.0 210000.0 541.0647812499665 859.9032017045485 290.040824271189 999.9370000000345 57.977294921875 68995.49106711724 1229.0609049149666 3134557.5763440426 2176.844744193708 2300.0
210000.0 220000.0 534.83034179674 946.516965820326 138.88031556152015 999.6809999999823 555.126953125 68119.48909619596 1214.674310784441 3286575.4571116273 2278.1783184802416 2300.0
220000.0 230000.0 1378.2909589844057 862.1709041015595 242.21310934064212 999.7380000000121 389.468994140625 63765.57454165194 1111.8672812669101 3070457.061878638 2131.919071899057 2300.0
230000.0 240000.0 2227.7939941405784 863.5784450954912 210.65679078207273 999.6720000000205 461.14399999997113 58345.37220670104 1037.4842278616907 2651110.947369425 1844.8960437527196 2300.0
240000.0 250000.0 2023.1330000000307 886.3185555555522 318.6422905936589 998.8360000000102 37.26500000001397 56038.0 867.0 2227454.0 1555.0 1570.0
250000.0 260000.0 3323.7689023439307 834.5288872070087 258.9525423697502 999.6300000000047 403.97509765625 54660.31021538672 857.8977545835456 2250717.710361908 1580.6943853144035 1335.0
260000.0 270000.0 2311.597177734133 768.8402822265867 262.40312447763847 998.9980000000214 332.1350000000093 50831.63053163942 832.3374243186689 2206812.9566122307 1543.9012804945983 1500.0
270000.0 280000.0 586.5736269531772 855.7660339133475 243.17108632396108 999.2870000000112 332.67529296875 53838.543501623004 874.0199728996597 2300220.2459625583 1630.5907097584313 1728.5714285714287
280000.0 290000.0 1925.2850000000326 807.4714999999967 338.16172128513995 998.7750000000233 47.34499999997206 61362.50450845549 1071.4241565518332 2881575.9089549067 1993.6365045232033 2300.0
290000.0 300000.0 426.27629296889063 870.33851882101 310.59032241993356 998.9629999999888 0.0 72819.01124289536 1309.3206916462923 3439710.178108396 2383.1771199093637 2300.0
