ts te idle avg_span std_span max_span min_span c_bytes_all c_pkts_all s_bytes_all s_pkts_all videorate
0.0 10000.0 9157.443115234375 842.556884765625  842.556884765625 842.556884765625 7766.698169400605 76.73936302013628 185923.45409342335 188.89689358802775 480.0
10000.0 20000.0 1715.4098164062489 753.1445621448864 336.02623977099546 999.4239999999991 156.57411523437622 48491.58415976945 1048.5204792332586 2809620.8122840486 2452.647537800038 793.8461538461538
20000.0 30000.0 175.72509570312832 893.1159003906247 245.2886206168399 999.9040000000023 251.89697265625 38384.0419952991 1022.2070462239027 2505363.7603396946 2080.4141328210776 1842.857142857143
30000.0 40000.0 1551.055978515622 844.8944021484378 268.2417566333342 999.0040000000008 322.9400000000023 32276.658722411772 877.4784290454136 2130178.048088108 1764.9095618027497 1540.0
40000.0 50000.0 1086.9007089843726 891.3099291015627 213.09961703261635 999.3580000000002 396.21728515625 34001.068186718265 887.0047141080375 2137005.4790083542 1796.81710861753 1570.0
50000.0 60000.0 108.20135546873644 899.2544222301149 228.1143689538075 999.7430000000022 313.2529296875 43067.189166427925 1189.680998475942 2917809.4017502423 2400.234382050504 2300.0
60000.0 70000.0 1935.065900390633 896.1037888454853 207.76484073339398 999.8600000000006 415.530029296875 35442.421991029216 953.0813415170403 2316825.25527239 1925.829662685624 1552.5
70000.0 80000.0 488.8310292968672 864.6517246093757 312.0303209356911 999.7280000000028 0.0 32774.337608943664 859.2876283762689 2058183.7891637387 1735.2507206344483 1311.4285714285713
80000.0 90000.0 2724.204880859368 909.474389892579 202.6619799013519 999.9989999999962 416.422119140625 25412.60385507434 663.2995269755347 1594474.8637410495 1335.0780970651222 1217.142857142857
90000.0 100000.0 3216.4210429687664 847.9473696289042 262.6057970454379 999.0460000000021 395.028076171875 24819.02750785216 600.4568906137489 1424735.6598637651 1201.0866422097652 840.0
100000.0 110000.0 1187.6929902343982 881.2307009765602 250.43515006162502 999.8429999999935 326.0380859375 30404.806375156524 764.4726056231082 1837886.9665059852 1554.9028644248883 1405.7142857142858
110000.0 120000.0 118.37713867187267 898.3293510298298 219.52195388752747 999.2919999999867 303.595947265625 35825.940054459476 909.1882111577648 2189600.609150686 1831.8126379936487 1700.0
120000.0 130000.0 1385.8820273437304 861.411797265627 195.04743094723008 997.4679999999935 410.867919921875 34276.1214347089 855.1803077579264 2039948.6331651262 1711.0806526457345 1400.0
130000.0 140000.0 139.56504101562314 896.4031780894888 224.5592267405937 999.051999999996 328.65087890625 47019.58368916148 1241.534231986312 3039562.6187539757 2490.9108166833935 2300.0
140000.0 150000.0 82.74687304685358 901.5684660866497 224.63463093977992 999.2779999999912 291.656005859375 45944.76151837152 1196.497224177143 2940211.075178251 2420.0683072381566 2300.0
150000.0 160000.0 1988.1991191406269 890.2000978732636 204.00204133819437 999.1790000000037 410.23388671875 38731.451840250316 1009.4739369355917 2477576.4651319175 2041.0924666722517 2033.3333333333333
160000.0 170000.0 115.21658593747998 898.6166740056836 226.33112229986273 999.9079999999958 328.63330078125 37419.19229858004 954.7926137176363 2316801.4747322067 1905.0638316961433 1500.0
170000.0 180000.0 2215.1762109374686 778.4823789062532 338.5188029094375 999.8889999999956 0.0 29457.326293745125 721.2647623853518 1736123.6599642301 1448.2243060311314 1122.857142857143
180000.0 190000.0 2586.4480898437323 823.727990017363 336.48077171653426 999.997000000003 85.80100000000675 26188.185132640116 627.8396886698827 1501215.9738128074 1262.6793773397653 1028.5714285714287
190000.0 200000.0 3647.4689707031066 907.5044327566991 225.1546740044884 999.4690000000119 397.530029296875 29129.277798239465 703.9246891824012 1691242.8617343104 1429.5029011600507 1205.0
200000.0 210000.0 3522.0849492187845 809.7393813476519 252.83595556261744 999.127999999997 417.632080078125 28370.25111407038 702.3003675252173 1696614.3401254676 1425.5430172454564 1311.4285714285713
210000.0 220000.0 1327.5389667969139 867.2461033203086 219.29778687434762 998.7049999999872 400.89111328125 36394.20609535495 933.1261590851491 2266202.746536428 1886.086231439416 1700.0
220000.0 230000.0 2151.2948281250137 872.078352430554 219.19076748847672 999.5830000000133 400.46728515625 26149.868530586587 639.7523931799274 1512943.0888209764 1287.224989644539 1028.5714285714287
230000.0 240000.0 4560.72240429683 777.0396565290242 224.631294616377 999.0290000000095 414.702880859375 21589.886609623496 513.6840590176014 1207510.2114637604 1019.0914142052185 840.0
240000.0 250000.0 4381.255837890611 802.6777374441984 246.46812061737137 998.8150000000023 411.64404296875 25915.06599013805 614.1808350104556 1449987.265811231 1220.0331978165184 1005.0
250000.0 260000.0 170.21604882820975 893.6167228337991 224.46740933885792 998.5239999999758 326.968994140625 33409.01574640845 848.0227779772506 2037348.269592789 1704.4250662554234 1500.0
260000.0 270000.0 79.89808593748603 901.8274467329558 226.0645409309978 999.6089999999967 286.055908203125 42726.29401169087 1074.6456129375647 2604910.294600961 2161.240015401578 1677.7777777777778
270000.0 280000.0 215.8020253906725 889.4725431463025 255.24550806963978 999.9400000000023 164.8798828125 44267.46405451321 1155.2109304191 2816084.474540934 2331.5424748484115 2185.714285714286
280000.0 290000.0 270.18762304692063 884.5283979048254 279.95183732220806 999.2469999999739 59.291259765625 45563.10188326312 1194.8050201629349 2947120.7759255776 2420.616380978592 2300.0
290000.0 300000.0 47.49732421874069 904.772970525569 287.4770031257447 999.8329999999842 39.908935546875 50161.96560609702 1325.417778223212 3280225.0932151778 2672.2630674645775 2300.0
