ts te idle avg_span std_span max_span min_span c_bytes_all c_pkts_all s_bytes_all s_pkts_all videorate
0.0 10000.0 0.0 0.0 0.0 0.0 0.0 0.0 0.0 0.0 0.0 0.0
10000.0 20000.0 1675.3290195313166 924.9634422742981 201.27156934225403 999.435999999987 388.85498046875 45181.538259966735 487.61769853528494 1208292.2727916716 874.5377417525152 326.4
20000.0 30000.0 743.6308945312048 841.4881004971631 311.5628827605626 999.5949999999721 11.1630859375 33373.0631514405 441.7622761379455 954085.6007344193 690.1551532398462 288.0
30000.0 40000.0 1379.5850390623673 862.0414960937633 297.66625010982136 996.6570000000065 89.498046875 29300.61265920513 365.195805683141 689149.3462050214 499.03619376700834 288.0
40000.0 50000.0 2086.7849257812486 879.246119357639 233.90006678797738 999.6500000000233 267.97412109375 27448.454215071368 369.53893536901205 762443.2866964227 549.3856269660138 288.0
50000.0 60000.0 1026.203224609315 897.3796775390686 151.98894461107338 999.945000000007 593.1749999999884 28334.739625478043 381.8519777123283 664294.4024593829 481.18067607001444 288.0
60000.0 70000.0 187.91989257815294 892.0072824928952 233.1855719509577 999.4799999999814 256.05610351561336 30684.71104003738 417.102058822953 734002.7731211038 538.7395841581176 288.0
70000.0 80000.0 1647.8970156249125 835.2102984375088 278.494881167263 999.880999999994 282.31298828125 29406.786577551607 406.46922503148164 736275.6842157533 541.2128370119292 288.0
80000.0 90000.0 1822.6759980468778 908.5915557725691 246.97505994678426 999.4760000000242 250.7790117187542 33227.26604942 465.8163798864507 831029.9084011691 581.8714523815235 452.57142857142856
90000.0 100000.0 2563.457935546874 826.2824516059029 310.04198267968246 996.4160000000265 39.13800976565108 33403.403377670395 506.3982643031976 1062115.4139534743 769.3990218058208 480.0
100000.0 110000.0 5347.476001953124 664.6462854352679 351.017606751146 999.6199999999953 58.68294531252468 38566.18708826317 553.3047372258161 1399352.5879755719 993.4829842198492 1028.5714285714287
110000.0 120000.0 797.3250332031166 836.6068151633531 313.1956670727622 999.7150000000256 57.27001953125 51780.11870838324 884.0443012557635 2238064.0415152907 1587.118391775191 1500.0
120000.0 130000.0 243.49612500000512 975.6503874999995 35.82103338745827 999.9380000000237 900.81689453125 53004.076506408775 872.4502957894136 2298020.6840373953 1619.3733943754046 1500.0
130000.0 140000.0 913.8636210937984 826.012398082382 333.0382118419594 999.6230000000214 97.08210546872579 48261.97321701072 817.7286481267178 2066439.4238284994 1438.5276729007435 1500.0
140000.0 150000.0 578.6073906249367 942.1392609375064 94.955172082861 999.2050000000163 770.0187265624991 68011.52535973465 1158.7378349762662 3050255.0309818927 2119.4132113671735 2185.714285714286
150000.0 160000.0 87.31458984379424 901.1532191051097 241.95629859311913 999.5410000000265 216.88811718748184 68340.37754087866 1217.303720229169 3235569.936142208 2246.1930506739154 2300.0
160000.0 170000.0 697.2850097655901 845.7013627485827 288.5374533104958 999.6930000000284 278.665283203125 64797.241557542315 1129.8144173254946 3067194.1287941127 2134.539298099357 2300.0
170000.0 180000.0 423.59933203127 870.5818789062482 287.4010282606522 999.0329999999958 50.449951171875 73361.85397745424 1265.195706735518 3349789.1565032615 2327.3465733175667 2300.0
180000.0 190000.0 54.83183593756985 904.1061967329482 294.6785632329505 999.8360000000102 16.818115234375 71287.13270654182 1245.9608302582158 3369875.5066115106 2333.365195551531 2300.0
190000.0 200000.0 377.2751972655533 962.2724802734447 77.9249565481971 999.4780000000028 745.94091796875 67973.3997277456 1193.1672710128626 3120756.6968322606 2163.251335745832 2300.0
200000.0 210000.0 45.455904296948574 904.9585541548229 231.440794472159 999.7739999999758 251.54308203130495 70633.70036352864 1244.1097353137366 3277079.098535087 2272.2326988412688 2300.0
210000.0 220000.0 46.206908203312196 904.8902810724262 228.4808109526157 999.9020000000019 270.4289863280719 72706.55485210699 1259.810383278596 3237508.2882833723 2253.31110361133 2300.0
220000.0 230000.0 36.98318359372206 905.7288014914798 223.47373757718918 999.9120000000112 296.3888945312938 68228.53270363607 1184.1022348835122 3174750.9274514434 2215.439714432483 2300.0
230000.0 240000.0 767.350951171713 839.3317317116624 299.54573947132405 999.9370000000345 185.344970703125 67762.58922545378 1166.54992722696 3080139.894265844 2140.9091978823494 2300.0
240000.0 250000.0 222.4370156249497 888.8693622159136 267.85565075417475 999.4370000000345 102.678955078125 72897.17102393084 1266.3896215800437 3309577.954778772 2298.1742021158466 2300.0
250000.0 260000.0 48.526886718696915 904.6793739346639 277.16498878962506 999.4479999999749 74.320068359375 72338.14014701049 1303.7016897160872 3513191.070043291 2426.6797388150217 2300.0
260000.0 270000.0 312.4129609372467 880.6897308238866 288.6732723865064 999.8479999999981 42.235107421875 66146.25249527305 1149.7130020707998 3077967.8021005266 2144.0788580214244 2300.0
270000.0 280000.0 118.27499414072372 988.1725005859277 13.856599259318296 999.0370000000112 956.3028925780673 66929.08796223711 1171.1643118625555 3041003.3703034353 2117.1990891973464 2300.0
280000.0 290000.0 1043.5151171875186 814.2258984374984 348.1492076564616 999.7619999999879 15.101886718766764 65296.009455488456 1169.7538584596655 3179932.1752294884 2202.7271519211313 2300.0
290000.0 300000.0 49.28968359378632 904.6100287642013 232.87912761802917 999.6829999999609 246.1953125 68600.82677242647 1215.8264747084995 3205823.1172495736 2222.4912852586767 2300.0
