ts te idle avg_span std_span max_span min_span c_bytes_all c_pkts_all s_bytes_all s_pkts_all video_rate
0.0 10000.0 8839.319960937486 580.340019531257 589.4441851757573 997.140000000014 163.5400390625 21118.790052733744 192.37700249899228 516744.49704306654 418.21290400121995 840.0
10000.0 20000.0 1043.203027343785 895.6796972656215 229.35168707295827 999.9319999999716 267.7289999999921 77737.62366413856 1228.37580892653 3160562.4555828804 2219.6574193258875 1205.0
20000.0 30000.0 71.15310546878027 902.6224449573837 261.59175538115034 999.8879999999772 126.64098828122951 71284.16324877106 1295.8598520332669 3313895.217919838 2302.2544681537097 2300.0
30000.0 40000.0 55.84062890626956 904.0144882812482 253.37344726013606 999.6560000000172 159.6540937499958 70745.17240521853 1275.0582373773082 3264453.573950024 2270.282863463162 2300.0
40000.0 50000.0 71.71423242194578 902.5714334161868 245.81051550471733 999.5040000000154 190.38972265622579 65752.10148677736 1173.183808650864 3099974.6072336584 2151.0554532141314 2300.0
50000.0 60000.0 547.3730234375107 859.3297251420445 291.9935102227296 999.8150000000023 229.22695507813478 67622.82590545293 1246.3857353224764 3175869.893916368 2206.355686177976 2300.0
60000.0 70000.0 68.90991601557471 902.8263712713114 225.22749621667245 999.1180000000168 284.93310546875 71676.3800535713 1287.3207007521748 3332511.6808862025 2323.307188123995 2300.0
70000.0 80000.0 496.45007812505355 950.3549921874946 92.13616908427106 999.6529999999912 712.5628945312346 70356.06987285137 1276.9559665899822 3268962.624535294 2268.2883089086044 2300.0
80000.0 90000.0 112.84402734372998 898.83236115057 268.0536913151831 999.8680000000168 108.88297265622532 68288.87331048516 1210.4828878484059 3146036.4489326687 2184.5857086313144 2300.0
90000.0 100000.0 286.62709765625186 971.3372902343748 73.30163113935035 999.935999999987 763.89990234375 68402.94610206611 1180.458821470045 3106963.380541334 2154.2874206330034 2300.0
100000.0 110000.0 533.2069746094057 860.6175477627813 291.8950082622341 999.5939999999828 232.6670976562309 67804.53197162002 1207.7541498591738 3133218.197034331 2176.515804119389 2300.0
110000.0 120000.0 53.80592382809846 904.1994614701729 222.53320260334056 999.9419999999809 293.85400390625 74289.67136981626 1297.265156643516 3388775.3379403725 2357.209501896621 2300.0
120000.0 130000.0 59.4411249999539 903.6871704545497 232.33920864776894 999.9029999999912 255.15087890625 71427.70917542161 1189.0527300378005 3154969.6060611047 2192.155910762917 2100.0
130000.0 140000.0 61.12796875007916 903.5338210227201 237.40563556876572 998.8300000000163 225.10791015625 67918.58260633939 1199.7217825401733 3114896.472831363 2159.467045103872 2300.0
140000.0 150000.0 648.1379492186825 935.1862050781317 97.15398501412204 999.7299999999814 772.0310898437747 71562.71955608802 1223.5301473888403 3154736.7866065726 2188.6139360805096 2300.0
150000.0 160000.0 113.981906250061 898.7289176136309 244.04662227218822 999.0019999999786 202.92803906247718 74323.89069483578 1283.6843177201818 3383224.6938207806 2355.68459272315 2300.0
160000.0 170000.0 39.49516992189456 905.5004390980096 228.71864978938936 999.8479999999981 268.0209453125135 72268.49827940948 1262.4273452221942 3278525.2807022636 2293.823884781173 2300.0
170000.0 180000.0 493.71392968751024 864.2078245738627 285.44090868212703 999.3190000000177 285.178955078125 68840.28434688199 1196.6902899579063 3129308.419655576 2173.8208828810334 2300.0
180000.0 190000.0 365.96795507811476 963.4032044921885 90.08400246874542 999.8090000000084 708.8000449218671 72241.1658975213 1268.4152591601687 3301802.8248063023 2289.421021018332 2300.0
190000.0 200000.0 295.1630624999525 970.4836937500047 83.87008403018199 999.8719999999739 731.8359375 70650.25473626802 1235.6994293295504 3272837.4003150766 2268.393685607067 2300.0
200000.0 210000.0 876.0956269531744 829.445852095166 295.48260385504796 998.2639999999665 265.6530624999432 70490.04289363034 1236.1047389316977 3168132.272089507 2212.3354276192304 2300.0
210000.0 220000.0 70.20219140627887 902.7088916903383 235.273061987392 999.9150000000373 245.797119140625 76810.62367502863 1311.648747444443 3330245.455716877 2321.186379462949 2300.0
220000.0 230000.0 58.50121289049275 903.7726170099552 237.25931442405488 999.5060000000522 225.00390625 71142.58572514447 1255.7056610095751 3299891.8772878596 2286.626751982938 2300.0
230000.0 240000.0 584.8199824218173 941.5180017578183 91.84161462118438 999.6679999999469 774.6080937499646 71874.24141833339 1217.8201464270455 3188178.802421837 2208.6047997755154 2300.0
240000.0 250000.0 979.3420117187779 820.0598171164747 310.07434035312815 999.8969999999972 185.32907617185265 69902.51653284558 1231.3117411410253 3262502.5003924044 2255.4661154858823 2300.0
250000.0 260000.0 74.95997851539869 902.2763655895092 229.67090192278104 999.405999999959 266.73193359375 69916.4073918831 1216.2687741056202 3216195.703498303 2245.4350575057183 2300.0
260000.0 270000.0 650.6198281251127 934.9380171874888 103.8187753206058 997.935999999987 732.8040664062137 70998.64183538011 1248.9874929708706 3249878.8650215506 2266.3897142021697 2300.0
270000.0 280000.0 58.49898437480442 903.7728196022905 260.7013588174368 999.9300000000512 129.84489453129936 74711.22154145263 1319.2974762031918 3374663.2974281725 2343.312524720535 2300.0
280000.0 290000.0 1232.7291210936382 876.7270878906362 314.45977864742406 999.8719999999739 1.1658789062639698 68501.46425003372 1179.15579243698 3094249.8258284125 2146.2495436379945 2300.0
290000.0 300000.0 238.22108789067715 976.1778912109323 66.52251934550084 999.9409999999916 786.909912109375 70122.68660825895 1209.6867295734337 3255529.1059110966 2263.0049512305422 2300.0
