ts te idle avg_span std_span max_span min_span c_bytes_all c_pkts_all s_bytes_all s_pkts_all videorate
0.0 10000.0 9260.552000000025 739.4479999999749  739.4479999999749 739.4479999999749 5000.0 4.0 8172.0 7.0 0.0
10000.0 20000.0 280.792935546895 971.9207064453105 72.24521528771027 999.2050000000163 766.466064453125 40526.12565195664 507.63509512002696 954124.9279053349 800.0358929102279 336.0
20000.0 30000.0 184.03595507808495 892.360367720174 241.66957416420885 998.7800000000279 233.22893554688198 38770.63912665363 549.5078790305444 911881.0653349047 783.2945123918722 288.0
30000.0 40000.0 112.90601171873277 898.8267262073879 220.3449369997779 999.8410000000149 347.8978906249977 43685.43327260092 607.7745551801705 1014354.9966216469 873.7910194354732 288.0
40000.0 50000.0 315.34519921877654 880.423163707384 224.97961969172226 999.61599999998 413.6419023437775 30031.92745087749 411.09958938310774 694200.8945949539 607.9202486236092 288.0
50000.0 60000.0 178.5306054687826 892.8608540482925 233.07555650107045 999.7629999999772 317.67529296875 31298.208824251924 454.54080830144903 703582.0316683105 604.7004703878274 288.0
60000.0 70000.0 2014.0753183593624 887.3249646267375 185.56332787652414 999.5239999999758 475.948974609375 30689.28454659375 433.5849640279508 676745.5412149664 585.5701481252071 288.0
70000.0 80000.0 2721.766974609287 808.6925583767459 232.8298798475372 999.755999999994 422.0140000000247 30306.381127065644 398.85710895675066 747818.5426598827 552.687708125783 342.85714285714283
80000.0 90000.0 2594.3947187500307 822.8450312499966 304.89534028074956 999.8439999999828 98.53800000000047 32723.578230541196 449.73406041362256 1164715.3603553972 845.8231613675958 780.0
90000.0 100000.0 185.8011914062081 892.1998916903448 220.98155788070324 999.5960000000196 420.9797187499935 50819.6351730289 823.8274639424195 2155415.0043476583 1548.323678956079 1500.0
100000.0 110000.0 817.7591582032037 918.2240841796796 154.48030711065823 999.9699999999721 528.1089101562393 47444.44183432877 788.2400451959671 2013895.347306792 1442.7346245915342 1500.0
110000.0 120000.0 48.92501757806167 904.6431802201762 275.3468186280634 999.539999999979 79.81506835937034 51216.98130034917 884.0304163423161 2322494.532561025 1655.2350803171096 1500.0
120000.0 130000.0 919.5959199218778 825.491280007102 312.82590865300966 999.9780000000028 103.43308593751863 63769.64857633071 1058.4418812042031 2707701.6816918924 1926.1784732625865 2357.1428571428573
130000.0 140000.0 657.8570214843494 934.2142978515651 140.7184982764609 998.9820000000182 547.842005859362 73641.58982724357 1287.9521922681852 3322225.373814427 2355.250465535011 2177.777777777778
140000.0 150000.0 457.46265820309054 867.50339470881 303.7474813555555 998.6280000000261 15.412027343758382 69759.53764045233 1246.7751040154747 3273298.824085848 2326.548134960594 2300.0
150000.0 160000.0 50.11304296867456 904.5351779119387 214.8301025294113 999.9870000000228 373.011685546895 72843.32376554074 1253.970736360479 3250265.483350048 2310.3864804750297 2300.0
160000.0 170000.0 320.1221855468466 879.988892223014 231.4617154005062 999.9340000000084 410.59572851564735 78578.53283124839 1296.163214892924 3353222.366191531 2382.3478674997878 2300.0
170000.0 180000.0 57.943203125090804 903.8233451704463 209.75762955913282 999.7110000000102 403.2548828125 71528.63075657963 1236.6878433441323 3160335.0337917604 2241.091614858372 2300.0
180000.0 190000.0 696.0916113281273 930.3908388671873 128.7865685507904 999.4870000000228 594.0211171875126 72858.77889727434 1281.1921733707336 3316101.4582141466 2355.3949794555865 2300.0
190000.0 200000.0 386.81032812502235 873.9263338068162 283.66319875040926 999.4139999999898 102.05472851567902 67429.41169686556 1166.4961635158936 3069740.72660456 2184.080204736828 2300.0
200000.0 210000.0 108.63802343735006 899.2147251420591 207.99979160618753 999.6080000000075 408.8050566406455 67524.03895438142 1201.9821395944261 3201053.7051514117 2274.7183795380665 2300.0
210000.0 220000.0 389.97166406258475 873.6389396306741 221.16065352164213 998.5699999999488 437.0730800781166 69897.6248895246 1227.7226136016911 3185799.825796942 2257.562011673594 2300.0
220000.0 230000.0 63.902222656295635 903.2816161221549 210.22111384542325 999.4610000000102 433.134033203125 68509.98568037472 1214.9349630619647 3151012.158097446 2235.4269302416883 2300.0
230000.0 240000.0 551.7480976564111 944.8251902343588 142.94106939136097 999.8989999999758 542.6109667968703 70373.4430739617 1251.035652303431 3260281.376139969 2308.340347390294 2300.0
240000.0 250000.0 414.43285351560917 871.4151951349446 288.3901200650325 999.6350000000093 68.97006445308216 71115.01910771482 1215.3612887037284 3105479.9911785643 2210.00198123913 2300.0
250000.0 260000.0 67.46697265619878 902.9575479403455 213.494706758858 999.9780000000028 372.7719179687556 78468.51528974457 1318.443086584229 3361479.886166866 2384.515273050249 2300.0
260000.0 270000.0 1375.0891660157358 862.4910833984264 230.47688152427375 999.8669999999693 402.6198906250065 67240.97211683234 1163.1031654824892 3025962.664133963 2144.45514219251 2300.0
270000.0 280000.0 42.176955078262836 905.2566404474306 208.3384273938083 999.2859999999637 443.06298828125 74358.03696901171 1295.842201451955 3396986.5838234467 2412.7072692243364 2300.0
280000.0 290000.0 681.2920937498566 931.8707906250144 137.49379777552363 999.969000000041 556.5960117187351 68152.14809012586 1199.657367086286 3143835.1491147247 2233.058032110308 2300.0
