ts te idle avg_span std_span max_span min_span c_bytes_all c_pkts_all s_bytes_all s_pkts_all video_rate
0.0 10000.0 7016.210888671863 745.9472778320342 484.2253112495684 998.5339999999851 19.839111328125 28777.86104816727 297.00257848954476 876759.406782868 659.4514862140218 480.0
10000.0 20000.0 2426.6270058593364 841.4858882378516 308.56613666662986 999.9010000000126 61.5339999999851 63618.53753024571 953.3822511755222 2604653.4073468917 1838.0599423902495 1558.3333333333333
20000.0 30000.0 2380.2879980468424 761.9712001953158 340.4069583643647 998.3620000000228 143.90089453122346 58254.60734956138 1002.5354956784819 2639628.845071656 1833.2604255362112 1766.6666666666667
30000.0 40000.0 1450.0550156249665 854.9944984375034 275.23856788187953 999.8709999999846 211.50989257812034 58394.913329172916 1058.0668299084236 2800325.712184048 1938.0266110010216 2300.0
40000.0 50000.0 848.9600917968783 831.9127189275565 363.453948355529 999.8640000000014 54.55099999997765 63847.08074285272 1187.0128447480274 3220974.628614536 2230.201534858496 2300.0
50000.0 60000.0 2003.4820000000764 888.5019999999915 325.16413973561623 999.170999999973 21.42599999997765 52445.0 891.0 2323345.0 1619.0 1633.3333333333333
60000.0 70000.0 2694.7891054687207 913.1513618164099 189.0501025173794 999.9400000000023 460.45799999998417 58670.84913529631 954.7410897399445 2492567.833393106 1746.602585776648 1728.5714285714287
70000.0 80000.0 84.57391601556446 901.4023712713123 260.6403067151179 999.5680000000284 133.512105468777 70771.365786349 1261.167015470075 3305105.473088851 2291.0321636947933 2300.0
80000.0 90000.0 47.92296484374674 904.7342759232957 248.06876983055645 999.9899999999907 180.4920214843587 72483.921718578 1325.5822796121602 3572990.2616039864 2478.428533565688 2300.0
90000.0 100000.0 2000.3350507812575 799.9664949218743 374.26734764313335 999.2829999999958 0.0 59325.49511539636 1033.3172237932934 2654011.742539442 1849.3725609053406 2300.0
100000.0 110000.0 2856.8538789061713 793.6829023437588 367.7503674886288 999.2750000000233 129.2850371093955 59574.076190841886 955.4522982612956 2534563.993073224 1766.1444270445077 1855.5555555555557
110000.0 120000.0 86.97307421878213 901.1842659801107 256.50281918576036 998.5559999999823 147.08491601562127 65829.65281926015 1154.638133218281 3050440.020921658 2119.370907198369 2300.0
120000.0 130000.0 1693.7409316407284 755.1144607599338 357.2923638325163 999.5599999999977 70.56699999998091 67066.51872083782 1134.2736865545703 2963311.9867995754 2060.362786637888 1800.0
130000.0 140000.0 1312.0811953125522 868.7918804687448 184.81394704724792 999.445000000007 513.2039218749851 54034.7559029328 900.3495145731422 2326222.214929545 1637.7591788706873 1500.0
140000.0 150000.0 3818.577816406265 686.8246870659706 433.19649806214727 998.0449999999837 34.353999999992084 49378.70514106189 757.0630462320922 1955348.9430804409 1374.8280129813998 1728.5714285714287
150000.0 160000.0 3513.1220683594 720.7642146267333 398.6004805785938 998.9579999999842 33.87099999998463 51475.5099556614 818.8928560495912 2192834.6112042577 1533.8538907492145 1842.857142857143
160000.0 170000.0 1421.6729082031525 857.8327091796848 278.49422591199306 999.8429999999935 132.4720019531087 69141.52550253386 1140.0558885789449 3070943.9391462267 2135.447445537113 1855.5555555555557
170000.0 180000.0 80.27606054686476 901.7930854048304 258.5326366590634 999.9569999999949 142.02391015627654 65262.82281294078 1136.7407601607542 3010848.7186923167 2092.2649577770776 2300.0
180000.0 190000.0 49.9871249999851 904.5466250000013 245.3342851122935 999.4890000000014 191.15897070313804 68031.60102576477 1202.0806096628821 3272806.8444807543 2273.592179394459 2300.0
190000.0 200000.0 72.26098242192529 902.521728870734 239.07497872390076 999.7260000000242 215.76109570311382 72194.45320929769 1272.5062384065168 3421320.6892188173 2373.2097324083543 2300.0
200000.0 210000.0 1972.0229765626136 891.9974470485985 247.14228697427106 998.420999999973 245.02507812494878 56493.358872289784 961.7052132677292 2607764.5395119246 1820.69886522853 2033.3333333333333
210000.0 220000.0 2295.9879453124013 770.4012054687598 345.800308785804 999.9710000000196 145.410054687527 59766.38809095749 1003.4341464187278 2615158.188315874 1822.0317722299317 1500.0
220000.0 230000.0 752.1880820313236 924.7811917968677 227.72285730305 999.8610000000335 276.81591796875 65072.30433908969 1088.8177688939857 2873569.3466968955 1999.5904591576416 2071.4285714285716
230000.0 240000.0 85.28360937500838 901.337853693181 236.5483398290942 999.6300000000047 232.09130859375 64773.282613091505 1090.844653523668 3029371.888244841 2109.946892730606 2300.0
240000.0 250000.0 2433.809236328001 840.6878626302221 251.81619575386426 999.7240000000456 414.424072265625 60716.31857053438 1021.7994147095335 2655889.9061055854 1850.8195561278983 1842.857142857143
250000.0 260000.0 2641.400146484375 817.6222059461805 313.702167621017 999.5960000000196 64.64099999994505 58787.68076646466 931.9719335016225 2476178.7200745484 1732.241587153725 1700.0
260000.0 270000.0 1612.7870332032908 838.7212966796709 304.67356869472434 999.5259999999544 145.67107421869878 61692.453921062974 1036.1628053185752 2722670.511643829 1900.1689791866709 1957.142857142857
270000.0 280000.0 52.561980468803085 904.3125472301089 256.50159223586707 999.8839999999618 148.81110742187593 72962.19499253079 1266.2270847724942 3407754.3642228083 2365.6100656790823 2300.0
280000.0 290000.0 2030.4089394529583 796.9591060547042 378.60416304830153 999.810999999987 0.0 56820.133550162805 975.5997387762801 2569687.9473420735 1787.656099250489 2033.3333333333333
290000.0 300000.0 80.76502343756147 901.7486342329489 248.49962008161683 999.9939999999478 181.19702734379098 61313.62502006778 1006.1856485795593 2587809.003199772 1814.5921622024978 1500.0
