ts te idle avg_span std_span max_span min_span c_bytes_all c_pkts_all s_bytes_all s_pkts_all videorate
0.0 10000.0 8975.13707421875 512.431462890625 579.6047694563139 922.27392578125 102.58899999999994 10380.548238285104 114.58403662928478 323145.17669254745 308.8894022352483 480.0
10000.0 20000.0 665.1299511718753 848.6245498934659 299.38960208570234 999.530999999999 75.66307421875172 54185.8870188598 1224.0944004603423 3204672.710908201 2764.169698384183 1056.923076923077
20000.0 30000.0 53.15203320312139 904.2589060724436 206.55916050162338 999.8600000000006 479.68994140625 44490.1083675301 1218.2264292003995 2996244.2367103077 2475.6317708746687 2122.222222222222
30000.0 40000.0 2035.7979414062575 884.9113398437491 194.41809318235028 998.4289999999964 519.2690585937526 36692.456375325 988.0951337099734 2398130.875688944 1991.3091285059 1552.5
40000.0 50000.0 1118.6840175781253 986.8128869357638 28.522159187808384 998.5080000000016 911.406982421875 34758.737765136466 935.663243657579 2284289.889949078 1902.263666408056 1957.142857142857
50000.0 60000.0 69.8817343749979 902.7380241477275 272.4391111727308 999.6760000000068 88.56601757812314 49854.073181998596 1372.959377512353 3390543.0647257664 2758.981575931808 2300.0
60000.0 70000.0 57.16133593750419 903.8944240056815 262.5873904575546 999.226999999999 123.16975195312989 47178.54516008425 1310.7090178328936 3217644.7329316917 2637.3890708864155 2300.0
70000.0 80000.0 43.334013671876164 905.1514533025567 256.23339169613513 999.4119999999966 146.72008789062966 44284.54829178195 1201.5325013742258 2952847.1202013684 2438.2588389789407 2300.0
80000.0 90000.0 92.25179687497439 900.7043821022751 252.43703561888873 999.9260000000068 164.78110156250477 47243.8729925307 1242.6260764054005 3052838.966151435 2510.490704064573 2300.0
90000.0 100000.0 190.27722070309392 891.7929799360824 251.67973709569554 999.9410000000062 216.05989843749558 47368.40262348249 1244.8114342643346 3069460.4833103516 2516.2194458237796 2300.0
100000.0 110000.0 858.6086171874922 914.1391382812508 190.63654949535172 998.7949999999983 384.09811914063175 43706.25366105352 1145.0368506379823 2815946.887193698 2308.87599487325 2300.0
110000.0 120000.0 265.2183808593545 884.9801471946041 274.8313674208311 999.8910000000033 79.82473632812616 43006.06334249562 1096.9979950959032 2687333.5050671613 2224.4019782831483 1528.0
120000.0 130000.0 4187.953882812522 830.2923024553539 304.6467712939536 999.4949999999953 162.8131171874993 25743.502981436417 648.6635032193282 1566616.3504694495 1306.1187247500293 1280.0
130000.0 140000.0 2593.604107421852 925.7994865722685 113.18873973846435 999.9700000000012 713.68299999999 37143.086008953345 935.9788661382102 2294614.4507301813 1904.2592097077152 1674.2857142857142
140000.0 150000.0 84.52779296872905 901.4065642755701 275.5632336983027 999.9469999999856 77.43510742188664 44881.5725035035 1175.5675964212426 2888073.665404439 2384.7185635906226 2300.0
150000.0 160000.0 117.26400976561126 898.4305445667626 264.2376653703772 999.9830000000075 116.96390039063408 46304.52834673424 1214.6215128507336 2988982.3664214388 2474.1138458236214 2071.4285714285716
160000.0 170000.0 3723.386789062526 784.5766513671842 275.3889928526521 999.5970000000088 169.6519101562444 25935.528341653124 609.7583080366285 1475234.264128564 1230.966255886207 1005.0
170000.0 180000.0 1519.0919980468752 848.0908001953125 307.4560847115225 999.7660000000033 56.48669921874534 31608.49982116289 792.5974964112582 1898349.001722577 1594.9896847079801 1311.4285714285713
180000.0 190000.0 124.27521679687197 897.7931621093753 272.591906986572 999.6909999999916 86.80669726562337 35486.298936135376 888.0709876689235 2174904.8785317964 1797.141975337847 1500.0
190000.0 200000.0 1231.5291699218797 876.847083007812 265.6089870635846 999.8319999999949 149.95691406249534 34768.4040177466 883.6256163874809 2160448.561130098 1789.2381866932171 1500.0
200000.0 210000.0 55.81699218752328 904.0166370738615 275.9465500112193 999.7699999999895 77.83708398437011 44182.076049282776 1154.2726269643917 2816091.2867027367 2307.5709061325438 2185.714285714286
210000.0 220000.0 2001.6019296874583 888.7108967013935 292.86429434048125 998.9230000000098 109.62507617188385 38472.27603006427 1003.9582953229591 2454051.0224987157 2023.9640642835184 2300.0
220000.0 230000.0 1283.8729863281187 871.6127013671882 295.31764941495635 999.6849999999977 59.97900585937896 37191.976543239085 942.3513487318742 2318490.260661098 1929.604207777292 1382.0
230000.0 240000.0 77.6187167968601 902.0346621093763 276.8257723577115 999.5480000000098 73.78199218749069 33362.548325012365 839.1656325264971 2034857.6727507338 1683.6302064831648 1500.0
240000.0 250000.0 1867.1263124999823 813.2873687500017 367.51996688437265 999.9200000000128 115.87770898436429 31829.479161770403 813.8978698003804 1969308.8304592713 1633.0369984934619 1500.0
250000.0 260000.0 75.42770312505309 902.2338451704497 273.56005568484215 999.8769999999786 82.94102148438105 33104.199273990474 840.8486078117552 2032830.7812622203 1692.7944773848503 1500.0
260000.0 270000.0 63.883160156256054 903.283349076704 266.7372610469079 999.6209999999846 107.58072460937547 40388.68065699302 1023.6189189156773 2484702.6801342824 2060.245093169763 1500.0
270000.0 280000.0 38.38906249997672 905.6009943181839 260.88116308215444 999.6350000000093 130.97388476564083 32578.65890326086 823.1592105173922 1998703.9353797575 1659.7121135390046 1500.0
280000.0 290000.0 44.33414257806726 905.060532492903 254.7622989213417 998.9380000000237 152.31894726562314 33252.98983892683 842.0684426452704 2064832.1208163945 1719.7864183394022 1500.0
290000.0 300000.0 962.3300058593741 903.7669994140626 260.3383935064133 999.3169999999809 168.18208984372905 32058.396893486606 810.1652613501168 1972064.7193075162 1643.3513711556245 1500.0
