ts te idle avg_span std_span max_span min_span c_bytes_all c_pkts_all s_bytes_all s_pkts_all video_rate
0.0 10000.0 8849.723994140626 575.138002929687 525.3548784342776 946.619999999999 203.656005859375 10101.152858155068 65.97856928965179 140852.1406306996 139.0976996674454 840.0
10000.0 20000.0 1327.101910156256 867.2898089843744 232.71670711280976 999.3040000000001 382.387999999999 39662.63002254542 890.1526543101605 2253160.379829935 1935.2778698921604 724.2857142857143
20000.0 30000.0 421.63801757813053 870.7601802201699 276.8138875209038 999.5400000000009 172.205078125 31284.880123685893 823.829724684003 1979918.9383439468 1663.1507779084395 1500.0
30000.0 40000.0 2586.5987714843795 823.7112476128467 303.65168957855514 997.5069999999978 137.80299999999988 31124.56771034759 810.999184845396 1967481.8798674624 1639.0390551936305 1384.4444444444443
40000.0 50000.0 198.44140429687104 891.0507814275571 221.17488170959516 999.9210000000021 406.64990234375 42971.76578660732 1180.4154719184316 2888948.6832088865 2382.0000387188884 2300.0
50000.0 60000.0 67.90980859377305 902.9172901278388 209.64185079115498 999.377999999997 386.49609375 45066.14481503872 1232.5301177937265 3014928.0638468657 2479.514179776759 2300.0
60000.0 70000.0 2102.8492089843785 877.4611990017357 200.51939695416849 999.6959999999963 473.306884765625 36042.55629033351 982.1047611618611 2397538.9736698363 1984.4155751595108 1728.5714285714287
70000.0 80000.0 1260.9689804687514 873.9031019531249 195.2006816956139 998.0149999999994 508.826904296875 27846.345806830268 722.4960013572904 1732216.2607180006 1453.6449093971162 1122.857142857143
80000.0 90000.0 3404.441937499985 732.8397847222238 325.03712708666615 997.994000000006 86.97400000000198 21315.614784520796 516.5648110312313 1215707.7600140113 1028.848853243451 840.0
90000.0 100000.0 2302.100050781257 855.3222165798603 214.61897363896492 999.9890000000014 451.8030332031194 33354.401155392174 875.5703828616528 2132336.637717968 1788.4310381314822 1570.0
100000.0 110000.0 1863.2999160156323 813.6700083984367 310.23849530464173 999.4719999999943 163.43499999999767 38165.41136494449 979.4810407451536 2386165.7494179485 1970.954987523453 1728.5714285714287
110000.0 120000.0 2138.423037109402 873.5085514322886 216.14600731963094 999.6729999999952 488.80199999999604 22949.082554608427 547.3535142712738 1281537.7653097596 1093.370915475059 934.2857142857143
120000.0 130000.0 5080.915843750001 702.7263080357142 285.0379159762537 998.7609999999986 280.20900000000256 21015.12307285415 494.05740726942025 1159750.1914347673 990.0119190397186 840.0
130000.0 140000.0 3387.6630058593582 826.5421242675802 234.47589199198762 999.0679999999993 407.66188085937756 21470.332111895506 508.359399866805 1196285.8362975172 1024.5004459791744 840.0
140000.0 150000.0 2126.4931425781397 874.8340952690955 220.9990219707668 999.1570000000065 469.11688671875163 25861.204158602617 610.8949130312591 1449602.8526529816 1228.8864334414448 1205.0
150000.0 160000.0 142.53098046872765 896.1335472301157 220.65904133089987 999.4349999999977 409.989990234375 45451.88491601199 1172.3330329823261 2871267.501615968 2377.7343765976434 2071.4285714285716
160000.0 170000.0 273.2898867187614 884.2463739346581 236.79756935839652 999.6080000000075 274.756103515625 32548.362062463377 811.1085321661883 1923890.5737240384 1617.4805471986524 1311.4285714285713
170000.0 180000.0 3867.650015625026 766.5437480468718 343.69693587449666 999.7429999999877 75.41899999999441 21733.587324369277 521.0437744472537 1237516.74406052 1059.4201240845096 1257.142857142857
180000.0 190000.0 152.81100195317413 895.1989998224387 224.0111443689483 999.3299999999872 415.6630859375 40306.573271558365 1019.8135905452737 2468148.419881772 2048.821147723723 1600.0
190000.0 200000.0 189.473181640642 891.8660743963053 244.06321115813083 999.9230000000098 259.951904296875 44409.318075279436 1143.8988234416006 2772193.07016448 2297.6366188464567 2185.714285714286
200000.0 210000.0 1939.1359726562223 895.6515585937531 172.01137316912454 999.5100000000093 509.179931640625 32379.12600834023 832.5487548349723 2030761.3863429578 1690.433927048121 1540.0
210000.0 220000.0 3389.895021484379 826.2631223144526 221.07185665379495 999.8869999999879 490.5460683593701 24649.063910571902 586.4392401447985 1382135.4268393 1175.46689580368 840.0
220000.0 230000.0 4560.939828125003 679.8825214843746 354.5012179877357 998.7190000000119 121.92399999999907 20451.072985724713 479.35265207932355 1147353.5987869827 985.434130012399 1257.142857142857
230000.0 240000.0 126.2590605468722 897.612812677557 223.46629837011307 999.6849999999977 421.322021484375 35008.74964026674 891.7692670727693 2153172.2958212793 1799.4645696728721 1614.2857142857142
240000.0 250000.0 1753.6911425781727 824.6308857421827 286.7536952691367 997.5629999999946 208.0799999999872 31115.059237482736 777.7537644052877 1848206.8305036617 1538.1263464718854 1500.0
250000.0 260000.0 141.53760351554956 896.2238542258591 219.94679057331416 999.8560000000289 417.707275390625 40385.68509187066 1026.464073697244 2490000.4387678634 2060.792355108593 1500.0
260000.0 270000.0 2044.342238281155 883.9619735243161 195.83753272154792 999.3740000000107 510.488037109375 26522.017022474305 666.9071826133311 1618833.3391486676 1341.1076129058724 1500.0
270000.0 280000.0 178.22507812496042 892.8886292613672 216.83983605868593 999.9770000000135 425.157958984375 43391.05081487762 1083.0737072388401 2635962.7662523123 2177.2663077752773 1353.3333333333333
280000.0 290000.0 4129.532640625024 733.808419921872 333.66429010363476 998.9969999999739 101.40299999999115 26042.171717066438 610.6543679987549 1449898.3014980694 1231.4294136524709 1156.0
290000.0 300000.0 622.796318359382 937.7203681640618 165.11241663843583 999.8719999999739 471.54068164061755 30894.065305280255 781.0512818947188 1880776.1936315405 1577.2409285501108 1500.0
