ts te idle avg_span std_span max_span min_span c_bytes_all c_pkts_all s_bytes_all s_pkts_all videorate
0.0 10000.0 4010.7411132812267 855.6084123883962 367.49688602962004 999.935999999987 22.35888671875 66563.94702241088 875.2381908789753 2291927.0327038765 1985.946851848628 540.0
10000.0 20000.0 3208.841783203068 754.5731351996591 307.8487564985964 999.7210000000196 284.62211328127887 66972.59110121676 1014.1080357171714 2528763.1941406317 2134.2433371884617 1354.2857142857142
20000.0 30000.0 1802.8472109374125 819.7152789062587 310.3784087708139 999.9799999999814 128.764892578125 58967.87768880485 1024.589801795378 2218318.63984957 1874.6607660630789 1500.0
30000.0 40000.0 2680.345892578189 813.2949008246457 287.04082206103664 999.9729999999981 303.52410742186476 53277.5841875675 949.0639716084752 2073333.1333059217 1748.149044899831 1500.0
40000.0 50000.0 397.1900566405966 960.2809943359404 91.07897580048089 998.7679999999818 704.741943359375 77563.11175935021 1385.7226629356624 3083065.9629099374 2599.706316893872 2300.0
50000.0 60000.0 208.5830449219211 890.1288140980072 231.63087378965838 999.8479999999981 291.4430566406227 75153.35997196549 1396.4395936353521 3110391.803766135 2616.59963286138 2300.0
60000.0 70000.0 1062.949916015612 893.7050083984388 212.93017988186367 999.8009999999776 330.66610156249953 73362.80444322983 1342.2110397762508 3231818.2017862843 2517.090440132452 2300.0
70000.0 80000.0 43.650037109386176 905.1227238991468 250.26664949442426 999.9969999999739 172.18801757809706 75061.4404527806 1341.4701431977983 3429644.119205752 2429.239890899082 2300.0
80000.0 90000.0 126.70705664064735 897.5720857599412 247.58668762234535 999.7160000000149 189.35505468747579 74393.6885503619 1258.9839679377683 3171899.3294916 2265.281478617665 2300.0
90000.0 100000.0 238.3517695312621 887.4225664062488 242.7557234962335 999.8209999999963 246.55911132809706 70838.61961629096 1230.3288759993773 3295803.722696441 2348.50728880993 2300.0
100000.0 110000.0 85.85916406247998 901.2855305397745 215.62167478214295 999.2270000000135 396.5758808593964 70399.9985367913 1233.211001121303 3125665.9243482174 2235.4572985353793 2300.0
110000.0 120000.0 51.59205859375652 904.4007219460221 209.5825330113341 999.6720000000205 449.9320449218503 74762.49702384813 1314.869679658042 3431223.2547508082 2432.047455331349 2300.0
120000.0 130000.0 2435.8088964843773 840.4656781684025 254.89449480728376 999.7920000000158 363.11999999999534 55464.479645381565 891.7630357384455 2250259.6810448254 1612.070197918891 1654.2857142857142
130000.0 140000.0 268.0660800781334 973.1933919921867 75.19712260888346 998.8180000000284 759.242919921875 60232.77124580248 968.7248128115449 2475684.085180827 1778.099916805131 1500.0
140000.0 150000.0 1975.3729472655687 802.4627052734431 366.9354469097515 999.6479999999865 6.0860000000102445 53833.58023034948 854.6763027724818 2203038.244683398 1578.72127002337 1500.0
150000.0 160000.0 1311.465027343831 868.8534972656169 256.39907445337406 999.7849999999744 173.11902734375326 58458.150531137406 923.074450276667 2395742.8108517677 1725.728816631129 1500.0
160000.0 170000.0 3059.521044921945 694.0478955078055 344.2001319912053 999.5279999999912 181.07699999999022 56190.66385764544 910.5457284760151 2331820.7887456277 1669.9422910463538 1500.0
170000.0 180000.0 2591.248912109353 823.194565321183 302.7861758840037 999.8479999999981 234.3130996093969 55419.541019164004 894.9791625650385 2324173.796508904 1657.1085279171614 1957.142857142857
180000.0 190000.0 111.72567187499953 898.9340298295455 248.0137857552235 999.414999999979 183.44601171877002 74394.73059611152 1292.6298644680505 3352554.6939995345 2376.2267400945816 2300.0
190000.0 200000.0 100.23419921885943 899.9787091619219 238.49933759462132 999.8769999999786 241.0306835937663 76753.30745375899 1350.231414182444 3486086.7985268338 2470.032731039664 2300.0
200000.0 210000.0 516.5222246095072 862.1343432173176 232.8559702881095 999.7439999999478 317.1168828124646 71837.65023892108 1246.3805494655326 3176781.3601118806 2253.0457477163936 2300.0
210000.0 220000.0 1067.429992187419 893.2570007812581 195.64702034890186 999.0949999999721 408.77510742191225 65249.06696856154 1144.32606007975 2986538.9822690357 2114.8395700198394 2300.0
220000.0 230000.0 111.41962890629657 898.9618519176094 252.38446967916204 998.9660000000149 175.56709960941225 74575.67947510406 1296.5593010619439 3451061.936828835 2447.0399504716192 2300.0
230000.0 240000.0 1714.7503398437984 828.5249660156202 313.57333456877114 999.8149999999441 230.24600000004284 66757.72981012963 1137.6614455972115 3028620.3763802233 2140.9798425212844 2300.0
240000.0 250000.0 63.8310312499525 903.2880880681861 247.02185908505314 999.9599999999627 186.47806835942902 75048.38946656423 1313.6856301515427 3428662.6844576723 2429.4436218412443 2300.0
250000.0 260000.0 1987.5540117187193 801.2445988281281 372.0949164482538 999.9470000000438 0.0 63366.73825182565 1040.5260614667197 2718728.407239086 1934.2095531985715 1800.0
260000.0 270000.0 1192.619882812607 880.7380117187392 255.37994621592352 999.9930000000168 186.60311132809147 68765.73448572218 1160.7640880286344 3036681.2769788885 2149.568915576837 2185.714285714286
270000.0 280000.0 1548.5819433594588 845.1418056640541 287.36927703566636 998.6199999999953 181.46699414064642 59632.200484063826 1044.9445746367442 2747519.5648845225 1946.1465698442735 2300.0
280000.0 290000.0 88.71396484377328 901.0260031960206 252.28657151641656 999.3170000000391 170.58993749995716 77745.5164531106 1348.2001591755654 3599661.814529617 2547.7980635459653 2300.0
290000.0 300000.0 89.083197265747 900.9924366122049 237.04566555666418 999.1189999999478 237.0809023437323 70356.05035551207 1259.1988359280665 3212846.6908545117 2282.3344767368376 2300.0
