ts te idle avg_span std_span max_span min_span c_bytes_all c_pkts_all s_bytes_all s_pkts_all videorate
0.0 10000.0 0.0 0.0 0.0 0.0 0.0 0.0 0.0 0.0 0.0 0.0
10000.0 20000.0 0.0 0.0 0.0 0.0 0.0 0.0 0.0 0.0 0.0 0.0
20000.0 30000.0 2094.4820703125006 878.3908810763888 326.9483782941493 997.989999999998 6.8779296875 39976.01006625381 627.5733974200825 1912254.3886642104 1709.8929023265373 288.0
30000.0 40000.0 143.19297070312314 985.6807029296876 18.49969960007112 998.6659999999974 936.657958984375 21032.165525980643 465.6325863707709 802580.732265622 704.261340423406 500.57142857142856
40000.0 50000.0 1067.6050214843708 893.2394978515629 296.317998576527 997.0149999999994 51.10804101562826 20353.65745585455 427.65048976717446 651777.3368180038 572.4596645931208 288.0
50000.0 60000.0 169.16364257811802 893.712396129262 286.57097820895353 997.4539999999979 34.24806250000256 20001.80787864505 470.89102162793154 596837.0912764408 517.8474831965514 288.0
60000.0 70000.0 326.5384101562522 879.4055990767043 275.39344743967877 997.4400000000023 107.16370507812826 23002.656210265686 508.72790328032625 731740.0365576362 652.7908083985824 288.0
70000.0 80000.0 3248.3439843750093 843.9570019531238 306.6974406016591 999.028999999995 157.7501152343757 17532.702516394274 380.4915070195475 551696.8895803955 486.4988360521378 288.0
80000.0 90000.0 3477.3930175781134 652.2606982421887 454.81378640157095 999.6340000000055 15.396099609381054 15771.885050214887 355.4854468547367 540191.3609489548 475.3662090577168 288.0
90000.0 100000.0 7722.532871093761 379.5778548177065 252.93911435841332 602.494000000006 18.31201171875 9166.641805351624 173.8413298840869 393123.7804271255 365.5904629337873 288.0
100000.0 110000.0 6421.246994140616 596.4588343098973 344.15570679017117 986.7780000000057 18.218017578125 11099.950065780255 220.42519533895828 500581.6968279242 457.1323386390024 288.0
110000.0 120000.0 1429.9677109374898 952.2258098958345 124.3566740971449 998.9720000000088 621.0819999999949 27552.387524492027 664.7773808020731 1596578.5137024177 1368.256693517633 894.0
120000.0 130000.0 124.88218554685591 897.737983132104 295.8778108047036 999.8669999999984 8.658693359378958 31022.946467888167 824.7111451958884 2012557.2239756389 1681.5507843545465 1500.0
130000.0 140000.0 4955.5922421875 560.4897508680556 478.1207883660728 998.7200000000012 8.77587890625 22558.163113411378 590.7723959554186 1444606.18800206 1197.5239240851838 1236.0
140000.0 150000.0 4167.102830078133 729.1121462402334 427.9119175793436 997.2619999999879 18.550048828125 23677.49521045776 582.8097525007677 1420298.970711772 1186.4660114144208 840.0
150000.0 160000.0 4624.525048828131 895.9124918619782 93.65401039645243 999.1009999999951 787.9539999999979 22977.53110900989 561.2104479822372 1349253.7902417984 1132.3625410073735 840.0
160000.0 170000.0 4077.6230292968976 740.2971213378878 435.10330147391454 999.8569999999891 14.969970703125 25862.006153986353 656.6651552482921 1601372.0438465069 1338.5103272801832 1326.6666666666667
170000.0 180000.0 1116.709853515611 888.3290146484389 306.51781656815785 999.4469999999856 18.2451171875 36467.416632131484 986.2535118610715 2447374.3204483655 2023.6376482800597 2033.3333333333333
180000.0 190000.0 3476.5710273437435 815.4286215820321 337.16736533877724 999.2719999999972 18.64208984375 22501.377318098654 546.9320380366676 1322049.1653466318 1113.5534347318192 972.0
190000.0 200000.0 6535.582078125008 577.4029869791653 409.97798788074846 914.9379999999946 10.56201171875 15924.877615476344 366.30767743607055 871429.1982717284 735.6998202687527 840.0
200000.0 210000.0 4234.732912109379 720.6583859863276 417.8068305036345 999.6270000000077 16.527099609375 24083.862455765695 557.5625370201077 1357452.8657390643 1136.3219128093497 840.0
210000.0 220000.0 5428.575117187516 571.4281103515605 443.1675039813157 993.820000000007 17.781982421875 19519.936340526634 427.9661805063063 1007973.5645450347 868.756500603649 540.0
220000.0 230000.0 1407.7590195312514 954.6934422743054 112.40338229706248 999.9780000000028 656.776017578115 29797.663059941242 733.2718958011876 1770778.0766846882 1490.1055991828055 1296.0
230000.0 240000.0 251.3848808593757 886.2377381036931 285.0506750624442 999.5849999999919 39.225037109368714 31785.171234066333 801.339414914167 1955836.71197842 1634.6156004674444 1500.0
240000.0 250000.0 2087.7440820311895 879.139546440979 289.14741703023407 998.4949999999953 118.85691796877654 27325.68919000726 681.7015891761298 1666963.0531395606 1374.7991563759365 1236.0
250000.0 260000.0 2472.8579902343336 940.8927512207083 85.54815657742766 999.6620000000112 792.1469999999972 29805.80225924303 707.1439054196959 1717762.1444458668 1437.4341925679919 1083.3333333333333
260000.0 270000.0 2062.700902343786 793.7299097656214 396.17324181303667 999.3009999999776 17.735107421875 36493.86939336472 971.7224577804429 2412038.5116718076 1977.5651571465912 2300.0
270000.0 280000.0 2589.661226562457 823.3709748263936 347.0598394129687 997.7229999999981 17.577880859375 30026.964458491417 747.8449134451026 1829326.5088001247 1505.3879195213588 1368.0
280000.0 290000.0 4690.057822265662 758.5631682477625 336.5467629443989 996.1439999999711 18.06005859375 24308.048249076943 564.2839600663428 1344940.9162890464 1128.6465788983483 840.0
290000.0 300000.0 5652.394064453139 724.60098925781 351.5452363929597 939.3310000000056 15.843994140625 20555.454022918657 476.621141197018 1130030.8615268862 954.3144785407776 840.0
