ts te idle avg_span std_span max_span min_span c_bytes_all c_pkts_all s_bytes_all s_pkts_all video_rate
0.0 10000.0 6858.4697109375265 785.3825722656184 410.54364544350074 997.7669999999925 169.64100000000326 33864.76063065411 423.86402702842037 1296134.4697759398 924.5308873210026 840.0
10000.0 20000.0 645.3419843750307 850.4234559659063 304.28466265850807 999.8989999999758 16.40971093752887 74793.64789295544 1140.6059413195262 2963545.028964122 2064.4775082621163 1142.857142857143
20000.0 30000.0 72.97333203122253 902.4569698153434 216.896930289344 999.7160000000149 361.4766953124781 68750.39351888304 1245.3643479493733 3293094.0270951227 2283.293373752057 2300.0
30000.0 40000.0 53.81166015617782 904.198939985802 209.95226760869974 999.3580000000075 408.95902734377887 66872.80807771928 1216.500211882502 3212021.3036189745 2233.4935677544654 2300.0
40000.0 50000.0 64.49335742200492 903.2278765979995 210.39794617679354 999.795999999973 435.5446874999907 66053.06853235215 1217.6454885621545 3210267.5338158025 2226.1774576022617 2300.0
50000.0 60000.0 52.032984374905936 904.3606377840995 206.43163594311892 999.5119999999879 474.2980449218885 70330.24340085674 1265.373568410676 3260879.6437123013 2271.0593699623096 2300.0
60000.0 70000.0 868.5349980469327 913.1465001953068 257.15353937181266 999.1439999999711 181.4950292969006 70763.22334548263 1253.0970619032569 3266034.3255498763 2267.474371523469 2300.0
70000.0 80000.0 1902.9609746093047 809.7039025390695 329.54068550613056 999.6689999999944 18.254027343762573 58055.98689512045 1036.5082637613987 2798831.1372176353 1943.9088446354458 2300.0
80000.0 90000.0 53.81802734377561 904.1983611505658 291.4743782977025 999.8240000000224 26.387001953145955 73128.72498110303 1306.2607671182789 3582653.6377568347 2474.1594513564305 2300.0
90000.0 100000.0 81.08702734368853 901.7193611505737 285.3229428324497 997.8640000000014 44.95202929689549 65869.79601115634 1158.0611556067042 3096707.2686531553 2151.104676768576 2300.0
100000.0 110000.0 59.49392578128027 903.6823703835199 277.51308777190076 999.8979999999865 73.30605664063478 66171.15246005467 1164.4689447780218 3131206.9313128917 2176.5094080540534 2300.0
110000.0 120000.0 66.19093554688152 903.0735513139199 264.71419844961633 999.3769999999786 115.531982421875 71251.20396033925 1210.470972723824 3212489.1408541207 2223.582043810963 2300.0
120000.0 130000.0 1464.9320624999236 775.9152670454615 370.96021157377623 999.9430000000284 136.02001953125 60728.778299541504 1001.0295480703818 2551873.4154921835 1780.8218529784829 1800.0
130000.0 140000.0 446.67293164058356 955.3327068359416 77.90771525716681 999.6959999999963 770.6670000000158 66784.3032014636 1097.5460212425487 2936909.7484074547 2054.775055930945 2071.4285714285716
140000.0 150000.0 76.24199218756985 902.1598188920391 285.1356394726556 999.8630000000121 44.873912109353114 74062.37513577651 1306.2469388580262 3427616.295120375 2372.553554079978 2300.0
150000.0 160000.0 1962.6602109374944 893.0377543402784 309.16761246391604 999.3769999999786 68.78690429689595 55496.269460169926 907.8743855896265 2442897.1599182636 1699.9275916827637 1957.142857142857
160000.0 170000.0 1290.696994140686 870.9303005859314 316.22528747878744 998.685999999987 0.6521152343484573 63999.971690680024 1043.602093230054 2807108.4644682957 1958.2529336953955 1842.857142857143
170000.0 180000.0 81.80161132814828 901.6543989701684 298.0759511233003 999.6410000000033 3.901109375001397 68481.33221599164 1202.5967659618377 3259030.0040901247 2261.5175658592266 2300.0
180000.0 190000.0 142.60119726561243 896.1271638849444 284.59906838364896 999.5900000000256 42.69872070313431 72751.54533703058 1269.9442453770184 3415744.029838165 2370.7734365276615 2300.0
190000.0 200000.0 93.78378320299089 900.5651106179099 271.01133311955266 999.2360000000335 90.3269179687486 69765.76762873496 1237.6965723790845 3242839.444402838 2249.77509945099 2300.0
200000.0 210000.0 52.78525585925672 904.2922494673403 264.43829224054275 999.64300000004 117.62270117190201 63445.81430797459 1106.6871106778767 2932622.9199805115 2042.3433912875462 2300.0
210000.0 220000.0 117.8100722655654 898.3809025213122 258.1340747229353 999.6530000000494 138.23295703122858 71517.35244436158 1233.8635783288566 3278481.827288349 2278.7476179316222 2300.0
220000.0 230000.0 1746.7609707032098 825.323902929679 360.72688584435747 998.7600000000093 102.23999999999069 59647.48057159796 1015.6919892405523 2743510.2426666617 1901.7409397722383 2300.0
230000.0 240000.0 54.06774023442995 994.593225976557 9.377817874857561 999.9579999999842 968.291259765625 74465.20462804429 1332.2566850954179 3595817.7461866583 2482.570520036707 2300.0
240000.0 250000.0 1024.2873144532787 815.9738805042474 361.82840028061383 999.7410000000382 28.482740234350786 70483.77377305193 1222.5420259685757 3208309.316070817 2223.1292473582484 2300.0
250000.0 260000.0 45.9959785155952 904.9094564985822 259.7786672978768 999.9719999999506 135.615966796875 73017.83623436755 1288.6073790082555 3430873.667401417 2376.9271334689884 2300.0
260000.0 270000.0 1426.3739667967893 952.6251148003568 75.21994699345436 998.9300000000512 789.984000000055 62714.18536453622 1071.5939099277512 2814101.2703411076 1956.3730991360562 2300.0
270000.0 280000.0 57.27809570310637 994.2721904296893 12.913199687175279 999.6469999999972 957.826904296875 73584.99048610475 1306.54198798526 3515606.2958726385 2434.5764281823763 2300.0
280000.0 290000.0 354.11463281244505 876.8986697443232 297.1379806120287 999.5579999999609 40.98909570311662 70800.99831002043 1256.1156733543346 3276220.6292505744 2276.0006552358145 2300.0
290000.0 300000.0 755.1071679688757 924.4892832031124 201.5536116254437 999.109999999986 354.54772851557937 67939.136352712 1195.0537414419423 3174620.8290812387 2204.8938216812935 2300.0
