ts te idle avg_span std_span max_span min_span c_bytes_all c_pkts_all s_bytes_all s_pkts_all videorate
0.0 10000.0 0.0 0.0 0.0 0.0 0.0 0.0 0.0 0.0 0.0 0.0
10000.0 20000.0 5807.631066406251 698.7281555989581 408.99344173178235 999.5169999999998 117.23600000000079 44572.7811340256 550.2078840546808 1352497.8265673195 1106.5535274041997 508.3636363636364
20000.0 30000.0 1481.6648496093694 851.8335150390631 257.0957482966937 999.3199999999997 203.611083984375 54164.95192237162 985.5510077214562 2423252.9869876252 1958.9642561480744 1500.0
30000.0 40000.0 66.03501171874814 903.0877262073865 249.3815936909613 999.2850000000035 173.924072265625 62942.90653959683 1211.968030903784 3032034.3023271174 2442.571698382807 2300.0
40000.0 50000.0 506.08107226562424 949.3918927734376 93.15749773393168 999.9029999999984 735.4180000000051 62117.36040400594 1209.273077320079 3021342.884117938 2432.9105180649194 2300.0
50000.0 60000.0 320.33504687499953 967.9664953125 92.32325450164903 999.4630000000034 705.251953125 63204.33581512038 1216.8012785538438 3251259.5155318608 2612.029426212046 2300.0
60000.0 70000.0 225.11693750000268 888.6257329545452 234.36987180553868 999.4499999999971 292.7310468749929 64653.98772356623 1257.1139703924623 3198654.933616046 2579.9297356987895 2300.0
70000.0 80000.0 65.36772070314328 903.1483890269869 210.13334920597399 999.6549999999988 423.3449843749986 62673.553409632725 1207.9786496758472 3093126.353258828 2487.497357215767 2300.0
80000.0 90000.0 667.5033085937466 848.4087901278413 276.0461010666613 999.2290000000066 210.385986328125 64715.54495403193 1238.9938293409268 3200402.7189177815 2570.1591455425096 2300.0
90000.0 100000.0 990.9899863281025 900.9010013671898 232.05417288677373 999.8150000000023 266.9349999999977 62224.57809764874 1165.1122720369196 2923108.4786754837 2356.384335330888 2300.0
100000.0 110000.0 319.1398984374973 968.0860101562503 92.34338503018314 999.773000000001 705.3291015625 70432.59050717996 1306.3418476433114 3352854.796986291 2694.695716174568 2300.0
110000.0 120000.0 51.588142578155384 904.4010779474404 225.95924112138997 999.939000000013 293.38689843750035 64387.4379808145 1199.0798775215806 3032314.2605968486 2444.147734155216 2300.0
120000.0 130000.0 4105.366958984378 842.0904344308032 267.6442779592725 999.1050000000105 331.9230410156306 39442.97151200553 702.5782748351079 1760318.94241686 1418.1565496702158 1716.0
130000.0 140000.0 2479.0759062499856 940.1155117187518 115.58209686129494 999.7600000000093 677.24609375 59756.64624133827 970.3407606399855 2471690.130415725 1998.399698530432 1186.4
140000.0 150000.0 516.0341445312661 862.1787141335212 297.40086933270715 999.948000000004 206.52294921875 67215.25032442535 1256.471005813677 3122863.2813490666 2513.2713168187965 2300.0
150000.0 160000.0 61.778699218761176 903.4746637073854 245.5604373063274 999.5719999999856 187.03125 67564.39553553774 1275.9779589226591 3232058.061743694 2603.718546456875 2300.0
160000.0 170000.0 50.847277343738824 904.4684293323874 251.99069277872601 999.6879999999946 163.52197265625 62931.32819528087 1174.8337649356622 3008815.0718549835 2423.380009399145 2300.0
170000.0 180000.0 40.98504882812267 905.3649955610798 257.0678019806242 999.1810000000114 144.846923828125 68169.05314882605 1282.4159222209012 3238928.6239273264 2603.164154463743 2300.0
180000.0 190000.0 476.96288867187104 952.3037111328129 89.03114995135692 999.5100000000093 736.18603515625 69470.6284891188 1293.259985729664 3210364.934650454 2581.1407765455715 2300.0
190000.0 200000.0 738.6021386718785 841.9452601207383 288.3435321028804 999.9090000000142 261.5549648437591 66928.11245221773 1254.0600999923518 3105105.692594223 2494.2868095429044 2300.0
200000.0 210000.0 616.4279863281117 853.0520012428989 295.3292784159898 999.7449999999953 218.23291015625 69132.15104566667 1301.2651746419242 3239018.853960684 2614.3434768489187 2300.0
210000.0 220000.0 574.1539980469097 942.584600195309 124.52646184382228 999.2039999999979 624.6060898437572 63762.402018415334 1195.3038996212942 2961409.94977636 2388.617159947759 2300.0
220000.0 230000.0 734.6068808593554 842.3084653764222 318.4431591968679 999.8040000000037 173.76308789063478 68024.30061786032 1277.6945726999977 3199122.725760465 2568.3849329124737 2300.0
230000.0 240000.0 644.6021308593918 935.5397869140609 104.66375004543555 999.7939999999944 735.722900390625 69526.9429021717 1301.5194240953874 3205471.664304344 2577.056085702645 2300.0
240000.0 250000.0 1683.9089511719067 831.6091048828093 319.497264969283 999.2909999999974 201.80400000000373 63496.77751091618 1191.0939572068614 2935663.782758393 2359.6323813005174 2300.0
250000.0 260000.0 2002.9500234374427 799.7049976562557 389.5944873391672 999.3570000000182 0.0 60936.778710832456 1135.9326763767615 2809032.5857758983 2262.1966134165336 2300.0
260000.0 270000.0 42.621804687485565 905.216199573865 266.9683507614009 999.6610000000219 109.22607421875 76862.0691074113 1457.2704360292598 3631583.724073101 2917.1533408906125 2300.0
270000.0 280000.0 443.7378574218019 868.7511038707453 268.5143217861957 999.6219999999739 133.9478789062705 70706.34994481487 1323.8383263088253 3265441.9910437055 2630.7968456565695 2300.0
280000.0 290000.0 611.5882753905607 853.4919749644945 268.5325100256119 999.0530000000144 252.54273632814875 67747.68262276652 1281.9704471764862 3167943.2803186323 2545.124285227294 2300.0
290000.0 300000.0 626.7639355469146 852.112369495735 297.02201829302584 999.9340000000084 235.904052734375 66498.88096179011 1239.0247459015413 3066501.405611594 2469.4056979573247 2300.0
