ts te idle avg_span std_span max_span min_span c_bytes_all c_pkts_all s_bytes_all s_pkts_all video_rate
0.0 10000.0 9420.15005859375 289.9249707031249 236.01805999240798 456.81494140625 123.03499999999985 10190.473506158096 79.32367372574056 185074.85873369867 156.09695182660707 480.0
10000.0 20000.0 1400.2120078124972 781.7989083806821 391.8812836245283 999.7150000000001 27.85693359375 71569.20010970546 1201.8016523937629 2978712.0672429665 2404.2930695380587 1040.0
20000.0 30000.0 42.88887890625483 905.1919200994314 298.433359906546 999.3570000000036 5.7060546875 68351.53453848806 1321.707963687454 3305939.40586387 2667.225191069368 2300.0
30000.0 40000.0 39.11105664062052 996.088894335938 3.984491872152859 999.0350000000035 985.572998046875 62619.110598421095 1214.756085899926 2987873.6322617745 2417.644146082196 2300.0
40000.0 50000.0 40.526892578127445 905.4066461292612 296.01733138038446 999.8229999999967 13.421001953123778 70095.25939094769 1390.3096025004156 3425827.1479129195 2757.222101530484 2300.0
50000.0 60000.0 773.702097656249 838.7543547585228 318.20838045729056 999.4499999999971 28.25689453125233 63925.56149450664 1240.1317663483483 3080367.7601774097 2486.7824990773715 2300.0
60000.0 70000.0 96.84010742185637 900.2872629616494 210.4872234687714 999.695000000007 417.847900390625 61868.456353617235 1188.6697469069675 2930293.5565758324 2370.8527235521756 2300.0
70000.0 80000.0 91.00700000001234 900.8175454545443 220.0331899142783 999.9560000000056 356.722900390625 64378.35085974356 1211.5756236950333 3006173.2242862545 2433.0902702215644 2300.0
80000.0 90000.0 38.565830078092404 905.5849245383553 216.48924290918723 999.6779999999999 339.1220703125 64587.83822954482 1206.3648729590568 2983626.3170678383 2412.075023335584 2300.0
90000.0 100000.0 45.937082031261525 904.9148107244308 220.3406277762446 999.9020000000019 315.81298828125 73277.00715731383 1383.2013033946162 3424501.88826899 2760.231029418367 2300.0
100000.0 110000.0 433.7530703124794 869.6588117897746 300.07473341452396 999.9780000000028 14.06591796875 68895.62492071226 1281.245148447061 3163561.2198841856 2550.6195612928577 2300.0
110000.0 120000.0 42.134003906234284 905.2605450994332 299.5400255917328 999.429999999993 2.2119140625 65458.3455423529 1222.236722234535 3012259.9556391495 2437.520198019184 2300.0
120000.0 130000.0 909.7896425781073 909.0210357421893 172.94525667151876 999.3159999999916 461.603271484375 64295.40699156993 1213.8683264378797 2946111.921087835 2372.435288584812 2300.0
130000.0 140000.0 68.47227539060987 902.8661567826719 213.2345490344439 999.7330000000075 414.52099609375 65986.48341332098 1225.5834949838961 3003336.939268321 2429.6099528495256 2300.0
140000.0 150000.0 46.91591601565597 904.8258258167585 209.2547490874686 998.9659999999858 395.507080078125 75714.327945323 1422.552754822174 3549871.212494405 2853.2158891134163 2300.0
150000.0 160000.0 422.1910292968678 870.7099064275575 308.9262894815797 999.6240000000107 10.60205078125 68260.48861278538 1265.202022576886 3109352.6167307547 2512.168887085568 2300.0
160000.0 170000.0 41.080951171868946 995.8919048828132 4.870712247077632 999.8209999999963 986.7419492187619 65427.854932270195 1228.2415147766105 3064821.042772891 2474.5123967860445 2300.0
170000.0 180000.0 40.221814453136176 905.4343805042604 296.319108474359 999.9260000000068 12.652900390618015 65761.36404126855 1231.7435133529361 3034275.6388212726 2447.7955958989496 2300.0
180000.0 190000.0 40.11230273437104 905.4443361150571 289.03594830145926 999.9159999999974 35.803714843757916 72678.91394524716 1375.891222768681 3408692.0219740835 2746.8296736540965 2300.0
190000.0 200000.0 774.6760039062938 838.6658178267006 307.34287723344823 999.5719999999856 57.712017578131054 68554.48452441471 1276.0170400999293 3148421.089555229 2533.103197573217 2300.0
200000.0 210000.0 370.48785937501816 875.4101946022711 221.4363720213069 998.8969999999972 432.172119140625 65126.378872347916 1214.9826606525369 2968546.2322523133 2400.557098106266 2300.0
210000.0 220000.0 85.17518554686103 901.3477104048308 215.97640788069413 999.0940000000119 380.23193359375 64128.732695190076 1182.7364692356384 2944181.7060807347 2386.743679371788 2300.0
220000.0 230000.0 62.087863281252794 903.4465578835225 214.37151997741952 999.6650000000081 355.6220703125 66596.48445750709 1240.5804635940294 3042192.4551788224 2458.4670812689774 2300.0
230000.0 240000.0 36.03708203122369 905.8148107244342 216.65878831164903 999.8269999999902 336.56298828125 65876.11118108204 1233.1997047695024 3055594.7983016437 2469.0327161917635 2300.0
240000.0 250000.0 301.30292968748836 881.6997336647738 233.7728427563665 998.8360000000102 262.81005859375 72487.7754791733 1364.0546388938149 3371291.4949105275 2711.359228938252 2300.0
250000.0 260000.0 406.22913085937034 872.1609881036936 296.421071729244 999.9650000000256 16.575927734375 69224.35838364504 1301.4767160609765 3249865.137676551 2620.4093742042514 2300.0
260000.0 270000.0 45.3360019531101 995.466399804689 4.989586786429788 999.6350000000093 982.8260722656269 65433.801943415994 1220.3803602440937 3022091.6219172757 2444.781187146905 2300.0
270000.0 280000.0 41.133660156221595 905.3514854403435 299.7342799452805 999.9949999999953 1.932074218755588 62450.98001469318 1157.8729649422733 2871772.3691264233 2321.5487504313387 2300.0
280000.0 290000.0 752.9163183593191 840.6439710582437 318.0008088366141 999.7119999999995 27.608734374982305 69977.05630352432 1307.0108618576764 3210156.058550017 2590.7599303541756 2300.0
290000.0 300000.0 46.65296874998603 904.8497301136376 206.2318890562387 999.7459999999846 436.677978515625 69865.45357158172 1318.436873670612 3281170.4579004566 2640.7682623972983 2300.0
