ts te idle avg_span std_span max_span min_span c_bytes_all c_pkts_all s_bytes_all s_pkts_all videorate
0.0 10000.0 7160.959917968779 946.3466940104068 78.56137386885719 994.3439999999828 855.68408203125 15762.164249658395 139.01889812557772 420010.83207441546 297.1768916435839 840.0
10000.0 20000.0 112.2369687500177 898.8875482954529 258.2901114866097 999.6579999999958 138.25191796873696 43758.124096736276 566.8433779035531 1233417.3908427127 901.4745711111354 334.0
20000.0 30000.0 1646.1170195312588 835.3882980468741 274.2561013212299 998.13400000002 175.8368867187528 27360.0306013984 358.61825597140967 772110.6611307533 554.1797246060806 288.0
30000.0 40000.0 1756.5242109374376 824.3475789062562 308.5424490312151 999.4569999999949 110.03390625002794 28290.59595102854 380.3956295006968 663707.7692345608 470.5294943280921 288.0
40000.0 50000.0 2030.6818339843885 796.9318166015612 264.0078355747876 999.8790000000154 245.06400000001304 30764.683174222453 400.9796895922472 788271.1573636407 572.6168736536622 342.85714285714283
50000.0 60000.0 2326.2610019530985 852.6376664496557 217.36824377873944 998.7810000000172 472.4839511718601 35678.73054130073 520.3307628050904 1279895.5904222445 914.5198171912826 788.5714285714286
60000.0 70000.0 2682.272767578077 813.0808036024359 269.2624549643203 999.6170000000275 320.3979531250079 45632.61727541338 730.6635437206653 1867675.7636434468 1314.6238298768517 1405.7142857142858
70000.0 80000.0 882.870230468805 911.7129769531196 164.1626249253754 999.9180000000051 472.00072070310125 54910.65889768199 900.6410408943144 2335378.1042597294 1636.3580713796557 1500.0
80000.0 90000.0 879.7709414061974 829.1117325994366 311.94553380516567 999.2010000000009 99.31195117189782 50988.846919309544 846.9491573671855 2203894.1363630504 1539.3409597563916 1500.0
90000.0 100000.0 1579.8290976561839 842.0170902343816 240.6120532118932 998.1670000000158 414.510009765625 52732.875821072084 883.9304064084507 2266348.2221800853 1592.398715108298 1500.0
100000.0 110000.0 530.1510585937649 946.9848941406235 129.45993415598022 998.8969999999972 582.1139902343857 63404.077095547014 1060.9272711139743 2797934.7943495493 1969.9138419650214 1957.142857142857
110000.0 120000.0 99.37398046877934 900.0569108664746 281.0985892950939 999.539999999979 57.824048828100786 70360.98653078111 1245.7267578531228 3301681.0425383076 2299.6926860171593 2300.0
120000.0 130000.0 483.0299921875121 865.1790916193171 279.99485438711577 999.859999999986 101.48102929687593 70965.30732943071 1270.6155241605138 3287980.4578980794 2290.9592867026554 2300.0
130000.0 140000.0 546.3060957031557 859.4267185724403 252.73947556005655 999.9469999999856 351.4910214843694 69763.58265370528 1187.4675731652553 3129615.5979492306 2174.3241361472833 2300.0
140000.0 150000.0 119.47679101565154 898.2293826349407 228.07909765769847 999.8630000000121 308.694091796875 72431.87067269793 1256.6393306636126 3337568.8114444483 2319.0442215144 2300.0
150000.0 160000.0 668.2330039063236 933.1766996093677 101.96253342154185 999.4969999999739 689.5449082031264 68869.41428553306 1207.8301840697734 3228287.371341094 2250.1386756338406 2300.0
160000.0 170000.0 55.64210742193973 904.0325356889145 262.6520528536733 999.8649999999907 124.87291210936382 71296.50915745209 1258.7009469623172 3322322.9629014693 2304.73230955296 2300.0
170000.0 180000.0 63.092990234319586 903.355182705971 254.26064271675781 999.9949999999953 155.23101953126024 65612.97501776199 1155.2182329998109 3114399.7634536372 2158.718507467839 2300.0
180000.0 190000.0 618.6449628907721 852.8504579190208 283.7405407616068 999.4249999999884 168.0990097656031 67023.88386305155 1154.5400138230607 3088516.3820322943 2140.1735225328066 2300.0
190000.0 200000.0 53.19205468747532 904.255267755684 211.1069372764319 999.8730000000214 415.64697265625 67065.79255788434 1184.5114657429267 3219301.7523809336 2232.3588653818692 2300.0
200000.0 210000.0 84.08404492191039 901.4469050070991 214.51420488178525 999.6439999999711 372.825927734375 70296.36395937084 1250.4785476098439 3302824.9663535687 2303.564895231647 2300.0
210000.0 220000.0 54.722048828261904 904.1161773792489 214.56150597587748 999.8699999999953 350.90087890625 69344.45116209608 1231.11395951439 3254869.0364708314 2263.2125223244852 2300.0
220000.0 230000.0 538.5178671875037 946.1482132812496 139.2228780397034 999.8499999999767 557.2321210937807 66002.48078667522 1160.323758529624 3083002.747483197 2140.7369393186073 2300.0
230000.0 240000.0 575.1701054687146 856.8027176846623 319.9241051566449 999.7160000000149 72.35498828126583 66028.63758600636 1136.2125225702544 3019241.155326665 2101.239728819073 2300.0
240000.0 250000.0 61.253658203058876 903.5223947088128 218.07627495836283 999.6990000000224 342.229248046875 71516.07434078098 1233.8645045027044 3343423.823100364 2317.205299730148 2300.0
250000.0 260000.0 67.38212695310358 902.9652611860815 217.53564631687348 999.8860000000568 322.59912109375 67942.23288443375 1202.603122402838 3178745.6839879868 2214.3563553122426 2300.0
260000.0 270000.0 58.30118359357584 903.7908014914931 228.4996348758901 999.9370000000345 281.2109375 67543.79958426954 1196.6324835397263 3200212.5292574395 2216.207788416219 2300.0
270000.0 280000.0 813.6799374999246 918.6320062500075 146.69229018161005 999.8129999999655 590.7770000000019 67136.23300470033 1201.2230384870613 3197690.494216265 2215.20146927671 2300.0
280000.0 290000.0 585.626917968737 941.4373082031263 179.9487918798192 999.9939999999478 429.30908203125 65990.3808897211 1158.2541834831788 3107938.6174307577 2154.359711576609 2300.0
290000.0 300000.0 54.96696484356653 904.0939122869485 210.77806478224306 999.8510000000242 399.8701171875 70926.28217321321 1252.6572058323477 3178147.936065754 2215.6298168290027 2300.0
