ts te idle avg_span std_span max_span min_span c_bytes_all c_pkts_all s_bytes_all s_pkts_all video_rate
0.0 10000.0 0.0 0.0 0.0 0.0 0.0 0.0 0.0 0.0 0.0 0.0
10000.0 20000.0 885.9309843750088 911.4069015624991 163.74908482019129 999.1610000000219 556.916015625 50245.39114292963 639.3569189506046 1420296.3645394729 1211.650034187765 480.0
20000.0 30000.0 665.9480156250065 933.4051984374994 172.88048500151456 998.064000000013 442.3449843749986 40166.60885707037 611.6430810493955 1149200.6354605271 975.3499658122352 480.0
30000.0 40000.0 193.5308867188287 980.6469113281171 46.828022316605065 999.2540000000154 847.64111328125 36668.332209062886 550.3253834412249 935886.5522489474 791.5195913985374 480.0
40000.0 50000.0 678.8798632812104 847.3745578835263 275.65345458762573 998.9880000000121 143.52488671877654 35881.18309321304 538.463193562903 961672.3129930747 827.6953876082648 480.0
50000.0 60000.0 4546.622250000015 681.6722187499981 223.60468776205525 994.5339999999851 424.4347500000149 36837.484697724074 529.2114229958721 1075850.134757978 915.7850209931978 634.2857142857143
60000.0 70000.0 3744.1359316405724 781.9830085449285 294.4819738653819 998.4610000000102 315.9349999999977 48782.876825985455 792.9139820837462 1729751.1618937757 1459.5509599383902 1280.0
70000.0 80000.0 1773.2741093750228 822.6725890624978 263.4215495449345 999.9409999999916 357.5470000000205 57740.141996554514 972.3015261661998 2280345.8704121723 1764.0369549115126 1500.0
80000.0 90000.0 1231.2278789062402 876.8772121093759 174.0990826634102 999.5430000000051 574.132080078125 54898.38603891831 925.3945085700277 2324302.9373324485 1670.3976664219754 1500.0
90000.0 100000.0 103.36678515619133 899.6939286221644 212.1785406261121 999.9189999999944 421.6659199218848 58961.002070050046 977.9163329987352 2510104.0213093907 1797.9707503814936 1842.857142857143
100000.0 110000.0 83.83018554688897 901.469983132101 213.29415604479675 998.9550000000163 467.162109375 64253.89158722358 1140.6687240008416 3006981.513922044 2136.307728596511 2300.0
110000.0 120000.0 622.5181015624548 937.7481898437545 149.93347524633919 999.9290000000037 527.9248906249995 68956.60102712188 1250.201259517413 3275978.718974894 2325.0938438661215 2300.0
120000.0 130000.0 722.7650800780975 843.3849927201729 298.7942757318073 999.7189999999828 134.19099218747579 63360.75624113904 1063.1719218851977 2697166.34867472 1915.7953141061284 1842.857142857143
130000.0 140000.0 773.1209609374637 922.6879039062536 134.2673681729684 999.1429999999818 599.4000722656492 58403.55237852871 973.4695121898919 2551626.523083232 1823.1734111813303 2071.4285714285716
140000.0 150000.0 47.79502148431493 904.7459071377896 258.19057259835597 999.9510000000009 141.18203320313478 72452.41323341569 1287.9799794970709 3362336.536844796 2393.038854127559 2300.0
150000.0 160000.0 33.80286523437826 906.0179213423293 251.56813998180377 999.9720000000088 165.90505468752235 68301.92069873301 1170.6265597367226 3075270.337594848 2180.0483603634198 2300.0
160000.0 170000.0 895.1971601562691 827.7093490767028 308.6026697541153 999.6510000000126 184.37591992184753 72771.79058221306 1268.865613672118 3274901.822406853 2323.5366798808814 2300.0
170000.0 180000.0 1788.7958496093634 821.1204150390637 312.955558806907 998.7569999999832 89.22908007813385 64004.42660672409 1100.0783594425016 2940028.0473023453 2077.969785908845 2300.0
180000.0 190000.0 41.890074218739755 905.2827205255691 213.76560299948716 999.1930000000284 357.3639296874753 78918.83335172181 1373.681524053172 3579912.0311040906 2534.5309200636652 2300.0
190000.0 200000.0 151.47710546886083 895.3202631391945 214.74171809635362 999.8190000000177 376.22400390624534 68977.17252360913 1207.6404522149612 3179100.603165532 2263.06530125297 2300.0
200000.0 210000.0 63.717972656246275 903.2983661221595 207.3030444838638 999.9189999999944 434.5231093750335 74647.30794277578 1319.3173021431285 3458686.656159955 2448.8049734139868 2300.0
210000.0 220000.0 384.66183593752794 874.1216512784066 273.3540286072009 999.8090000000084 306.1470820312388 66904.05131165162 1147.595474493475 2951480.9990992076 2095.9264739516207 2300.0
220000.0 230000.0 462.4071894532535 953.7592810546746 108.04391283388838 999.765999999945 661.251917968737 69022.16429226476 1211.0258910379434 3253690.560117127 2305.981864389387 2300.0
230000.0 240000.0 379.8090097658569 874.562817294013 276.8949635765055 999.5949999999721 106.22510742186569 71105.02943069547 1266.3316782349773 3241397.399465417 2305.620073499316 2300.0
240000.0 250000.0 97.65460351551883 900.2132178622255 220.49404540889256 999.8880000000354 353.34311718749814 72235.28005747258 1264.5527152100692 3216399.617647707 2275.133517043559 2300.0
250000.0 260000.0 57.017380859237164 903.9075108309785 208.9792478301619 999.6310000000522 420.29672070313245 68234.89009857831 1211.089676787829 3210310.2938950057 2274.5327641700314 2300.0
260000.0 270000.0 926.7369921874488 824.8420916193228 264.10135759929716 998.0139999999665 392.37890625 69851.33085351314 1222.8866308692773 3206627.8983655274 2273.11495516249 2300.0
270000.0 280000.0 51.664843749953434 904.3941051136406 214.51312107153194 999.7410000000382 364.9140625 74210.11750408071 1286.5187164576876 3277590.4437539238 2326.041208176962 2300.0
280000.0 290000.0 94.52609179681167 900.4976280184717 215.60829781290636 999.8270000000484 338.719970703125 73471.14974235136 1265.208618061751 3254714.6219572406 2322.2015578413166 2300.0
290000.0 300000.0 71.95484960917383 902.5495591264388 219.39446805407005 999.4679999999935 315.34912109375 70650.685264782 1220.456478575043 3216981.772968233 2286.105070226449 2300.0
