ts te idle avg_span std_span max_span min_span c_bytes_all c_pkts_all s_bytes_all s_pkts_all video_rate
0.0 10000.0 9105.576953125012 447.2115234374942 285.7227915400304 649.248046875 245.17499999998836 10723.070518060422 96.59537439682724 290757.88239409233 220.37608054216724 480.0
10000.0 20000.0 1412.9179414061946 780.6438235085278 378.91187681774426 998.9010000000126 11.93310546875 79839.90945340805 1228.5754409638978 3346510.4882898773 2378.5832431227195 1086.6666666666667
20000.0 30000.0 844.492105468642 915.5507894531358 176.32089631509677 999.9610000000102 494.9340000000084 68455.02002853154 1175.8291846392751 3007080.629316031 2097.0406763351134 2300.0
30000.0 40000.0 537.1910605468438 946.2808939453156 159.10587865466914 999.609999999986 493.512939453125 66747.01639273905 1210.343264780272 3177706.140426043 2205.3749372055477 2300.0
40000.0 50000.0 1771.4079843750224 822.8592015624978 309.30887313383965 999.914999999979 107.51699999999255 63170.249859715295 1156.9882717801297 2911756.414998691 2014.1239247026413 2300.0
50000.0 60000.0 1474.177699218737 852.5822300781263 301.1546533878245 999.7750000000233 105.62404492188944 64988.6394943789 1172.7171586452332 3025810.609282682 2093.976859269977 2300.0
60000.0 70000.0 44.9551699217991 905.0040754616547 205.23002949374353 999.9920000000275 472.0997441406362 75160.43591786396 1394.4485463396124 3587269.45719577 2475.360398232218 2300.0
70000.0 80000.0 114.41507031250512 898.6895390624995 212.9452772706623 999.9789999999921 464.24991406250047 67108.71553006534 1188.3080308149538 3053908.867398107 2123.523721706209 2300.0
80000.0 90000.0 120.28913281252608 898.1555333806795 213.33838041846892 999.9249999999884 415.1298828125 72931.03197608935 1300.3947266009545 3373421.676947913 2338.6232337367865 2300.0
90000.0 100000.0 2601.2107832030742 822.087690755214 210.18360979873697 997.765000000014 487.96100000001024 58127.36976138883 1003.3980833116489 2633241.69424191 1830.117461983626 2300.0
100000.0 110000.0 57.053033203061204 903.9042697088126 217.49109018985146 999.75900000002 344.16190039063804 77579.58920435223 1296.365062255799 3357451.9167048074 2329.2526155017845 2033.3333333333333
110000.0 120000.0 71.51698437501909 902.5893650568164 211.51971573627966 999.6979999999749 376.8769335937686 73853.69143390722 1235.3174461271353 3186200.9743601796 2215.9359993908392 2300.0
120000.0 130000.0 1125.5868339843582 887.4413166015642 202.96499210674622 998.9220000000205 403.6439179687295 63126.96146621839 1120.7351185684436 2880034.3589890096 1996.8087015477686 2300.0
130000.0 140000.0 72.98720898438478 902.4557082741468 215.24739173331818 999.6830000000191 343.6887519531301 65046.36700827989 1147.7201270689304 3007566.9105868605 2084.004951277938 2300.0
140000.0 150000.0 66.68695312505588 903.0284588068131 213.66617716863178 998.2129999999888 368.37596093752654 84501.14216116478 1333.9962931828354 3500925.8059462393 2427.9935019775744 2300.0
150000.0 160000.0 58.13011328136781 903.8063533380574 211.54962470854545 999.9479999999749 394.4519140624907 68859.12797977403 1223.6837150292813 3236113.6957847974 2243.6891775325244 2300.0
160000.0 170000.0 2012.2308808593662 887.529902126737 212.74034841585535 997.9760000000242 423.82302734372206 55404.25069040046 883.9117945196492 2316731.656611542 1613.9435579471449 1842.857142857143
170000.0 180000.0 1921.9511953124893 807.8048804687511 258.2023691663441 999.7679999999818 377.2289082031348 65597.85286977315 1078.1627856984355 2693630.7019723714 1881.2702849379052 1957.142857142857
180000.0 190000.0 43.87459570314968 905.1023094815318 214.06711344382174 999.9309999999823 364.77510351559613 73316.98749737917 1314.310095751831 3499521.460944044 2420.8196399841395 2300.0
190000.0 200000.0 89.11326953134267 900.9897027698779 214.00292908957962 999.9259999999776 390.3436992187635 73585.721583349 1212.2394882787319 3167285.5347519396 2209.786491763659 2300.0
200000.0 210000.0 2093.3761347655673 878.5137628038259 202.25795676338163 999.9329999999609 439.29696874995716 56984.00830618383 1004.585728455083 2643860.762576205 1835.4082122394168 2300.0
210000.0 220000.0 1781.0208964844933 821.8979103515506 347.55665372370544 999.9790000000503 22.756999999983236 72991.84086697709 1138.3742627910394 2867857.3602808877 1998.9863290623005 1600.0
220000.0 230000.0 1018.5468945309985 898.1453105469002 304.0896643180428 999.8860000000568 33.30810546875 67481.71386898762 1168.1154866257448 3021156.394726248 2097.297891733209 2300.0
230000.0 240000.0 1874.4980136719532 902.8335540364496 180.13606105380387 999.8190000000177 545.5890000000363 65549.92663571161 1125.4391879492334 2914933.6627944163 2025.961690902898 2300.0
240000.0 250000.0 99.52113085926976 900.0435335582482 219.70480381200053 999.7989999999991 366.8949082031613 68475.75614437678 1017.0489900182286 2506860.671987278 1769.370507802766 1457.7777777777778
250000.0 260000.0 1900.7899609375745 809.9210039062425 314.3223320356984 998.2530000000261 213.6870390624972 52943.60335092398 879.3963354067934 2199707.270492058 1546.3699095611269 1500.0
260000.0 270000.0 4105.9748964842875 736.7531379394641 392.5514653590221 998.219000000041 48.307999999960884 51152.46929706939 799.0679753600177 2093311.405377407 1462.9663144768847 1728.5714285714287
270000.0 280000.0 1692.8151523437118 830.7184847656288 235.22937102645886 998.015000000014 353.07089648442343 74062.61620685646 1207.8221972702818 3061553.7257982423 2130.8454100322 2071.4285714285716
280000.0 290000.0 69.01491210947279 902.8168261718661 216.36828959748823 999.8810000000522 349.89804882812314 67007.30725152367 1195.6635625320505 3154248.7358158543 2185.008431821152 2300.0
290000.0 300000.0 86.84109374997206 901.196264204548 213.74446661911713 999.6600000000326 385.27296093746554 74256.91384938122 1310.649278504241 3348430.6375038736 2320.6041611046035 2300.0
