ts te idle avg_span std_span max_span min_span c_bytes_all c_pkts_all s_bytes_all s_pkts_all video_rate
0.0 10000.0 8075.8661015625 641.3779661458333 453.64499282790604 999.5669999999991 131.27100000000064 22431.844661093455 273.7237928093936 689942.18431219 558.7109953496864 840.0
10000.0 20000.0 585.3779238281204 855.8747341974436 296.5112266901578 998.7530000000006 205.5211015624991 76532.83764470986 1367.5247325120522 3360703.2554267175 2706.988366022798 1326.6666666666667
20000.0 30000.0 2001.0420664062622 888.7731037326375 172.335106805882 999.875 559.1129999999976 54093.09582507074 1024.7418779327834 2502439.2747369795 2022.524695106604 2033.3333333333333
30000.0 40000.0 1029.0109472656331 897.0989052734367 244.06421869187594 998.9479999999967 233.069091796875 45659.3399867423 823.7955343083837 2040126.7246073615 1654.8714297015927 1500.0
40000.0 50000.0 67.84786914061988 902.9229209872163 237.4240294662755 999.6489999999976 229.7350390624997 55997.705502140074 1003.2423855466939 2453732.6606619777 1987.7471565046294 1500.0
50000.0 60000.0 53.44599414063123 904.2321823508518 229.20583854697418 999.760000000002 271.25690820312593 62174.472485494414 1210.4559708426436 3004960.6037521726 2425.66322157526 2300.0
60000.0 70000.0 49.799181640613824 904.5637107599442 221.00802835709055 999.6410000000033 307.0359023437486 61644.58985583618 1181.0042355756386 2907538.9234132566 2349.8164662967306 2140.0
70000.0 80000.0 36.72096679688548 905.7526393821013 217.2477567688441 999.4560000000056 326.5140839843807 64132.739551827064 1209.329836542183 2986623.3536132528 2415.331429763203 1900.0
80000.0 90000.0 39.55797851564421 905.4947292258505 217.85756932511913 999.7299999999959 332.5140507812466 65631.36546144672 1233.0344895592482 3039036.516680773 2455.5840939348504 2300.0
90000.0 100000.0 51.63093554688385 904.397187677556 216.96831767877407 999.9630000000034 351.2670292968687 66583.48736279421 1244.1090426486696 3058424.0912232865 2472.5440778961 2300.0
100000.0 110000.0 1829.695035156241 907.8116627604177 205.34063884170138 999.7820000000065 384.5569648437522 52070.521662844956 988.0381017223096 2416602.4115720335 1955.2180678485454 2300.0
110000.0 120000.0 1719.8129999999946 920.0207777777783 232.80754241528882 999.9290000000037 299.2129999999888 57364.0 999.0 2470164.0 1998.0 1500.0
120000.0 130000.0 644.2440957031213 935.5755904296878 131.29890258676565 998.7960000000021 667.2399999999907 61502.98289056032 1055.0517398706686 2605922.6112875887 2115.4972178059024 1728.5714285714287
130000.0 140000.0 1807.4929042968724 910.2785661892364 232.35350289124648 999.6870000000054 292.86109570311964 52816.01710943968 1005.9482601293314 2474612.388712411 1998.5027821940978 2300.0
140000.0 150000.0 283.329691406223 971.6670308593777 80.09855668350401 999.4750000000058 744.09130859375 60785.63570657531 1068.381161788249 2649783.031562001 2145.3951427543375 1633.3333333333333
150000.0 160000.0 68.98332617184496 902.8196976207414 231.74257734958886 998.8010000000068 252.67569140624255 64676.73341480917 1192.442068031351 2970725.1861965163 2401.665678212741 2300.0
160000.0 170000.0 112.8720605468261 898.8298126775612 226.378475377384 997.4929999999877 283.660017578135 52427.71635700324 947.5405796082981 2310645.912780225 1873.666797888718 1660.0
170000.0 180000.0 46.407980468764435 904.8720017755669 216.4121625467041 999.9180000000051 330.96307812500163 48078.80964456221 835.7603992070176 2052830.7262105017 1664.0275461936767 1500.0
180000.0 190000.0 1670.9406933593564 832.9059306640644 293.27550247387194 997.4590000000026 244.84299999999348 51265.42801636547 895.669727297927 2222819.9309020266 1796.9166774626358 1500.0
190000.0 200000.0 55.59322851561592 904.0369792258531 237.4515357388353 999.8800000000047 227.9637519531243 60076.917869430545 1062.1735342658974 2588839.301363964 2097.0728568257496 1842.857142857143
200000.0 210000.0 50.92013867184869 904.4618055752865 231.17036530520596 999.8580000000075 259.4789804687607 65355.32408408189 1222.3287013162842 3020493.506437431 2439.8532636178925 2300.0
210000.0 220000.0 101.5857714843587 899.8558389559674 228.41969306608374 999.9780000000028 274.89211914062616 48772.838695048566 841.918204081949 2114402.513797049 1712.1879410823044 1500.0
220000.0 230000.0 39.5878398437344 905.4920145596606 219.6745715338816 999.4310000000114 319.6878906250058 62256.534356434626 1120.5037849639257 2782969.6983526144 2247.7384228048973 1766.6666666666667
230000.0 240000.0 37.56136718747439 905.6762393465932 215.90065048060063 999.8830000000016 342.9357304687437 65778.00656072896 1234.55895798356 3074481.5818583285 2483.1180702879537 2300.0
240000.0 250000.0 1899.5147929686937 810.0485207031306 265.79064243923136 999.8310000000056 362.21909765625605 54400.24870900828 995.161657731968 2439630.927873489 1971.7999508422715 1820.0
250000.0 260000.0 140.7801347656059 896.2927150213086 245.64745529242666 998.8879999999772 213.06189062498743 47607.20424739414 827.9123571412672 2076287.0562244987 1685.2160271850003 1500.0
260000.0 270000.0 52.838888671889435 904.2873737571009 220.269221115411 999.8939999999711 318.1890253906022 59645.45824852233 1044.8101758413236 2594870.501819614 2099.1705277847773 1728.5714285714287
270000.0 280000.0 40.20502148428932 905.4359071377919 215.45758344056992 998.8890000000247 344.52591406251304 66217.5591815794 1237.060934907748 3040708.9602854587 2457.2560533444994 2300.0
280000.0 290000.0 40.604119140596595 905.399625532673 213.98011492864364 999.7789999999804 363.76793554687174 65611.64828111023 1225.6167288789452 3036622.203439258 2456.8788592229785 2300.0
290000.0 300000.0 42.887966796872206 905.1920030184662 211.4747666876783 999.7619999999879 386.80005468748277 64144.476065724564 1216.138949787241 2980203.184596876 2408.5849818503784 2300.0
