ts te idle avg_span std_span max_span min_span c_bytes_all c_pkts_all s_bytes_all s_pkts_all videorate
0.0 10000.0 8245.868908203127 877.0655458984365 97.58575046140602 946.069091796875 808.0619999999981 11563.209420640436 116.67585890433652 290452.3614661214 262.19192472269634 480.0
10000.0 20000.0 162.8569746093708 894.2857295809663 282.78327823451326 999.8369999999995 50.03190820312739 23677.164267001746 416.03158422220633 1219616.4300212553 1034.8571218777831 304.0
20000.0 30000.0 1033.3722031249854 896.6627796875015 273.7176204057525 999.6920000000027 119.64688281249983 17454.360056319776 363.2895095330105 678872.6855943147 582.496534755873 288.0
30000.0 40000.0 1866.810832031253 739.3808334517042 388.7250296204129 999.9850000000006 16.27208593749674 18069.731888165552 360.9722840381115 700237.8677004047 601.319808552277 288.0
40000.0 50000.0 870.2638261718748 912.9736173828126 173.44521053793358 998.7989999999991 479.2419179687495 16174.76595570081 335.15286457525144 578441.7950780719 517.2479431297033 288.0
50000.0 60000.0 926.004310546894 907.3995689453106 225.87356660011554 998.2899999999936 269.8377441406192 17365.804262676847 360.63195013138613 607969.257452298 527.9357612028884 288.0
60000.0 70000.0 293.9378515624994 882.369286221591 281.20162064960437 997.4290000000037 60.0640546874929 18475.693314602744 369.50727174326596 636359.0298537941 568.7690227948883 288.0
70000.0 80000.0 2200.306029296873 779.9693970703127 344.8737033435278 998.3730000000069 208.1119062499929 15695.01734785413 334.31152901396683 559266.0981602051 489.3726182494241 288.0
80000.0 90000.0 1070.4770605468802 892.952293945312 263.80536841758277 997.8950000000041 146.17393554687442 16231.580754437216 344.7869072765074 563104.57356882 504.74219711120423 288.0
90000.0 100000.0 2476.4440039062756 752.3555996093725 382.4897929146664 999.7639999999956 85.89199609374919 17264.672732600742 361.64024056195734 801710.9011047147 701.0670676032622 543.0
100000.0 110000.0 1263.117904296858 970.7646773003491 42.02290726957087 998.8500000000058 873.8950000000041 23930.22100090553 591.3753427641499 1443922.3264384014 1235.567711021898 1028.5714285714287
110000.0 120000.0 207.81718164062477 890.1984380326704 280.55894474817796 999.1089999999967 58.83890429686289 30811.66656722564 820.2818908585539 2016406.6760566682 1681.9042798185767 1500.0
120000.0 130000.0 2861.082937500003 793.2130069444441 371.11286839163876 999.9200000000128 102.00700000001234 24294.662781220657 630.0779014892199 1540815.9770228423 1287.272753852689 1500.0
130000.0 140000.0 3269.339013671881 747.8512207031243 353.1744981583179 998.0439999999944 30.14002343750326 30362.3138756692 790.7663557646405 1915605.9578385602 1588.795624283312 1217.142857142857
140000.0 150000.0 855.0606738281203 831.35812056108 335.7400655152739 999.8999999999942 28.751037109381286 30613.623924182815 811.8802731026652 1956171.5571221134 1632.6201196451877 1500.0
150000.0 160000.0 121.47730664064875 898.0475175781229 259.41653032121894 999.2069999999949 136.37871093751164 32073.762172097748 853.1114674600474 2079692.5532089437 1726.0192072354355 1500.0
160000.0 170000.0 108.78910351562081 899.200990589489 241.8620118355584 999.4130000000005 200.57201757811708 31517.529366036862 810.228889397911 1941245.901722818 1613.424670572405 1500.0
170000.0 180000.0 107.57793359371135 899.3110969460263 239.49150833819223 999.640000000014 229.16612109376 38843.33054362291 985.5668111553821 2407800.040915406 2001.6726216701556 1500.0
180000.0 190000.0 807.8109785156266 919.2189021484373 219.34401396830052 999.8759999999893 299.8110546875105 35894.92528236857 905.3342403675916 2207196.3029650087 1827.4256963106047 1842.857142857143
190000.0 200000.0 89.50888671871508 900.953737571026 273.02296898535593 998.9649999999965 85.45403320313198 45623.10925220703 1178.5439696424025 2882968.981752182 2373.011918488391 2300.0
200000.0 210000.0 115.79713867185637 898.5638964843766 260.969246728151 999.8280000000086 123.99991992188734 50206.89544619255 1318.629866599567 3274367.201458999 2673.9897783028987 2300.0
210000.0 220000.0 3621.3816484374984 797.3272939453127 300.014513042828 993.5979999999981 147.5480585937621 28928.37859594958 690.0266449572698 1658617.728097489 1391.5932364008509 1257.142857142857
220000.0 230000.0 1311.453332031262 868.8546667968737 303.22197339522813 999.9200000000128 29.00770703123999 31095.45656056435 780.5834246937171 1890014.9960643859 1577.9773964277877 1280.0
230000.0 240000.0 110.60496093746042 899.0359126420491 271.6752412646735 999.1300000000047 89.99003906251164 37036.7579108081 931.102333363311 2283390.8994770194 1893.697882435023 1500.0
240000.0 250000.0 1042.477748046862 895.7522251953138 264.4207129323881 999.679999999993 146.09700000000885 34185.728535858725 861.1821763716289 2058473.3749773472 1711.5936007398311 1500.0
250000.0 260000.0 2026.8109785155975 797.3189021484402 402.9189618217848 998.7260000000242 0.0 26808.028181549176 677.010623110677 1623334.243153845 1357.6836204613173 1500.0
260000.0 270000.0 2003.2199589844095 799.678004101559 408.2323630347917 999.859999999986 0.0 33103.96499440396 823.9295427728939 1998609.4426521005 1661.0133900768928 1500.0
270000.0 280000.0 1187.6714316406287 881.2328568359371 300.5512042387473 999.7010000000009 32.699685546860565 35319.24189829747 887.2574070718013 2170958.2707969025 1793.3767711275939 1311.4285714285713
280000.0 290000.0 131.4619648437365 897.1398213778422 277.41603672013787 999.560999999987 67.90211718750652 30720.47009828155 765.311908548368 1859646.8427257724 1558.994580424219 1500.0
290000.0 300000.0 169.97279687505215 893.6388366477225 265.68326260447077 999.804999999993 119.53108203125885 33455.143692893376 844.2734847765969 2052854.6204330095 1701.7015090650962 1500.0
