ts te idle avg_span std_span max_span min_span c_bytes_all c_pkts_all s_bytes_all s_pkts_all videorate
0.0 10000.0 6908.291947265621 772.9270131835947 427.1378516767977 999.2029999999795 132.654052734375 33502.3353263065 396.3206771749287 1161671.9411212644 891.1594238438993 564.0
10000.0 20000.0 1935.316792968777 896.0759118923581 250.31189834786178 999.8310000000056 239.9319999999716 63222.44945924038 943.6442691830953 2174933.571108452 1880.0622896890209 728.7272727272727
20000.0 30000.0 1610.9133808593615 762.6442381036944 414.55179527157645 999.9419999999809 1.52587890625 60903.652072206416 1013.3083690875433 2254087.5514729056 1906.292852417673 1500.0
30000.0 40000.0 1856.068945312465 814.3931054687534 389.59863589830957 999.8859999999986 9.60693359375 68029.59835558903 1175.3700537980499 2658137.0186797935 2238.6271693680865 1957.142857142857
40000.0 50000.0 1766.1489335937658 914.8723407118038 158.58595674922682 997.0690000000177 523.6749999999884 73572.96478665769 1346.3566307563829 2985041.917617584 2497.85826468132 2300.0
50000.0 60000.0 1686.8140234375023 923.6873307291664 148.71597058867383 999.8800000000047 622.7050000000163 75209.00547217757 1309.2285278016536 2952984.396335502 2479.3408414337327 1728.5714285714287
60000.0 70000.0 133.89095507812453 896.9190040838068 234.87017012439836 999.4930000000168 269.29902343748836 75671.20529770362 1349.648591972716 3011809.6056520287 2513.9901982560255 2300.0
70000.0 80000.0 626.5109511719202 852.13536807528 288.6510927248909 999.9409999999916 215.3720703125 65820.70313097662 1202.6838434564595 3156700.3546934924 2238.453486551936 2300.0
80000.0 90000.0 55.885013671941124 904.0104533025508 246.21911820183323 999.5599999999977 187.008056640625 71527.5441400388 1246.9588744004038 3268059.9537813854 2318.1910445064805 2300.0
90000.0 100000.0 497.9407558593084 863.8235676491538 292.10576602631585 999.2609999999986 12.88330078125 70651.49403356326 1250.8461187151465 3199344.8779622577 2280.7563419445837 2300.0
100000.0 110000.0 84.75730078126071 991.524269921874 14.838804853118473 999.6639999999898 952.875 67734.09436941687 1201.8670230283158 3216242.097374059 2282.365471672541 2300.0
110000.0 120000.0 1343.16092187498 786.9853707386382 393.30947593176796 999.8649999999907 2.580078125 64706.30138724964 1128.0821304751928 2964387.617126747 2105.509589525878 2300.0
120000.0 130000.0 45.03417382808402 995.4965826171916 5.849020941968681 999.9280000000144 979.701904296875 73053.74536172416 1271.2461669419952 3403277.547094605 2408.5731873274262 2300.0
130000.0 140000.0 209.1787949219579 890.0746550070947 292.06802568951764 998.8730000000214 19.181095703097526 71668.9463377961 1259.6840949152038 3268336.1139828865 2321.7539157213905 2300.0
140000.0 150000.0 62.18216210935498 903.4379852627859 258.4100080021608 999.859999999986 141.73889062501257 71280.13541802709 1251.6521107757796 3278579.8822071855 2339.059195038984 2300.0
150000.0 160000.0 841.9568300781539 832.5493790838042 320.89422341786695 999.6599999999744 182.34105273435125 70443.90339123576 1218.7583627393167 3184721.126735652 2268.3289591556522 2300.0
160000.0 170000.0 1387.112861328118 861.2887138671882 310.4377576273318 999.9099999999744 6.687255859375 69724.23207687918 1194.2582082952422 3128154.1573123476 2216.2101527034065 2300.0
170000.0 180000.0 847.7382558594109 915.226174414059 258.0809538107976 999.7629999999772 180.7849999999744 66655.68958321137 1196.0859464825746 3099807.269741852 2197.467616161963 2300.0
180000.0 190000.0 2023.440117187507 886.2844314236104 324.9050683603371 999.9199999999837 20.2548828125 64073.0765451012 1100.624986242156 2860787.167060906 2029.2977715925495 2300.0
190000.0 200000.0 1273.220882812515 872.6779117187485 303.64043369104536 999.1049999999814 32.692000000039116 63007.9234548988 1024.375013757844 2573928.832939094 1847.7022284074505 1728.5714285714287
200000.0 210000.0 2345.8769980468787 956.7653752441402 109.90243484248592 999.609999999986 684.984000000055 59237.821636628025 969.7527531822411 2495512.2508169776 1791.392972817015 1500.0
210000.0 220000.0 64.62907812511548 903.2155383522622 296.79948109828996 999.4810000000289 9.343998046824709 67309.66547750958 1094.148189933099 2807324.1705456986 1999.6312675792358 2071.4285714285716
220000.0 230000.0 83.29987890610937 901.5181928267174 284.956412541025 999.9270000000251 46.90807617187966 66534.87680006275 1156.522929684476 3045747.2586389272 2163.8614497457233 2300.0
230000.0 240000.0 637.1990449217847 851.1637231889287 328.23177420513167 999.8279999999795 97.80895507812966 73130.63608579966 1292.5761272001837 3365872.3199983966 2379.114309858026 2300.0
240000.0 250000.0 2433.876904296805 840.6803439670216 339.24465585725693 999.4370000000345 17.048095703125 60199.044139029334 959.2061670087827 2459899.7365222666 1753.9847822716774 1633.3333333333333
250000.0 260000.0 2863.9232128905132 713.6076787109487 451.4400234964797 999.670999999973 13.1298828125 58546.597723512976 908.7782670063305 2326687.740166771 1663.143001142872 1677.7777777777778
260000.0 270000.0 2004.0249531249283 888.441671875008 314.36081302948173 999.0169999999925 50.31599999999162 71627.21085925463 1144.099442464102 2863533.0040604547 2046.986743890526 1766.6666666666667
270000.0 280000.0 4542.407953124959 606.399116319449 467.6683846915931 999.344000000041 13.265070312540047 45824.510932539415 712.1928775270623 1833685.4833161945 1312.479593799174 1900.0
280000.0 290000.0 88.02206640643999 991.197793359356 8.299477858118982 997.841999999946 977.3149999999441 75910.97966932629 1255.6541588564785 3242526.3368036263 2319.386788773046 1588.888888888889
290000.0 300000.0 1041.326910156291 895.8673089843709 309.63503709661825 999.4980000000214 14.806089843739755 42830.656676337356 691.0690871372442 1741503.6991306865 1261.0190901227045 1500.0
