ts te idle avg_span std_span max_span min_span c_bytes_all c_pkts_all s_bytes_all s_pkts_all video_rate
0.0 10000.0 9010.053955078125 989.946044921875  989.946044921875 989.946044921875 9904.381387983052 59.52748505248754 169728.733880656 125.99984336109863 480.0
10000.0 20000.0 1738.8669277344598 826.1133072265541 319.44423899755674 997.6520000000019 7.857955078128725 43992.65746655125 548.7741040433507 1260437.6261177694 920.228366004208 405.8181818181818
20000.0 30000.0 346.4171171874041 877.5984438920542 261.5975717034506 999.8379999999888 298.88000000000466 38441.96114546569 561.6984109041618 964558.6400015748 677.7717906346934 426.0
30000.0 40000.0 2172.9590058593894 869.671221571179 243.97293611592676 999.4409999999916 349.593994140625 27871.880481931894 366.0510049580228 647133.5072399622 459.10481953400625 288.0
40000.0 50000.0 1880.4549453125219 811.9545054687478 284.77135183123096 999.3420000000042 267.0559999999823 32846.050634061 449.8845137587745 898250.7868748625 647.7531032604892 416.0
50000.0 60000.0 4626.5409589843475 767.637005859379 184.9571023393828 999.7320000000182 604.14208984375 32579.776059494423 462.2549993807672 1149501.695097862 821.2699209814105 737.1428571428571
60000.0 70000.0 2711.348183593771 809.8502018229143 315.8731339224508 999.9050000000279 182.38799999997718 48278.455759490374 781.2650420446269 2047652.1345603708 1434.9792833812553 1405.7142857142858
70000.0 80000.0 1464.3679472656222 853.5632052734378 293.8189298255293 999.4579999999842 97.8140937500284 50695.61776153666 834.3498261609942 2190831.3198430957 1532.6358459378291 1500.0
80000.0 90000.0 942.217697265558 823.4347547940401 323.2686432025859 999.3229999999749 86.28704101563198 52143.95493073186 854.1110278178483 2215339.2725165538 1550.4814453051447 1500.0
90000.0 100000.0 1228.989011718717 877.1010988281283 195.12829366980537 998.4959999999846 420.43599999998696 55826.39286392869 902.612377754611 2309946.4768548557 1626.8198767931647 1766.6666666666667
100000.0 110000.0 108.5312734375475 899.2244296874957 270.18286317407177 997.0310000000172 97.10674999997718 68984.00446964992 1251.4310382553267 3334719.3575043124 2323.7382464785046 2300.0
110000.0 120000.0 577.8066874999786 856.5630284090929 268.6991501490351 999.5599999999977 158.49102343752747 70437.90487831472 1219.7748624829953 3144720.8111110143 2189.319635740654 2300.0
120000.0 130000.0 91.83723046880914 900.742069957381 208.55112973979863 999.5 430.14771093748277 70249.91315634681 1246.9383590483799 3311124.0410854244 2290.3457583232953 2300.0
130000.0 140000.0 640.4531738280784 850.8678932883565 251.56705431621813 999.744000000006 393.181884765625 70972.90543238533 1245.6706072362192 3333855.814892383 2311.8776095722696 2300.0
140000.0 150000.0 86.5697968750028 901.220927556818 216.0706113305312 999.9479999999749 355.715087890625 70389.01479727097 1222.7024246813064 3118397.462771248 2169.8525172768386 2300.0
150000.0 160000.0 578.7709785157349 942.1229021484265 116.45954925578015 999.8319999999949 629.5539121093461 66453.65643262836 1169.944744730167 3138393.4259608546 2187.3851360238773 2300.0
160000.0 170000.0 102.37305078119971 899.7842681108 268.4794815072999 999.99099999998 104.23789062502328 69044.87258029683 1214.813523362776 3236387.7065172405 2248.868462780149 2300.0
170000.0 180000.0 73.71609570313012 902.38944584517 251.299689723638 999.8360000000102 167.98894140624907 67662.03590061626 1195.9901706830615 3203553.2962822686 2223.9162099005816 2300.0
180000.0 190000.0 583.7040781249525 856.0269019886407 281.8424129624079 999.4519999999902 204.65203710936476 69300.86937593312 1202.4764759623658 3181401.8655844955 2209.8541152284533 2300.0
190000.0 200000.0 517.9760058594402 948.202399414056 124.35061477107384 999.8769999999786 605.086115234415 68945.52668596352 1203.0817693649574 3191490.4406308853 2223.7240552857793 2300.0
200000.0 210000.0 74.48460937500931 902.3195809659082 269.75010503055165 999.8229999999749 96.32412109372672 70925.38682279727 1247.2729855764533 3245243.7509383056 2262.5264452813885 2300.0
210000.0 220000.0 169.4232246094616 893.6887977627762 260.73940317152864 999.9919999999693 123.06773046869785 65686.1749513748 1144.5662014339327 3086429.270164181 2143.931422302084 2300.0
220000.0 230000.0 54.19710742169991 904.1638993253 249.4191891572081 999.4170000000158 172.3149550781818 70740.26832020066 1252.206224805616 3305454.902263363 2295.276340821078 2300.0
230000.0 240000.0 580.421013671672 856.3253623934844 288.9462053630362 999.7010000000009 177.85506249999162 69768.41445559345 1153.997882057305 3112737.6976648644 2163.019108457713 2300.0
240000.0 250000.0 74.9379980469821 902.2783638139107 214.58420573875907 999.5429999999469 360.02392578125 71916.42339132425 1194.1371209737956 3066768.586229835 2125.898893805274 2300.0
250000.0 260000.0 937.6156777343713 906.2384322265628 171.30990655673003 999.2780000000494 539.7530000000261 58629.40537763153 991.8354716340002 2589134.3723050943 1804.1016936063015 1600.0
260000.0 270000.0 194.50122460944112 891.4089795809599 268.71936919430806 999.091999999946 93.84675195312593 52615.129340037354 851.429433809421 2225127.0328391 1550.5742052533367 1728.5714285714287
270000.0 280000.0 49.184066406218335 904.6196303267075 254.67155831635714 999.9320000000298 155.65197656245437 69931.45826902703 1227.3900159826946 3285869.702804047 2275.5418063388756 2300.0
280000.0 290000.0 612.9566914062016 853.3675735085271 288.73501950609204 999.3769999999786 188.79804296873044 69068.12417228855 1199.5967430455757 3237399.874828602 2249.3265744371433 2300.0
290000.0 300000.0 694.1682832033839 930.5831716796616 124.34698637479482 997.6909999999916 619.4497343749972 67539.3795623381 1169.064632606916 3074645.735399812 2140.7769635383024 2300.0
