ts te idle avg_span std_span max_span min_span c_bytes_all c_pkts_all s_bytes_all s_pkts_all videorate
0.0 10000.0 7433.957025390642 855.3476582031193 120.20421303726677 988.130999999994 753.948974609375 28600.051315480865 319.75689598885555 810034.5451743901 591.7317099531 696.0
10000.0 20000.0 2192.9186757812276 780.7081324218773 316.01066671517714 999.8439999999828 242.7890253906371 62100.44048995014 927.0531188514783 2257132.7421197714 1607.6499247068475 850.9090909090909
20000.0 30000.0 491.90429882815806 950.8095701171842 143.53076760759268 999.6280000000261 542.5617011718568 45392.508194568996 765.1899851596661 1939015.7127058385 1372.6183653400522 1500.0
30000.0 40000.0 2169.901017578144 870.0109980468728 274.3168421350276 997.6849999999977 198.281982421875 58718.92620519613 971.1092118805134 2583980.5907972674 1805.0501374192038 1728.5714285714287
40000.0 50000.0 469.39198242197745 953.0608017578022 91.91099893657059 999.4689999999828 762.5650000000023 68014.07379480387 1239.8907881194866 3247142.4092027326 2252.9498625807964 2300.0
50000.0 60000.0 1529.2631054686499 941.1929882812611 167.96405753979968 998.6010000000242 493.31689453125 62763.103517008174 1117.3720559946194 3072233.4296654263 2127.7852886453293 2300.0
60000.0 70000.0 1999.8136328124674 800.0186367187532 334.1351199439678 999.6379999999772 40.20400000002701 59055.6277270651 1053.314469466795 2723525.0648053284 1902.2047213207552 2300.0
70000.0 80000.0 1840.4949667968904 815.950503320311 292.07939023474 999.3549999999814 223.49200000002747 58585.8523831874 1002.4851935004627 2644008.54289462 1846.3655780459435 1700.0
80000.0 90000.0 2200.9392949218163 779.9060705078184 366.91461833322876 999.9990000000107 24.636999999987893 55216.41637273933 915.828281038123 2334185.9626346254 1643.644411987972 1700.0
90000.0 100000.0 1596.8310019531636 933.6854442274263 186.58941711868604 999.5540000000037 436.197998046875 59274.18463032077 978.9277890302453 2579630.706307776 1807.1669127441203 1500.0
100000.0 110000.0 1611.7051093750633 838.8294890624936 257.24402406871724 999.429999999993 404.7609999999986 60372.712813663005 1025.3854585546778 2728194.3431106433 1898.7597565197898 2300.0
110000.0 120000.0 365.5919960937463 875.8552730823867 270.0207328244658 998.0860000000102 164.889892578125 71219.9891465173 1251.4351100647436 3361075.9248081157 2341.4755168425195 2300.0
120000.0 130000.0 4236.439787109382 640.3955792100686 403.68132510618665 999.329000000027 69.19799999997485 44629.88644100455 686.8110307005804 1678056.1645694964 1186.0671935499727 1102.857142857143
130000.0 140000.0 2256.1870175780496 774.381298242195 332.60290372774466 999.99099999998 53.53100000001723 52798.32469732579 803.6877765093009 2083780.2488398517 1469.6014802961902 1170.0
140000.0 150000.0 70.22598437510896 902.706728693172 213.16526941951324 999.5329999999958 426.131103515625 53013.60177161919 864.4446328434235 2178063.1034529633 1534.4422403394906 1500.0
150000.0 160000.0 1177.4168066405691 882.258319335943 202.4292683324235 999.1060000000289 456.529296875 57439.01920251565 897.0194974494177 2231910.359343864 1580.999532186282 1500.0
160000.0 170000.0 3380.624240234436 735.4861955295071 344.454227678843 999.8790000000154 44.25199999997858 54263.17289676066 834.4506650666968 2118983.739586292 1485.6335925993349 1728.5714285714287
170000.0 180000.0 1563.0667851562612 843.6933214843739 246.48197174142874 997.5009999999893 475.99300000001676 65937.92389349913 1086.918912475251 2889753.273638439 2021.0036272676903 1900.0
180000.0 190000.0 1965.065183593717 803.4934816406283 326.59287874059845 999.8190000000177 109.82500000001164 63474.21321240289 1078.9995267863148 2807336.9710153164 1958.7832293851595 2300.0
190000.0 200000.0 1943.57399218739 895.1584453125122 207.15449928541844 999.8270000000484 513.548095703125 62906.15557221597 1043.664391895285 2730506.8618331477 1904.1095275892606 1855.5555555555557
200000.0 210000.0 1205.2110175780253 879.4788982421975 210.33043711004473 999.9740000000456 478.47890429687686 69644.41607479175 1192.1779037099986 3182620.827524491 2209.440533951813 2300.0
210000.0 220000.0 2214.205078125 778.5794921875 361.1821471044362 999.10699999996 121.50500000000466 62520.39964736334 1027.0773049140644 2658388.475969604 1855.5168567283774 1800.0
220000.0 230000.0 3184.064951171982 851.9918811035022 272.362048247962 999.8939999999711 328.3149999999441 54918.69341788905 871.0454698235617 2338231.878867789 1632.5820797333643 1614.2857142857142
230000.0 240000.0 1498.072128906264 850.1927871093736 236.68958037730778 999.5039999999572 489.15195117192343 62909.27845389847 1043.3087325232982 2715252.7638642862 1892.7358560325279 1900.0
240000.0 250000.0 2000.4210078124888 799.9578992187511 322.4775330547606 999.6199999999953 86.3739999999525 56143.04471943642 909.0294586054257 2359702.1826865594 1655.2980425861529 1552.5
250000.0 260000.0 2020.4949707030319 797.9505029296968 336.448397785901 999.5520000000251 71.03099999995902 58139.66193569616 954.1506276142007 2439477.5446469225 1706.1386700906573 1500.0
260000.0 270000.0 2672.832994140568 732.7167005859432 351.5821655620679 999.2730000000447 59.550000000046566 50255.14552689244 812.9684894364048 2119615.75061951 1488.4584716552542 1728.5714285714287
270000.0 280000.0 2003.0160117186606 799.6983988281339 319.52632833797855 998.6700000000419 71.58600000001024 55995.80855396803 940.0841951117061 2377409.3114087465 1673.960826131238 2300.0
280000.0 290000.0 66.59583789051976 903.0367420099527 209.40701641979933 998.8649999999907 477.22509765625 74872.51909612467 1204.0271238946025 3176389.908127285 2219.2918311590565 1766.6666666666667
290000.0 300000.0 1882.78482812515 811.721517187485 315.9531286343113 999.3889999999665 117.11399999994319 61078.274186008464 1031.1406591892185 2762088.329540294 1920.9127830534796 2300.0
