ts te idle avg_span std_span max_span min_span c_bytes_all c_pkts_all s_bytes_all s_pkts_all videorate
0.0 10000.0 9376.635009765625 623.364990234375  623.364990234375 623.364990234375 9940.561931850452 86.37435754913501 270075.7167253204 197.1588596230256 840.0
10000.0 20000.0 863.1539980468224 830.6223638139253 279.888350180211 998.7679999999818 212.5419921875 97779.6583745749 1327.6271170601076 4434962.802852267 3204.9503989477485 840.0
20000.0 30000.0 1198.011058593751 880.1988941406249 246.70689443204182 999.829000000027 375.85693359375 61871.179760384715 1009.809904176337 2744935.2052642135 1916.9690643230283 1917.5
30000.0 40000.0 71.39205078128725 902.6007226562466 213.22574329779553 998.2019999999902 354.6298828125 68556.32673764677 1228.078309638765 3252184.4866635418 2259.315762164974 2300.0
40000.0 50000.0 75.60376562498277 902.2178394886379 225.9528599885038 999.4479999999749 300.2451171875 65669.33955032384 1187.3745329874268 3164353.2022078647 2193.7997260384745 2300.0
50000.0 60000.0 264.66011718747905 885.030898437502 283.7485474288308 998.8580000000075 73.46700000000419 69367.93364521935 1278.7357785882286 3358110.5862867916 2323.8061889027495 2300.0
60000.0 70000.0 1637.7520429687575 929.1386618923602 202.6565392102129 998.814000000013 388.73095703125 57466.83704879404 1027.5278452623836 2832162.031852296 1957.1102147743086 2300.0
70000.0 80000.0 48.10497851553373 904.7177292258606 210.7732627451228 999.7170000000042 373.802978515625 72571.06250920541 1315.467390293191 3523378.6054865224 2439.4983223588947 2300.0
80000.0 90000.0 60.896076171891764 903.5549021661917 217.2693570341206 999.7459999999846 341.14990234375 70848.08440588154 1217.813067739893 3262666.691358524 2267.792515688658 2300.0
90000.0 100000.0 185.0927832031157 892.2642924360804 241.24253643889656 999.7189999999828 230.797119140625 65829.30719013825 1131.9258238679176 2969630.9739720295 2064.907695573023 2300.0
100000.0 110000.0 42.03614062501583 905.2694417613621 241.73065335792995 999.6149999999907 206.802978515625 72300.19798177245 1305.3927348457034 3540507.016030735 2445.702523928221 2300.0
110000.0 120000.0 378.00686132797273 874.7266489701843 246.85746824787017 999.7490000000107 169.6201171875 70675.63051816361 1219.6636998928632 3180893.565659878 2220.2710171810163 2300.0
120000.0 130000.0 1018.4818691405817 898.1518130859419 242.48506585391192 999.8730000000214 225.89500000001863 59736.15537833236 1042.881207575515 2785656.786346584 1931.2161062993 2300.0
130000.0 140000.0 715.0239648437127 844.0887304687534 312.9806354539646 998.5389999999898 58.11375195311848 67536.11388330134 1212.5670973926092 3246734.981609218 2248.674302526421 2300.0
140000.0 150000.0 50.170025390572846 904.5299976917661 211.84486437347525 999.7449999999953 392.7392578125 71091.42662282278 1250.9115488338562 3431091.4884667695 2371.1951005312253 2300.0
150000.0 160000.0 1605.7981386719039 839.4201861328096 260.8417398749167 999.9469999999856 379.672119140625 58060.66327667392 1020.749520330911 2628359.230597376 1825.5716240153693 2300.0
160000.0 170000.0 67.74600390618434 902.9321814630741 221.74806398471668 999.8780000000261 328.568115234375 69186.70811821558 1194.5242113493962 3248462.850414668 2251.291308936797 2071.4285714285716
170000.0 180000.0 1702.4330917969346 829.7566908203065 259.7967485982268 998.0370000000112 204.8169999999809 54139.75413949347 902.0720642233481 2419768.87340444 1688.593405442331 1500.0
180000.0 190000.0 1659.8487597656203 834.0151240234379 274.71197837156524 999.5630000000237 346.94797656248556 60400.37288252554 1003.833925388069 2599115.276581666 1819.5583501967112 2071.4285714285716
190000.0 200000.0 92.64216015604325 900.6688945312688 230.14786879111855 999.9430000000284 293.756103515625 64670.04223804772 1142.7957586224284 3052137.0233611804 2113.1067654002622 2300.0
200000.0 210000.0 85.36584179685451 901.3303780184677 229.38814714904703 999.8499999999767 260.84326171875 68134.50849181626 1205.4787806487134 3271111.2277711793 2267.1537433516005 2300.0
210000.0 220000.0 53.5969472656725 904.2184593394843 235.44648655601796 999.3349999999627 234.997314453125 72169.48749415732 1270.5325118753647 3322779.714215307 2299.985847903794 2300.0
220000.0 230000.0 52.375214843661524 904.3295259233035 238.66404441823502 999.3639999999432 216.402099609375 70508.56873951852 1266.6771105921414 3399127.105525568 2353.2003943047744 2300.0
230000.0 240000.0 1836.2482031249674 816.3751796875033 257.0991208149787 999.7669999999925 386.93900000001304 59217.683836958386 1047.9973047954577 2744785.6942454497 1903.685999264526 2300.0
240000.0 250000.0 69.24080078129191 902.7962908380644 214.47358077226406 999.6459999999497 380.298095703125 68445.81866540469 1198.0957830816503 3245279.0223777285 2246.1088389599013 2300.0
250000.0 260000.0 66.2981367186876 903.0638057528466 212.7183120324109 999.0890000000363 360.032958984375 66271.27595371549 1177.9751919627772 3172561.235239366 2189.5677408954148 2300.0
260000.0 270000.0 47.258908203220926 904.794644708798 216.86449820349435 999.8519999999553 337.35205078125 70404.49959726189 1258.1314608150287 3411613.680719286 2356.678068993464 2300.0
270000.0 280000.0 134.19412109360565 896.891443536945 228.99108303200802 999.8220000000438 277.0029296875 64869.41365212679 1148.4742395735682 3058308.325556289 2123.888653964387 2300.0
280000.0 290000.0 53.1319648437202 904.2607304687527 230.99000262714188 999.7140000000363 253.68896484375 68662.7147435873 1234.471453872845 3352349.130639674 2318.8669082072397 2300.0
