ts te idle avg_span std_span max_span min_span c_bytes_all c_pkts_all s_bytes_all s_pkts_all videorate
0.0 10000.0 0.0 0.0 0.0 0.0 0.0 0.0 0.0 0.0 0.0 0.0
10000.0 20000.0 8479.782015625002 760.1089921874991 113.17245137744911 840.1339999999982 680.083984375 8363.758595040425 30.519142048656995 54603.41131107046 52.542112507045395 480.0
20000.0 30000.0 447.5139140625033 868.4078259943179 232.4593727657684 995.5409999999974 290.403015625001 19696.358654432624 230.24274214831854 510775.2313580861 438.9816558869057 326.4
30000.0 40000.0 439.32194921874907 869.1525500710228 249.03132430825383 999.7180000000008 298.59912109375 19678.639732071166 231.88049548133554 540515.8713665558 458.1936632742514 288.0
40000.0 50000.0 428.6631484374884 870.1215319602284 279.4246568271255 996.8610000000044 83.27197265625 18028.092766202913 219.6066787839987 471978.1214363795 405.61450679447876 288.0
50000.0 60000.0 199.91399414063198 980.0086005859368 26.57709524512271 998.1370000000024 916.4100273437507 18439.124153244615 214.06566117880956 541318.9329033798 462.3260541678442 288.0
60000.0 70000.0 585.7769843749993 855.8384559659091 285.93551734478365 995.2090000000026 28.167021484376164 20217.55364590612 229.60408905918968 463926.07556100783 403.1796247700927 288.0
70000.0 80000.0 484.86297460936476 865.0124568536941 254.9638065230588 999.7079999999987 275.51500585937174 19205.686011597714 222.95966099052202 527200.4498930525 449.0799454403351 288.0
80000.0 90000.0 564.2411074218835 857.7962629616469 243.5500657303739 996.0869999999995 229.409912109375 17298.17716810753 207.0443422106681 382851.8052065266 339.0638699263983 288.0
90000.0 100000.0 417.0538457031362 871.1769231178968 293.68663263893546 999.6450000000041 10.26806640625 22610.409403850907 256.3355096933786 613224.7270802977 519.5455432861992 288.0
100000.0 110000.0 293.16296093749406 970.6837039062506 50.63388268064676 999.9539999999979 828.68310546875 20870.222653058012 265.51004978797516 597506.6382184124 505.01793177120095 288.0
110000.0 120000.0 542.3741992188152 859.7841637073805 285.61756714657633 999.7179999999935 117.27989453123882 17267.112560961818 208.3470921477804 488828.6738471911 422.2100741387303 288.0
120000.0 130000.0 1510.3579550781578 848.9642044921842 221.97737660159618 995.502999999997 389.699951171875 33227.714193934255 456.40296221635487 923591.337562931 759.7187761029379 1462.857142857143
130000.0 140000.0 141.98407226565178 896.1832661576681 231.0271363676924 999.6879999999946 295.15087890625 46170.08265985982 662.2332562223729 1163480.4524747576 959.5049420148492 1201.7777777777778
140000.0 150000.0 5124.475884765678 696.5034450334746 237.5796707818004 994.734999999986 258.92499999998836 39686.6512642209 559.121847722482 1339144.0506469752 1095.5479530042269 564.0
150000.0 160000.0 2780.0770292968664 721.9922970703134 372.95397739049713 999.7259999999951 73.10700585937593 49298.73091990487 825.8783117838143 2068251.1259274494 1670.775556685293 1405.7142857142858
160000.0 170000.0 657.8659648437751 934.2134035156225 132.45022059511197 999.5489999999991 574.7730351562495 46701.68561760631 831.2481585243424 2041109.095205927 1648.697790229211 1500.0
170000.0 180000.0 1062.801999999967 993.0220000000037 9.265025242814488 999.6259999999893 975.3640000000014 46318.0 823.0 2031815.0 1643.0 1500.0
180000.0 190000.0 896.2320859374886 910.3767914062512 199.56224714041582 999.869000000006 387.4619140625 58240.55250617276 1020.369582930579 2549617.8980937246 2058.8268917122 1957.142857142857
190000.0 200000.0 48.616988281253725 904.6711828835224 214.5374463909198 999.7060000000056 363.52392578125 66511.90389836674 1278.3002966753963 3204456.8233444868 2574.3874156801603 2300.0
200000.0 210000.0 547.4470351562195 945.255296484378 140.11215801002075 999.948000000004 554.7940742187493 66166.56527708299 1231.0102699966824 3101184.70138551 2493.963528108882 2300.0
210000.0 220000.0 779.5048457031371 838.2268322088057 306.95827601378926 999.9709999999905 91.17610937499558 66075.03384847206 1212.6561565416164 3046508.335652751 2445.4972533118507 2300.0
220000.0 230000.0 98.76907226565527 900.111902521304 212.0164987877039 998.8219999999856 388.77197265625 68109.45606238779 1280.2479902839782 3226496.0542981527 2599.8328310331935 2300.0
230000.0 240000.0 56.12789453120786 903.9883732244357 214.70148683140258 999.5279999999912 360.580078125 68180.09924046519 1259.1585494141088 3187722.4492977606 2567.4490052569527 2300.0
240000.0 250000.0 600.6497714843135 939.9350228515686 115.08069124250376 998.7079999999842 637.5589218750247 68803.57832374788 1278.47504169151 3206659.240313176 2580.126239965437 2300.0
250000.0 260000.0 214.96219531242969 889.5488913352336 276.2351427147798 998.7800000000279 87.97769335936755 70278.14397662655 1261.6988462658715 3118822.554659143 2513.76695577086 2300.0
260000.0 270000.0 810.6880039062817 835.3919996448835 290.05210704162505 999.8539999999921 213.64288867189316 66702.83009353527 1225.8683280604437 3070986.4949025265 2467.2109047804365 2300.0
270000.0 280000.0 82.46308007813059 901.5942654474427 211.34739540638523 999.8329999999842 379.47802734375 68106.4145554682 1231.7974202711528 3074300.013185369 2469.867330001185 2300.0
280000.0 290000.0 99.17807617184008 900.0747203480146 220.14182911292858 998.755999999994 332.574951171875 65740.70363188008 1221.0830309561984 3011056.3117576167 2426.4024769462308 2300.0
290000.0 300000.0 756.5748613281175 924.3425138671882 135.6263750408347 999.7189999999828 665.1740488281357 69189.35946332697 1295.306516077834 3280772.0382182235 2633.764293856979 2300.0
