ts te idle avg_span std_span max_span min_span c_bytes_all c_pkts_all s_bytes_all s_pkts_all videorate
0.0 10000.0 8796.918984375021 601.5405078124895 485.95841721511533 945.164999999979 257.916015625 7906.304461215201 14.545679916660816 40972.328385732886 31.735204117102572 0.0
10000.0 20000.0 174.3020566406194 893.2452675781255 255.17972830619175 999.6869999999763 158.657958984375 40400.404032372826 474.7851934666234 1200377.312581226 859.8385967155275 398.4
20000.0 30000.0 484.1818652343354 951.5818134765665 66.88953223572521 997.5630000000237 831.6600410156534 34047.44189510709 427.3296621329091 991439.2882977747 715.4888624891743 373.3333333333333
30000.0 40000.0 779.6069941406022 838.2175459872179 281.78991374711796 995.4409999999916 146.80590625002515 30894.028269245184 432.9316414431549 950365.89081009 678.7920825210119 480.0
40000.0 50000.0 160.8501582031604 894.4681674360763 220.53956510069096 999.5160000000033 377.81494140625 32793.35908652024 476.139101384075 985067.9265307435 692.6078108440302 480.0
50000.0 60000.0 1020.7080195311573 897.9291980468843 163.24317403398283 994.2930000000051 583.6770000000251 30384.80344835759 410.2218997143085 909567.5240124589 636.4195514968645 480.0
60000.0 70000.0 1193.817843750061 800.5620142045399 335.9635042352906 999.8009999999776 150.2610781249823 31707.086841595512 437.7690304136563 916728.8262696753 652.6793379350762 480.0
70000.0 80000.0 2092.180085937609 878.6466571180434 173.72553356079396 998.9780000000028 504.2919921875 31192.04597939783 436.94879846522525 957774.3407079374 686.1978224625298 480.0
80000.0 90000.0 4329.201992187474 708.8497509765657 262.84196600600643 999.8499999999767 340.20000000001164 39133.52598618853 578.3289930633866 1433035.5624043616 1020.240731418683 1028.5714285714287
90000.0 100000.0 3968.1659999999683 753.979250000004 371.04214466350896 999.335000000021 128.99300000001676 39028.0 659.0 1686131.0 1183.0 1500.0
100000.0 110000.0 909.1608964842744 909.0839103515725 222.84071137225448 999.9170000000158 296.631103515625 57143.50862643733 948.0549955552768 2536142.0581213795 1770.9222670952358 1500.0
110000.0 120000.0 120.82722070318414 898.1066162997105 231.62334305447783 999.8429999999935 252.5048828125 48943.387762420614 821.4968371026914 2179451.1109508863 1523.627747823398 1500.0
120000.0 130000.0 835.510882812494 916.4489117187507 146.02212725580054 999.4579999999842 578.890000000014 55168.103611142054 951.4481673420318 2478925.8309277343 1745.449985081366 1500.0
130000.0 140000.0 614.2269101563725 938.5773089843627 183.04175105483824 999.4959999999846 417.76708984375 60652.698232109986 1045.7437441678123 2656737.0227173446 1865.501682783712 2033.3333333333333
140000.0 150000.0 1078.7349960937863 892.1265003906213 193.3528329930402 999.9110000000219 494.37109375 67481.76221008298 1191.7592738940261 3113690.0903738393 2167.551684953123 2300.0
150000.0 160000.0 44.70683593756985 905.0266512784027 205.9764916820033 999.7260000000242 474.9892578125 74662.79789600386 1321.7647589471906 3497919.788585914 2423.3363717102015 2300.0
160000.0 170000.0 1258.3081777344341 874.1691822265566 212.02467832707958 999.9639999999781 442.51500000001397 63253.75392132639 1105.5922090600113 2922699.575844028 2037.0350437784225 2300.0
170000.0 180000.0 1472.6140800782014 852.7385919921799 306.4803914797011 999.109999999986 143.89591992186615 61075.98774047678 1077.1400139309596 2824193.522478875 1962.5752167745406 2300.0
180000.0 190000.0 571.1740898438147 942.8825910156186 163.363932316295 997.8260000000009 478.10791015625 72914.48150211279 1248.9798025888322 3374457.089580836 2334.5902820804654 2300.0
190000.0 200000.0 62.23982226563385 903.432743430397 208.72797502527254 999.6049999999814 449.465087890625 75950.24757676144 1336.6415603660148 3592244.741151756 2488.6491058675338 2300.0
200000.0 210000.0 322.4080820311792 879.781083451711 237.5298645792968 999.5870000000577 290.156005859375 66718.40740843334 1146.8841031157897 3006750.839225789 2089.064103758875 2300.0
210000.0 220000.0 39.99198242183775 905.4552743252875 225.0724148467621 999.4070000000065 278.6240234375 71257.50506774728 1250.2028593653886 3317253.679346885 2296.9680987237502 2300.0
220000.0 230000.0 912.1831308593974 908.7816869140603 167.9946804697795 999.1300000000047 503.139892578125 64666.96788783201 1131.7497296400002 3069033.5887473905 2133.4467232113248 2300.0
230000.0 240000.0 169.0515957030002 893.7225822088182 223.3488930820041 999.719000000041 396.029296875 69577.55267882423 1216.2371227196327 3113782.686598492 2176.1920696063435 2300.0
240000.0 250000.0 96.86519921896979 900.2849818891846 223.5113609622825 999.5250000000233 328.35009765625 63723.97453919603 1082.5571317790286 2847825.0090529337 1982.336515175773 1800.0
250000.0 260000.0 1658.941125000012 834.1058874999987 262.62705410404726 999.5509999999776 350.89697265625 64190.35901538562 1093.7552664419948 2897252.15331939 2007.1730650907227 2185.714285714286
260000.0 270000.0 537.327039062744 946.2672960937256 112.85270475813456 999.6210000000428 648.2320273437072 71962.41048271088 1222.1634210502402 3151089.9264496267 2186.9220306190546 2300.0
270000.0 280000.0 102.19091406255029 899.8008259943136 259.9047833304652 999.1620000000112 137.0870664062677 73616.48008599014 1264.7177123893794 3204948.8003954613 2236.8675036072364 2300.0
280000.0 290000.0 59.12207812489942 903.7161747159182 244.14257078029067 998.9960000000428 196.2529804687947 75986.33635442647 1301.4669416744725 3379176.8684889805 2353.4945096100514 2300.0
290000.0 300000.0 926.0060253905831 824.9085431463106 302.43598996585035 999.7029999999795 226.6860585937975 71106.41581570939 1229.0786679234766 3288375.9407495093 2285.52224181299 2300.0
