ts te idle avg_span std_span max_span min_span c_bytes_all c_pkts_all s_bytes_all s_pkts_all video_rate
0.0 10000.0 8314.544734375027 842.7276328124863 213.58919360673156 993.7579999999725 691.697265625 20179.107123309623 204.52252882540796 586553.4902784484 458.72018057438413 480.0
10000.0 20000.0 1724.040277343709 827.5959722656291 272.0876488657219 999.1660000000265 301.6537343750242 72056.06389614283 1131.027283326108 3021883.9959906987 2112.732327237137 1238.3333333333333
20000.0 30000.0 739.5279531250126 841.8610951704534 321.1064052780782 999.1579999999958 38.56201171875 65828.34932964356 1184.6618961187562 3103732.3195109954 2154.990253769749 2300.0
30000.0 40000.0 1116.643943359435 888.3356056640565 216.53028729617228 998.3829999999725 381.944091796875 65517.37714524908 1197.4465672831764 3166113.1823520367 2192.555741721487 2300.0
40000.0 50000.0 70.77401562500745 902.6569076704538 218.9477496121163 999.7079999999842 340.278076171875 70087.96517557888 1299.6982681091251 3353944.7064092043 2333.2942819876275 2300.0
50000.0 60000.0 2127.091173828172 874.7676473524253 211.6986005927169 999.8169999999809 403.27490234375 49837.75897852991 895.3397828330818 2358854.993243784 1650.0279363247448 2300.0
60000.0 70000.0 1597.5299023437547 840.2470097656245 254.65649471602524 999.1940000000177 233.7399999999907 67799.37835154613 1155.3036735043443 2946784.3122148323 2049.6792783848705 1766.6666666666667
70000.0 80000.0 665.0197070311988 933.4980292968801 198.9986089823525 999.7299999999814 367.17529296875 71298.0800959325 1277.8688642518696 3377479.414530338 2337.4913323211695 2300.0
80000.0 90000.0 57.76139062503353 903.8398735795424 216.29612187540712 999.380999999994 341.14990234375 70942.10123306802 1266.9046411949114 3300672.4071392766 2291.1304802198597 2300.0
90000.0 100000.0 1945.7669414061238 805.4233058593876 344.5304291300268 999.9729999999981 16.629000000015367 62842.68318375151 1068.1005380161032 2736816.976047972 1904.7969362913866 2071.4285714285716
100000.0 110000.0 3084.612962890649 768.3763374565946 277.92874140326273 999.9099999999744 397.072998046875 63283.76052566256 967.6004150051242 2425159.8719410775 1700.1766740367425 1766.6666666666667
110000.0 120000.0 178.96872070321115 892.8210253906171 228.93255084615478 999.2689999999711 300.00927734375 73421.73063491809 1253.6121499153096 3256443.595319392 2276.7678957965272 2100.0
120000.0 130000.0 190.47734765615314 891.7747865767134 245.35553771294468 999.9980000000214 204.0029296875 69722.79932171102 1193.18183788549 3046182.6386413 2123.0766976010887 2122.222222222222
130000.0 140000.0 333.5218105468666 966.6478189453134 65.51725764203435 998.609999999986 791.8920703125186 70772.67074197909 1270.4140070576286 3231399.7008081535 2241.7883614381226 2300.0
140000.0 150000.0 1967.0218085936503 803.2978191406349 343.7498453425099 999.9160000000265 22.583880859368946 60495.75987634936 1058.8590979790154 2807231.8542435886 1948.911319510653 2300.0
150000.0 160000.0 66.51837890624302 903.0437837357961 215.29674671900494 999.5370000000112 361.929931640625 75117.15936391862 1358.7917311403694 3477438.332021855 2408.7268982086007 2300.0
160000.0 170000.0 890.9848417969188 910.9015158203081 174.71803273887141 999.2860000000219 531.0879999999888 67160.48553384465 1177.3301073016714 3122724.9280135417 2163.1249199489575 2300.0
170000.0 180000.0 1607.3441230468452 839.2655876953155 343.564675534052 999.2800000000279 31.62291015626397 64869.49384968691 1150.0385637324157 2953518.9118323503 2046.3925291006365 2300.0
180000.0 190000.0 58.9186875000014 903.7346647727271 215.49102058145823 999.795999999973 352.311279296875 74552.99364058378 1333.6583646220777 3445141.5655987076 2391.263719865689 2300.0
190000.0 200000.0 556.0422792969039 944.3957720703096 120.39614557443437 999.8479999999981 634.0717207030975 68461.28199859393 1236.6396818980136 3098327.803862447 2155.3522356605663 2300.0
200000.0 210000.0 963.1830429689726 903.6816957031027 207.48341607641086 999.8959999999497 392.60595703125 69367.53153029327 1219.7981070119968 3219645.027672654 2232.3509458714448 2300.0
210000.0 220000.0 1081.7839570313226 891.8216042968677 231.52085096280496 999.8349999999627 334.158000000054 66866.46846970673 1178.2018929880032 2964270.972327346 2061.6490541285552 2300.0
220000.0 230000.0 676.2546914061531 932.3745308593847 204.86390625041517 999.9270000000251 349.34130859375 67295.3595929128 1169.852942255246 3147760.2381668966 2182.3550609724502 2300.0
230000.0 240000.0 65.69926367187873 903.1182487571019 223.47487337012072 999.9599999999627 308.946044921875 76753.65308070734 1292.1005140344494 3386971.9211933147 2357.567366177042 2300.0
240000.0 250000.0 113.18810546875466 898.8010813210223 237.95055414789869 999.9869999999646 236.762939453125 70901.10698266952 1233.9968128844723 3236924.177922043 2256.0172400842594 2300.0
250000.0 260000.0 87.2389062497532 901.1600994318406 241.75565449278258 999.9830000000075 205.384033203125 77871.561703001 1263.2151093366522 3309556.4884360004 2299.980309808863 2300.0
260000.0 270000.0 40.1270175781101 905.4429984019899 244.66053748092645 999.9189999999944 190.916015625 69121.06739455089 1223.5240892270617 3188574.1969646886 2211.4939504249774 2300.0
270000.0 280000.0 102.11404101550579 899.8078144531358 260.9519720267499 999.9529999999795 131.448974609375 71439.40967362448 1267.207387285706 3194962.895190662 2221.6834095294653 2300.0
280000.0 290000.0 1965.2376777343452 892.7513691406283 203.45131456041526 998.609000000055 384.279296875 63813.13994724441 1064.095767167133 2748610.038843538 1917.8278227951569 1957.142857142857
290000.0 300000.0 2009.5983007812174 799.0401699218783 334.33097171199887 999.8619999999646 51.162000000011176 61696.22287737107 996.3713815410202 2481040.0999248372 1733.1917284327321 2033.3333333333333
