ts te idle avg_span std_span max_span min_span c_bytes_all c_pkts_all s_bytes_all s_pkts_all videorate
0.0 10000.0 6474.451044921821 881.3872387695446 230.49013924568763 999.2150000000256 535.678955078125 38268.258346397146 451.7745554083581 1460383.580759868 1061.7944771073471 1316.0
10000.0 20000.0 67.4858671874972 902.955830255682 204.85975742506474 999.6419999999925 463.02104492188664 70980.34076065374 1336.1826155946246 3512043.7689263937 2422.284092448624 3433.3333333333335
20000.0 30000.0 72.00108984380495 902.545355468745 209.1150126216816 999.9330000000191 476.947998046875 75255.9490482016 1300.3437170193797 3452608.2797870617 2401.3217802217655 1500.0
30000.0 40000.0 765.7430136718904 839.47790784801 274.37615956056925 999.9639999999781 314.458984375 66703.80833403811 1119.5792394699229 2985462.884855767 2089.507392474289 1660.0
40000.0 50000.0 2672.07498437498 732.792501562502 407.9080615387438 999.5690000000177 0.0 55659.82089151608 958.3155263829659 2483906.7097317213 1730.4670101705703 1728.5714285714287
50000.0 60000.0 912.5910097656306 908.7408990234369 210.57564191324292 999.9770000000135 345.864990234375 68905.57681661667 1198.454626092691 3154104.800076397 2190.8050856939517 2300.0
60000.0 70000.0 1371.9937382812495 862.800626171875 230.86949599595562 999.6089999999967 352.333251953125 63587.830107154514 1147.265169972604 3047522.7556131654 2111.873961388008 2300.0
70000.0 80000.0 102.17929492192343 899.8018822798251 221.74280313653114 999.8759999999893 313.85595703125 67880.70968696932 1238.3605324732323 3391370.657067903 2350.369500593583 2300.0
80000.0 90000.0 388.224955078098 873.7977313565366 301.7568840016871 999.8769999999786 16.802001953125 66768.00849882136 1175.0728260517496 3124489.3516555773 2178.556120117506 2300.0
90000.0 100000.0 313.0000468750368 968.6999953124963 55.50511846626507 999.25 827.178955078125 69978.32626586735 1215.4278602916947 3262101.282363685 2264.0509060066142 2300.0
100000.0 110000.0 862.2569921875256 830.703909801134 304.1582893993649 999.8819999999832 170.81204492185498 66027.47869070142 1156.7431762666943 3031031.655343727 2104.5505523605584 2300.0
110000.0 120000.0 107.76786914060358 899.2938300781269 229.72230964427237 999.3420000000042 289.87109375 63571.276403990785 1103.0356519156417 2939434.526660244 2044.142571560421 2300.0
120000.0 130000.0 69.00182617187966 902.8180158025564 231.17012875098732 999.7970000000205 258.499267578125 71796.15590394606 1226.3045220161462 3254881.0646902653 2255.7530022835667 2300.0
130000.0 140000.0 1525.3333359374083 847.4666664062592 258.84262373667775 999.6900000000023 364.554931640625 63629.424314401964 1099.3986605492728 2956515.845375688 2049.2734149209978 2300.0
140000.0 150000.0 485.74484179681167 864.9322871093808 306.0975397165637 999.3759999999893 2.51708984375 69268.62857259547 1135.1008649697915 3009287.6895881896 2095.9008575114617 1900.0
150000.0 160000.0 1286.3077890625573 871.3692210937443 256.802132724095 999.7199999999721 361.63330078125 61093.000148323175 1055.251887725784 2753828.9839776526 1911.844505001453 2300.0
160000.0 170000.0 114.415208984341 898.689526455969 230.58304547474873 999.9110000000219 284.194091796875 73340.65646226087 1295.3058710596383 3446173.02732753 2385.355916007626 2300.0
170000.0 180000.0 62.20181445311755 903.4361986860803 228.62073002603256 998.5289999999804 263.50927734375 68967.8401726606 1228.9889070918753 3366031.965761554 2338.7594342299217 2300.0
180000.0 190000.0 1994.396373046795 889.5115141059117 218.84019186680268 999.8169999999809 361.076904296875 53316.01194757115 904.1781461962208 2436458.119191894 1710.641236630326 2300.0
190000.0 200000.0 162.75784570316318 894.2947412997124 241.24209859712636 999.8429999999935 242.56005859375 66821.48646640684 1132.3343018791477 2968087.013653465 2070.9605414372095 1944.4444444444443
200000.0 210000.0 240.46106054703705 887.2308126775421 260.4754749948949 999.9769999999553 133.322998046875 69011.73560410902 1220.7381604259008 3241547.785638284 2256.89953268401 2300.0
210000.0 220000.0 959.8859980468405 904.0114001953159 249.77718384248968 999.9830000000075 202.93400000000838 67427.67655679677 1195.8431811466644 3164465.251953968 2190.8881091501885 2300.0
220000.0 230000.0 734.0591093749972 926.5940890625003 218.86182633294263 999.765000000014 304.087890625 66211.41780789121 1128.0149670163382 2974710.1787876575 2069.9383138754115 2300.0
230000.0 240000.0 996.3479335936718 900.3652066406328 211.67944136841487 999.9420000000391 361.60595703125 66351.72859015547 1105.3200224131062 3006278.493763433 2094.476895490393 1944.4444444444443
240000.0 250000.0 154.80303710931912 895.0179057173347 231.42685800276595 999.8329999999842 278.617919921875 67016.12047717879 1169.1310206027329 3053520.403217063 2118.727976529202 2300.0
250000.0 260000.0 1148.4339804688934 885.1566019531107 204.36282068977002 999.8020000000251 364.137939453125 64013.052427353054 1125.0488487991713 2983926.1093615578 2071.9433305275365 2300.0
260000.0 270000.0 53.05484570318367 904.2677412997106 214.9684441528445 999.5209999999497 345.12109375 73362.11167401004 1315.5160479795293 3497808.0863829907 2416.0589873740832 2300.0
270000.0 280000.0 1793.529183593695 820.6470816406305 303.6848912071533 999.6750000000466 211.85499999998137 60446.06649991049 1047.4355096047857 2819458.9100826764 1953.9056908073724 2071.4285714285716
280000.0 290000.0 1528.2458144532284 847.1754185546772 217.85417886300192 999.9009999999544 367.298095703125 63708.67428766312 1075.7805764601126 2862664.9807178676 1995.9719450701268 2000.0
