ts te idle avg_span std_span max_span min_span c_bytes_all c_pkts_all s_bytes_all s_pkts_all video_rate
0.0 10000.0 0.0 0.0 0.0 0.0 0.0 0.0 0.0 0.0 0.0 0.0
10000.0 20000.0 2380.0168964844197 952.4978879394475 117.26129389994276 998.3829999999725 662.381103515625 39523.62607637636 433.1992482766221 1062805.3775719577 760.0087095415346 410.6666666666667
20000.0 30000.0 960.8620351562276 821.7398149857975 332.49732960161197 999.2789999999804 41.070068359375 40882.05430303275 532.3947077950303 1204130.9874032994 877.4579702290494 364.8
30000.0 40000.0 247.30106835934566 975.2698931640655 30.784828782713696 999.1660000000265 910.9459999999963 32782.31962059089 484.4060439283477 901299.6350247429 637.5333202294161 480.0
40000.0 50000.0 1555.4579999999842 938.2824444444462 164.52387379275908 997.3790000000154 499.8080000000191 34939.0 486.0 1016035.0 713.0 480.0
50000.0 60000.0 3674.9100078125484 790.6362490234314 315.73064315325877 998.7189999999828 139.0680000000284 33044.653431926694 470.7030420616885 1158897.2765968961 826.371439030574 685.7142857142857
60000.0 70000.0 1186.724111328076 801.2068989701748 341.53512234340474 999.4770000000135 4.925007812504191 49577.1838264386 783.0395639255373 1942485.5106151975 1377.2642260069933 1405.7142857142858
70000.0 80000.0 984.4678457030677 819.593832208812 324.04570533940705 999.6170000000275 46.93603515625 56241.97606755059 939.82888190629 2434972.437914897 1712.1739235868295 1500.0
80000.0 90000.0 712.7097480468801 928.729025195312 165.88609534104663 999.3420000000042 464.269287109375 51205.282928108674 843.0548632045657 2158139.878348188 1517.0783167050276 1500.0
90000.0 100000.0 1390.1671757812728 860.9832824218727 225.20958367396625 999.9810000000289 486.839111328125 59142.336258467185 999.4433868730897 2675349.2215509852 1864.1333671394607 1957.142857142857
100000.0 110000.0 109.72600781248184 899.1158174715925 209.6473919655218 999.9000000000233 442.881103515625 68042.87611934613 1216.5624766200042 3231164.82775544 2241.1138189785 2300.0
110000.0 120000.0 80.04318554681959 901.8142558593801 212.64536243617604 999.5970000000088 401.94091796875 65780.18273507929 1185.011855700119 3138079.693659781 2187.5066760742293 2300.0
120000.0 130000.0 51.177630859427154 904.4383971945975 212.52957196890702 999.5839999999735 380.269287109375 73575.89712279086 1301.930863145903 3379634.223283211 2351.0781259779 2300.0
130000.0 140000.0 620.4232871094719 937.9576712890528 176.62381358319263 999.7199999999721 435.9887128905975 67606.61151029196 1195.4250665628028 3069395.930275404 2136.2801065004846 2300.0
140000.0 150000.0 1713.7980078125256 828.6201992187474 356.3019452024622 999.9419999999809 121.1669921875 60413.93771133161 1051.2932996110571 2924566.836901092 2026.702586622481 2300.0
150000.0 160000.0 58.39504492195556 903.7822686434586 272.5227202177986 999.8369999999995 89.345947265625 72559.02648110878 1267.3513653711498 3342528.7284171074 2316.255102990604 2300.0
160000.0 170000.0 51.19687890622299 904.4366473721616 280.9600813271096 999.9830000000075 61.320068359375 67549.22691347793 1194.7937029234895 3216566.610026237 2229.4427508499634 2300.0
170000.0 180000.0 78.13596093753586 901.9876399147695 291.65811304999363 998.9729999999981 24.735107421875 69212.62156970425 1224.2826381240295 3181332.8231337527 2215.5468432273624 2300.0
180000.0 190000.0 73.70610742195277 992.6293892578047 8.082897461992689 999.5619999999763 975.2118925781106 69593.18732437742 1211.278993970274 3149239.001521811 2191.0527163095894 2300.0
190000.0 200000.0 99.19575195305515 990.0804248046945 17.7165838051102 998.8020000000251 940.479248046875 68343.09747713835 1191.0657722127244 3193683.242021979 2214.990200025276 2300.0
200000.0 210000.0 1077.5272480468266 892.2472751953173 294.8983512000345 999.810999999987 58.26675195316784 58438.902522861645 1027.9342277872756 2730266.757978021 1897.009799974724 2300.0
210000.0 220000.0 920.8671132812742 907.9132886718726 283.70513323662647 999.73199999996 100.48388671875 71454.50010963104 1206.5491026899417 3244584.888891447 2251.177063953698 2300.0
220000.0 230000.0 71.38297265628353 902.6015479403378 275.65959006616384 999.3730000000214 76.7119140625 73278.51345963776 1301.5904764856625 3510790.050264591 2431.331049734349 2300.0
230000.0 240000.0 122.74395117186941 897.9323680752846 291.248500184458 999.7240000000456 26.636962890625 67114.11742210746 1159.4307056960915 3108165.997491777 2160.9255391418264 2300.0
240000.0 250000.0 423.9340703126509 957.606592968735 90.73747803981018 997.9930000000168 701.3950000000186 71394.3305255965 1190.309521842732 3217360.265670434 2236.9408892027077 2300.0
250000.0 260000.0 1580.2758320312714 765.429469815339 402.98932872973364 999.8519999999553 22.741107421927154 63882.595860478126 1110.8420030656075 2945452.5605368316 2045.0604244980289 2300.0
260000.0 270000.0 51.588958984357305 904.4010037286948 273.3685006903083 999.8120000000345 86.5791015625 80537.18625030977 1402.9333309737556 3656536.072688114 2534.3722910041533 2300.0
270000.0 280000.0 139.94710742181633 896.3684447798349 295.7782841043027 999.5840000000317 11.468994140625 69000.13018753545 1199.827115452803 3164830.457390343 2202.8701976125944 2300.0
280000.0 290000.0 75.38407617190387 992.4615923828096 8.776239106165109 999.7120000000577 972.3490000000456 68035.22165576208 1159.43359446327 3094067.7352088075 2150.25920335288 2300.0
290000.0 300000.0 47.04381249973085 904.8141988636609 295.4580781686377 999.9150000000373 14.989082031301223 81212.3052789496 1330.0819255630636 3483796.3289911617 2410.507629917425 2300.0
