ts te idle avg_span std_span max_span min_span c_bytes_all c_pkts_all s_bytes_all s_pkts_all videorate
0.0 10000.0 6310.8807402343955 922.2798149414011 148.83493463486195 998.7750000000233 699.041259765625 33308.24236186771 393.543576089115 1223340.3720931464 888.2603747289965 582.8571428571429
10000.0 20000.0 607.6153769530938 853.8531475497188 273.9529499449529 998.2760000000126 300.27174023439875 57213.65034058091 903.5309750866296 2248953.069494008 1584.846661766845 943.6363636363636
20000.0 30000.0 452.21092187502654 954.7789078124973 101.57641550723976 999.7999999999884 672.5061171874986 51123.389508190085 869.2967706382695 2238563.0617721686 1580.840055242699 1500.0
30000.0 40000.0 1968.466003906331 803.1533996093669 329.80932914738173 999.9679999999935 60.74203906249022 49846.86317273962 839.1418102344717 2102775.1842199545 1473.3504731520136 1500.0
40000.0 50000.0 1466.572044921806 853.3427955078193 217.03713233801344 999.9270000000251 367.04100000002654 59756.188160327314 1024.6909513319229 2651120.8216091455 1849.951285995622 1900.0
50000.0 60000.0 157.70997656247346 894.7536384943206 263.6455073506168 999.9349999999977 121.93708789063385 61435.20317640502 1104.386677371149 2948960.7362571685 2041.7244732613447 2300.0
60000.0 70000.0 483.6948984374176 865.1186455965984 286.74403064660015 999.2260000000242 205.0920644531143 67211.18643424475 1245.1773753940538 3293747.421936596 2284.8301657851157 2300.0
70000.0 80000.0 46.64505664061289 904.8504493963079 216.18558480593586 999.9760000000242 349.60498046875 65709.77054749535 1184.8465935443494 3168073.4358763793 2211.6084269121066 2300.0
80000.0 90000.0 648.9076933594188 935.1092306640581 121.3881397109304 999.7199999999721 641.6150195312221 63957.91315947325 1168.6749912126104 3105130.573024591 2160.547751394947 2300.0
90000.0 100000.0 637.433207031223 851.1424357244342 329.86454779928357 999.9089999999851 41.192712890624534 71210.18349426158 1259.6883134995458 3354617.946303963 2316.835499907511 2300.0
100000.0 110000.0 1155.8290136719006 884.4170986328099 198.40280222131597 999.8269999999902 422.3159999999916 66508.3955118255 1157.15482744595 3095994.4053156357 2142.9026274150074 2300.0
110000.0 120000.0 536.7299531249446 860.2972769886414 305.569494791504 999.8740000000107 143.31593359372346 68017.17627099632 1157.38695819892 3116468.7040444417 2159.930119001978 2300.0
120000.0 130000.0 3062.5331914062845 770.8296453993017 333.173242653253 999.7459999999846 7.794921875 55734.76376349785 850.3299845010341 2236473.987553957 1563.939156207852 1457.7777777777778
130000.0 140000.0 1355.0309218749753 960.5521197916694 73.28570301019363 999.0380000000005 773.1230000000214 50876.074098094745 847.150195451979 2165006.2804988446 1519.4329292279615 1500.0
140000.0 150000.0 3036.939933593734 773.6733407118073 319.4200395139733 999.6020000000135 186.00699999998324 50504.51577283648 807.9108383320045 2069019.182131601 1440.319273957503 1500.0
150000.0 160000.0 2116.855820312572 788.3144179687428 334.91139759444803 999.320000000007 135.57993359374814 51199.154878231806 850.5924384579032 2227512.9412843715 1557.0542415319085 1728.5714285714287
160000.0 170000.0 89.41630664066179 900.9621539417581 225.96809091907917 999.9589999999735 305.012939453125 68817.74028984831 1182.249110808059 3148665.7101416127 2193.9700337926724 2300.0
170000.0 180000.0 470.38295312505215 866.328822443177 301.4355652159821 999.9199999999837 5.260986328125 67924.70357514822 1195.0085043130962 3166442.4387702537 2214.8559122721617 2300.0
180000.0 190000.0 767.8486777343205 923.2151322265679 198.30982987991808 999.9189999999944 368.84130859375 66880.79903888308 1157.154228635435 3155025.0629507536 2190.7759759654464 2300.0
190000.0 200000.0 938.0834082031506 906.191659179685 189.525594294949 998.9529999999795 476.01500000001397 69147.94918886425 1221.5752030950491 3166948.1592829516 2194.149684951625 2300.0
200000.0 210000.0 94.02278320316691 900.5433833451666 297.7086755071131 999.6770000000251 4.0070996093563735 65728.169988986 1143.5537101840011 3105017.8270842275 2153.671511894974 2300.0
210000.0 220000.0 85.8342246095417 901.287797762769 286.9180503036499 999.7149999999674 41.562882812460884 69520.9076655976 1224.0601480640366 3229896.382824634 2247.895896688462 2300.0
220000.0 230000.0 131.99479101563338 897.0913826349424 269.25648102109665 999.5100000000093 102.56910742190666 73483.49426530782 1302.6864403563106 3383375.0953456927 2355.628267716665 2300.0
230000.0 240000.0 142.55308593739755 896.1315376420548 244.44861629760234 998.0500000000466 186.9308984375093 63624.82650676327 1099.612730366468 2889276.792498001 2011.0563309214879 2300.0
240000.0 250000.0 60.06693750002887 903.6302784090883 238.2954874524324 999.8229999999749 220.80998437502421 71863.95888666641 1255.0853491498472 3322380.6598665346 2297.6024605872167 2300.0
250000.0 260000.0 85.24618554697372 901.341255859366 230.13404413348078 998.2299999999814 250.10292187496088 68111.32389488 1210.016889674135 3239876.0130539387 2246.735266547747 2300.0
260000.0 270000.0 154.54898242198396 895.0410015980015 246.29745230653285 999.9949999999953 230.97710742184427 68566.39066336799 1202.3188671970045 3158966.6536201644 2207.714839353079 2300.0
270000.0 280000.0 50.514845703030005 904.4986503906337 214.01934947156755 999.9470000000438 366.8710898438003 70264.56879215022 1244.449587527016 3343747.429090809 2321.399055847665 2300.0
280000.0 290000.0 836.956970703206 916.3043029296794 190.078369532744 999.7780000000494 396.61993554688524 61713.255223178356 1077.5637188321061 2889310.6682600765 2007.695247587295 2300.0
290000.0 300000.0 50.934994140523486 904.4604550781343 284.16270456628257 999.7619999999879 50.46390624996275 73584.40043471978 1290.0160905118184 3474407.32259341 2402.541805851959 2300.0
