ts te idle avg_span std_span max_span min_span c_bytes_all c_pkts_all s_bytes_all s_pkts_all videorate
0.0 10000.0 8415.290099609374 792.354950195313 288.15598326291996 996.112000000001 588.597900390625 13635.894509670876 176.6381399873573 458273.2996597846 427.8700588472301 480.0
10000.0 20000.0 970.7809902343724 820.8380917968752 305.89008428042195 999.9029999999984 287.60791015625 44771.22931241127 1001.8949136032941 2663561.621394526 2322.6201737131937 850.9090909090909
20000.0 30000.0 75.76084179688041 902.2035598366473 237.75797442984944 999.5279999999984 233.820068359375 31415.051448044534 834.1969520962261 2029825.1969601084 1684.969778813331 1500.0
30000.0 40000.0 658.3390683593825 934.1660931640617 109.46002020440741 998.6659999999974 698.9479999999967 29990.824729873315 790.2699943131224 1915378.8819855805 1593.5399886262448 1311.4285714285713
40000.0 50000.0 1898.928072265633 900.1191030815963 236.34769788399527 998.9570000000022 287.575927734375 29765.75681717682 763.5476640084825 1853914.7090925493 1550.0798900899395 1217.142857142857
50000.0 60000.0 84.9366464843697 901.3693957741482 233.7100997475209 999.6070000000036 245.36328125 31787.4373016219 840.0383657866773 2051103.7618867788 1701.6342131426468 1500.0
60000.0 70000.0 64.60334570311534 903.2178776633532 235.32330903042111 999.0270000000019 228.408935546875 31399.469067578713 834.2787622223929 2038008.605509453 1699.3272394989688 1500.0
70000.0 80000.0 230.26294531251187 888.1579140624989 286.84437799702147 999.9199999999983 48.739990234375 31164.019623913395 831.47862019618 2024113.1131529913 1684.3967016563302 1500.0
80000.0 90000.0 3817.0999902343756 883.2714299665178 115.47223234959101 999.6290000000008 673.1260000000038 23475.317189709174 592.6565877862674 1412497.810358228 1191.561955612115 1028.5714285714287
90000.0 100000.0 3131.0840332031366 858.6144958496079 247.23278987347396 999.5819999999949 290.740966796875 32255.716176409533 824.5363895676905 2010489.9214227241 1662.452090297532 1465.7142857142858
100000.0 110000.0 61.80985546873126 903.4718313210244 235.4122707347613 999.9679999999935 244.214111328125 45023.92184903851 1202.4604553650097 2958850.5164877023 2429.5417209166108 2300.0
110000.0 120000.0 553.1171113281162 944.6882888671884 95.69228762900099 999.051999999996 732.7608886718808 36439.36197455195 930.0031550672998 2252751.5620895736 1875.0061887858571 1535.0
120000.0 130000.0 4173.552101562527 832.3496997767818 260.6797446206095 999.8129999999946 307.6708984375 21034.77510093406 495.6169922511468 1192139.0 1011.0 840.0
130000.0 140000.0 3231.3458203124756 846.0817724609406 245.516944504366 999.4239999999991 293.955078125 25069.52194694505 591.7613388760255 1444765.8461125754 1215.1711081695632 840.0
140000.0 150000.0 65.9701269530924 903.0936248224461 230.88834257481946 998.9860000000044 265.074951171875 32159.542013074715 803.8157751084707 1965596.1079367832 1642.036033109816 1500.0
150000.0 160000.0 46.159884765627794 904.8945559303975 236.53267107697104 999.9720000000088 232.76806640625 31894.396114222764 802.8617593452044 1956095.1442344387 1632.8470481306151 1500.0
160000.0 170000.0 1000.3241289062425 899.9675871093757 229.28291541611895 999.0799999999872 283.4609375 36235.019967666594 908.9130696918088 2210273.63991576 1837.4630877741872 1500.0
170000.0 180000.0 2000.8829628906387 888.7907819010402 236.69667886879748 998.685999999987 308.823974609375 29272.85389428117 733.1645888114451 1785500.8600640092 1483.1315035308144 1500.0
180000.0 190000.0 3132.3640019531304 763.0706664496522 361.9283567497728 999.8710000000137 22.260000000009313 29452.17141385864 714.2157982764404 1730935.240126486 1440.6703568223247 1122.857142857143
190000.0 200000.0 1133.4136953125126 886.6586304687487 233.30778035610018 999.94200000001 283.50927734375 35039.1827860316 888.0344764320027 2172613.1585845356 1808.4581889992658 1674.2857142857142
200000.0 210000.0 76.36117578129051 902.1489840198827 236.66978018577896 999.804999999993 236.3291015625 46391.2273224853 1211.879331399872 2991895.761586982 2467.3150169508053 2300.0
210000.0 220000.0 1739.1271015625098 917.8747664930545 93.7539676510702 999.9519999999902 752.5528984375123 33791.30944050012 835.7368698075836 2026734.2414384307 1702.907656512608 1222.2222222222222
220000.0 230000.0 3944.850999999995 756.8936250000006 446.4453495625021 999.2710000000079 23.43599999998696 25116.0 624.0 1520521.0 1264.0 1445.7142857142858
230000.0 240000.0 3319.7339999999967 954.3237142857148 77.73847555471403 999.4059999999881 793.8910000000033 28301.0 677.0 1613239.0 1363.0 1005.0
240000.0 250000.0 2007.7920312499627 888.0231076388931 279.78000652337965 998.1620000000112 150.79296875 30069.0382510914 749.4387377260485 1818200.3481279642 1519.3409893161572 1390.0
250000.0 260000.0 3258.3339687500848 842.7082539062394 343.6567247585038 999.9139999999898 23.787000000011176 26948.9617489086 682.5612622739515 1660936.6518720358 1373.6590106838428 1500.0
260000.0 270000.0 1876.1457304687938 902.6504743923563 235.01685184241396 998.7299999999814 289.55126953125 39686.910491813826 967.6955814906877 2362007.1607053755 1958.0723412505251 1164.0
270000.0 280000.0 63.2643671874539 903.3396029829587 229.6472090450406 999.2679999999818 261.52490234375 32387.803092585997 817.3301416411887 1988099.0585943987 1657.8789672738221 1500.0
280000.0 290000.0 3484.8159707031446 814.3980036621069 276.06385276653504 999.4020000000019 303.179931640625 27152.71305263371 664.2178619074427 1616167.213922593 1349.4842818985558 1217.142857142857
290000.0 300000.0 2407.9099316406646 843.5655631510373 247.32310001168366 998.99099999998 261.1230000000214 30379.57336296647 757.7564149606809 1821721.5667776328 1525.5644095770965 1217.142857142857
