ts te idle avg_span std_span max_span min_span c_bytes_all c_pkts_all s_bytes_all s_pkts_all videorate
0.0 10000.0 0.0 0.0 0.0 0.0 0.0 0.0 0.0 0.0 0.0 0.0
10000.0 20000.0 3213.2901093750843 754.0788767361017 346.51116969905866 998.86599999998 168.02799999999115 69912.80520049036 928.0393687307713 2645001.169148045 1946.6841023432248 715.3846153846154
20000.0 30000.0 80.30158984375885 901.7907645596583 263.1153381012834 999.9060000000172 126.71210937498836 64818.26033440457 1130.019645012129 2921074.1916171843 2030.1933430892295 2071.4285714285716
30000.0 40000.0 2506.7253691406804 749.327463085932 347.341721456852 998.6379999999772 183.81469921872485 55902.737705109364 994.9386579046027 2562865.591082363 1788.2565911432068 2300.0
40000.0 50000.0 2007.5658632812556 799.2434136718745 348.2720442349386 999.6909999999916 23.43499999999767 57425.73537064343 967.0272099034827 2439100.867769441 1709.1894319848145 1800.0
50000.0 60000.0 44.84005859371973 905.0145401278437 217.01031894457222 999.9660000000149 340.010009765625 78151.61107068993 1417.496403715558 3646641.2142507257 2518.2233867203504 2300.0
60000.0 70000.0 63.675023437594064 903.3022705965824 223.44516981395074 999.5050000000047 305.260986328125 71793.23121128682 1328.6045610764095 3444973.6619461863 2384.067224824155 2300.0
70000.0 80000.0 1053.7388867187547 894.6261113281246 225.73034808593133 999.8630000000121 327.402099609375 62045.71349502429 1114.7597509928603 2908778.1991317733 2023.9492084251287 2300.0
80000.0 90000.0 101.07880468748044 899.9019268465927 231.85550163475176 999.2359999999753 265.227294921875 66548.16050133231 1190.0013015671625 3109124.444868377 2169.4114634079733 2300.0
90000.0 100000.0 1498.8572285156115 850.1142771484389 255.0694425184006 999.9020000000019 358.76806640625 69605.91029914311 1218.0214895879542 3137400.5745877195 2170.352324096226 2300.0
100000.0 110000.0 73.47716210939689 902.4111670809639 221.6324967470924 999.1869999999763 316.951904296875 78469.49716676645 1391.7319033463818 3640724.4044910152 2517.1848515778343 2300.0
110000.0 120000.0 840.3018945313524 832.6998277698771 293.9394414196236 999.5109999999986 234.510009765625 69457.89121544288 1212.7698763276119 3101057.4322141767 2158.4095932182067 2300.0
120000.0 130000.0 63.47192187496694 903.320734375003 241.86221340663562 999.4020000000019 206.090087890625 73875.36462086267 1321.2006988990825 3478804.9161331207 2406.8731344644443 2300.0
130000.0 140000.0 2307.8660156250116 854.6815538194431 208.63582902546162 999.1849999999977 358.424072265625 61032.8669841868 1053.0050697559848 2688385.8987831306 1878.45983140967 2300.0
140000.0 150000.0 43.636103515687864 905.1239905894829 217.4504374654053 999.6049999999814 334.66796875 78767.9061699997 1391.3539965145455 3541187.0700593977 2452.3567851729617 2300.0
150000.0 160000.0 109.85569531255169 899.1040276988589 232.096636840995 999.6060000000289 267.6552734375 73107.68058132078 1262.5951918479159 3180060.3195480388 2221.665557069334 2300.0
160000.0 170000.0 1283.5611855468014 871.6438814453198 223.06638286699823 998.9510000000009 340.465087890625 68094.64600203319 1184.166460791981 3116926.249083065 2166.286179187211 2300.0
170000.0 180000.0 73.82418164063711 902.3796198508512 220.6509767868359 999.9430000000284 312.25390625 65893.82214556666 1178.5362143531295 3054160.1663672808 2123.7558440574744 2300.0
180000.0 190000.0 1002.2357949218713 899.7764205078129 212.74580531491227 999.9409999999916 361.714111328125 71893.08250562879 1273.457700086134 3251384.809140062 2255.575660589962 2300.0
190000.0 200000.0 65.57014843745856 903.1299865056856 219.36212272313512 998.9770000000135 328.386962890625 76876.48791923298 1353.235015573712 3459354.6077690003 2397.0089057754944 2300.0
200000.0 210000.0 66.38402734382544 903.0559975141977 223.3134241872167 999.545999999973 300.033935546875 69818.8934170644 1216.790129969411 3211138.2468891945 2231.2935547092584 2300.0
210000.0 220000.0 51.019824218703434 904.4527432528452 225.5982670714397 999.89300000004 279.964111328125 73626.55387316948 1323.8521150222446 3456197.780213198 2389.7071682024375 2300.0
220000.0 230000.0 2256.4161933592986 860.3982007378557 271.20077788544313 999.5289999999804 349.69091796875 60774.93618817871 1047.6268906709704 2689362.9201825242 1870.4021774068112 2300.0
230000.0 240000.0 58.48964843747672 903.7736683238658 219.1458627480802 999.6319999999832 322.05126953125 74121.01582333 1319.5145734012751 3460906.1628936147 2400.0305548312704 2300.0
240000.0 250000.0 1831.435169921955 816.8564830078045 315.54135883090635 999.0559999999823 158.57200000004377 67227.58714951146 1089.6220942246218 2784208.140341222 1939.288497167879 2300.0
250000.0 260000.0 59.98903320310637 903.6373606178994 220.3456015430195 999.2399999999907 321.76806640625 80675.75404845839 1376.4475029908388 3559888.600282954 2463.6801132011406 2300.0
260000.0 270000.0 52.778062500059605 904.2929034090855 225.45301784897913 999.9910000000382 289.60400390625 74515.39431660881 1321.8241843135118 3393556.119509516 2349.2798197188354 2300.0
270000.0 280000.0 1228.669921875 877.1330078125 221.95797288550688 999.7299999999814 334.68408203125 69667.30768920442 1179.2049179307403 3051998.8109114785 2127.908868825966 2300.0
280000.0 290000.0 2909.149001953192 787.872333116312 325.29425481521747 999.685999999987 213.2049999999581 56943.49694055607 981.0669952627368 2489177.391604528 1729.8912313966027 2300.0
290000.0 300000.0 60.90416210948024 903.5541670809563 219.19203086180457 999.8379999999888 330.31591796875 83388.85816048749 1317.1260525493922 3442564.1132609947 2399.439602724502 2009.090909090909
