ts te idle avg_span std_span max_span min_span c_bytes_all c_pkts_all s_bytes_all s_pkts_all video_rate
0.0 10000.0 6963.58572265628 759.1035693359299 469.9228675334601 999.8819999999832 54.25927734375 28183.502343906006 350.77123834730037 1053004.6252101178 746.6713463780271 840.0
10000.0 20000.0 1513.0839863280999 942.9906681857667 91.61455022974911 998.7359999999753 754.123291015625 63344.88446256602 922.2070068516506 2355132.4227648606 1680.1344970478933 820.0
20000.0 30000.0 395.37840625003446 873.1474176136333 240.9227911912909 999.8059999999823 241.23170898435637 47049.0019911288 777.3203542104394 2014950.3890000232 1419.0580938846865 1500.0
30000.0 40000.0 908.5775839844136 909.1422416015587 187.33702383747098 998.5879999999888 407.75511523435125 58570.37107376776 980.2137603538331 2552252.829787272 1791.4198291042271 1842.857142857143
40000.0 50000.0 296.60604687506566 882.1267230113576 251.60771945693085 998.8009999999776 184.64069921872579 65070.655700480274 1166.5701359923164 3091407.5545458635 2155.217683268804 2300.0
50000.0 60000.0 1928.6782421874814 896.8135286458354 220.19922490126436 999.9980000000214 332.50574609375326 61799.68180036003 1055.534823313744 2791950.7252347684 1943.8852903596853 1700.0
60000.0 70000.0 166.63405273435637 893.9423588423313 244.64231078344406 998.369000000006 185.23798828123836 56137.37576390078 968.5584680130977 2537772.1809759084 1775.817749009224 1900.0
70000.0 80000.0 1985.8860449218773 890.4571061197914 255.16384690581296 999.1680000000051 228.17404101561988 55747.963023566466 995.8693176837908 2546352.617942977 1778.4899637448295 2033.3333333333333
80000.0 90000.0 201.25660351564875 890.7948542258501 257.83520998535283 999.3379999999888 177.59008593752515 66194.55181118626 1071.3985335448954 2764446.6680011204 1937.4887750143 1645.4545454545455
90000.0 100000.0 290.7452226562309 882.65952521307 225.8106223378478 999.8620000000228 338.32968945312314 67491.90989529363 1191.2152127413005 3099261.6154997493 2166.2531557714233 2300.0
100000.0 110000.0 53.99282617185963 904.1824703480128 209.71259156301903 999.689000000013 448.06191210937686 73302.38393557564 1243.006901544495 3242510.5633292682 2269.7648507777326 2300.0
110000.0 120000.0 1950.6253808594774 894.3749576822803 179.62154200173396 999.3410000000149 481.66373828123324 57521.95352729502 963.1809854202079 2576023.8982737046 1799.040134718413 2033.3333333333333
120000.0 130000.0 774.836628906196 838.6512155539822 281.25081051735145 999.9139999999898 193.47211914061336 65472.95271787947 1080.4480598425985 2858796.613416251 2001.9843006773242 1900.0
130000.0 140000.0 77.67396289063618 902.0296397372149 214.72100911592585 999.9319999999716 422.2137480468955 67515.31172363844 1175.5136376061523 3104504.8746381328 2166.652139210384 2300.0
140000.0 150000.0 800.5212890624534 919.9478710937547 173.3567891908313 999.6140000000014 480.68271093751537 66456.50022945539 1145.1915645341778 3026491.4213799825 2101.122191033046 1957.142857142857
150000.0 160000.0 1254.5988867187407 971.7112348090288 72.32997778270754 999.0659999999916 779.14111328125 64969.50742469717 1030.4483039979314 2777325.968687595 1936.9310929187805 1944.4444444444443
160000.0 170000.0 139.99408789060544 896.3641738281268 240.97826547075357 999.6880000000237 217.7008867187542 68407.29764774395 1189.6977515452484 3112227.5240253154 2173.8912816072416 2300.0
170000.0 180000.0 1993.1997089843499 889.6444767795167 233.8311199456395 999.4689999999828 288.3599746093969 58288.25246152469 974.3039444521152 2571274.353849724 1792.851598067952 2033.3333333333333
180000.0 190000.0 2022.9760195312556 797.7023980468745 370.162350636826 999.6959999999963 29.651000000012573 60842.65248396589 981.2513152976755 2535204.358890511 1771.343490736175 1500.0
190000.0 200000.0 2046.599363281217 883.7111818576426 273.32876767026886 999.6670000000158 171.42070312501164 59053.73022091082 921.6920655387814 2445001.2344313236 1715.7664827850645 2122.222222222222
200000.0 210000.0 180.30963671882637 892.6991239346521 257.97869296444964 999.8819999999832 175.85706640628632 71597.63405534219 1172.9840827434782 3067594.273475248 2141.9183358129662 1766.6666666666667
210000.0 220000.0 1212.7770488281967 878.7222951171804 216.92673758274128 999.0649999999441 319.0757031249814 63338.96054733646 1094.5908707053268 2934502.2374616256 2043.7081525217804 2300.0
220000.0 230000.0 1861.2562480468769 813.8743751953123 363.5832715580067 999.3299999999581 30.003000000026077 59546.965158478844 1061.0316657194433 2794084.049178658 1938.58956555004 2300.0
230000.0 240000.0 2920.708121093805 884.9114848632744 241.26110489381713 999.2920000000158 320.5439999999944 55763.421632939964 829.6028704478451 2215399.2687824117 1564.3399621476362 1148.888888888889
240000.0 250000.0 1018.8928789064521 898.1107121093548 239.508989357604 997.6199999999953 226.69612109370064 50384.578367060036 793.397129552155 2011690.731217588 1427.6600378523638 1500.0
250000.0 260000.0 1331.9259277342353 963.1193413628628 84.93322448555347 999.8460000000196 741.424072265625 59184.79784071872 963.1791279285542 2499528.90003845 1752.5492314122255 1728.5714285714287
260000.0 270000.0 3251.515976562514 749.8315581597207 357.7179741828954 999.7410000000382 81.78899999998976 52206.341911185846 878.8007932694952 2349218.6989851845 1631.863026868515 2033.3333333333333
270000.0 280000.0 672.491095703328 847.9553549360611 327.6022797388108 999.8410000000149 181.61290429683868 66162.86024809543 1099.0200788019506 2813752.400976365 1970.5877417192596 1700.0
280000.0 290000.0 1280.7761015627766 968.8026553819137 79.71267391593884 998.7399999999907 756.5458984375 60383.26395048767 1046.7739111270657 2759024.733986627 1917.032874646437 2300.0
290000.0 300000.0 2670.9416132811457 814.3398207465393 267.840124546239 999.2900000000373 242.22910156252328 52511.38859864867 862.2531582663521 2301708.2003645794 1615.1325806401196 1614.2857142857142
