ts te idle avg_span std_span max_span min_span c_bytes_all c_pkts_all s_bytes_all s_pkts_all videorate
0.0 10000.0 8473.030046875007 763.4849765624967 327.01287781384366 994.7179999999935 532.251953125 18289.349371092903 185.06823940055543 454500.34736929304 398.18212371107325 480.0
10000.0 20000.0 2433.324953125033 756.6675046874967 397.9060612783749 999.4880000000121 26.294999999983702 63548.6506289071 956.9317605994446 2583709.652630707 1884.8178762889268 976.3636363636364
20000.0 30000.0 1093.1950898437062 989.644990017366 20.077608159253323 999.9199999999837 936.85791015625 63735.70248263387 1055.8954812228694 2795861.7749543674 1952.2081067945614 1800.0
30000.0 40000.0 2069.560910156113 793.0439089843887 373.8268547693092 996.5819999999949 59.36708984372672 51201.3706553247 908.3645827503323 2356427.3219379187 1649.377691234615 2300.0
40000.0 50000.0 3043.42710156244 772.95254427084 392.0750566248417 999.734999999986 52.85700000001816 39158.741178690834 578.2946727303276 1473184.7184325983 1046.6731812314115 1187.5
50000.0 60000.0 1529.2559921875363 847.0744007812464 294.8454659126829 998.3410000000149 116.37890625 62629.7738366794 1041.5710553261952 2740572.8010661765 1914.1881192284739 1500.0
60000.0 70000.0 1785.390867187467 821.4609132812533 343.117227186931 999.7069999999949 106.0400390625 65377.686191362656 1113.8761365319137 2812226.0280136135 1956.085035950898 1766.6666666666667
70000.0 80000.0 3764.080050781253 692.8799943576386 429.94258730108265 997.6880000000237 27.667000000015832 42144.05258996588 661.2000340088456 1606721.7991848842 1139.9739749625562 1122.857142857143
80000.0 90000.0 5061.378095703083 617.3277380371146 417.8215915149995 999.2679999999818 91.3979999999865 34653.742344415965 524.2559054939418 1343346.4882008526 958.1958092796752 840.0
90000.0 100000.0 3296.386892578099 837.9516384277376 306.947032874476 999.7700000000186 119.52700000000186 37437.93072092669 562.5421319355746 1429158.068209589 1019.298081317809 840.0
100000.0 110000.0 2903.3878984375624 788.5124557291597 413.67260950156805 999.5509999999776 43.072999999974854 52553.26081913359 861.3731619306759 2268569.5795778083 1589.0216620661074 1728.5714285714287
110000.0 120000.0 2578.6138222655864 824.5984641927126 319.48297789963385 999.75900000002 77.561279296875 51779.9487259915 846.5791470309806 2218604.380566876 1555.3795709516842 1500.0
120000.0 130000.0 3261.4652792968554 748.7260800781272 405.2773529461848 999.1880000000237 43.26899999997113 53497.790454874914 870.0476910383434 2157811.0398553153 1517.5987669822084 1500.0
130000.0 140000.0 2326.785896484391 852.5793448350677 317.72198677767346 999.6450000000186 73.381103515625 52940.82650297521 863.3382167268485 2332083.9469686486 1636.0684292834273 1500.0
140000.0 150000.0 3389.9399960937444 826.257500488282 300.5176609885736 999.7939999999944 121.235107421875 48014.39396966531 767.9961760092488 1934755.323767817 1364.902254857027 1500.0
150000.0 160000.0 669.8491074219346 933.0150892578065 152.77534971764845 997.7629999999772 510.7729999999865 63349.77952735949 1031.6656072639028 2585893.729263534 1817.0293158595457 1500.0
160000.0 170000.0 1711.637935546867 920.9291182725703 206.1806134090214 999.5960000000196 373.34700000000885 60120.84199745125 946.6339783883047 2412097.330501439 1692.6470902419173 1728.5714285714287
170000.0 180000.0 1972.2551328124828 802.7744867187517 378.63569724545675 999.8560000000289 53.88293554686243 59130.27250220131 1004.476199047321 2546559.8366504493 1784.8519134008732 2033.3333333333333
180000.0 190000.0 163.24593554687453 894.2503694957387 287.86901658052767 999.9820000000182 33.02099609375 65338.972599026834 1054.320910461399 2727098.0125057683 1915.8420524254145 1800.0
190000.0 200000.0 1982.6440878908033 890.8173235676885 305.68853895428884 999.8319999999949 76.180908203125 61683.3658847877 998.3086839635547 2580103.862842888 1806.3145782888425 1728.5714285714287
200000.0 210000.0 1965.3019960935926 803.4698003906408 392.0029915183771 999.64300000004 16.940999999991618 52928.38802699415 860.1604989251513 2231622.842843221 1566.499893675127 1500.0
210000.0 220000.0 2043.063970703166 795.6936029296834 381.465483334255 999.1600000000326 28.31200000003446 52975.49854767151 828.4925156702581 2163774.367189075 1521.8650407690711 1900.0
220000.0 230000.0 2942.2359609374544 784.1960043402828 388.64119222581695 998.1589999999851 82.25800000003073 55935.07368030348 880.0116512213275 2257373.543328854 1581.762458423217 1614.2857142857142
230000.0 240000.0 299.64592578134034 970.035407421866 46.32879064724617 999.2759999999544 874.3740195313003 67821.72579440672 1021.0192233503473 2589037.676162271 1822.4601914421946 1500.0
240000.0 250000.0 1124.0360527343582 806.9058133877857 349.0672435764549 999.908000000054 46.40494531253353 62738.541334379806 1008.8080506142011 2546041.755385885 1792.7403554289458 1500.0
250000.0 260000.0 2019.9000566405011 798.0099943359498 318.3559478670283 999.9100000000326 115.2939453125 55496.441696724585 892.6203227572578 2337946.0315328436 1648.950087822817 1957.142857142857
260000.0 270000.0 2010.686042968533 798.9313957031467 387.34508668769234 999.9120000000112 17.26500000001397 54413.03244656427 878.0660506934436 2261484.417023274 1592.346605212551 1842.857142857143
270000.0 280000.0 1344.7120117188897 961.6986653645678 55.56284739036195 999.9159999999683 853.2920000000158 59841.14595432132 918.0390093855916 2362726.5735306363 1664.7788220882887 1295.5555555555557
280000.0 290000.0 4102.670890625101 737.1661386718624 425.0695460991079 999.7489999999525 23.930109375040047 36361.69953516706 529.0429055218424 1304527.750503395 939.9409107807398 1060.0
290000.0 300000.0 3921.9539472656325 759.755756591796 400.24071922515566 998.9919999999693 111.654052734375 47399.7922097695 702.7686157048258 1801398.7917655532 1277.3479839067872 840.0
