ts te idle avg_span std_span max_span min_span c_bytes_all c_pkts_all s_bytes_all s_pkts_all video_rate
0.0 10000.0 6682.479015625024 829.3802460937441 334.623065897427 999.380999999994 327.458984375 19480.961356331914 205.53531479355627 635395.2736168659 472.8071642713911 403.2
10000.0 20000.0 205.5400800780626 890.4054472656306 230.77119474106667 999.6880000000237 260.201904296875 38684.449739451455 502.1399686365237 921242.3137100663 660.0718252132739 307.2
20000.0 30000.0 459.32200976565946 867.3343627485764 266.1967039893997 998.5300000000279 127.94189453125 43230.573068334605 589.8896746624157 1248621.933802251 919.2130429519842 364.8
30000.0 40000.0 236.4758945311769 976.3524105468823 48.709462750502645 999.8630000000121 843.0171054687235 33104.015835882026 484.43504190750434 900799.4788708168 653.9079675633508 480.0
40000.0 50000.0 139.55606835946674 986.0443931640533 24.868455230629 998.185999999987 919.179931640625 34296.166228872644 509.73322560959025 936608.543160863 670.6819228422038 480.0
50000.0 60000.0 868.4510097656166 830.1408172940348 356.61240837048393 999.8969999999972 9.529068359348457 69924.73754955121 1181.2119921150966 3163381.8998966077 2197.6466555956995 3666.6666666666665
60000.0 70000.0 89.10597851558123 900.9903655894926 251.75379496129983 999.6880000000237 169.241943359375 54268.715089606376 922.2482585067385 2367808.6632703864 1657.011890828057 1500.0
70000.0 80000.0 65.41990234376863 903.1436452414756 257.7297224470215 999.8159999999916 142.092041015625 60635.07681012613 1057.0873935664076 2809221.395389809 1952.913921033561 2071.4285714285716
80000.0 90000.0 169.06315234379144 893.7215316051098 271.26165948468014 999.9830000000075 91.160888671875 64664.1057313155 1168.9318356749563 3135797.89938315 2186.529692980788 2300.0
90000.0 100000.0 60.25700781249907 903.6129992897728 278.85783950658663 999.8790000000154 66.577880859375 73805.96225941801 1304.2606229191479 3431671.2019262225 2384.0958473572086 2300.0
100000.0 110000.0 745.6809218750568 925.4319078124943 135.34699257918643 999.2199999999721 585.3130000000237 67982.72682711568 1192.263826202637 3116289.9129570113 2162.79796650051 2300.0
110000.0 120000.0 55.57107031252235 904.0389936079525 242.37346932450384 999.9290000000037 203.49104101560079 76228.6537327533 1265.335178990498 3346295.884163637 2325.6995968686742 2300.0
120000.0 130000.0 80.47189843741944 901.7752819602346 237.426368337444 999.4060000000172 232.82311132812174 74152.86119823463 1222.56121004386 3106726.9206613917 2155.960304246227 2300.0
130000.0 140000.0 63.45009375002701 903.3227187499975 228.11540840508184 999.2170000000042 277.7930097656208 70441.75506562238 1253.7893874948418 3350476.350708656 2328.1420030678255 2300.0
140000.0 150000.0 938.7108535155421 823.7535587713144 299.5406428172065 999.8130000000237 289.64404296875 70103.5237682143 1168.1164526836428 3086736.2144760676 2144.206894521648 2300.0
150000.0 160000.0 97.48115624987986 900.2289857954655 230.82837981663985 999.7540000000154 253.85888671875 68774.2825030407 1202.4260931566096 3200983.30291371 2215.799484166127 2300.0
160000.0 170000.0 47.14799023437081 904.8047281605118 236.8942419003091 999.8790000000154 227.868896484375 67686.90659934952 1198.1686590176132 3242562.765585055 2248.371380702983 2300.0
170000.0 180000.0 75.22791796870297 902.2520074573906 245.86992846035278 999.619000000006 191.177978515625 67181.46856412757 1177.9936417167555 3090682.451699248 2147.6532857094685 2300.0
180000.0 190000.0 236.61999414063757 887.5800005326693 250.6426098470316 998.1510000000126 164.458984375 68348.68855425504 1190.7131118105126 3170587.0695982557 2209.0224101089757 2300.0
190000.0 200000.0 392.55798437516205 960.7442015624838 77.31337529350888 999.7269999999553 798.9279999999562 67052.36951839701 1190.1591104910926 3161361.524209928 2192.466743470043 2300.0
200000.0 210000.0 297.8610332030803 970.213896679692 83.46823859182 999.6130000000121 732.740966796875 70836.9739266727 1230.3401851479668 3308805.5440544663 2293.749192452764 2300.0
210000.0 220000.0 55.7496582029853 904.0227583451832 229.02823764212565 999.2099999999627 267.18603320315015 65772.68448688144 1133.6334316987716 2981647.3880628697 2071.7903337239036 2300.0
220000.0 230000.0 50.87938281253446 904.465510653406 223.22860928590262 999.6840000000084 295.40469140629284 74445.60947218383 1267.2390606592812 3227932.319123289 2257.205137212193 2300.0
230000.0 240000.0 434.1689589844318 869.621003728688 277.77134051517027 999.8029999999562 297.365966796875 73936.87289940086 1267.9234437954121 3376241.5173679395 2347.8284276438912 2300.0
240000.0 250000.0 81.94286523433402 901.6415577059696 237.26481946749928 999.8980000000447 238.9541015625 76070.91406727907 1296.4008593882927 3404443.0953198974 2361.7098731053075 2300.0
250000.0 260000.0 494.04499218740966 950.595500781259 94.3772582290209 999.6060000000289 758.5588984375354 71360.38840081196 1236.9904977861422 3318615.8187141595 2294.035066658792 2300.0
260000.0 270000.0 111.24719140632078 898.9775280539708 240.72430795089525 999.939000000013 209.65889062499627 69205.5418313828 1210.149500846257 3224101.0466643195 2244.956203231344 2300.0
270000.0 280000.0 55.28882812499069 904.0646519886373 231.76483450584848 999.8699999999953 254.48608203127515 71529.96231492668 1223.2098577065528 3231957.3322541146 2257.9501335423492 2300.0
280000.0 290000.0 471.09919335937593 866.2637096946022 287.3670324896121 999.814000000013 283.868896484375 71111.06695180223 1213.8810373749754 3214816.693782702 2238.201684893381 2300.0
290000.0 300000.0 47.8195898438571 904.7436736505584 227.9477358128574 998.9799999999814 266.039306640625 74794.61607226245 1300.4669144214004 3444612.8625597353 2386.785025569843 2300.0
