ts te idle avg_span std_span max_span min_span c_bytes_all c_pkts_all s_bytes_all s_pkts_all video_rate
0.0 10000.0 9287.0390625 712.9609375  712.9609375 712.9609375 10910.66446184652 80.80384612587866 200733.9156555058 165.8981619575562 840.0
10000.0 20000.0 1520.8449414062488 847.9155058593751 312.3118331126572 999.6690000000017 227.77099609375 60146.80688732869 892.0260392801375 2144871.5649882676 1748.3414484812413 797.1428571428571
20000.0 30000.0 1974.5739179687444 802.5426082031256 359.3280654811985 999.8790000000008 50.46800000000076 45828.79625663114 821.5580274912481 2012022.7555701896 1630.4615842956534 1500.0
30000.0 40000.0 99.03915039062122 900.087349964489 243.6550518928279 999.1169999999984 197.325927734375 61115.822467408274 1139.5558437733696 2803375.725242472 2269.1681453210463 1900.0
40000.0 50000.0 108.37981835936807 899.2381983309665 263.67155553512106 999.8910000000033 124.787109375 62885.75057401034 1204.6861676874532 3018378.4268838367 2437.2649468211644 2300.0
50000.0 60000.0 28.55204687499645 906.4952684659094 267.2003877530526 999.9569999999949 108.9140625 69089.06470072537 1361.1617991227226 3362868.9236097327 2705.35878843036 2300.0
60000.0 70000.0 51.9327714843821 904.3697480468744 275.2732393485612 999.1919999999955 80.123291015625 65556.40843433596 1255.5312688969143 3107072.9457871877 2507.266942676172 2300.0
70000.0 80000.0 42.4202949218743 905.234518643466 279.4419352609204 999.0249999999942 66.02099609375 60756.87108352589 1168.52662535553 2881831.5761795305 2330.6747982153083 2300.0
80000.0 90000.0 48.38208789064083 904.6925374644871 288.93102291440835 999.9199999999983 35.555908203125 65742.21349752719 1244.471930730514 3075315.2351538553 2483.6011241929004 2300.0
90000.0 100000.0 36.25986914060195 905.7945573508543 293.5819216304399 999.9600000000064 21.2900390625 63458.183894645685 1186.8590609848789 2913125.7699093022 2350.0477756680907 2300.0
100000.0 110000.0 38.92675195314223 905.5521134588053 297.91655420910325 999.7660000000033 7.519287109375 69911.99910710183 1308.921739327489 3216997.833297646 2594.1134311586957 2300.0
110000.0 120000.0 45.679328125028405 995.4320671874972 5.334297010263681 999.8369999999995 983.282958984375 72620.72190719823 1369.9920781770948 3366157.098196217 2710.164940601615 2300.0
120000.0 130000.0 277.27098828120506 883.8844556107996 293.6933495553124 999.2509999999893 15.73304101562826 66148.12997312307 1240.7986982526234 3037979.287797097 2451.97326059625 2300.0
130000.0 140000.0 50.05493749998277 904.5404602272743 247.62013162549763 999.676999999996 181.71702929688036 66511.57267061356 1247.212460494811 3059464.557830975 2473.0031517213924 2300.0
140000.0 150000.0 606.7609765625093 853.9308203124991 316.648851334119 999.6620000000112 207.80096679687267 60815.13576469489 1139.2482173175054 2789556.7389408224 2251.648028162924 2300.0
150000.0 160000.0 117.31597070314456 898.4258208451687 262.85860103308437 998.8660000000091 131.1630859375 69995.72139426235 1307.8901682802677 3248911.8251737244 2619.1833340705857 2300.0
160000.0 170000.0 48.55519335938152 904.6768006036926 267.0498445283468 999.8099999999977 108.639892578125 72615.00469871078 1360.5290025318925 3355649.3954652078 2709.3970731209265 2300.0
170000.0 180000.0 38.810939453105675 905.5626418678995 271.50330992627175 999.7749999999942 92.751953125 66378.52812702867 1254.2390025887203 3114101.088579467 2518.4155373381464 2300.0
180000.0 190000.0 44.08886328127119 905.0828306107935 280.3865332175674 999.8930000000109 63.76708984375 64342.361494703066 1200.3018653147724 2944708.404364286 2380.6883090896226 2300.0
190000.0 200000.0 36.09214648435591 905.8098048650586 285.6990571412709 999.7049999999872 46.241943359375 68701.69716681431 1296.5858536008009 3204562.4839333007 2579.9896887093028 2300.0
200000.0 210000.0 41.5736289062188 905.3114882812529 292.3728370293743 999.4770000000135 24.747314453125 72207.5059946775 1350.7960068057282 3361106.0878611472 2707.408489840848 2300.0
210000.0 220000.0 39.701009765587514 905.4817263849466 298.5890197090028 999.0100000000093 5.4873046875 63378.037348932194 1176.0921915208419 2897509.25127067 2344.5288658361164 2300.0
220000.0 230000.0 38.00831445315271 996.1991685546848 3.4035007544337366 999.7809999999881 989.989990234375 66147.74287152918 1242.1876017646546 3057216.670311833 2465.4426843629385 2300.0
230000.0 240000.0 34.41904101561522 905.9619053622168 297.26615058969867 999.9510000000009 9.946009765611961 64824.943193925385 1215.8556086234055 3013355.747313759 2432.7849476625042 2300.0
240000.0 250000.0 1777.585904296895 822.2414095703105 358.9258687374312 998.9280000000144 23.258050781238126 60198.50255618253 1104.3506233361607 2665895.3696339875 2152.4684683762034 1842.857142857143
250000.0 260000.0 98.70106054696953 900.1180854048209 241.66713002847 999.0630000000237 216.458984375 64530.94768302573 1161.721040267137 2852094.0688873148 2305.6286563178187 1900.0
260000.0 270000.0 108.06203320308123 899.267087890629 255.65158126836528 999.8030000000144 152.949951171875 65597.9059860722 1211.2359211838364 2978800.9873050214 2410.1936308463123 2300.0
270000.0 280000.0 115.08688476553652 898.6284650213148 262.18392704413975 998.5540000000037 119.76806640625 65396.64268375931 1226.8526265231355 3061279.2351961555 2474.5470537209876 2300.0
280000.0 290000.0 45.0600722656236 904.9945388849433 271.77457644803206 999.8780000000261 92.718994140625 64990.833733615116 1218.0245861519636 3003654.695375671 2425.347509492369 2300.0
290000.0 300000.0 47.73407421866432 904.7514477983033 277.4582342384167 998.960000000021 72.242919921875 77550.69909530654 1461.0890293906157 3616754.4426755984 2908.1126674642037 2300.0
