ts te idle avg_span std_span max_span min_span c_bytes_all c_pkts_all s_bytes_all s_pkts_all videorate
0.0 10000.0 6191.642751953099 761.6714496093803 366.9726553823987 999.454000000027 162.229248046875 40700.087096132746 459.55983346642125 1297095.145984931 972.3726250078652 560.7272727272727
10000.0 20000.0 90.4193417968927 900.8709689275552 271.3598510942779 999.8439999999828 96.00390625 71112.55468850005 1223.3397122376657 3355923.7700322126 2325.6936916042373 2142.8571428571427
20000.0 30000.0 66.1636386718601 903.0760328480127 280.9455523689894 999.4770000000135 60.499267578125 71973.11524500468 1333.1058828564849 3571053.1786042 2461.428360857418 2700.0
30000.0 40000.0 1049.2933320312877 813.7006061789739 395.58688313502887 999.9799999999814 9.783935546875 66072.57751767032 1189.3325145884303 3093956.7232619994 2146.16153319394 2300.0
40000.0 50000.0 55.96601757808821 994.4033982421912 7.1619831358892805 999.640000000014 978.31591796875 71455.8121378031 1327.2860707308237 3558425.324056524 2460.0920247004383 2300.0
50000.0 60000.0 83.74591601564316 901.477643998578 293.62240092375947 999.4079999999958 17.79508203122532 62203.872354067214 1141.9685410224167 3043902.1514624655 2125.0160398231174 2300.0
60000.0 70000.0 98.13000585942063 900.1699994673254 285.0682968919807 999.9969999999739 47.11999804689549 65088.243155936056 1176.959294683996 3166145.419308333 2197.772258848744 2300.0
70000.0 80000.0 58.71208789059892 903.7534465554 264.704755222388 999.7299999999814 116.46200390625745 62183.95803903012 1129.9592482361004 3025286.549726581 2100.3729063759783 2300.0
80000.0 90000.0 1042.9388378905132 895.7061162109487 266.60236482953917 999.5680000000284 143.80009179690387 63335.613224473826 1118.5507248516033 3020020.308872327 2093.130157182108 2300.0
90000.0 100000.0 32.03108203125885 906.1789925426128 287.9059497204504 999.8989999999758 39.76992968749255 84698.07476648912 1428.4543423908842 3651781.8168819705 2532.371315732257 2300.0
100000.0 110000.0 245.4909023437067 886.7735543323903 281.724505598583 999.88400000002 57.865011718764435 70814.01513531186 1191.1552415033834 3147795.70645654 2199.6065504026965 2300.0
110000.0 120000.0 56.48316992184846 903.9560754616501 241.5528535697285 999.8630000000121 207.4729140624986 71406.87193369676 1262.0459517407244 3454969.5623617196 2396.057080823768 2300.0
120000.0 130000.0 95.88999218755635 900.3736370738585 235.36003249345202 999.5239999999758 233.04508398438338 66958.92297375905 1182.672805826923 3122811.002558307 2163.752355976435 2300.0
130000.0 140000.0 1757.0068027343368 824.2993197265663 365.2194026648928 999.5750000000116 12.72412109375 57413.9126228533 1036.2066007385804 2760956.1680885237 1909.187791553935 2300.0
140000.0 150000.0 102.58703710942063 989.7412962890579 19.539972062713808 999.289999999979 935.736083984375 68365.04709892644 1115.157627575971 3043163.425388848 2116.8364010236264 1957.142857142857
150000.0 160000.0 1931.9851894531748 733.4558918678932 438.4669512187146 999.5650000000023 2.44189453125 56697.1941714619 907.5927311193611 2387804.3648327542 1670.7478172778972 1700.0
160000.0 170000.0 46.43493164062966 995.356506835937 6.451155416357296 999.960000000021 977.886962890625 70700.15034434223 1249.352349142728 3258667.790377719 2260.673400510946 2300.0
170000.0 180000.0 1330.2419628906646 866.9758037109335 310.4959014971106 999.6770000000251 21.084037109394558 58342.977494541236 1027.3005272875027 2694563.591744044 1878.7276891045929 2300.0
180000.0 190000.0 102.10168359376257 989.7898316406238 21.043616836309347 999.8859999999986 931.29931640625 70279.95009133672 1204.742796665346 3270533.7891714466 2274.2213628239833 2300.0
190000.0 200000.0 1131.3743164062616 886.8625683593739 293.48066848852767 999.9620000000577 65.8706835937337 66378.04990866328 1159.257203334654 3145723.2108285534 2181.7786371760167 2300.0
200000.0 210000.0 1167.7560332029825 883.2243966797017 309.5509113495571 999.4780000000028 11.865966796875 66008.90502187159 1122.6063422348307 2915081.578991248 2027.2245833010306 1842.857142857143
210000.0 220000.0 1075.267974609509 892.4732025390491 309.3342698559622 999.9860000000335 13.4169921875 68763.54155959864 1171.0921374749578 3122855.4054910187 2171.347616088604 2300.0
220000.0 230000.0 38.034699218696915 996.1965300781303 5.58671404616904 999.969000000041 981.9090078125009 75245.22910563389 1323.5142213910349 3609114.2222816343 2497.947915461537 2300.0
230000.0 240000.0 51.416046874714084 904.4167230113896 298.19950666536266 999.8340000000317 5.906707031303085 65762.52976482623 1169.9676780715872 3119534.489774332 2165.4204475029833 2300.0
240000.0 250000.0 2034.2832910156576 796.5716708984343 406.6274267972457 999.6119999999646 14.803955078125 56135.6380835881 996.7444602856141 2591839.2743054586 1804.8202778176776 2300.0
250000.0 260000.0 43.62395507819019 995.637604492181 4.504072935875706 999.8850000000093 985.0270449218806 74151.15646448155 1302.0751605419755 3550401.0291563086 2457.2391598281674 2300.0
260000.0 270000.0 340.48702148441225 965.9512978515588 75.70358742352367 998.8240000000224 762.802978515625 70238.9265363947 1235.1274412167982 3329411.8429535874 2308.9618444574953 2300.0
270000.0 280000.0 1506.8728632815182 772.1024669744074 391.4556031928976 999.9989999999525 8.068115234375 62960.96017557887 1103.9906412147689 2974001.728307573 2063.0798712871056 2300.0
280000.0 290000.0 106.77511523431167 989.3224884765689 18.634062127393225 999.7510000000475 937.25 64697.71249115266 1148.5850230488882 3071791.776373371 2128.8469345233866 2300.0
