ts te idle avg_span std_span max_span min_span c_bytes_all c_pkts_all s_bytes_all s_pkts_all video_rate
0.0 10000.0 9881.900000000023 118.09999999997672  118.09999999997672 118.09999999997672 3749.0 13.0 10935.0 14.0 0.0
10000.0 20000.0 1633.3830000000307 929.6241111111077 172.9289082104528 999.8609999999753 474.58600000001024 83757.0 1233.0 3457332.0 2487.0 1083.3333333333333
20000.0 30000.0 505.8010761718615 949.4198923828138 151.21384800852604 999.8479999999981 519.096923828125 70949.66016417193 1271.4411946605749 3358469.513902837 2330.247599106637 2300.0
30000.0 40000.0 97.30280273436802 900.2451997514211 208.0390043017501 999.7980000000098 476.94507617189083 69772.82646968533 1286.2283528301634 3358619.2550166477 2335.5058991154287 2300.0
40000.0 50000.0 117.28006054688012 898.429085404829 217.51774443551977 998.2880000000005 416.112060546875 65336.25694221708 1165.8344800072562 3040790.8241957724 2128.087248042358 2300.0
50000.0 60000.0 882.4120546874474 911.7587945312553 157.7362000845107 999.6819999999716 582.4869394531124 65998.08426845311 1203.1314969713492 3138596.4352495405 2178.4347591292894 2300.0
60000.0 70000.0 1197.415912109369 800.2349170809665 353.98848517251514 999.9930000000168 78.06499414064456 68139.98443652775 1234.201589824081 3217602.0669056266 2239.5689711835444 2300.0
70000.0 80000.0 731.0401328125736 842.632715198857 262.2766875418178 999.8229999999749 411.4599609375 70600.1586176565 1282.3061144432652 3352369.1950513343 2324.8408939680417 2300.0
80000.0 90000.0 670.5828437499586 932.9417156250041 177.08171855386018 999.9490000000224 436.4500390624744 69163.99031430637 1240.0462774159346 3306115.18597305 2291.757020723452 2300.0
90000.0 100000.0 494.10183203121414 864.1725607244351 295.67449124184583 999.7339999999967 92.31288281251909 69578.44762849613 1189.284740793456 3029777.2926700916 2117.5161273021163 2300.0
100000.0 110000.0 1589.2420390624902 841.075796093751 328.57871363804634 999.4010000000126 16.581000000005588 62885.67624161962 1025.9159957888164 2698604.0937544317 1881.5372804479955 2300.0
110000.0 120000.0 610.3809941406362 853.6017278053968 309.2825544860178 999.9369999999763 75.01775390625698 71660.77239788423 1216.664419502368 3163029.4331921563 2202.0367109358044 2300.0
120000.0 130000.0 777.2052890624618 838.4358828125035 289.2458620974801 999.9720000000088 163.636962890625 72215.09153094723 1270.7745977871398 3246241.6373574613 2245.713682686225 2300.0
130000.0 140000.0 566.9777109374409 943.3022289062559 97.00785389424051 999.8869999999879 714.8460000000196 68572.33605313925 1238.0251488584236 3205768.924051897 2231.015417084208 2300.0
140000.0 150000.0 508.69296484359074 862.8460941051281 300.2077814928586 999.9000000000233 82.07874804688618 69658.56581682625 1232.8759845853174 3212478.3518620636 2233.801199164643 2300.0
150000.0 160000.0 369.4920078124851 875.5007265625013 219.42265215182218 999.375 419.561279296875 66756.62403126096 1183.6638821396743 3048400.1493188175 2116.5650495320747 2300.0
160000.0 170000.0 1145.6632031250047 885.4336796874995 196.16006150067517 999.9780000000028 484.028076171875 67082.21436381701 1183.511793199224 3116339.5395991104 2162.0636145533117 2300.0
170000.0 180000.0 78.21517968754051 901.9804382102236 215.78195944719798 999.8090000000084 420.868896484375 94825.8742195676 1291.556858019209 3330345.0202166517 2331.864392753067 2300.0
180000.0 190000.0 579.6216445313185 942.0378355468681 145.80725992935058 999.2189999999828 535.1581035156269 68378.54589794045 1228.0628619553395 3128966.908164895 2177.422795992943 2300.0
190000.0 200000.0 505.9961503906525 863.0912590553952 311.50637900131574 999.3769999999786 41.859748046903405 67767.26541868597 1190.5355979468382 3114114.8153901794 2161.577067930608 2300.0
200000.0 210000.0 461.76207226573024 867.1125388849337 230.65908352854404 999.1620000000112 380.030029296875 67009.02005638396 1184.7624224125261 3132743.6788213598 2174.56347200737 2300.0
210000.0 220000.0 72.61099023430143 902.4899099786999 219.48837842508203 999.8699999999953 336.2900390625 68898.46291722894 1197.2418501642974 3093307.941230695 2159.7026040740907 2300.0
220000.0 230000.0 1095.431062500109 890.4568937499891 183.2244430660762 999.9719999999506 466.78899999998976 78824.15247697358 1235.8312896439984 3182443.0068646665 2220.5804785242403 2300.0
230000.0 240000.0 463.56599804689176 866.9485456321007 302.32689433195435 999.9109999999637 75.89802343747579 75786.58628350473 1303.0171938155174 3418421.756192696 2380.063116795229 2300.0
240000.0 250000.0 84.1900839842856 901.4372650923377 211.39521099236174 999.7140000000363 445.69189453125 70451.7037348191 1243.412020091949 3225457.9464829885 2235.4836014465454 2300.0
250000.0 260000.0 112.9066328125773 898.8266697443112 219.5652544280359 999.9969999999739 372.84326171875 72768.58970134132 1292.7974708926306 3319490.77963037 2303.1479335168506 2300.0
260000.0 270000.0 55.9673085937975 904.0029719460184 215.53133936223904 999.9429999999702 347.126953125 69782.77649335623 1177.8154155795862 3146400.419492059 2186.812538870891 2300.0
270000.0 280000.0 590.8058945310768 940.9194105468923 137.21616902135546 999.3390000000363 567.8760468750261 64770.112875489176 1152.9226588579968 3091062.229987452 2151.813941486899 2300.0
280000.0 290000.0 746.1410292967921 841.2599064275644 290.75057256556636 999.969000000041 131.32294140628073 68528.97849579854 1207.2187143780889 3157726.2048600023 2197.5706422129097 2300.0
290000.0 300000.0 649.6480292968918 935.0351970703108 171.53777852189012 999.5050000000047 452.17797070310917 69699.24215190162 1262.9195774349791 3195152.3945651473 2214.7059414132264 2300.0
