ts te idle avg_span std_span max_span min_span c_bytes_all c_pkts_all s_bytes_all s_pkts_all videorate
0.0 10000.0 0.0 0.0 0.0 0.0 0.0 0.0 0.0 0.0 0.0 0.0
10000.0 20000.0 3214.9787050781306 969.2887564174099 58.36809592592685 999.8549999999814 837.977294921875 37922.01235048675 391.6886672919064 1100700.0678432747 783.5378748029179 410.6666666666667
20000.0 30000.0 1231.405312500021 876.8594687499979 264.2352162293112 999.9670000000042 160.25670507812174 37356.31499714746 472.616160660498 1176585.3378389224 840.2978040415703 373.3333333333333
30000.0 40000.0 828.8480488281348 833.7410864701695 311.9790289034268 997.2870000000112 36.96401757810963 32089.237468598112 449.64466972907127 932880.015883998 670.2928320174384 480.0
40000.0 50000.0 447.45504296873696 868.413177911933 273.06105849462136 995.4050000000279 160.462890625 34424.411114981885 500.84420508484027 863261.7937497549 618.0816925237137 480.0
50000.0 60000.0 4101.084931640653 737.3643835449184 332.0310362332575 999.7079999999842 44.94000000000233 32065.23005858867 469.9870794314657 1078162.077883864 764.4482624787026 634.2857142857143
60000.0 70000.0 3501.808080078161 812.2739899902299 277.55407207970615 999.3489999999874 183.64504101563944 43415.95856673275 668.2185494365905 1743130.704006178 1217.9856206565955 1217.142857142857
70000.0 80000.0 1266.056878906209 873.3943121093791 284.36660081147375 999.859999999986 92.16312109376304 52788.83544346437 893.0006683656278 2244675.002794008 1572.3559134790614 1500.0
80000.0 90000.0 1286.7328886718606 871.3267111328139 259.2652447434922 999.9529999999795 345.53999999997905 49708.039289624256 837.5068781223182 2202148.7793149482 1549.7605723109075 1500.0
90000.0 100000.0 2150.859136718791 713.5582602982918 358.0096388307846 998.304999999993 171.573974609375 51517.48032246855 847.9612217809374 2152720.309953524 1524.7742394226323 1500.0
100000.0 110000.0 1777.698078125075 822.2301921874925 251.75196603247593 999.9859999999753 375.15399999998044 61470.0488721326 1058.6885254679385 2794924.954176004 1942.575411024364 2071.4285714285716
110000.0 120000.0 1161.6837871093303 883.831621289067 205.91358737107274 999.7689999999711 449.037109375 66884.48898166369 1194.895028300838 3167317.8086092523 2197.984733699591 2300.0
120000.0 130000.0 915.4090898437425 908.4590910156257 172.55076372089354 999.4689999999828 544.962890625 69304.29666195108 1226.303000077941 3228026.942240512 2236.4621882104284 2300.0
130000.0 140000.0 714.1849902344402 844.1650008877782 265.7788126945289 999.50900000002 359.50698046875186 71018.69068782368 1262.5735902156075 3286716.3902868237 2282.555820880444 2300.0
140000.0 150000.0 88.88492773438338 901.010461115056 212.89880302899132 998.1429999999818 418.5791015625 68716.22285058333 1210.5869508577684 3210207.606899828 2234.076284782826 2300.0
150000.0 160000.0 92.0040312501369 900.7269062499876 210.00090252552937 999.7129999999888 393.1220703125 67382.28412452653 1189.020620445459 3178870.0338141154 2201.4216356257807 2300.0
160000.0 170000.0 1044.992087890685 895.5007912109315 214.98762456845188 999.3300000000163 455.156982421875 66192.60264527709 1169.117986658906 3117762.088875496 2158.275932711604 2300.0
170000.0 180000.0 634.2416621093871 936.5758337890613 168.8973184527956 999.689000000013 460.53001757810125 66473.84342185529 1178.4335702145688 3159695.4692779286 2183.7844392986717 2300.0
180000.0 190000.0 1003.4940664062742 817.8641757812478 340.9090691610769 999.7119999999995 73.17567968752701 63136.43185123145 1090.1678164770876 2846806.0050159087 1991.8063559241746 2300.0
190000.0 200000.0 8125.510367187555 312.4149388020742 120.82218985377017 458.98388671875 91.32474609371275 20839.75418010094 191.40893215030377 419221.46692456026 320.2035344673909 3787.5
200000.0 210000.0 34.045822265557945 905.9958343394948 206.7371476549778 999.9420000000391 440.466064453125 77063.49211601887 1349.0556841504301 3572972.7969508315 2471.98596757764 3000.0
210000.0 220000.0 1223.80706445314 877.619293554686 200.1298662486619 998.6030000000028 478.9109999999637 67334.32399474265 1130.2801950798957 2931386.347660267 2043.3328840635445 1687.5
220000.0 230000.0 953.5207226562779 904.6479277343722 240.47997425687979 999.9719999999506 236.00927734375 49905.300202536106 814.2304473751115 2118919.102257196 1492.769239464201 1500.0
230000.0 240000.0 108.25028906250373 899.2499737215905 250.30453423623726 999.2989999999991 174.81298828125 71221.35912473594 1217.4463648921537 3204144.699588527 2234.9844878940044 2300.0
240000.0 250000.0 71.17005078145303 902.6209044744134 259.5379198605404 999.5679999999702 135.8359375 79226.76835707786 1327.883534281321 3407875.9982964126 2374.5794683319705 2300.0
250000.0 260000.0 230.9888886718545 976.9011111328145 46.0369786633822 999.9499999999534 857.2210625000298 70970.91624237441 1192.4473212181585 3229229.9838736695 2242.895016214281 2300.0
260000.0 270000.0 103.38395312498324 899.6923678977288 280.46567261313254 999.829000000027 60.505951171857305 66764.75284168545 1169.5578535852019 3061241.5433904645 2125.4445933820384 2300.0
270000.0 280000.0 590.5249882813077 855.4068192471539 294.4691098970892 999.9290000000037 114.07190429687034 76520.41677516096 1316.1679241884945 3440774.8240233283 2384.3998292315678 2300.0
280000.0 290000.0 468.91022851574235 866.4627064985689 279.85527884072695 999.2759999999544 162.02587890625 71328.09898771005 1240.829149537087 3183423.8704879708 2217.6465520372976 2300.0
290000.0 300000.0 61.94484960939735 903.4595591264184 258.80564290407943 999.1459999999497 136.530029296875 77027.79642461587 1298.3878580444737 3446811.5193912773 2399.870407189976 2300.0
