ts te idle avg_span std_span max_span min_span c_bytes_all c_pkts_all s_bytes_all s_pkts_all video_rate
0.0 10000.0 4894.129052734352 850.9784912109413 347.85026327577 998.210000000021 140.970947265625 28484.66429419872 251.7388334457054 693434.4433250286 499.90049310624573 342.85714285714283
10000.0 20000.0 2716.6219921875745 910.4222509765532 149.85844155945608 998.6089999999967 564.3850000000093 29989.71359577449 375.2250152733628 691820.3254428931 502.1263919226062 1521.6
20000.0 30000.0 133.96607226558262 896.9121752485834 277.03449120508895 999.5270000000019 71.61804492189549 41741.437144149684 578.2562095326789 950296.5607712149 673.3797653227128 288.0
30000.0 40000.0 2032.0885859373957 724.3555830966004 391.6320087508565 999.7160000000149 67.67300000000978 36580.664252399714 515.8734328297855 986205.9203535737 702.851424355633 384.0
40000.0 50000.0 1467.162208984315 853.2837791015685 221.17863801918026 999.369000000006 417.840087890625 46938.29814168854 742.6297668231182 1822061.7648891197 1274.855978631198 3390.0
50000.0 60000.0 1182.3499999999185 881.7650000000082 221.14265316951943 999.9820000000182 376.340087890625 69384.11901605829 1112.211250694294 2812365.5087778973 1967.4777115300274 1769.090909090909
60000.0 70000.0 60.20899609377375 903.6173639914751 215.26773959041634 998.9650000000256 349.944091796875 68331.62480168372 1236.0099202401339 3315514.053520128 2304.2460981342324 2300.0
70000.0 80000.0 309.68214062514016 880.9379872158963 238.79028574118152 999.5929999999935 241.449951171875 67345.1277024849 1219.6491290344647 3206664.068988408 2222.7240486573583 2300.0
80000.0 90000.0 49.92964648437919 904.5518503196018 238.70033353298038 998.484999999986 218.2373046875 68963.3328387778 1255.439927640142 3355256.9890315277 2327.544686789462 2300.0
90000.0 100000.0 767.5723222656525 923.2427677734347 109.37011399995961 999.9500000000116 726.1390000000247 68687.85658970341 1228.1214136272172 3196800.177820051 2228.009577731596 2300.0
100000.0 110000.0 440.13901562493993 869.0782713068237 280.5567222622312 999.689000000013 199.95101757813245 66912.91469819465 1201.2078052615484 3137468.790943911 2189.3339642209617 2300.0
110000.0 120000.0 65.53607617184753 903.1330839843775 212.13548465015882 999.7480000000214 392.587890625 66030.20517575773 1153.9900554595547 3146100.571216121 2180.827528385758 2300.0
120000.0 130000.0 779.8309941406478 922.0169005859352 151.04373803432364 999.390000000014 606.8031093750033 69411.9341753523 1221.521120396276 3264187.9023742178 2255.7699052164035 2300.0
130000.0 140000.0 515.3049589844304 862.2450037286882 272.9158544861254 999.7399999999907 300.3359375 68853.91612426525 1214.491704130505 3239030.4380713347 2242.369175510596 2300.0
140000.0 150000.0 530.1389882813673 946.9861011718633 106.88918996480528 999.7689999999711 699.234062500007 69910.22491210162 1214.8348812638462 3165813.528168359 2204.784137206713 2300.0
150000.0 160000.0 46.320833984413184 904.8799241832352 243.7393574909128 999.7079999999842 199.81205078127095 76612.58614533755 1311.2504990757254 3410792.766443186 2373.9263929871536 2300.0
160000.0 170000.0 152.7342128905584 895.2059806463129 234.76505704137386 999.2050000000163 223.7628847656306 69065.43142903941 1196.252605904249 3172474.885005444 2196.944969710734 2300.0
170000.0 180000.0 839.0628066406352 832.8124721235786 296.23908251021925 999.7420000000275 253.83109765627887 71022.6026590355 1165.119250300491 3088475.8893367834 2147.213942108361 2300.0
180000.0 190000.0 78.47383007803 901.9569245383609 234.82851771269952 999.8159999999916 253.947265625 69246.36888245474 1225.5201929062887 3318190.695415858 2298.8726752118146 2300.0
190000.0 200000.0 53.90827148454264 904.1901571377689 235.72594644684753 999.8149999999441 231.343994140625 68045.88091580696 1190.5072128299478 3173364.574469269 2213.613760233109 2300.0
200000.0 210000.0 191.2378808594076 891.7056471945994 253.24205788337562 999.6210000000428 157.64111328125 69827.13259984434 1228.636127283841 3252537.330107463 2262.9361777599606 2300.0
210000.0 220000.0 415.73815429687966 958.426184570312 74.62975213353286 999.3710000000428 798.532958984375 70196.11835810311 1224.9127513590622 3303552.6262241593 2289.0548389973546 2300.0
220000.0 230000.0 45.1570644530002 904.9857214133636 243.96759258967188 999.984999999986 197.9110410156427 72744.99298363941 1248.704570189343 3247249.3353216243 2257.592135028127 2300.0
230000.0 240000.0 57.805796874919906 903.8358366477346 238.13591957784448 999.969000000041 225.3641054687323 71283.93058140729 1220.7424244096148 3235926.5768461516 2247.9820107031132 2300.0
240000.0 250000.0 360.57180273428094 876.3116542968836 241.23573469133902 998.0550000000512 259.82690234377515 71956.56631265343 1260.7829987835134 3242270.332569648 2251.009246912584 2300.0
250000.0 260000.0 458.340222656494 867.4236161221369 238.01304037593292 999.2439999999478 410.424072265625 70489.81782490245 1245.4997174997063 3276344.3298126375 2270.1305016744 2300.0
260000.0 270000.0 53.03217578132171 904.269802201698 211.6910232410188 999.6679999999469 386.243896484375 70082.82738122456 1254.4676708555567 3285974.6101175123 2279.4171925267437 2300.0
270000.0 280000.0 685.7118984374683 846.753463778412 336.6056812955738 999.7530000000261 98.42910351557657 62220.23390947439 1065.535312404796 2763457.978332021 1914.6687479061359 2300.0
280000.0 290000.0 56.813746093655936 903.9260230823949 238.5299249566466 999.8299999999581 218.583251953125 75140.37109272512 1293.1290398270362 3392421.090205984 2353.835325858799 2300.0
