ts te idle avg_span std_span max_span min_span c_bytes_all c_pkts_all s_bytes_all s_pkts_all video_rate
0.0 10000.0 5475.324105468753 904.9351789062493 208.44729320783608 999.744000000006 532.06689453125 48212.37015835044 621.9945500191245 1956736.8063935465 1646.378285754025 840.0
10000.0 20000.0 1299.9668906249572 870.0033109375042 265.27759947250735 999.9820000000182 280.35400390625 75395.18335455115 1287.9461764117507 2915906.1525287908 2449.0925133479227 1424.0
20000.0 30000.0 1327.9409257812658 867.2059074218735 269.35150880751786 997.9060000000172 150.74400000000605 70748.67121789628 1323.4167201383098 2977783.9895596025 2495.0266787827727 2300.0
30000.0 40000.0 161.41808203113033 894.4165379971699 258.68195543425634 999.689000000013 163.11492187500698 77685.54987389079 1494.421954275751 3373584.7708697408 2819.533636310438 2300.0
40000.0 50000.0 161.3400195313152 894.4236345880622 244.04565860376428 999.7930000000051 242.19800390623277 73555.0646706426 1357.7615023754788 3083335.832646831 2585.131632934543 2300.0
50000.0 60000.0 55.14695898425998 904.0775491832491 211.57549842494092 999.8069999999716 377.8390234375256 72257.59942379982 1371.030837146095 3142123.2056048587 2634.7837175397735 2300.0
60000.0 70000.0 59.921113281161524 903.643535156258 210.5831437065833 998.195000000007 398.93698242190294 74625.89043967846 1378.3162950682947 3247703.628656099 2576.112962273813 2300.0
70000.0 80000.0 54.181867187609896 904.1652848011264 207.86076499943283 999.9319999999716 427.7080957030994 67654.99802667164 1221.239790240378 3245598.2262998186 2299.76000028443 2300.0
80000.0 90000.0 2278.9060371092637 857.8993292100818 278.56631918093916 999.984999999986 354.8979628906236 54035.672834518824 964.8721743248175 2564552.387440712 1822.180572772282 2300.0
90000.0 100000.0 259.6620996094425 974.0337900390557 72.45823215241427 999.1300000000047 768.097900390625 70858.67666342511 1211.2035822117505 3212942.9145579953 2287.0019974784805 1957.142857142857
100000.0 110000.0 2462.903802734334 753.7096197265666 328.020425012856 999.2390000000014 223.53609960939502 50800.370495668074 855.9957413877787 2223802.0539154303 1591.5657114389212 1500.0
110000.0 120000.0 2419.8462031250237 758.0153796874977 329.9677249013057 999.9899999999907 162.045999999973 53393.46736635331 862.0954831615269 2257627.332140934 1606.3887018126754 1728.5714285714287
120000.0 130000.0 1399.9159316406585 860.0084068359341 259.25520229002535 999.5370000000112 208.49510546872625 62563.414189225856 1097.078821559151 2837478.519114609 2016.7543207937388 2300.0
130000.0 140000.0 74.12105273437919 902.3526315696018 237.90432825570022 998.86599999998 226.8400371093885 70254.24008764546 1258.0069003786539 3387580.633586372 2395.3966299658605 2300.0
140000.0 150000.0 145.70092968753306 895.8453700284061 231.7948591534563 999.2889999999898 268.9360898437444 69590.66029471745 1246.011018113392 3272205.3426357913 2327.123836716618 2300.0
150000.0 160000.0 70.469896484341 902.6845548650599 219.33993883391844 999.9160000000265 346.85501953127095 69726.63695717916 1194.118162650547 3136601.6776504344 2224.765614189175 2300.0
160000.0 170000.0 609.3529707030975 853.6951844815366 271.6840971620949 999.9830000000075 262.01611328125 70056.19407405739 1254.7507180242753 3339698.128096825 2357.815339641909 2300.0
170000.0 180000.0 1399.7451328124735 860.0254867187526 293.855570566348 999.6909999999916 67.29999999998836 64301.5556369 1126.4503276029518 2941653.5324069653 2085.606252262169 2300.0
180000.0 190000.0 53.135066406277474 904.2604485085202 247.87923298524458 999.8680000000168 181.64001953124534 73370.92352101444 1300.0991363000599 3418612.187853267 2423.154357643146 2300.0
190000.0 200000.0 84.62562695302768 901.3976702769975 242.24336095334874 999.6389999999665 212.45608593750512 64001.68076237492 1129.4835352088896 2950617.66737317 2100.0683103584793 2300.0
200000.0 210000.0 101.49534960940946 899.8640591264174 234.88592435800592 999.7380000000121 255.89371289056726 74568.97083478926 1318.0748435513678 3484541.561388322 2468.4086113045432 2300.0
210000.0 220000.0 46.28002539067529 904.8836340553931 218.01684857039217 999.7419999999693 328.1620625000214 69460.70263746098 1223.4433031167428 3234771.7721829605 2294.6551895717753 2300.0
220000.0 230000.0 630.3499824218452 851.7863652343777 280.3338517207674 999.6589999999851 250.1279296875 70743.19170699237 1228.5001875329503 3215771.261447373 2281.155444389473 2300.0
230000.0 240000.0 450.0250312498538 954.9974968750146 89.72689445090428 998.5579999999609 748.6820703125559 72329.1713333403 1265.540382672433 3254586.7497924506 2311.938763782395 2300.0
240000.0 250000.0 690.4989394531585 846.318278231531 326.6407516201457 999.9379999999655 162.92610156245064 69652.25533094813 1211.5647406720957 3087509.9384961734 2197.622154318089 2300.0
250000.0 260000.0 855.3399589842884 914.4660041015711 201.59915685682128 999.8719999999739 371.98300000000745 68031.88810790781 1215.5831158554336 3204078.727360926 2272.578764332552 2300.0
260000.0 270000.0 264.8580429687863 973.5141957031213 73.17876998599519 999.533000000054 765.73095703125 70239.54051885792 1218.9356051475713 3222562.3148940634 2284.285873354535 2300.0
270000.0 280000.0 197.86988476547413 891.1027377485933 240.17114268810622 999.9179999999469 231.7700429687975 70741.36227330474 1248.4224061637983 3257424.5381584624 2310.38444569654 2300.0
280000.0 290000.0 1208.517033202923 879.1482966797078 224.4934407326535 999.9860000000335 328.92492773442063 68020.29156115724 1190.185834660768 3137441.4468567953 2223.854566750984 2300.0
