ts te idle avg_span std_span max_span min_span c_bytes_all c_pkts_all s_bytes_all s_pkts_all video_rate
0.0 10000.0 0.0 0.0 0.0 0.0 0.0 0.0 0.0 0.0 0.0 0.0
10000.0 20000.0 318.91390820313245 968.1086091796867 67.2211127408858 998.4789999999921 781.069091796875 41469.25000835293 441.4231153772636 1055831.4889446916 776.8390071991323 330.6666666666667
20000.0 30000.0 714.4170839843573 844.1439014559675 269.84914993170423 999.8379999999888 194.6799082031357 34655.438128393784 429.70664973816304 1026745.6541611241 736.7529345544234 288.0
30000.0 40000.0 1872.467746093811 812.7532253906189 281.7007984447204 997.2289999999921 182.84326171875 25718.78970191693 326.5435495858265 741546.4237736418 537.8960030948848 288.0
40000.0 50000.0 381.15426171879517 961.8845738281204 59.56695855997046 999.1539999999804 803.5267382812453 34131.522161336354 477.3266852987469 835352.4331205423 603.5120551515595 397.7142857142857
50000.0 60000.0 541.9829179687658 945.8017082031234 159.27168368684232 999.6140000000014 492.55908203125 34436.39823356981 515.6979782235961 859075.677289526 601.7195512076249 480.0
60000.0 70000.0 1750.2721015625284 749.9752634943156 404.4748858111691 999.6930000000284 5.370917968743015 36359.46732062755 509.27655194845767 951902.5090690106 679.2027534470146 480.0
70000.0 80000.0 594.9230683593778 940.5076931640622 150.57307636244684 999.2540000000154 514.159912109375 37475.66736501756 563.5384073433212 992758.9126604622 700.8255169222716 480.0
80000.0 90000.0 620.9210195312626 852.6435436789761 301.8133310746594 999.0 68.389892578125 36118.76849242888 535.4262897784799 929525.3080713165 657.1589352277151 480.0
90000.0 100000.0 4532.822892578086 781.0253010602735 203.1486985762364 993.5119999999879 548.5520000000251 28284.698588356205 393.0607727061452 888436.5929096849 631.0932431953738 480.0
100000.0 110000.0 5414.579000000085 764.2368333333192 259.7104021678136 993.1780000000144 277.17499999998836 38565.0 553.0 1393602.0 983.0 1028.5714285714287
110000.0 120000.0 2334.0007304686587 851.7776966145934 310.5667612302147 999.875 72.55126953125 51426.57674332794 870.0342609462648 2207792.5563224005 1544.868354286797 1500.0
120000.0 130000.0 657.8983808594057 934.2101619140594 153.2462683541962 999.6199999999953 503.410888671875 63730.723938150324 999.5830246710879 2586120.0406473726 1824.9453149804767 1500.0
130000.0 140000.0 807.8499531249981 835.6500042613638 354.15112148244214 999.8339999999735 92.77411132812267 60910.21725190013 1063.9369667940075 2896906.3167898986 2015.4224963850754 2185.714285714286
140000.0 150000.0 70.02297070302302 902.7251844815434 269.42405942363456 999.9569999999949 101.68896484375 64429.600166518176 1160.5081183647662 3052038.8281045244 2123.939942558025 2300.0
150000.0 160000.0 101.43295117188245 899.8697317116471 280.362121150538 999.4780000000028 62.114013671875 69513.28314090667 1244.7250022532878 3273039.177516681 2274.902914779618 2300.0
160000.0 170000.0 1531.0000410156208 846.899995898438 303.96355830503757 999.75900000002 196.77197265625 65408.43746601384 1128.6145257844753 2993003.3724433123 2078.981221820892 2300.0
170000.0 180000.0 57.423082031309605 903.8706289062446 252.27555942554844 999.86599999998 164.087890625 73993.27964900577 1310.3136705580357 3560231.4808925684 2460.9389099527234 2300.0
180000.0 190000.0 147.40781640639761 895.6901985085093 257.8301210511844 998.9749999999767 132.72607421875 66606.75043727951 1161.634049640452 3014614.755290908 2111.8452950387164 2300.0
190000.0 200000.0 138.5821093750419 896.4925355113598 272.921328936964 999.810999999987 83.31396484375 69999.91691453673 1240.4973801400456 3216997.191382112 2228.7673715077267 2300.0
200000.0 210000.0 1015.7708789061289 898.4229121093871 257.1269211105299 999.3969999999972 173.6630859375 69678.33269072967 1205.7099229427927 3248125.934739557 2253.806638296664 2300.0
210000.0 220000.0 666.7107792969327 933.3289220703067 137.61368563946917 999.1979999999749 572.539306640625 72439.55600101293 1235.02503663604 3282066.270462904 2273.9088242294993 2300.0
220000.0 230000.0 174.241312499973 893.2507897727297 226.35894819003767 998.841999999946 425.4246933594113 69683.75100024547 1193.2662510680059 3198447.018761809 2222.4763961596873 2300.0
230000.0 240000.0 406.9020449217642 872.0998140980214 265.059103950088 998.9560000000056 181.27294921875 76206.98132150309 1321.3912135954674 3445294.5893694344 2393.04400688813 2300.0
240000.0 250000.0 78.56998632813338 901.9481830610788 255.54197683092198 999.4440000000177 148.761962890625 67327.83532881933 1168.7019894107211 2941517.40645764 2046.342671366168 2300.0
250000.0 260000.0 466.8368867187528 866.651192116477 293.5985512675877 999.7639999999665 40.278076171875 70283.0865785047 1244.4215722872855 3312827.3423783206 2300.4549485813304 2300.0
260000.0 270000.0 64.21519140631426 903.2531644176078 297.17372159613797 999.9089999999851 7.931884765625 70881.34250838804 1231.706211976998 3325754.951670493 2303.1310757016495 2300.0
270000.0 280000.0 1301.6565761718666 869.8343423828134 268.6439405008983 999.7140000000363 188.34130859375 68149.0442051595 1138.114038859308 3039050.196661954 2123.488937996122 2300.0
280000.0 290000.0 212.62732812506147 889.7611519886308 257.74309599041095 999.7519999999786 137.22998046875 71714.44264371402 1260.9738256875637 3306781.6036801 2300.4769752423927 2300.0
290000.0 300000.0 77.19605664082337 902.0730857599251 265.7076267659939 999.9309999999823 111.096923828125 69944.05172102585 1177.8085247974243 3059105.3557324316 2128.4996838438537 2300.0
