ts te idle avg_span std_span max_span min_span c_bytes_all c_pkts_all s_bytes_all s_pkts_all video_rate
0.0 10000.0 7562.873970703127 812.3753430989576 322.2451742060736 999.2949999999983 440.280029296875 20749.666712573646 317.8244848523908 956682.7237552701 819.76548885851 840.0
10000.0 20000.0 1874.2300566406266 812.5769943359373 294.26235807581764 999.6490000000013 108.14697265625 41078.451375066536 1019.4855601572025 2475700.614610127 2067.7218766158035 1005.0
20000.0 30000.0 2015.4458886718712 798.4554111328129 390.38494026319904 999.8910000000033 24.199000000000524 27984.50733848423 754.1431219599556 1826529.2928689257 1511.8999814349847 1311.4285714285713
30000.0 40000.0 3015.7960859375016 776.0226571180553 384.6076425517096 998.5429999999978 89.16599999999744 24714.13225135052 635.308200948553 1512084.9324580305 1283.3887375617194 1170.0
40000.0 50000.0 155.5110410156267 894.9535417258521 286.2071820862221 999.4470000000001 38.98095703125 37047.632006051725 988.6969212668804 2394059.41080289 1987.6083472576602 1500.0
50000.0 60000.0 67.90595703124563 993.2094042968754 11.74350754436125 999.1370000000024 960.8440429687471 31341.61031647335 823.5417108150176 1979737.0255047563 1642.6155682713224 1500.0
60000.0 70000.0 944.4857128906297 905.551428710937 278.11387040508805 999.8709999999992 114.269287109375 35617.01832802302 956.8252917931097 2326006.3342284556 1929.683861509889 1620.0
70000.0 80000.0 4306.256351562508 813.3919497767846 321.47147088716844 995.7930000000051 114.908935546875 20279.56724724103 496.91747746636185 1182142.5623385874 1007.801677009054 840.0
80000.0 90000.0 4518.549833984362 783.0643094308055 317.2005963519122 997.4070000000065 114.0791015625 19527.655452105704 477.3903465555528 1123148.6132672506 956.3857537532265 840.0
90000.0 100000.0 3244.7970722656173 844.4003659667978 301.50877596820146 999.0329999999958 115.030029296875 23428.18920710402 571.7844531889482 1368389.2706501225 1159.11720011113 1205.0
100000.0 110000.0 114.63813476562791 898.669260475852 293.3378381469232 998.4860000000044 20.44189453125 43172.31996691652 1180.7016310304623 2883753.7498017694 2380.495457688798 2300.0
110000.0 120000.0 1067.1757890625013 893.2824210937499 276.3550960259244 999.5190000000002 114.18310546875 35422.994966056576 901.1865686113741 2187414.684418531 1824.886653165524 1452.5
120000.0 130000.0 3810.970072265627 773.6287409667966 284.4044440024921 999.5480000000098 114.634033203125 24227.564132805157 568.4797835840568 1351686.4009386983 1135.9278816654564 1005.0
130000.0 140000.0 3142.8970664062363 685.7102933593764 395.6656251140631 998.3470000000088 90.22099999999045 25383.65561615344 637.505666419811 1531906.3004120998 1292.5398407748 1500.0
140000.0 150000.0 2564.194962890673 826.2005596788141 295.1198374332673 999.7619999999879 114.10400390625 27192.81031406964 650.0852652144391 1552732.565709717 1307.9701873345266 1237.7777777777778
150000.0 160000.0 113.8627519531874 898.7397498224375 293.04692160611773 999.9700000000012 21.083251953125 45885.53629714921 1199.9080006618876 2933125.9574490036 2425.950307257283 2185.714285714286
160000.0 170000.0 2224.358330078132 863.9601855468742 292.7853808094674 997.7660000000033 98.294921875 26457.98844099643 641.1200178487039 1529381.6813667512 1291.841695801922 1087.5
170000.0 180000.0 2485.2438437499804 834.9729062500022 291.75325365937607 999.4590000000026 97.705078125 20671.09157598324 482.81612123244633 1151860.4988165875 980.3520840789527 840.0
180000.0 190000.0 1111.3457851562998 888.86542148437 281.55464062141164 999.8539999999921 94.67529296875 35015.933082538446 867.8964610516093 2084469.9409017393 1745.7555461606573 1465.7142857142858
190000.0 200000.0 120.9663222656236 898.0939707031251 298.8595318217915 999.9610000000102 0.969970703125 44957.21757300712 1174.4927759184848 2883260.556687379 2380.5222692357497 2300.0
200000.0 210000.0 268.39988671874744 973.1600113281253 54.357950437429594 998.9539999999979 824.736083984375 46438.9891905715 1208.7240437475468 2963638.196224621 2441.584295318779 2071.4285714285716
210000.0 220000.0 872.4220839843911 829.7798105468736 351.2202814869145 999.7030000000086 81.01399999999558 37021.468609278956 933.166095675206 2254155.686788687 1883.1852891342514 1353.3333333333333
220000.0 230000.0 2984.8070000000007 876.8991249999999 314.9130939882767 998.3070000000007 98.43799999999464 30641.0 765.0 1834331.0 1548.0 1445.7142857142858
230000.0 240000.0 3328.5739257812093 833.9282592773488 330.58792553991503 998.9010000000126 97.72607421875 27602.680321749376 694.9122026400452 1685707.1340990239 1400.1002333426704 1331.4285714285713
240000.0 250000.0 2267.3411718749558 859.184314236116 291.7994092112063 998.1430000000109 97.64990234375 25951.59011490204 613.8973299121922 1466305.342266056 1246.790006747904 1087.5
250000.0 260000.0 160.91097070311662 894.4626390269895 293.45308337543855 999.9380000000237 14.804931640625 35964.78241744972 905.8667000817202 2182462.159351806 1823.6699000169458 1700.0
260000.0 270000.0 1132.074818359455 886.7925181640545 301.0026869776495 999.9099999999744 38.01611328125 30180.36614453527 737.6253135247612 1767412.0652033393 1488.6139539124017 1133.3333333333333
270000.0 280000.0 50.98699414066505 994.9013005859335 12.063968176314843 999.6419999999925 960.6528867187444 37489.509512197685 939.5123795521084 2269784.6424045158 1902.4702973385477 1900.0
280000.0 290000.0 2186.679798828147 781.3320201171853 387.81974673707896 999.8979999999865 2.0648808593978174 35334.46516206132 938.2625339814884 2296510.566153362 1897.4222528559987 2300.0
290000.0 300000.0 1893.3943789062323 810.6605621093768 365.99310013678127 999.1790000000037 92.93994140625 34628.25101044615 854.7463120522777 2067915.6268937301 1721.8826945654837 1270.0
