ts te idle avg_span std_span max_span min_span c_bytes_all c_pkts_all s_bytes_all s_pkts_all video_rate
0.0 10000.0 6327.626746093796 918.093313476551 158.6398904128648 998.2229999999981 680.13525390625 35693.1743522122 428.9813584046045 1381213.2030173047 983.4236462439384 840.0
10000.0 20000.0 638.0019843750051 851.0907286931814 260.92298979062946 999.61599999998 314.193746093777 84389.47246550224 1279.7140795618652 3422247.1366148987 2399.781751018617 1238.1818181818182
20000.0 30000.0 66.42821875005029 903.0519801136318 216.82920020391538 999.4110000000219 372.35205078125 67625.14420969301 1210.6237620305471 3259312.426201168 2263.204823421494 2300.0
30000.0 40000.0 67.49201367184287 902.9552714843779 219.8261233551267 999.7810000000172 332.238037109375 67873.39188033999 1218.9536582321794 3165799.4238808337 2204.824066809438 2300.0
40000.0 50000.0 1513.4721171875135 942.9475425347207 109.02729097026734 998.7029999999795 665.901962890639 57281.44726280459 1026.9156772291146 2716406.851433594 1889.142783423135 2300.0
50000.0 60000.0 57.61781249998603 903.8529261363649 272.13018215502194 999.5119999999879 90.6550800781115 72044.2790876688 1316.2486090001714 3522480.7362033576 2433.6957784987753 2300.0
60000.0 70000.0 87.4641894531087 901.1396191406265 262.5189027304733 999.9629999999888 120.55389257811476 67583.94901064488 1230.7758564239145 3286569.479215308 2278.213477779416 2300.0
70000.0 80000.0 1268.5848632811685 873.1415136718831 276.69116662553756 999.8950000000186 115.86808203125838 62017.15451595951 1118.0574417131593 2959264.5338813355 2056.4029224248843 2300.0
80000.0 90000.0 48.2449648436741 904.7050031960297 257.873420371123 999.8680000000168 141.92194531252608 66006.53629791232 1153.8030671331958 3141706.5170625974 2179.63327621391 2300.0
90000.0 100000.0 113.33499023440527 898.7877281605087 251.1959655209641 998.789999999979 167.04291015624767 74731.26375362497 1316.1345793258636 3490034.04274508 2421.5882917690174 2300.0
100000.0 110000.0 94.90101757808588 900.4635438565376 238.63232106585284 999.880999999994 219.4159003906534 68631.4585022699 1219.5887312218206 3185251.3805281483 2208.9933209434253 2300.0
110000.0 120000.0 98.47997070313431 900.1381844815332 230.55600456506698 999.9629999999888 259.5319179687649 65050.144433697584 1139.223898599635 3094307.6066172705 2148.4852105409354 2300.0
120000.0 130000.0 1942.4651113281143 895.2816542968762 229.75748968864443 999.8460000000196 301.2258886718773 56888.58422767001 968.979281123929 2561517.6625991035 1783.610650913015 1766.6666666666667
130000.0 140000.0 1245.2940820312942 972.7451019965229 47.02883231075103 998.9650000000256 855.44091796875 55604.51304963189 896.4289578305317 2375277.5783627676 1662.433761929884 1728.5714285714287
140000.0 150000.0 104.77591601555469 899.5658258167678 258.01796355328423 999.9380000000237 143.86108203127515 67794.48407151003 1189.8650555732017 3097792.7296664678 2156.258855484437 2300.0
150000.0 160000.0 132.63701171876164 897.032998934658 248.0353456942347 999.7260000000242 204.46299804688897 67539.53034421486 1178.7022608341513 3112432.317316137 2162.7293008676156 2300.0
160000.0 170000.0 1100.6820058592712 889.9317994140729 221.20747044819439 999.3460000000196 314.27900976559613 66307.71683082318 1167.9051067107841 3170861.2838204172 2189.328707865301 2300.0
170000.0 180000.0 135.60586718743434 896.7631029829605 268.7497838181117 999.5520000000251 104.83701562497299 70220.36408335826 1232.9183977361731 3241238.023925766 2245.3309652927155 2300.0
180000.0 190000.0 509.05322460934985 862.8133432173319 284.4865795016194 999.8040000000037 192.95288281247485 70578.06009155475 1244.9484449316562 3372777.480697681 2339.2659891244884 2300.0
190000.0 200000.0 1968.6718906249152 892.3697899305649 180.26221035592823 999.2020000000484 564.3069999999716 59109.55728619718 1041.6381832151674 2732403.5972968936 1893.4403058585128 2300.0
200000.0 210000.0 68.49469726567622 902.8641184303931 267.01186515706894 999.9599999999627 108.86699804686941 72332.13797188578 1295.0780526073745 3551639.265337358 2456.8197419678777 2300.0
210000.0 220000.0 1289.2163808594923 871.0783619140508 267.1147438947419 998.0579999999609 148.79169531248044 61072.413381759376 1056.4335211568039 2832109.613548048 1969.2283328008552 2300.0
220000.0 230000.0 114.61766406253446 898.6711214488605 258.368593981038 999.4139999999898 139.02207617182285 79078.89150082482 1319.314916347572 3333080.036250033 2333.5381481692525 2300.0
230000.0 240000.0 183.79501367197372 892.382271484366 253.87039208231255 999.1629999999423 182.07474023441318 81407.61937724333 1389.3905382087805 3619204.5785642816 2514.826651510858 2300.0
240000.0 250000.0 58.40135546878446 903.7816949573833 220.9313769596311 999.9120000000112 317.0967539062258 72429.35520998563 1257.133734743119 3324282.651382205 2307.962569822455 2300.0
250000.0 260000.0 62.05084179691039 903.4499234730082 218.2444074863189 999.9200000000419 349.15810937504284 69411.63799964852 1229.2447137448873 3207375.945985373 2226.188098878308 2300.0
260000.0 270000.0 1916.5210820313077 808.3478917968692 298.9097441438954 999.5899999999674 212.28599999996368 59990.590413735394 1044.0804730154105 2750675.39358275 1909.1683290506771 2300.0
270000.0 280000.0 95.13192968757357 900.4425518465843 273.3164454236858 999.2120000000577 88.51803320308682 68338.05887034237 1216.875302936737 3270796.6961698127 2266.5912550861217 2300.0
280000.0 290000.0 1724.367949218722 827.5632050781278 334.02546800626124 999.2850000000326 157.24596289067995 63961.34476436807 1110.4089014208555 2905772.760113462 2020.345121674508 2071.4285714285716
