ts te idle avg_span std_span max_span min_span c_bytes_all c_pkts_all s_bytes_all s_pkts_all videorate
0.0 10000.0 9884.756999999983 115.24300000001676  115.24300000001676 115.24300000001676 3753.0 13.0 10936.0 14.0 0.0
10000.0 20000.0 1679.5917031249264 924.489810763897 151.5161384332001 999.9070000000065 577.529296875 89511.93755519192 1268.5286416235065 3495224.374735368 2531.0247803556895 1064.6153846153845
20000.0 30000.0 59.67537695309147 903.6658748224462 208.53118426477428 999.7160000000149 415.3117031250149 67136.88397063263 1234.6530950462407 3223766.0909812306 2229.15293404616 2300.0
30000.0 40000.0 667.4178417968214 848.4165598366526 308.96265940649033 999.9290000000037 66.705078125 69287.25594546928 1264.2961383182837 3298032.972233792 2285.275342643853 2300.0
40000.0 50000.0 553.783167968737 944.6216832031263 139.3439243811018 999.3009999999776 556.98291015625 65043.423547198996 1188.641674846293 3096669.261021284 2144.771198143946 2300.0
50000.0 60000.0 109.7169667967828 899.1166393821106 216.31669186280877 999.8300000000163 427.88608984375605 66651.61136176428 1218.6613347526493 3164761.483042336 2199.8690533240515 2300.0
60000.0 70000.0 46.73162695317296 904.8425793678933 206.56968655332076 999.8640000000014 473.54931640625 62589.046309541416 1146.1693171808274 2940108.344851189 2042.615685403918 2300.0
70000.0 80000.0 544.7902304687304 859.5645245028427 307.60501638421795 999.7789999999804 39.2880859375 73093.05747337293 1291.1438544056666 3300368.5990168774 2289.360652006677 2300.0
80000.0 90000.0 66.50804882810917 903.0447228338082 294.29404950102844 999.6520000000019 16.488037109375 74802.71865649405 1319.0865023252409 3437843.4628060875 2381.5140545648856 2300.0
90000.0 100000.0 612.2437460937654 938.7756253906234 138.1108300009398 999.9259999999776 567.123291015625 68908.85800242322 1220.760432142891 3234174.6236393857 2241.9825614443935 2300.0
100000.0 110000.0 88.54939843754983 901.0409637784046 213.04081096393278 999.994000000006 422.455708984402 69963.29379525247 1199.6694170652916 3118070.8891814398 2170.5877539800204 2300.0
110000.0 120000.0 57.376904296979774 903.8748268820927 206.39764159773605 999.9899999999907 476.4201074218727 71336.13919931864 1268.139392837162 3298316.413173588 2289.3263390625143 2300.0
120000.0 130000.0 1507.7170878906036 772.0257192826724 338.2232684615542 999.9810000000289 64.597900390625 61068.17828725403 991.2855617760496 2409291.747575474 1676.630411370006 1635.0
130000.0 140000.0 599.6189179688226 940.0381082031178 137.617339235549 999.9309999999823 557.531982421875 57469.894541011854 928.9026484203116 2400701.864185378 1680.9599470293115 1500.0
140000.0 150000.0 163.1856621094048 894.255848899145 220.7760839951066 999.6230000000214 436.17701757809846 50776.05009112458 837.2609790094897 2169190.0763897533 1533.3860150034775 1500.0
150000.0 160000.0 894.3224335937994 827.788869673291 316.0501854818561 999.7849999999744 54.35888671875 66971.25042314106 1109.1883047483507 2812549.1944414605 1963.2781673178492 1957.142857142857
160000.0 170000.0 533.3108613282093 946.6689138671791 136.28355156872038 999.609999999986 562.426025390625 69345.12442164747 1200.2983018570844 3124760.788038688 2172.2926786808384 2300.0
170000.0 180000.0 827.448025390564 833.8683613281305 312.3401151977324 997.3890000000247 66.625 71131.66378900377 1266.606145812142 3324916.2376878783 2304.6173450447286 2300.0
180000.0 190000.0 575.677064453077 942.4322935546923 133.44847960757522 998.1560000000172 568.283935546875 68000.94395282147 1178.3112332247208 3108782.8106844486 2159.6982167248266 2300.0
190000.0 200000.0 89.93494531256147 900.9150049715853 212.63730010063819 999.6909999999916 431.1730644531199 70130.06556266597 1253.516324762607 3251073.690348342 2254.2773349506488 2300.0
200000.0 210000.0 71.09207421872998 902.6279932528428 209.70556505104233 999.9429999999702 472.638916015625 70549.01193242431 1248.0261073248919 3234324.775144222 2247.2495540809355 2300.0
210000.0 220000.0 69.30701757816132 902.790271129258 211.0631494273657 999.9279999999562 434.7958984375 68910.40781558122 1231.967934578224 3202362.920648209 2219.3566589371158 2300.0
220000.0 230000.0 578.5279062499758 856.4974630681841 293.89116311601634 999.984999999986 72.6669921875 69005.77433494448 1221.2107393550364 3152269.1936692433 2186.4584491456367 2300.0
230000.0 240000.0 536.8698925782228 946.3130107421778 131.98525579283648 999.9799999999814 576.152099609375 70961.83000495484 1266.7561618068817 3286868.158839152 2277.1585115972125 2300.0
240000.0 250000.0 1611.3090156249236 838.8690984375077 218.3218526156578 999.7090000000317 421.9839003906818 63739.045226553186 1063.839299350397 2680255.105356406 1875.9192252088937 2000.0
250000.0 260000.0 275.5982031249441 884.0365269886414 260.53518735647566 999.8839999999618 216.99391601560637 67838.39973439813 1191.9739394211863 3079886.977691551 2139.782428996371 2300.0
260000.0 270000.0 534.9927968751872 860.4552002840738 303.49528132959534 999.8469999999506 82.986083984375 66204.68002873703 1198.2351444044216 3129385.0634731934 2164.795003178448 2300.0
270000.0 280000.0 59.12215625005774 903.7161676136311 286.04267626717075 999.9300000000512 44.450927734375 72523.69551600543 1249.9318934994055 3279813.236634025 2275.934047268612 2300.0
280000.0 290000.0 547.9716249998892 945.2028375000111 130.10179758593623 999.3959999999497 580.185302734375 74179.37810833644 1299.6494144417327 3386642.673214385 2349.036292826207 2300.0
290000.0 300000.0 128.86230273428373 897.3761542968833 218.8423875940524 999.3299999999581 419.7806972656399 73584.38041273487 1208.290065663015 3120734.971295613 2175.689357662772 2300.0
