ts te idle avg_span std_span max_span min_span c_bytes_all c_pkts_all s_bytes_all s_pkts_all video_rate
0.0 10000.0 8849.383027343778 575.308486328111 587.1270432100889 990.4699999999721 160.14697265625 9455.187639295218 46.04555286378221 111135.43465726051 87.02796028716384 480.0
10000.0 20000.0 126.6029863281874 897.5815466974375 272.91864658695704 999.0480000000098 87.010986328125 52143.707175780146 655.9780300593211 1637632.1208701623 1193.2831511577085 304.0
20000.0 30000.0 1257.3459414061508 874.2654058593849 240.4816346631605 996.6620000000112 294.446044921875 37976.61083645073 508.4256597655857 999905.2693621088 710.6360053232513 495.0
30000.0 40000.0 280.97993750002934 883.5472784090882 244.5996616984736 999.8159999999916 194.235107421875 28121.51231344932 367.54966717448235 700529.4013241548 512.7177330038287 288.0
40000.0 50000.0 1938.1131855468848 895.7652016059017 212.60694371142029 995.9959999999846 352.9189999999944 31520.494555526337 429.3801147106378 779869.4548983457 568.4156289238806 288.0
50000.0 60000.0 2034.4840078124544 796.5515992187545 362.66452672159863 998.1849999999977 11.928078124998137 28739.023507206744 377.1989910825765 714272.3486437742 522.1795734921195 288.0
60000.0 70000.0 225.88302343746182 888.5560887784126 253.34242888591552 998.8310000000056 166.837890625 28079.281588525177 353.8239640550405 666779.5203148556 493.3429173791869 288.0
70000.0 80000.0 4356.41985937499 705.4475175781263 366.58075453868645 998.2509999999893 0.0 26868.43615951482 335.97328748476946 807634.9260459801 584.295267807416 524.5714285714286
80000.0 90000.0 3670.0790859374683 791.2401142578165 341.20809392348474 998.6419999999925 0.0 46801.53320769631 731.6041132968671 1940896.4814451982 1362.1138395559624 1217.142857142857
90000.0 100000.0 2436.6868574218825 756.3313142578118 378.9388886290437 998.1990000000224 7.588054687483236 49340.29659599617 816.0901046163276 2098503.4421811625 1470.660616581483 1500.0
100000.0 110000.0 1567.5120878907037 766.5898101917542 344.19729944098043 999.1529999999912 135.61791210935917 52861.91642055902 872.9305148906096 2194216.600256997 1535.3273064879995 1500.0
110000.0 120000.0 610.2078925781534 938.9792107421847 185.7507827628418 999.9340000000084 410.360107421875 65833.64236467498 1153.7055803574785 3074586.3066123147 2140.666096230793 2300.0
120000.0 130000.0 49.75108593754703 904.5680830965866 211.80627896236288 999.63400000002 383.322021484375 72551.07913957805 1286.6419827452569 3337998.558971351 2323.9495136753135 2300.0
130000.0 140000.0 2140.0710507812328 785.9928949218768 331.4972202296618 999.5470000000205 101.82199999998556 49711.79049910995 904.1329201990778 2395982.559427667 1669.1018769084872 2300.0
140000.0 150000.0 915.8880820312188 908.4111917968781 194.19990095307213 999.4220000000205 431.50599999999395 70279.00788178977 1170.810105845799 3163860.172270862 2192.0219052530338 1855.5555555555557
150000.0 160000.0 803.2909628906054 836.0644579190358 354.8863099429182 999.9880000000121 19.735111328132916 65609.07740920837 1137.7970548547673 2971378.8125504917 2066.2119921146636 2300.0
160000.0 170000.0 123.31201171880821 897.880726207381 244.7842036205404 999.734999999986 188.9619140625 69682.13217568646 1234.1703385646979 3335835.026668731 2315.649251328723 2300.0
170000.0 180000.0 251.79491406248417 974.8205085937516 58.819456467635455 999.7469999999739 808.117085937527 64826.2705299524 1123.7420174329222 2961889.5634985827 2070.399364488986 2300.0
180000.0 190000.0 67.81710742186988 993.218289257813 12.302872943149984 999.5740000000224 958.514892578125 68833.48713819322 1211.509105431351 3232862.0311681605 2251.9772340375625 2300.0
190000.0 200000.0 73.108941406128 902.444641690352 287.09720398333974 999.7839999999851 40.95510742184706 66285.71207625972 1162.166991518167 3134981.949486929 2179.835430459208 2300.0
200000.0 210000.0 964.493007812649 821.4097265624864 336.55518227169887 999.920999999973 90.10104882810265 65858.69255478351 1139.0157613324354 2965602.978953489 2069.0853869849166 2300.0
210000.0 220000.0 82.78395703120623 901.5650948153449 244.43426301382257 999.9050000000279 195.260986328125 73761.27018955178 1311.5024749618144 3547429.1492932145 2453.969046672123 2300.0
220000.0 230000.0 240.17898632818833 887.2564557883466 299.9613169905466 999.8149999999441 0.0 68346.83804121177 1201.805666756232 3143152.8910982064 2188.1329018461893 2300.0
230000.0 240000.0 2489.106083984254 938.8617395019683 151.12116626601704 997.51800000004 565.155999999959 62270.292353092234 990.7994841322139 2597432.828191071 1807.61657239137 1800.0
240000.0 250000.0 1055.831996093737 813.1061821732966 345.0372989007615 999.3530000000028 17.530083984369412 68976.81784879375 1170.2796227507145 2972966.80039102 2069.394009443415 2300.0
250000.0 260000.0 1421.7038496093592 857.829615039064 244.6560067575599 998.7550000000047 303.8720703125 66462.21910164917 1150.2345322325903 3062120.750996465 2124.4483572689032 2300.0
260000.0 270000.0 49.95305468735751 904.5497223011494 225.1776498181506 999.7970000000205 284.916015625 74319.10448685152 1320.647920428123 3580188.9429147444 2472.037133969958 2300.0
270000.0 280000.0 116.03510546882171 898.542263139198 236.28747905391597 998.7530000000261 233.35791015625 70864.02469692669 1224.929997379915 3224406.8726953063 2240.4551632821426 2300.0
280000.0 290000.0 136.13492773415055 896.7150065696227 253.8210570438007 999.9780000000028 165.031982421875 64443.916278138306 1136.1488572280105 2954180.5740695465 2055.1233314920505 2300.0
290000.0 300000.0 52.75598437502049 904.2949105113618 256.61136038050404 999.5999999999767 145.197998046875 77001.3683265197 1340.4570630316257 3533999.708861798 2448.138956129885 2300.0
