ts te idle avg_span std_span max_span min_span c_bytes_all c_pkts_all s_bytes_all s_pkts_all videorate
0.0 10000.0 8653.841068359383 673.0794658203085 461.24509459857575 999.2289999999921 346.929931640625 17284.84699105398 166.575757850711 409630.5852195964 354.69810667753285 480.0
10000.0 20000.0 676.1439707031823 847.6232753906198 306.29058858857246 999.7199999999721 15.5849609375 73313.22896028416 1136.646040491698 2926413.1226839535 2129.3543283272834 1086.6666666666667
20000.0 30000.0 60.472695312520955 993.9527304687479 5.620623843558333 999.6539999999804 980.4840390625177 69843.81316813044 1304.6002307512533 3321547.4478997947 2304.6628115450435 2300.0
30000.0 40000.0 1318.3583359376062 789.2401512783995 389.35912337185374 999.9239999999991 1.1477343749720603 59086.48603921193 1066.0803047977677 2698778.321356251 1881.5082225683193 2300.0
40000.0 50000.0 58.872005859273486 994.1127994140727 10.485845364245113 999.9880000000121 966.2390703125275 73943.94152500211 1368.8948003011349 3558841.8653840683 2461.62028254553 2300.0
50000.0 60000.0 85.90303710935405 901.2815420809678 296.56507179721797 999.7189999999828 8.891076171887107 63810.12882269666 1179.8620639193182 3129236.33052204 2176.44435657576 2300.0
60000.0 70000.0 552.4098007812863 858.8718362926103 296.72210765663664 999.2239999999874 64.35011328122346 63541.64073203201 1159.1581393450108 3053813.8983323243 2133.2295029161987 2300.0
70000.0 80000.0 653.4339960937505 849.6878185369318 321.54387093657004 999.8919999999925 7.76708984375 69166.27229666164 1230.1968761749692 3181658.7962635746 2210.300171738364 2300.0
80000.0 90000.0 713.5150976562873 928.6484902343713 148.5740409996069 999.5599999999977 560.2919921875 68391.89826355377 1208.307576624406 3077727.5028914604 2140.074720104838 2300.0
90000.0 100000.0 579.55510937504 856.4040809659055 316.173957928349 999.8369999999995 46.1298828125 70957.01783640837 1260.2535539315454 3289463.8135192054 2286.0542491170186 2300.0
100000.0 110000.0 91.58793749997858 990.8412062500022 15.123112407577743 999.4430000000284 950.0831171874888 68969.28315037215 1231.6895160736217 3150995.2153110146 2200.4125528969466 2300.0
110000.0 120000.0 328.99604492186336 879.1821777343761 293.39552210723866 999.9400000000023 15.483054687501863 71010.67673863156 1263.2938322378461 3187473.647160286 2218.340795912489 2300.0
120000.0 130000.0 2152.7146113280905 713.3895807883554 404.0025029854691 999.8929999999818 93.04300000000512 60316.70148628778 1060.5087051661544 2810898.2419781117 1953.9090859596702 2300.0
130000.0 140000.0 55.918333984329365 904.0074241832427 207.40718673380874 999.9619999999995 451.303955078125 74347.26292809332 1333.1502887118593 3559773.117730514 2464.3080453381563 2300.0
140000.0 150000.0 1943.7827089843922 805.6217291015607 339.9109956166945 999.9810000000289 7.92724609375 62283.02482272729 1080.4048129590208 2870346.220538733 1998.9801369499817 2300.0
150000.0 160000.0 88.79231640626676 991.1207683593733 10.275669217009451 999.0659999999916 971.7529296875 75359.92517854404 1321.8906269588233 3425896.895991178 2371.730933553239 2300.0
160000.0 170000.0 120.5926308594644 898.1279426491396 291.10857685163097 999.9610000000102 25.004070312483236 68099.08873288042 1221.6479553643442 3242397.580243121 2249.4616442607007 2300.0
170000.0 180000.0 700.0733749999781 845.447875000002 291.1098120627056 999.9660000000149 98.70470117189689 72355.61745226287 1253.6208387401643 3243608.9020745293 2254.0227679919567 2300.0
180000.0 190000.0 94.31386718741851 900.5169211647801 209.09611758280738 999.939000000013 442.1790761718876 70970.67242828518 1256.1095108936177 3266798.730756855 2263.584832256006 2300.0
190000.0 200000.0 616.9281582031399 853.0065310724418 321.38956750494833 999.7849999999744 1.2958984375 66690.35512788311 1109.3045945723452 2881250.578511255 2009.6205079773824 2300.0
200000.0 210000.0 110.16298828140134 988.9837011718598 21.762697211950982 999.8029999999562 928.10791015625 69660.13535717259 1226.6543059567944 3149532.9504223154 2195.423823940914 2300.0
210000.0 220000.0 188.48194921866525 891.9561864346668 277.8797115267327 999.7299999999814 68.23408984369598 74886.17025444625 1246.4101559811888 3265499.6313323244 2270.2774895671737 2300.0
220000.0 230000.0 705.694646484335 844.9368503196059 277.81518139353784 999.2330000000075 166.75803906249348 70404.18903878573 1234.8112695859613 3197496.5230411533 2216.3751009553735 2300.0
230000.0 240000.0 90.47939843754284 900.8655092329507 213.38332368730022 999.8630000000121 443.7666855468415 70650.95002467673 1246.152843884703 3280595.6251790635 2282.0253570085615 2300.0
240000.0 250000.0 1157.1418203124776 803.8961981534111 324.33292479528654 999.4030000000494 21.798095703125 63607.50384624885 1118.43886422694 2950836.760930825 2051.812719119802 2300.0
250000.0 260000.0 87.50483398430515 991.2495166015694 9.926200339494862 999.4479999999749 971.59326171875 71760.60751337891 1265.8983410538615 3322407.97032586 2299.1985480204685 2300.0
260000.0 270000.0 209.03795703104697 890.087458451723 291.11096303072003 999.844000000041 27.939738281304017 70634.9557542558 1269.9848193928215 3295967.4435305363 2286.5549386339308 2300.0
270000.0 280000.0 582.0063046874711 856.1812450284117 284.8582788695312 999.9409999999916 186.2406953125028 75038.6055300323 1283.4533740521174 3228032.280870054 2239.0139675413593 2300.0
280000.0 290000.0 1052.4570937500102 994.1714340277766 11.244136402134046 999.5250000000233 964.62890625 67398.93784698876 1174.1949014336615 3035016.565207943 2109.610089791079 2300.0
290000.0 300000.0 59.20779492193833 903.7083822798238 289.4600743442031 999.9030000000494 33.06209374999162 69424.6644168936 1240.0850680528808 3211821.406800615 2237.4732410812226 2300.0
