ts te idle avg_span std_span max_span min_span c_bytes_all c_pkts_all s_bytes_all s_pkts_all video_rate
0.0 10000.0 9130.5966796875 869.4033203125  869.4033203125 869.4033203125 9420.551344354382 61.788373713548374 216524.73692675217 158.38709881501134 480.0
10000.0 20000.0 938.0063964843866 823.8176003196012 303.3663701286701 999.8279999999795 129.61367968749255 53506.1962397745 645.4523399048445 1598087.3197306131 1167.58102045549 420.0
20000.0 30000.0 129.0030175780994 897.3633620383546 216.69108828375397 999.1780000000144 376.87890625 40679.702838825106 634.7756446711899 1362597.9730363893 959.0089809324348 840.0
30000.0 40000.0 2064.3596484375885 881.7378168402679 201.77939918945475 998.3829999999725 451.4892578125 33730.99088941167 514.7661816796877 1132500.340987041 809.1197258776319 840.0
40000.0 50000.0 198.9412910156534 891.0053371803951 218.2599844381159 998.3790000000154 369.240966796875 41264.06391980809 599.011901698141 1120479.1873040844 802.7848819068773 525.0
50000.0 60000.0 260.596929687541 885.4002791193144 254.97734959868922 999.1140000000014 191.988037109375 38216.841228244666 576.0214158164625 963560.0859735191 679.2518332429729 480.0
60000.0 70000.0 1054.0611210937495 894.5938878906251 180.52309090534658 995.835000000021 416.263916015625 35544.48223437638 519.4114209914485 936879.8193728464 681.6301043300977 480.0
70000.0 80000.0 2789.8869296875782 801.123674479158 213.85426848074968 996.2889999999898 450.760986328125 36155.52382648741 511.3085995657854 1166315.5093770104 841.7111964078824 685.7142857142857
80000.0 90000.0 2861.5389863281744 793.162334852425 351.93057692703036 997.4839999999967 0.0 41871.64747871779 649.4641219588921 1650371.0272917442 1176.5251580316017 1280.0
90000.0 100000.0 3018.442033203086 872.6947458496143 234.77781874677487 998.0779999999795 403.115966796875 56165.95307453923 930.6253462096013 2356590.1191859366 1651.4956477096482 1500.0
100000.0 110000.0 142.00105273426743 896.1817224787029 221.4619604855747 999.9780000000028 333.7119140625 67542.29055535146 1162.1103456079572 3053708.1192609877 2126.3195610817374 2185.714285714286
110000.0 120000.0 52.9540097657009 904.2769082031181 223.3723795919407 999.2829999999958 301.451904296875 72954.58471311179 1303.678540132135 3545857.093441382 2459.963769761592 2300.0
120000.0 130000.0 1238.775001953065 876.1224998046935 187.0625701347841 999.7370000000228 446.39990234375 57474.46236593681 1020.5425097136642 2717533.6183769745 1893.4744307206313 2300.0
130000.0 140000.0 576.7409023438231 856.6599179687433 312.7336896261201 998.0949999999721 0.0 62676.70929106071 1052.0432583366426 2715114.049734719 1900.7465907263904 1900.0
140000.0 150000.0 1650.3318828124902 927.7409019097233 202.68012883281 998.7170000000042 387.3701171875 57495.916238733196 931.9356116695765 2419582.103848031 1690.318052536576 1800.0
150000.0 160000.0 64.77303906262387 903.2024509943069 217.5470170990057 999.5999999999767 348.580078125 75040.37195305827 1309.3543658054846 3461890.749222616 2398.710470915546 2300.0
160000.0 170000.0 1151.9778007813147 884.8022199218685 227.9796850950521 998.9070000000065 389.50927734375 63294.568539753825 1102.2469774217814 2972610.1468802085 2067.0176197647206 2300.0
170000.0 180000.0 217.17229296878213 889.3479733664743 246.01561860953183 999.9519999999902 234.833984375 71756.12566282334 1260.4225181967495 3342992.387001774 2317.599440083866 2300.0
180000.0 190000.0 2128.6330019531306 874.5963331163189 198.72637035058293 997.7249999999767 400.156982421875 57954.570453883054 985.5300740705796 2635652.139246635 1835.13869144209 1842.857142857143
190000.0 200000.0 123.09794335934566 897.9001869673322 221.0027069723524 999.2090000000317 335.7900390625 67534.07602934784 1139.8732358665704 2971211.6706989817 2074.6131038439435 2185.714285714286
200000.0 210000.0 218.11303906259127 889.2624509943099 266.4182849250508 999.6840000000084 144.69999999995343 72793.37112240048 1310.637216969258 3513050.8031017534 2426.602621413257 2300.0
210000.0 220000.0 1589.6439218750456 934.4840086805505 190.70572891641942 999.9379999999655 425.955078125 65044.45541766577 1124.274949018425 2951030.3777877768 2042.9933731320775 2300.0
220000.0 230000.0 2017.2750585937174 798.2724941406283 339.14584350612364 999.7049999999581 26.712000000057742 57893.21381904951 984.5663191967544 2652246.871495427 1849.8040979671357 2071.4285714285716
230000.0 240000.0 1968.5861367186299 803.1413863281371 315.06673088795077 998.5550000000512 117.21200000005774 56298.49590619846 901.8937614035764 2384480.9153026533 1675.2202325216147 1842.857142857143
240000.0 250000.0 125.65876367187593 897.6673851207386 228.34061217740748 999.8959999999497 343.922119140625 67263.96129609297 1092.137567719226 2886501.604238849 2016.9058394858453 1600.0
250000.0 260000.0 1739.5821562500205 826.041784374998 299.8538344295229 999.2550000000047 168.42799999995623 60341.90860949245 1049.9350479581499 2728877.337439912 1899.1445442610095 2185.714285714286
260000.0 270000.0 112.92684374982491 898.8248323863795 216.70489648704327 999.9459999999963 388.297119140625 66302.23905485765 1124.5885525908755 2945944.5779227195 2051.7092244710702 1957.142857142857
270000.0 280000.0 1426.0789980470436 857.3921001952956 273.22260053664985 999.6899999999441 279.87688085937407 57515.39927280731 942.1682907146205 2479691.198608281 1730.1035086021952 1800.0
280000.0 290000.0 1790.2182109374553 820.9781789062545 299.5207643782954 999.9449999999488 186.43900000001304 54155.77930358841 886.9682306276588 2260816.929776098 1589.252990588358 2300.0
290000.0 300000.0 1431.0435976561857 856.8956402343814 229.05440864280814 999.9620000000577 446.9453125 69250.70430075552 1130.793952302819 3024812.926525695 2103.7234473022436 1855.5555555555557
