ts te idle avg_span std_span max_span min_span c_bytes_all c_pkts_all s_bytes_all s_pkts_all video_rate
0.0 10000.0 0.0 0.0 0.0 0.0 0.0 0.0 0.0 0.0 0.0 0.0
10000.0 20000.0 1196.5230878905859 880.3476912109414 276.6287485886907 998.420999999973 142.284912109375 96098.81988795697 1230.8198863908651 3419062.3750633094 2470.9403409526926 1064.6153846153845
20000.0 30000.0 52.03880273440154 904.3601088423271 263.24743196667345 999.8069999999716 121.037109375 69543.77003036202 1285.7100111239904 3295447.3348816284 2287.2701628066748 2300.0
30000.0 40000.0 375.63615429680794 962.4363845703192 61.58355929603082 999.6140000000014 824.678955078125 64952.263882856816 1205.1525399701284 3135971.730959893 2176.55839493542 2300.0
40000.0 50000.0 558.9460429686587 858.2776324573947 295.0758421329743 999.579000000027 169.1510449218913 64211.80562669833 1176.5300810951999 2981475.0172537942 2070.820858898599 2300.0
50000.0 60000.0 57.30501562496647 903.8813622159122 220.29005213519844 999.6589999999851 331.618896484375 71603.60111709184 1321.9824432878436 3346486.8625886263 2321.845971869114 2300.0
60000.0 70000.0 453.4206035156385 867.8708542258511 268.66077965386125 999.9099999999744 134.42529296875 63397.552996338876 1183.06515459417 3087311.7076157024 2150.3876102646755 2300.0
70000.0 80000.0 330.17829296865966 966.982170703134 62.22123181056563 998.6120000000228 836.579000000027 63550.18645869515 1212.7398835378028 3137109.971637046 2177.176660272824 2300.0
80000.0 90000.0 230.13510742189828 976.9864892578101 60.589400000767974 999.0079999999725 804.639892578125 66789.89109442328 1197.3205978689407 3137037.0176689494 2178.8534343213264 2300.0
90000.0 100000.0 917.1808925782098 908.281910742179 252.32974541042978 999.8829999999725 194.82010742189595 62455.10890557673 1145.6794021310593 2999995.9823310506 2083.146565678674 2300.0
100000.0 110000.0 906.9790937500075 909.3020906249992 276.11722290160475 999.9479999999749 123.50390625 75503.05538269081 1209.978867185226 3263640.2266504257 2265.7419999959848 2300.0
110000.0 120000.0 62.319000000017695 903.4255454545438 269.4529448050248 998.2110000000102 98.75390625 69741.20586291846 1255.6190421218646 3338934.8969030427 2314.5643797243592 2300.0
120000.0 130000.0 294.7419062500121 970.5258093749987 57.88162350275088 998.8699999999953 830.1680000000051 67252.73875439074 1213.4020906929095 3100479.876446532 2147.693620279656 2300.0
130000.0 140000.0 226.05169140623184 977.3948308593768 60.46279155060323 999.9880000000121 805.84130859375 69332.98512635767 1227.7976488603258 3193456.8249873566 2216.7896754364624 2300.0
140000.0 150000.0 632.4612128905719 851.5944351917661 288.4369447140623 999.1049999999814 191.96169140626444 69768.86228353844 1223.3371825892655 3073250.2035037046 2138.622126223224 2300.0
150000.0 160000.0 567.2467890624539 943.2753210937547 118.62461856239234 999.8219999999856 628.3869042968727 89828.25622902336 1269.8151754794176 3314091.9507502196 2317.9573300491847 2300.0
160000.0 170000.0 36.996417968766764 905.7275983664757 260.8078604303871 999.9610000000102 132.22469335939968 67767.01843837081 1230.6051811953557 3243384.7016723654 2254.314035307457 2300.0
170000.0 180000.0 49.824775390618015 904.5613840553983 253.8785434858612 999.9110000000219 157.65311132813804 65793.8641947395 1157.5145689757453 3076247.952161245 2135.114055089053 2300.0
180000.0 190000.0 54.550117187493015 904.1318075284097 246.04963706937937 999.5069999999832 186.63888671877794 74242.4984883588 1256.1274538356347 3235633.280109263 2249.7456632916237 2300.0
190000.0 200000.0 602.4060585936531 854.3267219460315 287.27468472031325 999.9110000000219 208.19700390624348 75243.75376736773 1294.6806942731716 3398140.080142966 2366.3878388061644 2300.0
200000.0 210000.0 867.8959648437449 913.2104035156256 125.04979778028296 999.3050000000512 638.499062500021 66679.78210434147 1205.5534448274827 3104498.232847716 2164.2478062202717 2300.0
210000.0 220000.0 56.970853515551426 903.9117405894954 259.91215231121055 998.4329999999609 131.83502734370995 71144.08135573659 1307.8469311351198 3324743.5868235943 2302.9818091071584 2300.0
220000.0 230000.0 1236.21422265633 876.378577734367 264.37312167929906 997.3969999999972 149.77388085937127 65119.59645656575 1122.1693394230074 2858835.574848602 1991.6264955554616 2300.0
230000.0 240000.0 1930.6307910155738 806.9369208984426 357.96802683253526 999.8860000000568 128.8591035156278 61044.261316408694 1064.825786889843 2827707.729669955 1964.1918150697866 2300.0
240000.0 250000.0 45.36008789064363 904.9672647372142 261.6029428461992 999.9899999999907 127.218017578125 75242.06331313458 1343.5354163445434 3558760.9634413407 2460.843266833825 2300.0
250000.0 260000.0 335.8059140626574 966.4194085937343 51.00906244977336 998.1049999999814 868.2369824218331 72184.96459670007 1292.9899267177834 3293082.62806914 2291.396890880485 2300.0
260000.0 270000.0 94.48914453107864 900.500986860811 279.7355308206971 999.1189999999478 62.11489648441784 65164.69902705832 1171.5099854866696 3091292.890159327 2148.9747406057695 2300.0
270000.0 280000.0 503.5539589843247 863.3132764559705 287.9409440540485 999.4399999999441 101.81304101564456 68454.31330229822 1169.6912639666343 3068589.4008132042 2133.806451524073 2300.0
280000.0 290000.0 178.18001757806633 982.1819982421933 50.98226596740062 999.890000000014 837.156982421875 79446.95838949557 1305.912678783612 3400226.9648244986 2361.3777871028497 2300.0
290000.0 300000.0 571.167099609389 857.1666273082374 301.27813703387943 999.9899999999907 162.5370175781427 78547.22157828532 1309.4778343359649 3335397.0271456237 2335.2289566782265 2300.0
