ts te idle avg_span std_span max_span min_span c_bytes_all c_pkts_all s_bytes_all s_pkts_all video_rate
0.0 10000.0 9641.35009765625 358.64990234375  358.64990234375 358.64990234375 4108.01019437187 32.18423479745567 86787.13966534128 68.34629636763059 0.0
10000.0 20000.0 3732.4019023437286 783.4497622070339 344.08465563188724 999.7270000000135 25.23399999999674 55167.98980562813 732.8157652025443 1907596.8603346588 1449.6537036323693 480.0
20000.0 30000.0 3544.6719999999623 806.9160000000047 361.2836385852948 999.5489999999991 85.47399999998743 50530.0 818.0 2141197.0 1507.0 1500.0
30000.0 40000.0 3931.1419999999925 758.6072500000009 441.506660565435 999.9959999999846 42.852000000013504 41424.0 684.0 1769410.0 1249.0 1500.0
40000.0 50000.0 3477.5839999999152 815.3020000000106 357.1689091448334 999.6780000000144 47.29700000002049 50839.0 861.0 2121761.0 1493.0 1500.0
50000.0 60000.0 2802.351000000024 899.706124999997 195.88494875413576 999.5540000000037 466.34700000000885 59518.0 990.0 2517746.0 1762.0 1500.0
60000.0 70000.0 2332.710999999952 958.411125000006 72.15626622118162 999.3979999999865 822.6570000000065 56130.0 908.0 2346557.0 1646.0 1728.5714285714287
70000.0 80000.0 1684.411999999953 923.9542222222275 211.31080184279847 999.2220000000088 360.51699999999255 57433.0 980.0 2495763.0 1754.0 1500.0
80000.0 90000.0 248.1589179688017 975.1841082031199 66.20662493129383 999.8510000000242 787.18408203125 71746.13959333285 1231.980253163312 3256505.205259143 2266.960506326624 2300.0
90000.0 100000.0 3113.7440820312477 765.1395464409725 373.9157136955083 999.6350000000093 85.94799999997485 51877.860406667154 961.019746836688 2426690.794740857 1684.039493673376 2300.0
100000.0 110000.0 136.7040546874632 986.3295945312536 33.59940656542384 999.6550000000279 890.9189453125 67231.37280661023 1126.7276480247883 2915329.1925767106 2036.8184320165255 1500.0
110000.0 120000.0 228.98605859372765 888.2739946732975 278.0840671133953 999.3319999999949 88.95705468748929 74604.9441870539 1256.8516454794126 3228905.695111746 2260.6631813258778 2300.0
120000.0 130000.0 103.1508925781236 899.7135552201706 229.09870821977674 999.734999999986 278.9501132812584 70964.29884029509 1213.2499466039992 3096130.9087969693 2148.8625068619754 2300.0
130000.0 140000.0 1448.3960527343443 855.1603947265655 287.84482819337455 999.8530000000028 284.51600000000326 64245.08882595586 1127.149372715346 2912152.0951541527 2022.6131054427144 2300.0
140000.0 150000.0 246.61499609373277 886.6713639914789 287.67694460859514 998.7839999999851 51.241058593732305 72260.629222374 1163.694932349439 2982395.124010501 2087.236748740611 2300.0
150000.0 160000.0 1977.0699296875391 891.4366744791623 243.7793335964278 999.8240000000224 258.30005468748277 63162.081129611644 1073.275793576226 2717420.913394938 1894.0141158018598 1728.5714285714287
160000.0 170000.0 92.42176757816924 900.6889302201664 284.74909836193825 999.039999999979 46.156984374974854 69940.61333174646 1226.8328015966038 3146032.054447975 2191.8485253500276 2185.714285714286
170000.0 180000.0 288.80714062502375 882.8357144886342 274.6893197959206 999.7110000000102 87.36675195314456 68567.09513129875 1200.0481019604777 3113533.863603072 2173.0039812439145 2300.0
180000.0 190000.0 989.1842089843703 901.081579101563 235.6817067972507 999.7530000000261 241.22189257811988 69206.19172016685 1227.6832911606195 3156421.401133048 2194.6073939407606 2300.0
190000.0 200000.0 74.55559570319019 902.3131276633463 271.6238460441868 999.6489999999758 90.94510156247998 64328.79381146437 1160.2683086383172 2909654.7336085504 2022.0571891002555 2300.0
200000.0 210000.0 1385.754332031298 861.4245667968702 296.30877802523804 999.140000000014 90.02169726561988 74073.93891381852 1130.5286477207765 2918205.688838972 2036.989855655419 1855.5555555555557
210000.0 220000.0 221.64509179699235 888.9413552911825 290.21481324186743 999.7480000000214 39.16002929687966 64160.72317384021 1147.5450416498657 3009071.138535984 2101.365952374504 2300.0
220000.0 230000.0 1970.820789062418 892.1310234375092 282.86196884895764 999.7920000000158 141.75412109377794 51862.01893328359 848.3027522911458 2225090.2066671513 1557.4519002467384 1633.3333333333333
230000.0 240000.0 1358.4460136718117 864.1553986328188 296.5890656215075 999.3510000000242 89.30391015624627 66615.3325186674 1137.6445535456564 2967262.1261731493 2064.4138507977354 2300.0
240000.0 250000.0 124.5660605467856 897.766721768474 284.18615982915 999.7020000000484 46.727923828177154 65727.04492085212 1095.4936555427548 2864633.8030646676 1999.4433261672427 1728.5714285714287
250000.0 260000.0 1350.840062500094 864.9159937499905 277.348592144582 999.3719999999739 114.20098437496927 70019.8278448138 1159.409286619907 2984116.858146241 2080.328495619848 2000.0
260000.0 270000.0 90.38800195313524 900.8738180042604 282.64517700142017 999.9910000000382 54.910046875011176 70164.48789431178 1186.18283948106 2966736.2021693075 2067.291890982951 2300.0
270000.0 280000.0 231.62405078148004 888.0341772016836 274.83523015363954 999.6949999999488 87.75804882810917 74589.60942790928 1303.3642947583835 3453526.1674023755 2396.232091606185 2300.0
280000.0 290000.0 123.39179101551417 897.8734735440441 235.26480650866563 999.7210000000196 238.79509960941505 73932.74132605176 1297.011236504249 3325221.0373228416 2321.3780900064903 2300.0
290000.0 300000.0 1987.3730214843526 890.2918865017386 286.416212256956 999.984000000055 131.04889062501024 65098.366364925474 1057.481196498376 2807176.367282242 1952.6870576607735 2033.3333333333333
