ts te idle avg_span std_span max_span min_span c_bytes_all c_pkts_all s_bytes_all s_pkts_all videorate
0.0 10000.0 8884.617919921875 557.6910400390625 519.0997593673206 924.75 190.632080078125 6882.6608955970605 36.784166187464756 78045.49199579428 64.53260295232546 840.0
10000.0 20000.0 1480.792001953232 851.9207998046768 266.7378422835247 999.86599999998 188.205078125 48208.94253034415 602.0369865599707 1560224.7434445578 1113.130696773208 338.1818181818182
20000.0 30000.0 230.328023437527 888.1519978693158 295.8810542418467 999.8499999999767 12.9560546875 40269.6444808105 524.0953267269742 966282.8023304945 694.0079275513311 410.6666666666667
30000.0 40000.0 2986.5721718749846 779.2697586805573 351.85642395239 998.4610000000102 172.64500000001863 20430.27556742312 283.1826307752638 566516.2119767059 410.4774380976455 288.0
40000.0 50000.0 3152.9586328125442 760.7823741319395 353.43156359915486 997.5900000000256 147.32299999997485 32077.348597439573 428.1697298239715 776981.9198131077 572.0840976246623 288.0
50000.0 60000.0 3627.982232421811 708.0019741753543 437.3710402304311 999.6570000000065 29.738000000012107 36135.81128516105 471.0619753652697 1157930.632103568 832.3599854649018 636.0
60000.0 70000.0 3372.1630234374898 736.4263307291678 377.2127065220616 998.3339999999735 55.880999999993946 37853.8939299626 587.2316828575995 1527758.8425815417 1081.7764789505995 1390.0
70000.0 80000.0 2028.3109667969402 797.168903320306 378.2133604457493 999.7339999999967 0.0 46956.15163285991 788.7844772811957 2081719.950493405 1463.0581137550043 1500.0
80000.0 90000.0 2058.767947265529 794.1232052734471 380.4935269737928 999.9110000000219 54.04399999999441 53535.08128104266 893.9218802149499 2399076.1917902753 1674.568921628667 1700.0
90000.0 100000.0 132.084085937473 897.0832649147752 288.4295220389332 999.960000000021 33.093994140625 66548.93291470561 1158.2725283125317 3093134.4628090346 2152.2522493574825 2300.0
100000.0 110000.0 68.96499414060963 993.1035005859391 10.251922161918431 999.1269999999786 965.2530058593838 62255.256884653776 1125.4586158948086 3043214.7506615156 2114.751487844172 2300.0
110000.0 120000.0 46.90807812503772 995.3091921874963 9.320005286823951 999.6560000000172 968.919921875 69471.58331295944 1287.0152979355664 3524925.9784001773 2439.1232633610034 2300.0
120000.0 130000.0 2565.3389238280943 743.4661076171906 394.75512979537797 999.689000000013 30.883078125014435 55736.29622536357 925.5691013497213 2384590.126241313 1668.3225048078782 1728.5714285714287
130000.0 140000.0 113.01108984369785 898.817173650573 271.6897144130494 999.9459999999963 97.055908203125 69817.4236471011 1188.7574739705299 3141450.8512009666 2184.4605375077413 2100.0
140000.0 150000.0 1059.2856503906078 894.0714349609392 277.37705762543317 999.4959999999846 109.4892578125 60085.91901754427 1067.1469307855357 2808198.5097404458 1952.8881560636648 2300.0
150000.0 160000.0 63.804228515713476 903.2905246803897 275.56765899263786 999.1419999999925 78.280029296875 65413.520138897075 1130.651931107037 3010326.091462568 2093.8581257565925 2300.0
160000.0 170000.0 111.52402929682285 988.8475970703178 25.437977753896746 999.9349999999977 917.5179707031348 71708.25765813456 1291.8592648516096 3457706.4429545295 2392.34741250312 2300.0
170000.0 180000.0 3779.808978515619 777.5238776855476 391.9707981061309 998.5389999999898 101.82199999998556 41412.77501150771 684.8839220887945 1804948.1018580394 1265.1555401991272 1820.0
180000.0 190000.0 123.07693164068041 897.9020971235745 267.55692046800846 998.8190000000177 108.39208984375 70803.76232678755 1170.930480487725 3115091.7276417944 2177.1218154934427 1500.0
190000.0 200000.0 1898.5131699219346 810.1486830078065 324.120494625803 998.8040000000037 87.492919921875 60826.62141000465 1014.7914228554396 2661945.660320496 1861.6582433572441 2185.714285714286
200000.0 210000.0 197.5906035155058 891.1281269531358 293.0749398925137 999.9810000000289 14.79931640625 73089.06008527298 1300.4375949698845 3486293.868984616 2412.6966035017126 2300.0
210000.0 220000.0 1546.4414335938636 845.3558566406136 310.1128256954922 998.9780000000028 130.3798828125 56441.19593477696 980.2198262408065 2546644.4287329316 1773.1984178312407 2300.0
220000.0 230000.0 1768.9008828123333 823.1099117187666 335.9117265973587 999.625 145.1720000000205 65328.58523165017 1067.7367533573504 2844069.2124621226 1983.1693796172324 1800.0
230000.0 240000.0 1897.628021484241 900.2635531684177 287.1927476634535 999.640999999945 134.552978515625 60086.14034689724 981.7451099256681 2626312.7566590044 1840.385132474523 1614.2857142857142
240000.0 250000.0 1690.7720839843387 830.9227916015661 351.93881199065345 999.9989999999525 161.16602148441598 62446.33453126572 1032.8913237610418 2665781.4453446404 1855.557155406775 2185.714285714286
250000.0 260000.0 1067.9839374999283 893.2016062500072 255.4738318281575 999.8059999999823 181.98095703125 65422.99118970617 1131.4349709817773 3018944.3011903698 2098.377346304034 2300.0
260000.0 270000.0 92.34895703115035 900.6955493608045 265.0792842179671 999.9100000000326 118.5 77864.49813308618 1315.2360665671054 3448258.8631979423 2403.3125719370555 2060.0
270000.0 280000.0 1959.2849179686746 804.0715082031326 379.53707861811114 999.8760000000475 0.0 60989.789997349704 994.1685045738678 2631707.2938196566 1844.3190317198162 2033.3333333333333
280000.0 290000.0 1476.246761718765 852.3753238281236 288.1533862592017 999.9259999999776 114.4033203125 56213.345497776674 923.4356884197525 2380353.5890507996 1670.8397446311226 1500.0
290000.0 300000.0 1376.8293710935395 862.3170628906461 269.35133272098216 999.7989999999991 188.14794921875 61512.23166996711 1015.1307462245614 2660164.9639133154 1862.050019833061 1957.142857142857
