ts te idle avg_span std_span max_span min_span c_bytes_all c_pkts_all s_bytes_all s_pkts_all videorate
0.0 10000.0 5999.1130878906115 800.1773824218777 442.05312470994187 999.0360000000219 9.409912109375 40221.87403177954 510.27910607027053 1330057.251192333 977.7727961324802 480.0
10000.0 20000.0 1776.4169667968526 913.731448133683 197.18029009884813 999.5250000000233 409.9180878906045 59839.86056952401 1077.9527200583773 2920713.299108791 2021.3914947085148 3616.0
20000.0 30000.0 119.57998046866851 898.2200017755756 250.39718474130714 999.7989999999991 169.5480546875042 71256.37108498468 1288.447476376134 3453044.185263364 2389.7092497251206 2742.8571428571427
30000.0 40000.0 849.532964843791 915.046703515621 248.73194714653704 999.36599999998 207.4580351562472 67588.89431371177 1180.3206974952182 3192593.2644355115 2220.1264594338845 1500.0
40000.0 50000.0 232.0499335937202 976.795006640628 60.55706096701907 999.704000000027 804.76806640625 66090.6885524444 1143.8270946909117 3044138.997780762 2125.531435494844 1957.142857142857
50000.0 60000.0 65.86995507811662 903.1027313565348 245.02040490010845 999.7629999999772 193.53293359372765 69540.1708788568 1273.7453580265721 3402629.8338270043 2360.065553726974 2300.0
60000.0 70000.0 826.8620312499115 833.9216335227353 291.9558960580794 999.9870000000228 229.13388867187314 62819.349800007316 1084.859122568046 2944490.0905736666 2040.6694861097474 2300.0
70000.0 80000.0 1505.8371464844095 849.416285351559 267.8718209527399 999.5430000000051 348.46591992187314 60986.841894166355 1103.17250035996 2940154.684592057 2038.7535391398062 2300.0
80000.0 90000.0 1835.2359335937072 816.4764066406293 382.8158150620633 998.710000000021 0.0 58737.94887452513 1052.3959243545105 2774342.39322651 1920.9799855286285 2300.0
90000.0 100000.0 177.5340644531534 982.2465935546846 48.00578318782131 999.5339999999851 845.783935546875 73572.63311670706 1278.2168735953753 3537724.8520623427 2446.353892604919 2300.0
100000.0 110000.0 115.27883007825585 898.6110154474313 255.17733324008182 999.9899999999907 153.20206445310032 66650.09151569415 1177.5301319003768 3202421.0530962995 2223.6011175188346 2300.0
110000.0 120000.0 1394.1401074218447 860.5859892578155 262.4170618650258 998.6660000000265 211.71689453127328 63185.967593096895 1104.9953771750038 2938501.7377745407 2040.4267637628438 2300.0
120000.0 130000.0 2045.8259980469593 795.417400195304 320.9345957498281 997.6319999999832 138.40200195310172 59330.3077745019 1007.2576173292441 2683025.357066817 1869.6182261134024 1570.0
130000.0 140000.0 240.6620488280896 975.933795117191 63.446824827433296 999.9199999999837 795.949951171875 49831.649607543666 774.6761511407573 2043588.4842127042 1441.0841413897406 1500.0
140000.0 150000.0 1046.025951171876 895.3974048828125 253.32491993426262 999.7430000000168 203.9810488281073 49781.35039245634 825.3238488592427 2180819.515787296 1536.9158586102594 1500.0
150000.0 160000.0 3139.1749999999884 857.6031250000015 229.01701783581208 999.9899999999907 400.9459999999963 56848.0 913.0 2340996.0 1635.0 1766.6666666666667
160000.0 170000.0 264.4881191406166 973.5511880859383 57.31642352952551 999.3069999999716 814.577880859375 71672.71133874741 1209.8307416228338 3238393.561496316 2252.613453734482 2300.0
170000.0 180000.0 68.74356249987613 902.8414943181931 246.97243051467467 999.1060000000289 184.28911914065247 74790.78670951472 1281.547042072304 3423703.8867401183 2375.288196522945 2300.0
180000.0 190000.0 110.98842578119365 899.0010522017096 239.70508148012553 999.5800000000163 217.81468164065154 72772.6876398562 1255.616979993552 3298669.993713366 2303.0976619028916 2300.0
190000.0 200000.0 1932.7859707030002 896.3571143663333 239.5485893445725 999.3220000000438 269.9041074218694 58834.55469712085 997.1070354247511 2674313.3376214 1863.4113752211988 1957.142857142857
200000.0 210000.0 1642.3236503906082 835.7676349609392 306.638977206861 999.6489999999758 137.22107812494505 61133.32814065485 991.3985079263775 2563648.4132129783 1795.553219015591 1957.142857142857
210000.0 220000.0 57.59824609372299 903.8547049005706 247.98635845417112 999.9409999999916 182.53872851561755 68352.40393150949 1194.73573035734 3226341.208832635 2239.399361631942 2300.0
220000.0 230000.0 73.85708398453426 902.3766287286787 240.34768393951532 1000.0 217.73697460931726 68867.39881994452 1207.906540064503 3263916.937597905 2268.1859582771394 2300.0
230000.0 240000.0 53.08804492186755 904.2647231889212 229.28847542523937 999.7619999999879 263.5820585937472 67819.1030191932 1206.371593301659 3256282.3492870764 2252.5104765187375 2300.0
240000.0 250000.0 74.25863867194857 902.3401237570956 225.34859664223333 999.7530000000261 286.08010351564735 70266.01943911545 1223.0575498324147 3254092.6995412526 2253.3964827596596 2300.0
250000.0 260000.0 57.83835156261921 903.832877130671 222.11733414826537 999.6459999999497 319.3497421875363 69775.74280864441 1246.4782201960697 3371458.779454136 2339.6436959990233 2300.0
260000.0 270000.0 1418.0220234375447 858.1977976562455 247.615128958337 998.4930000000168 360.11309374996927 61955.72403499273 1089.5407062500667 2910076.9456756315 2018.2397021984 2300.0
270000.0 280000.0 45.692933593760245 904.9370060369309 244.91284425945813 999.7619999999879 190.94211718754377 65048.19052349555 1152.1333089989225 3127383.116855427 2170.7162762040416 2300.0
280000.0 290000.0 1327.891929687583 867.2108070312418 260.0445905607346 999.9590000000317 209.01505078119226 64052.08776531755 1114.2575250906862 3017269.75423754 2091.9793245556702 1957.142857142857
290000.0 300000.0 1883.2330195313552 811.6766980468644 325.5796040780386 999.9570000000531 146.22198046871927 56785.26113189308 941.0185188685193 2460207.0157342185 1715.9648154582778 1842.857142857143
