ts te idle avg_span std_span max_span min_span c_bytes_all c_pkts_all s_bytes_all s_pkts_all video_rate
0.0 10000.0 7516.522087890597 827.8259707031344 290.6053161625154 998.8520000000135 492.284912109375 23787.147626267753 252.34061004182965 655622.9063641608 473.1905094484365 508.8
10000.0 20000.0 1530.4140058593475 846.9585994140652 257.67273260648096 998.7370000000228 306.62890625 59054.74167486689 843.294973631919 1845453.1909657582 1313.8405493187256 591.0
20000.0 30000.0 1335.6627949218964 866.4337205078103 236.9003148266661 999.4689999999828 298.75500000000466 49487.2420062399 768.5800454525064 1643709.519867723 1150.9229977350299 900.0
30000.0 40000.0 115.01004492182983 898.6354504616519 224.15096934195256 998.7710000000079 306.11888867185917 45335.109695260435 735.5536184083563 1424058.7065203488 985.3202437389847 840.0
40000.0 50000.0 573.3949824218871 856.9640925071012 311.7329328015074 999.0939999999828 131.111083984375 42346.99723785547 669.5418546318108 1368777.4214025673 950.7957721559021 840.0
50000.0 60000.0 1237.6540839843801 973.5939906684022 46.07576243084845 999.2239999999874 860.699916015612 44428.76175950955 727.6888978335778 1470958.2548794418 1030.9299276029215 840.0
60000.0 70000.0 4414.089070312562 797.987275669634 232.05531653520015 999.7029999999795 315.1279296875 42522.174581107145 641.585659075585 1643923.9458007014 1164.0966447802384 1122.857142857143
70000.0 80000.0 938.1079414062551 906.1892058593745 189.45756288353948 998.9270000000251 500.1460703124758 49043.892102862934 839.1860694023039 2215422.4915075786 1541.633297481397 1500.0
80000.0 90000.0 3050.224007812445 772.1973324652839 363.9809643307414 998.5329999999958 112.89701171877095 46524.264784161234 754.5358420531409 2003801.2709937706 1400.3029551846673 1500.0
90000.0 100000.0 1122.7630761719192 887.723692382808 178.315695691571 999.9660000000149 481.7069999999949 53230.18059307462 891.5102779476343 2337369.4344368456 1647.6500973217862 1500.0
100000.0 110000.0 1105.5127949219313 808.589745916188 310.61978831802367 999.7619999999879 260.037109375 59133.05578702686 937.4258452216716 2403728.2952379803 1697.8043926325824 1766.6666666666667
110000.0 120000.0 74.5350820311578 902.314992542622 238.3089972689682 999.8180000000284 223.47802734375 71346.73934420511 1257.5557964203847 3382463.3454404995 2350.078579140221 2300.0
120000.0 130000.0 62.26491015631473 903.4304627130623 240.74877535641954 999.9199999999837 205.7451171875 70699.04959725421 1248.517998261001 3182923.916719527 2206.7413216122445 2300.0
130000.0 140000.0 438.27019531233236 869.2481640625152 266.71378528184795 999.1510000000126 143.294921875 68200.61685887781 1211.1526475038434 3139740.394999092 2175.758837119353 2300.0
140000.0 150000.0 544.4748769531143 945.5525123046885 101.99682581808862 999.4330000000191 687.946044921875 67096.4198242814 1176.9485242467424 3150448.646390446 2186.3717120696933 2300.0
150000.0 160000.0 45.73673828114988 904.9330237926227 220.0375497331456 998.6070000000182 310.7269550781348 68437.4700513859 1209.7796684338662 3157032.4455333194 2203.5487517496854 2300.0
160000.0 170000.0 134.5233691406902 896.8615118963008 218.12725980204908 999.9859999999753 327.1896933593671 72952.58492191242 1258.4711183309935 3192752.045455624 2218.6387598461424 2300.0
170000.0 180000.0 38.109826171945315 905.6263794389141 213.111635454482 999.99099999998 366.3470625000191 69286.49616906054 1219.9198125222142 3329338.8799565774 2303.507648632211 2300.0
180000.0 190000.0 609.5251601563068 853.6795308948812 288.21330220788775 999.7880000000005 183.949951171875 71322.29805478823 1228.6297656796273 3295527.7234658534 2286.1521970442373 2300.0
190000.0 200000.0 39.95801171869971 905.4583625710274 251.71449473981536 999.8619999999646 164.637939453125 68952.798573384 1193.2221150261976 3179234.721088138 2208.781993419944 2300.0
200000.0 210000.0 576.2119589843787 942.3788041015621 113.59364246013942 999.6019999999553 653.97998046875 69119.61945356104 1217.9773156157396 3143127.589948825 2185.7627405168173 2300.0
210000.0 220000.0 543.3949804687873 859.6913654119285 268.7533649599946 999.8429999999935 307.5 66307.48780781207 1158.8309673489232 3129252.753701243 2170.4744107573347 2300.0
220000.0 230000.0 689.5179941406241 931.0482005859376 135.29394761394386 999.4640000000363 661.656005859375 69200.05912803223 1168.2474631015307 3060795.309948816 2125.381067457862 2300.0
230000.0 240000.0 610.6129746091319 853.5806386718971 296.01109930091457 998.8370000000577 190.58203125 67694.09531744494 1181.6984908604907 3143874.1238490976 2179.22398444589 2300.0
240000.0 250000.0 92.14406445308123 900.7141759588108 255.2862949535493 999.9960000000428 150.365966796875 76074.83078842235 1283.456514038355 3323556.146861655 2302.1077781187273 2300.0
250000.0 260000.0 48.593064453219995 904.67335777698 265.0748213331331 999.8680000000168 117.27490234375 72630.4716946398 1281.8384864946322 3405708.9217685787 2371.377047682857 2300.0
260000.0 270000.0 57.58497070311569 903.8559117542623 272.12803710537247 999.8059999999823 89.929931640625 66484.66517508579 1156.4972755428635 3167759.4931531334 2196.8040545365516 2300.0
270000.0 280000.0 67.77568554680329 902.9294831321088 284.51452432100774 999.5770000000484 48.92724609375 68337.56320718909 1184.9758986711815 3125305.396958223 2168.743121006258 2300.0
280000.0 290000.0 415.35927734384313 958.4640722656156 96.06937190419 999.5069999999832 690.91796875 71521.32008274311 1268.7388112499416 3284302.871527652 2278.2997080914506 2300.0
290000.0 300000.0 280.03708398435265 883.6329923650588 286.068722930265 999.9259999999776 77.58603124995716 75349.35812673563 1186.9129199749525 3150154.326714907 2199.312934194964 2300.0
