ts te idle avg_span std_span max_span min_span c_bytes_all c_pkts_all s_bytes_all s_pkts_all video_rate
0.0 10000.0 9430.847900390625 569.152099609375  569.152099609375 569.152099609375 10524.276567541801 77.14488443384607 160537.93306324526 150.28966374890013 480.0
10000.0 20000.0 2201.5391894531203 779.8460810546879 288.54277197541046 999.8680000000168 254.10791015625 79422.43454698898 1066.8704833242682 2741156.730294737 2125.5668611435217 921.4285714285714
20000.0 30000.0 79.02193359372905 901.9070969460246 242.73971785832978 999.9440000000177 207.2509765625 74415.44281163607 1328.2881409678118 3507334.4408261683 2436.7550234722803 2300.0
30000.0 40000.0 1982.2299667969346 801.7770033203066 331.03512386213396 997.5289999999804 186.94500000000698 59855.948719994565 1089.4303258796253 2825146.0042561674 1964.8589119936437 2300.0
40000.0 50000.0 62.29368945315946 903.4278464133491 238.2436540570853 999.2930000000051 220.6533203125 73238.80986929346 1352.366642810202 3616590.2219499126 2496.8532429554784 2300.0
50000.0 60000.0 268.86429687496275 973.1135703125037 69.27666254231973 998.4760000000242 776.3026796875056 68474.03091183203 1222.296602866386 3216238.9073866988 2244.7356018654386 2300.0
60000.0 70000.0 58.3880683593452 903.7829028764231 295.9835835923096 999.8119999999763 12.041976562526543 69523.80671116902 1258.484460388061 3314273.260655289 2302.0829212966783 2300.0
70000.0 80000.0 1044.2060644531157 814.1630850497168 348.889761959381 999.7469999999739 37.79504492186243 62598.47189573246 1121.7450414450589 2931389.7996697105 2039.7918631259386 2300.0
80000.0 90000.0 54.45261914056027 904.1406709872218 242.7295559232369 999.9160000000265 202.353271484375 77201.45871285399 1357.6776581760323 3549432.375358157 2464.9277823494135 2300.0
90000.0 100000.0 265.1242714843247 973.4875728515675 62.998269871794385 999.9280000000144 796.7127285156166 68548.31925295765 1197.6957597087085 3082951.3265399137 2140.1381280487067 2300.0
100000.0 110000.0 62.813716796808876 993.7186283203191 7.71698928902859 999.5869999999995 972.915283203125 72263.25988388098 1246.7630887197158 3238467.8669420877 2258.0422067739696 2300.0
110000.0 120000.0 70.00230664073024 902.7270630326609 292.34315212662136 999.7870000000112 23.3687167968601 68175.35103324501 1200.312430826712 3135053.135170225 2173.411676180721 2300.0
120000.0 130000.0 987.4139003906166 901.2586099609383 294.00317788774555 999.4170000000158 64.85602343751816 66519.38499007013 1181.6222830978188 3081636.165789151 2135.9669054467813 2300.0
130000.0 140000.0 630.7361015625065 851.7512634943176 319.2077339101353 999.6909999999916 2.280923828133382 70908.27630291495 1269.7476934113595 3254863.6398885925 2256.6048689533777 2300.0
140000.0 150000.0 470.1120058593806 866.3534540127836 266.708148928385 998.9110000000219 199.54296875 71147.64061868604 1248.3971158222498 3197092.590723324 2230.063382389923 2300.0
150000.0 160000.0 66.96786914067343 903.0029209872115 252.20266596444452 999.3119999999763 164.527099609375 68413.37538154081 1170.6734670368842 3094808.521493054 2157.280693326545 2300.0
160000.0 170000.0 79.53917382814689 901.8600751065321 260.31904872459666 999.2249999999767 131.64892578125 68537.71182873167 1207.1581400199825 3236037.8949117097 2252.000247454688 2300.0
170000.0 180000.0 60.11897460941691 903.6255477627802 271.9157549903389 999.9679999999935 92.449951171875 74147.31170664083 1296.7174397603171 3381556.365946068 2349.8416248522685 2300.0
180000.0 190000.0 780.3128945312346 921.9687105468765 161.74522611998404 999.9120000000112 487.508056640625 69036.04081854205 1208.5453997442683 3167387.078245992 2195.555508438938 2300.0
190000.0 200000.0 92.36204296874348 900.6943597301142 213.68726441046837 999.9899999999907 431.364013671875 72333.39833711441 1281.4136932686422 3381630.5270530977 2345.4166475131706 2300.0
200000.0 210000.0 57.30374999984633 903.8814772727412 212.80305351496074 999.9570000000531 394.395263671875 69044.09097134935 1194.7377949775434 3138333.641986811 2180.765578759973 2300.0
210000.0 220000.0 701.853373046848 845.2860569957411 273.2884760498337 999.7449999999953 243.587890625 72507.30550517206 1278.5239158616184 3328105.7698608455 2307.461270219413 2300.0
220000.0 230000.0 502.52393749996554 949.7476062500034 133.20910966545335 999.9499999999534 572.771109375055 68853.52119875513 1208.6165046879732 3108656.455273439 2160.557470464609 2300.0
230000.0 240000.0 1754.2919687499525 824.5708031250048 359.5898874898717 999.7229999999981 46.37104687502142 63520.839020639054 1112.5759902410427 2930021.4630694874 2036.2926019832662 2300.0
240000.0 250000.0 2386.208087890758 761.3791912109242 343.03337457106386 998.4440000000177 91.61999999999534 54336.035277901945 874.7501255647488 2239269.3236166905 1566.7701857468426 1387.5
250000.0 260000.0 1973.614929687581 802.6385070312419 330.58051289998576 999.6080000000075 182.64899999997579 51891.415525627264 799.5868032897695 2088247.3104624527 1467.9405892142934 1405.7142857142858
260000.0 270000.0 2086.733083984349 791.3266916015651 318.2834624630576 999.2780000000494 192.4440000000177 58311.04013443754 958.7296786031899 2429182.5537004406 1697.2814168736104 1500.0
270000.0 280000.0 1697.07490429678 830.292509570322 301.9339618686775 999.8760000000475 114.48411718744319 56453.970590648074 896.622065533929 2320160.1219921485 1623.7967087471084 1728.5714285714287
280000.0 290000.0 352.76593554683495 877.0212785866514 254.3660681128441 999.9429999999702 252.64404296875 68514.89083082795 1215.0525082603888 3118940.545362335 2172.585435788915 2300.0
290000.0 300000.0 261.52404296863824 885.3159960937602 297.71479901455285 999.0590000000084 17.006000000052154 66724.1400432747 1178.4538612718457 3004291.028512049 2094.3649808715863 2300.0
