ts te idle avg_span std_span max_span min_span c_bytes_all c_pkts_all s_bytes_all s_pkts_all video_rate
0.0 10000.0 8843.456103515637 578.2719482421817 585.1705326082067 992.0499999999884 164.493896484375 11649.157865628296 102.04976385500163 334002.029166215 251.88165567954943 480.0
10000.0 20000.0 2144.373988281295 785.5626011718705 309.28611436682127 999.7860000000219 265.1049999999814 66314.78998789091 962.4905031281983 2645116.2772124144 1965.1479155591703 820.0
20000.0 30000.0 2661.782886718749 815.3574570312501 276.8099566891127 999.7210000000196 210.00699999998324 47673.74084076146 830.6378362470228 2199647.767627009 1533.7068816940173 1500.0
30000.0 40000.0 48.06911132816458 904.7209898792578 267.0256716519193 999.9340000000084 107.83897851564689 65086.605677915635 1171.9231141672178 3048466.762043525 2116.4011752002953 2185.714285714286
40000.0 50000.0 598.748841796827 854.6591962002884 307.57164523631855 999.0590000000084 126.54908984375652 66304.12484409864 1212.0046950970404 3099576.047390623 2147.8120161092447 2300.0
50000.0 60000.0 832.6361171875615 916.7363882812439 143.0556790013861 999.9270000000251 639.5629316405975 67042.79254884482 1240.2327641130835 3224344.2480418473 2236.5039550120164 2300.0
60000.0 70000.0 837.6940097655752 832.9369082031295 303.8776566839554 998.9349999999977 111.06304882810218 67356.19755105983 1261.8335231966582 3277219.574908612 2271.2328376535893 2300.0
70000.0 80000.0 64.72469531249953 903.2068458806818 216.10185689926186 999.7839999999851 352.92724609375 67340.36939135163 1207.0522972129577 3111896.7946207477 2163.9793031060494 2300.0
80000.0 90000.0 841.1961562500219 915.8803843749978 134.72687547879173 999.2189999999828 646.0957539062365 75348.77561503988 1267.8226726770945 3281667.3191673215 2284.5977014030627 2300.0
90000.0 100000.0 757.5241132812807 840.2250806107927 282.8293085018046 999.4369999999763 254.78791015624302 73746.97545312169 1272.0848490804276 3301207.730516042 2292.928365415301 2300.0
100000.0 110000.0 93.80786132818321 900.5629216974379 217.66931187660975 999.539999999979 338.943115234375 69132.64559810192 1199.0472404246138 3138026.541341606 2191.061700079525 2300.0
110000.0 120000.0 46.75313085934613 904.8406244673322 220.32585001924784 999.4089999999851 314.708984375 70096.72748554949 1266.210095838093 3299088.606478048 2290.297768042984 2300.0
120000.0 130000.0 76.04489257809473 902.1777370383551 230.50850372106248 999.7469999999739 267.569091796875 71508.8910019559 1257.927809278621 3311900.4307409422 2300.653027827911 2300.0
130000.0 140000.0 1512.9500937499688 848.7049906250031 277.78369903952586 999.7550000000047 269.9959082031273 69353.19284091835 1216.6188142332946 3124268.0416752053 2163.9294237532063 2300.0
140000.0 150000.0 53.5330605469062 904.2242672230085 215.6376417341212 999.9560000000056 360.8359375 70050.33905649296 1248.7088968876828 3305878.003055093 2293.1027799735625 2300.0
150000.0 160000.0 556.1198574218433 944.3880142578157 114.50876725137398 999.9369999999763 638.859062500007 68933.66934148317 1225.1542324189995 3156159.3958355323 2199.988700061558 2300.0
160000.0 170000.0 565.3611679687165 857.6944392755712 307.3473361449275 999.9810000000289 124.04791992186802 69114.3684348294 1224.776458811572 3245647.857387259 2248.40043200199 2300.0
170000.0 180000.0 730.0149785156245 926.9985021484375 127.56244285475103 999.8530000000028 631.4110878906213 66478.79660929268 1211.774483748753 3200711.1768943365 2216.316237530535 2300.0
180000.0 190000.0 628.015027343703 851.9986338778452 303.8029237115539 999.2060000000056 111.75606640626211 65510.087680737786 1147.4511654475737 3069501.359172404 2132.725398573203 2300.0
190000.0 200000.0 65.90487890614895 903.0995564630774 215.4109184838977 998.369000000006 359.97802734375 66690.11520798087 1206.2802111273772 3243379.261641221 2250.295356338408 2300.0
200000.0 210000.0 604.1819375000778 939.5818062499923 115.02859937858355 999.8889999999665 639.9299726562458 66652.44342109398 1206.5792061496757 3222675.912253985 2233.5522528308493 2300.0
210000.0 220000.0 172.30221093760338 893.4270717329451 269.1374042090429 999.8320000000531 119.1759101562202 64770.420295548465 1168.7416566675117 3030972.0411455813 2105.631820888101 2300.0
220000.0 230000.0 64.03386718744878 903.2696484375047 229.6985122122288 999.530999999959 268.45712109375745 66796.13727277608 1205.037066267371 3166762.0527897314 2194.794001215053 2300.0
230000.0 240000.0 373.6690507812891 875.1209953835191 272.74641346794886 998.4560000000056 306.6519882812863 67432.01592255583 1227.2848677680665 3257075.0900654495 2257.3945817630247 2300.0
240000.0 250000.0 689.8849550781306 931.011504492187 120.71500574329434 999.6840000000084 658.7990390624618 66645.20954163605 1183.583225085661 3051345.385027189 2115.496957096662 2300.0
250000.0 260000.0 227.00795898435172 888.4538219105135 269.66335899802147 999.6450000000186 107.23299414059147 68342.88218853642 1228.8016966043133 3234758.8736978713 2246.6316321608256 2300.0
260000.0 270000.0 811.1240214844001 835.3523616832364 290.3916150988401 999.9499999999534 244.06695312494412 68786.33691553371 1239.9673709187239 3183848.167680764 2208.34078884836 2300.0
270000.0 280000.0 89.03596484370064 900.9967304687544 231.00606138722716 999.2909999999683 278.862060546875 69737.24914195003 1238.9490931146531 3160814.7919550785 2196.0912830391144 2300.0
280000.0 290000.0 610.481992187677 938.9518007812324 103.98170349647656 999.4699999999721 717.4319394531194 67182.63985095799 1195.698416973827 3129895.626202142 2168.891336421001 2300.0
290000.0 300000.0 143.41815429681446 896.0528950639259 268.7948824822685 999.9170000000158 100.05693164060358 65011.608583387286 1164.1161232686152 3047888.7459323006 2112.1692079901422 2300.0
