ts te idle avg_span std_span max_span min_span c_bytes_all c_pkts_all s_bytes_all s_pkts_all video_rate
0.0 10000.0 9454.798095703125 545.201904296875  545.201904296875 545.201904296875 2923.2297967174027 5.163413721176336 8574.217299279104 8.113935847562814 0.0
10000.0 20000.0 454.7338359375135 867.7514694602261 287.2022513760694 999.9519999999902 193.9240957031143 37243.23265359025 451.6034095531337 1120090.6661232107 803.1712755727558 445.7142857142857
20000.0 30000.0 163.06809765624348 894.2665365767051 230.12357208385828 999.5470000000205 295.469970703125 36937.29994661705 493.82766402948045 937037.8518840341 674.5048132246357 288.0
30000.0 40000.0 1264.1700546874781 873.5829945312522 187.3507755784319 999.9579999999842 519.388916015625 36491.935754786435 477.20018642195066 1029276.113426979 744.480243510651 364.8
40000.0 50000.0 1827.8926406250102 817.210735937499 290.1013441710198 998.679999999993 229.99099999997998 27920.862050041847 385.4219447254608 631536.6622748943 461.1687175009979 384.0
50000.0 60000.0 1891.1181542969425 810.8881845703057 318.11317788443677 999.3090000000084 97.31199999997625 28772.062562621715 403.9374885907828 661640.8270321738 476.89363957524677 288.0
60000.0 70000.0 1938.0051386718987 806.1994861328101 316.0112079928044 999.4799999999814 134.33600000001024 34341.23051691132 459.54917492852496 872421.1720961754 630.0231442974433 288.0
70000.0 80000.0 3151.00486914051 760.9994589843877 346.7580796166425 996.6240000000107 35.445999999996275 30948.308939090894 391.83787799629107 755599.7062053331 544.7585286832208 360.0
80000.0 90000.0 4088.9402070312062 738.8824741210992 224.16056436551116 998.50900000002 399.6338867187733 32842.09468465645 427.3184332617177 876713.2936671423 639.1124760701836 360.0
90000.0 100000.0 5491.736908203107 644.0375845424132 347.2345967217212 999.3250000000116 119.56400000001304 28164.543102589407 368.80861973620426 911414.0427866176 661.5116765929781 720.0
100000.0 110000.0 2979.3290214844164 780.0745531683982 339.7428049306706 999.0819999999949 54.90000000002328 48265.49720633239 761.1946118245696 1960980.998740067 1390.6788212481167 1252.5
110000.0 120000.0 1977.4449335937388 802.2555066406261 338.0734776259692 999.9949999999953 52.04100000002654 60093.23204541693 1044.3959305463136 2711872.6730261347 1894.3322354717418 2071.4285714285716
120000.0 130000.0 149.47310742194531 895.5024447798231 222.29625856694705 999.4990000000107 406.1299570312258 59032.42306401602 995.4218146457935 2547347.6073234268 1785.060092132163 1600.0
130000.0 140000.0 2078.3619746093173 880.182002821187 204.54689347012004 999.3460000000196 509.4920644531376 58741.39805029965 984.527677175846 2511228.3865239047 1768.0461912116918 1957.142857142857
140000.0 150000.0 1978.6899941406446 802.1310005859356 329.19894527150274 999.859999999986 53.27700000000186 55548.47542309435 911.9880212092429 2333843.1292095385 1651.5019413424227 1842.857142857143
150000.0 160000.0 1218.8099707030924 878.1190029296907 212.35767262308923 999.2480000000214 401.6010332031292 60976.623812368096 1031.6925177739754 2748628.385813723 1919.756001258698 1600.0
160000.0 170000.0 2953.761062500009 782.915437499999 327.46182311601314 999.3670000000275 130.75199999997858 58915.51370623979 934.5015011702245 2428709.193570163 1695.7950282157 1552.5
170000.0 180000.0 1287.2009160156013 871.2799083984398 230.2067139661488 999.7550000000047 392.1790664062719 57408.45098402208 880.6368557763082 2264519.716551848 1602.7012387277907 1546.6666666666667
180000.0 190000.0 1954.8081347656553 893.9102072482606 203.84112569715893 999.9259999999776 494.4189824218629 59219.41835196034 991.7317845910986 2551120.4235696956 1789.416570979113 2033.3333333333333
190000.0 200000.0 3049.151585937594 772.3164904513784 365.10330448057726 998.6269999999786 21.415999999968335 54745.055156291564 877.3808055808794 2315055.208596049 1617.393165783099 1500.0
200000.0 210000.0 1532.2530292967567 846.7746970703244 245.1746241374489 999.6040000000503 402.5277031250298 63105.62051184102 1029.1595629557264 2702102.814293148 1886.7512435035244 1957.142857142857
210000.0 220000.0 116.5489882810507 898.4955465199045 214.0465387092954 999.6809999999823 426.7607324218843 71801.28168621149 1221.8570080184138 3269313.4545785408 2280.1416277164917 2071.4285714285716
220000.0 230000.0 1907.7392832031474 809.2260716796852 335.3642831966305 999.9429999999702 28.868999999947846 62917.86102877349 986.4812653147017 2630583.560844174 1842.5273148658462 1855.5555555555557
230000.0 240000.0 1934.7969609374413 806.5203039062559 320.4951262471063 999.7770000000019 137.0559999999823 57183.517180532464 950.5692391107924 2468934.5858543105 1727.9430037105174 1900.0
240000.0 250000.0 99.25705859379377 900.0675401278369 210.23891022899255 999.8710000000428 455.2799648437649 62853.15111334796 1006.3651412563252 2606945.6830155086 1832.9245114717771 1700.0
250000.0 260000.0 74.47470312495716 902.3204815340948 207.60581986870685 999.9279999999562 463.9052734375 69906.38934656155 1220.98607418632 3292683.9053201564 2280.1791639034363 2300.0
260000.0 270000.0 114.14596679678652 898.7140030184739 220.24628656308158 999.7449999999953 387.289306640625 62797.8398255148 1082.5493008495582 2894781.6906348327 2010.4218499352933 2071.4285714285716
270000.0 280000.0 2547.1153886718675 828.0982901475703 256.63431301802 999.439000000013 430.50699999998324 52312.93713677214 861.7270149336725 2199915.3112771516 1544.8299981837877 1500.0
280000.0 290000.0 2208.1609179686056 779.1839082031395 400.4584614252422 999.859000000055 23.07408203126397 52303.51436278112 846.1656601155155 2226971.7184617873 1562.861549463113 1766.6666666666667
290000.0 300000.0 1483.6017011719523 946.2664776475608 155.32975050830356 999.8170000000391 532.081298828125 60110.19663950642 968.0759395211202 2616665.5410958463 1829.0273399220687 1614.2857142857142
