ts te idle avg_span std_span max_span min_span c_bytes_all c_pkts_all s_bytes_all s_pkts_all videorate
0.0 10000.0 9104.785888671875 895.214111328125  895.214111328125 895.214111328125 12713.526766785599 111.28598892287268 314609.0805555715 252.18841038167113 480.0
10000.0 20000.0 1982.3190332031227 801.7680966796877 323.65061318829555 999.1369999999879 102.2748886718764 77015.2004795444 1043.2533066030314 3272386.021304927 2402.5843870429144 935.0
20000.0 30000.0 1043.2189902344253 895.6781009765575 222.39534803010133 999.9629999999888 330.8179218749865 69612.55732005704 1230.5787261161606 3194990.7028846517 2222.845525402653 2300.0
30000.0 40000.0 70.97908789064968 902.6382647372137 219.41601219231643 999.8979999999865 323.2839121093857 71223.22689537551 1273.5980058141365 3276299.8768319855 2276.1611620688536 2300.0
40000.0 50000.0 1999.0157167969155 800.0984283203085 299.0829920855069 999.8400000000256 204.1699999999837 64238.32910002937 1126.262300801592 2879340.2361497893 2005.3725108976878 2300.0
50000.0 60000.0 106.57102734380169 899.4026338778363 222.96450559363882 999.9419999999809 337.6777167968685 59403.34200540518 1056.2864363801123 2678993.3651112253 1864.9683783581431 1957.142857142857
60000.0 70000.0 1983.9520058594062 890.6719993489548 210.19164817211683 998.8939999999711 407.3147441406036 68354.36551883176 1066.9756861597994 2762802.970669315 1936.552405861292 1800.0
70000.0 80000.0 56.241947265632916 903.9780047940334 220.0918767339432 998.9780000000028 320.06475000001956 73255.36917061816 1223.9111453034266 3150629.34740446 2201.802376928035 2300.0
80000.0 90000.0 107.43518554687034 899.3240740411936 220.49715618897514 999.0129999999772 346.235697265598 68430.46040058795 1193.2197352628432 3113788.234693836 2172.905022386272 2300.0
90000.0 100000.0 1226.5232031249907 877.3476796875009 205.66226857065894 999.6680000000051 407.38588281249395 67625.37004377256 1205.3426582733873 3044757.76092325 2114.1147661416226 2300.0
100000.0 110000.0 1356.9326679687365 864.3067332031263 234.39910624850907 999.3829999999725 315.5370859375107 66779.36993833994 1177.4425767536725 3098375.1976479813 2143.2411386747904 2300.0
110000.0 120000.0 96.05293359380448 900.3588242187451 220.80791740434552 999.7629999999772 320.3767539062537 66255.99982246838 1084.0517244279736 2748553.220232726 1931.9691693115547 1600.0
120000.0 130000.0 2182.037271484325 781.7962728515674 349.49312062318495 999.1469999999972 221.47600000002421 67170.63102211864 1123.9118209556882 2873556.59086354 1997.8972484364035 2071.4285714285716
130000.0 140000.0 4694.636066406209 663.1704916992239 396.09581448769666 998.6560000000172 47.99099999997998 44092.049928499546 689.4083671482169 1812126.4942243977 1270.5249131263704 1257.142857142857
140000.0 150000.0 2186.9120527343475 781.3087947265652 379.6890160084066 998.8699999999953 3.710025390610099 58198.69544346451 909.5109049302549 2315964.725690825 1623.3192606646687 1500.0
150000.0 160000.0 3262.5458847656264 748.6060128038193 356.9641179418199 999.8640000000014 17.35700000001816 52949.87660376783 839.3930994050849 2126153.827317804 1490.7902350122752 1842.857142857143
160000.0 170000.0 1685.35707812506 831.464292187494 244.2641719948113 999.9770000000135 312.432962890598 66763.96646833263 1085.2761536314956 2741883.3816454005 1920.215254615787 1800.0
170000.0 180000.0 326.6319589843624 879.3970946377852 262.20917547992053 999.369000000006 316.82704101561103 74526.66307200101 1317.2913631102524 3458556.965848314 2399.5478346890063 2300.0
180000.0 190000.0 4459.406009765575 791.5134271763465 358.02557238264325 998.9220000000205 26.615999999979977 44802.380273035815 722.052946196168 1900300.323473016 1327.0462852184917 1820.0
190000.0 200000.0 74.98009960941272 902.2745363991443 220.36492879668197 999.6109999999753 314.5330097656115 66871.39757008488 1106.1134538219185 2901753.1536352034 2034.2570963307426 1500.0
200000.0 210000.0 2005.8649550781702 799.4135044921829 356.3509146382303 999.9989999999525 0.0 59422.06499118689 990.153360127749 2626876.7706492 1824.6399906438849 1957.142857142857
210000.0 220000.0 1206.4806582030142 879.3519341796986 222.08156495302168 999.6840000000084 330.06306445307564 69580.88750580525 1185.6630822881216 3136254.6169751473 2174.4392880720006 2300.0
220000.0 230000.0 1642.4441835937323 835.7555816406268 245.9210262750419 999.9969999999739 316.3797226562165 64604.42196556312 1118.5607499218565 2907480.3617723356 2022.1335844375658 2300.0
230000.0 240000.0 739.888093750109 926.0111906249891 212.54881765278756 998.6239999999525 321.30290624999907 64752.84769432405 1118.4564076441864 2860895.773495097 1997.4837552973145 2300.0
240000.0 250000.0 2752.8139843749814 905.8982519531273 165.66827013030766 999.984000000055 635.5749999999534 54919.75239844265 843.3005248325106 2129739.378980298 1500.3206472173251 1148.888888888889
250000.0 260000.0 1171.6709882813739 882.8329011718627 215.48312312370513 999.8800000000047 359.49798437498976 68620.4065220518 1122.461906226156 2925499.4434776884 2052.1213792688914 2071.4285714285716
260000.0 270000.0 1999.3410781249404 888.9621024305621 231.87096098466708 999.954000000027 337.34697265620343 52306.89718249888 877.1025507973027 2249109.5830971883 1566.8755278064432 2300.0
270000.0 280000.0 1991.68206445314 800.831793554686 351.8206595571909 999.9629999999888 29.28000000002794 67294.54531534293 1114.8077200751782 2807812.7272605933 1957.939881204749 1766.6666666666667
280000.0 290000.0 1256.9349140626146 874.3065085937385 226.55582124416324 999.9939999999478 318.1461152343545 65410.308738521424 1137.312991811232 2957336.6509168437 2055.086005910596 2300.0
290000.0 300000.0 2013.864869140787 798.6135130859213 355.4463802660845 998.5799999999581 16.662999999942258 63044.5734194445 1038.1402445537187 2660938.754099955 1854.8233976523472 1900.0
