ts te idle avg_span std_span max_span min_span c_bytes_all c_pkts_all s_bytes_all s_pkts_all videorate
0.0 10000.0 9167.777099609375 832.222900390625  832.222900390625 832.222900390625 7704.281753196602 25.90938754058306 113970.38107085574 83.57866948575182 840.0
10000.0 20000.0 141.27491406258196 896.2477350852198 253.23869089798046 999.7640000000247 163.51309960935032 36094.784557008454 460.64581854723946 1060532.5520203991 759.1752754499552 410.6666666666667
20000.0 30000.0 163.68171093752608 894.210753551134 240.63604806525476 999.4270000000251 242.75401367188897 32740.63053369966 403.9951839005531 944519.2841072507 675.8500365645524 288.0
30000.0 40000.0 253.5873417967814 886.0375143821108 232.8717438779939 999.9639999999781 357.2147246093955 29479.57160827668 381.1624362489647 815411.6449718502 590.7793301387584 288.0
40000.0 50000.0 535.71505468752 860.3895404829527 245.66186438761113 998.9739999999874 263.40087890625 26178.380228622063 342.60175236391024 684433.3121325952 495.25991161254547 288.0
50000.0 60000.0 346.5788945311797 877.5837368608019 300.3394146922627 998.4239999999991 4.583984375 26616.927000950374 348.8964057850372 697328.6820516278 507.7237061158937 288.0
60000.0 70000.0 1190.9159667968634 880.9084033203137 282.13618998191515 996.7110000000102 88.468017578125 27830.391474558484 377.5033581388114 649875.4734140887 475.0159089265663 288.0
70000.0 80000.0 3782.3050195312244 690.8549978298639 362.9500849798816 997.7939999999944 45.40799999999581 29560.42868985623 367.12428369348856 760013.0275415058 547.8697888834531 370.2857142857143
80000.0 90000.0 5619.649019531265 730.0584967447891 245.59316006213086 895.9739999999874 237.16100195312174 42133.72425176695 546.3620659400499 1400214.8693915026 992.1487571397989 960.0
90000.0 100000.0 2365.8738984375377 694.0114637784056 393.2790685886634 999.3379999999888 139.00799999997253 49500.86696233232 832.9650711723107 2163307.108198682 1517.3226671802206 1500.0
100000.0 110000.0 738.3851835938403 841.9649833096508 306.178008368971 999.6130000000121 35.368896484375 48724.25897327009 832.6028498066087 2097268.0174720227 1480.0975984106415 1500.0
110000.0 120000.0 943.6738144531264 905.6326185546874 214.14652816721195 999.8549999999814 306.80908203125 50293.92335679967 859.3394266211045 2163812.798554817 1520.4310224437631 1500.0
120000.0 130000.0 196.27908593753818 891.2473558238602 255.13983817694674 999.1630000000005 174.39599609375 63362.86716532814 1046.053791476627 2766732.144596687 1924.1848590006373 1957.142857142857
130000.0 140000.0 452.0709609374753 954.7929039062525 79.31915996422836 999.7150000000256 794.93603515625 72388.60117137489 1292.6349983692976 3353780.220836336 2322.1571768845283 2300.0
140000.0 150000.0 537.2551250000834 860.2495340909015 300.49360635746723 998.6849999999977 198.76296484377235 64949.24300450988 1165.081881569723 3178064.4599850117 2204.1256485101776 2300.0
150000.0 160000.0 511.2828359375126 862.610651278408 281.97971364769603 999.9469999999856 88.22607421875 69048.00879642645 1217.6994969088182 3186209.675996991 2212.320410767786 2300.0
160000.0 170000.0 131.45113671867875 897.1408057528474 298.5303843308799 999.1840000000084 0.4609375 74731.04091881683 1252.482833257693 3272144.582983025 2288.078540560209 2300.0
170000.0 180000.0 51.32394921872765 994.8676050781272 4.507297751215904 998.7330000000075 982.68798828125 72372.69125868008 1270.8414822589073 3372816.8343616044 2337.844638851509 2300.0
180000.0 190000.0 959.9240468750359 821.825086647724 349.50742904757055 999.1410000000033 15.867011718743015 66828.36509639534 1152.3729790155203 3018925.5657739267 2095.8651189774346 2300.0
190000.0 200000.0 542.7238378907787 859.7523783735655 302.5892437766233 999.795999999973 191.15305859374348 68071.07843824825 1203.4653953852337 3194090.6676234733 2215.077830357587 2300.0
200000.0 210000.0 490.31498437502887 864.5168196022701 282.7241834232886 999.2439999999478 79.922119140625 70006.8950363288 1215.3766369463451 3189261.2129016435 2226.8482800370566 2300.0
210000.0 220000.0 116.23611914052162 988.3763880859478 24.613981857261965 999.8839999999618 919.3258808593964 64364.03972355377 1155.8824650531733 2967485.484014104 2073.244823701174 2300.0
220000.0 230000.0 288.7389218751341 971.1261078124866 62.740476913584935 999.2639999999665 806.705078125 71666.35537877143 1253.4390743615793 3354049.0719460263 2321.8781487231586 2300.0
230000.0 240000.0 72.7649667969672 902.4759121093666 247.3070727890395 999.9889999999432 191.92392187495716 66147.77369678611 1163.2471211829613 3085643.1449519247 2144.744708091875 2300.0
240000.0 250000.0 133.52819531259593 896.9519822443094 235.6947310652217 999.5870000000577 250.1498886718182 73060.33161875325 1282.45599495354 3372871.778780662 2336.5434630919494 2300.0
250000.0 260000.0 57.21898437500931 903.8891832386355 217.87527361217468 999.7979999999516 329.9640839843778 68607.11974747476 1221.0964790877433 3188947.6074567963 2221.6674471035767 2300.0
260000.0 270000.0 700.0758339844178 845.447651455962 321.42780261952714 999.9129999999423 66.97509765625 64210.87513331448 1113.8192093747455 2981092.449478943 2073.0071783161293 2300.0
270000.0 280000.0 55.61798828130122 904.0347283380635 287.11720337673046 999.6439999999711 40.412109375 72385.92527799816 1271.1265881138527 3387960.9280667175 2348.5679020173043 2300.0
280000.0 290000.0 617.5821328125894 938.2417867187411 112.63964289907474 998.5840000000317 724.118890624959 73236.3394130388 1252.4718249015841 3275715.5503732204 2277.495619433438 2300.0
290000.0 300000.0 670.721667968668 848.1162120028483 281.3162301583929 999.734999999986 271.95102343754843 70452.97283099715 1212.7957088682194 3193657.6904552598 2219.6082671270287 2300.0
