ts te idle avg_span std_span max_span min_span c_bytes_all c_ack_cnt c_ack_cnt_p c_pkts_all c_pkts_data s_bytes_all s_ack_cnt s_ack_cnt_p s_pkts_all s_pkts_data video_rate
0.0 10000.0 7988.557945312499 564.5713292410718 123.12725558939044 740.5400000000009 419.7469999999994 17870.81226140282 980.5766699205651 960.8147924834311 984.5766699205651 19.761877437133823 1995213.1801884915 1339.1808633261371 23.761877437133823 1339.1808633261371 1311.4189858890031 2300.0
10000.0 20000.0 4694.971621093748 390.9345386284723 289.45592578059797 979.0900000000001 83.89800000000105 21092.18773859718 2939.423330079435 2913.185207516569 2939.423330079435 25.238122562866174 11770180.819811508 7810.819136673863 26.238122562866174 7810.819136673863 7783.581014110997 5025.0
20000.0 30000.0 6044.425210937501 356.3039230769231 252.75250495575784 952.2079999999987 51.86099999999715 14192.0 2201.0 2184.0 2201.0 17.0 11364679.0 7109.0 17.0 7109.0 7092.0 8000.0
30000.0 40000.0 7687.075263671868 302.5108181818187 205.88772987034488 685.2490000000034 53.0679999999993 12510.0 2062.0 2047.0 2062.0 15.0 10066983.0 6418.0 15.0 6418.0 6403.0 8000.0
40000.0 50000.0 6336.279519531243 395.688034505208 330.79206660990724 945.3949999999968 1.525999999998021 13092.047784207698 1757.023581521667 1741.338085347181 1757.023581521667 15.685496174485907 9052675.931827191 5855.830763896102 15.685496174485907 5855.830763896102 5840.145267721617 8000.0
50000.0 60000.0 5853.179265625004 387.18227584134615 221.68080987440726 996.0249999999942 85.93099999999686 13609.952215792302 2519.976418478333 2503.661914652819 2519.976418478333 16.314503825514095 12267006.068172809 7702.169236103898 16.314503825514095 7702.169236103898 7685.854732278383 8000.0
60000.0 70000.0 8401.924351562484 242.60627272727223 68.14159934150709 338.38400000000547 113.52599999999802 12510.0 1941.0 1926.0 1941.0 15.0 9715346.0 6048.0 15.0 6048.0 6033.0 8000.0
70000.0 80000.0 7012.848939453121 406.5822222222228 266.5181208055006 689.244000000006 78.67399999999907 12510.0 1855.0 1840.0 1855.0 15.0 9797869.0 6167.0 15.0 6167.0 6152.0 8000.0
80000.0 90000.0 7425.834388671879 278.5402727272713 215.96159555073186 671.525999999998 66.33599999999569 12510.0 1931.0 1916.0 1931.0 15.0 9729696.0 6072.0 15.0 6072.0 6057.0 8000.0
90000.0 100000.0 5267.984890624983 537.4610909090923 329.2723319483312 999.8990000000049 198.3579999999929 14192.0 2270.0 2253.0 2270.0 17.0 11915202.0 7535.0 17.0 7535.0 7518.0 8000.0
100000.0 110000.0 7426.717519531245 314.7827272727273 154.42647743058117 595.3359999999957 161.0240000000049 12510.0 2003.0 1988.0 2003.0 15.0 9722234.0 5928.0 15.0 5928.0 5913.0 8000.0
110000.0 120000.0 7195.321060546878 328.62262675781096 280.8599243564627 736.999267578125 51.405999999988126 11267.176889487331 1655.4464267820533 1641.9293461923096 1655.4464267820533 13.517080589743774 7776331.713868682 4747.963507371797 13.517080589743774 4747.963507371797 4734.446426782053 8000.0
120000.0 130000.0 6893.321322265605 299.2119024939938 203.44297323878754 709.6410000000033 63.913000000000466 13752.823110512669 2237.553573217947 2221.07065380769 2237.553573217947 16.482919410256226 11792927.286131317 7574.036492628203 16.482919410256226 7574.036492628203 7557.553573217947 8000.0
130000.0 140000.0 4819.102679687494 439.70506850961607 345.1953308929714 968.5249999999942 0.39300000001094304 12942.020135361632 1932.5761219497044 1917.0676639552928 1932.5761219497044 15.508457994411605 9786211.07473952 6021.576121949704 15.508457994411605 6021.576121949704 6006.067663955293 8000.0
140000.0 150000.0 5539.652171874972 439.15610085227473 284.41480224745516 984.926999999996 71.30100000000675 12077.979864638368 2007.4238780502956 1992.9323360447072 2007.4238780502956 14.491542005588395 9681688.92526048 6005.423878050296 14.491542005588395 6005.423878050296 5990.932336044707 8000.0
150000.0 160000.0 5258.802146484377 518.7124806463067 254.05585668659694 999.9759999999951 240.3310000000056 14133.043677501368 2335.8738742166656 2318.9438936020556 2335.8738742166656 16.9299806146097 11794592.469617266 7160.83863729989 16.9299806146097 7160.83863729989 7143.90865668528 8000.0
160000.0 170000.0 6709.776236328122 350.49733663504594 237.9609160062245 895.9629999999888 26.95571289063082 12568.956322498632 1838.1261257833346 1823.0561063979442 1838.1261257833346 15.0700193853903 9932260.530382734 5616.16136270011 15.0700193853903 5616.16136270011 5601.09134331472 8000.0
170000.0 180000.0 4015.5779316405824 514.7586808894255 367.33211867266357 982.9249999999884 0.08100000000558794 12906.575830805223 2103.8854936914404 2088.4206222528064 2103.8854936914404 15.464871438633718 9335881.07779599 5725.259580100687 15.464871438633718 5725.259580100687 5709.794708662054 8000.0
180000.0 190000.0 4931.049195312487 441.8793191105808 346.83055487709044 995.7600000000093 84.37700000000768 12113.424169194777 1836.1145063085598 1821.5793777471936 1836.1145063085598 14.535128561366282 10055884.92220401 6178.740419899313 14.535128561366282 6178.740419899313 6164.205291337947 8000.0
190000.0 200000.0 7306.3129394531425 366.5576999999961 188.98983593483922 819.2209999999905 101.24799999999232 12510.0 2030.0 2015.0 2030.0 15.0 10045267.0 5642.0 15.0 5642.0 5627.0 8000.0
200000.0 210000.0 5843.4364042968955 420.48761538461144 306.5088680763119 957.5419999999867 47.88300000000163 15012.0 2146.0 2128.0 2146.0 18.0 11784704.0 6588.0 18.0 6588.0 6570.0 8000.0
210000.0 220000.0 7890.813326171861 312.229800000001 91.70168181882069 521.6089999999967 207.45999999999185 12510.0 1611.0 1596.0 1611.0 15.0 9758795.0 5423.0 15.0 5423.0 5408.0 8000.0
220000.0 230000.0 7141.051439453149 378.08609999999754 97.7834170938195 539.3869999999879 193.89100000000326 12510.0 1709.0 1694.0 1709.0 15.0 9800699.0 5609.0 15.0 5609.0 5594.0 8000.0
230000.0 240000.0 4634.162199218757 551.6755833333324 355.17721035599504 998.1410000000033 79.37799999999697 14192.0 2009.0 1992.0 2009.0 17.0 11837475.0 7233.0 17.0 7233.0 7216.0 8000.0
240000.0 250000.0 6748.898677734309 373.7279944957488 208.7817636325216 748.3670000000275 69.73200000001816 12326.70764134688 1755.9320436909427 1741.149730577704 1755.9320436909427 14.782313113238574 9421052.761502048 5692.170291640665 14.782313113238574 5692.170291640665 5677.387978527427 8000.0
250000.0 260000.0 6900.428671874979 333.05814718191897 193.5493178819623 904.1180000000168 95.27306054689689 14798.29235865312 2094.067956309057 2075.850269422296 2095.067956309057 17.217686886761427 10173104.238497952 5984.829708359334 18.217686886761427 5984.829708359334 5964.612021472573 8000.0
260000.0 270000.0 7300.839406250045 345.6136363636364 197.35176053345393 716.1699999999837 133.61900000000605 12510.0 2359.0 2344.0 2359.0 15.0 9626626.0 6135.0 15.0 6135.0 6120.0 8000.0
270000.0 280000.0 5735.252964843821 461.9585999999952 358.80600535113257 984.130999999994 14.776000000012573 12510.0 2022.0 2007.0 2022.0 15.0 9713386.0 6110.0 15.0 6110.0 6095.0 8000.0
280000.0 290000.0 6331.309750000015 368.8080771484383 253.54997019504046 961.670999999973 81.62800000002608 14074.560362905922 2227.8331117836815 2210.9725887873565 2227.8331117836815 16.860522996325322 11192621.562488457 6645.222870185685 16.860522996325322 6645.222870185685 6628.362347189359 8000.0
290000.0 300000.0 6724.778855468787 396.77430742187425 253.87039162225764 973.5279999999912 55.8620742187486 12627.439637094078 2192.1668882163185 2177.0274112126435 2192.1668882163185 15.139477003674678 10295945.437511543 6293.777129814315 15.139477003674678 6293.777129814315 6278.637652810641 8000.0
