ts te idle avg_span std_span max_span min_span c_bytes_all c_ack_cnt c_ack_cnt_p c_pkts_all c_pkts_data s_bytes_all s_ack_cnt s_ack_cnt_p s_pkts_all s_pkts_data video_rate
0.0 10000.0 6909.687136718749 699.92625 291.4979977553146 999.9579999999987 194.15999999999985 26465.0 2369.0 2339.0 2373.0 30.0 8679377.0 5428.0 34.0 5428.0 5390.0 4400.0
10000.0 20000.0 7334.360894531252 268.41500000000025 127.23501245404896 434.0610000000015 38.07100000000355 13340.0 1539.0 1522.0 1539.0 16.0 8673931.0 5089.0 17.0 5089.0 5071.0 7400.0
20000.0 30000.0 7851.155748046876 294.62280000000027 216.28100076870226 734.7430000000022 128.33499999999913 12510.0 1449.0 1434.0 1449.0 15.0 9996728.0 5810.0 15.0 5810.0 5795.0 8000.0
30000.0 40000.0 7730.348453125 303.8988000000005 156.07664980016807 639.5449999999983 135.94000000000233 12510.0 1588.0 1573.0 1588.0 15.0 9825445.0 5869.0 15.0 5869.0 5854.0 8000.0
40000.0 50000.0 7707.922603515632 319.7771111111102 163.82834852708262 562.8160000000062 131.47499999999854 12510.0 1629.0 1614.0 1629.0 15.0 9876622.0 5951.0 15.0 5951.0 5936.0 8000.0
50000.0 60000.0 6267.024857421871 515.2093350694437 290.1627292713628 904.0899999999965 20.82499999999709 11126.359450444621 1358.953046457954 1345.5970899175918 1358.953046457954 13.355956540362213 7200513.95476377 4271.199564390323 13.016967405271659 4271.199564390323 4258.1825969850515 8000.0
60000.0 70000.0 7566.959810546876 310.88083203124916 221.88954030964115 808.3329999999987 42.72699999999895 16415.640549555377 2529.046953542046 2509.402910082408 2529.046953542046 19.644043459637786 14402809.04523623 8848.800435609677 19.983032594728343 8848.800435609677 8828.81740301495 8000.0
70000.0 80000.0 7768.634853515614 317.4806000000011 159.1353385442696 576.4030000000057 114.38400000000547 12510.0 1856.0 1841.0 1856.0 15.0 9750848.0 5932.0 15.0 5932.0 5917.0 8000.0
80000.0 90000.0 8135.43488867188 229.01610000000073 75.60127142148035 346.6389999999956 138.21600000000035 12510.0 1600.0 1585.0 1600.0 15.0 9710954.0 6075.0 15.0 6075.0 6060.0 8000.0
90000.0 100000.0 7829.558097656249 251.61429999999964 196.27295985780952 756.9900000000052 85.37099999999919 14192.0 1999.0 1982.0 1999.0 17.0 11838347.0 7334.0 17.0 7334.0 7317.0 8000.0
100000.0 110000.0 6618.4757421874965 333.85130769230847 323.53011711621417 985.3420000000042 0.0 16784.0 1564.0 1545.0 1566.0 19.0 9639692.0 5873.0 21.0 5873.0 5849.0 8000.0
110000.0 120000.0 7458.316103515623 316.794166666669 170.71250464068942 599.4280000000144 140.90100000001257 12510.0 1509.0 1492.0 1509.0 15.0 9824770.0 6157.0 17.0 6157.0 6138.0 8000.0
120000.0 130000.0 7830.962710937485 299.03125 196.9584763916026 675.9530000000086 130.00899999999092 12510.0 1776.0 1761.0 1776.0 15.0 9955874.0 6397.0 15.0 6397.0 6382.0 8000.0
130000.0 140000.0 7943.381140625046 281.48637499999313 155.62482385710362 409.57600000000093 45.8409999999858 12510.0 1831.0 1816.0 1831.0 15.0 9743052.0 6044.0 15.0 6044.0 6029.0 8000.0
140000.0 150000.0 7350.782994140638 387.4852222222188 224.35311738907325 827.5599999999977 160.9549999999872 14192.0 2201.0 2184.0 2201.0 17.0 11728463.0 7381.0 17.0 7381.0 7364.0 8000.0
150000.0 160000.0 7900.483835937484 260.4256000000023 125.71682748250959 558.1730000000098 130.81400000001304 12510.0 1742.0 1727.0 1742.0 15.0 9736573.0 6229.0 15.0 6229.0 6214.0 8000.0
160000.0 170000.0 7316.190548828134 367.3182999999961 160.23857304382796 547.2330000000075 136.29699999999139 12510.0 1821.0 1806.0 1821.0 15.0 9964154.0 6149.0 15.0 6149.0 6134.0 8000.0
170000.0 180000.0 7853.967892578134 259.03133333333403 163.34119587232144 541.8770000000077 111.68900000001304 12510.0 1740.0 1725.0 1740.0 15.0 9761112.0 6161.0 15.0 6161.0 6146.0 8000.0
180000.0 190000.0 8011.348828124988 282.47090000000026 140.4170205379917 562.0920000000042 123.66399999998976 12510.0 1783.0 1768.0 1783.0 15.0 9739875.0 6049.0 15.0 6049.0 6034.0 8000.0
190000.0 200000.0 7368.9038652344025 363.19811111110744 174.44705810104767 598.0409999999974 62.913000000000466 14192.0 2048.0 2031.0 2048.0 17.0 11799686.0 7266.0 17.0 7266.0 7249.0 8000.0
200000.0 210000.0 7016.041816406272 390.75709746093196 213.22332078818457 985.3409999999858 253.72399999998743 12189.892836660218 1557.142827532541 1542.5172043837322 1557.142827532541 14.625623148808927 8974954.165945373 5744.29513788019 14.625623148808927 5744.29513788019 5729.66951473138 8000.0
210000.0 220000.0 7477.689023437531 311.490202539062 220.2361335003951 680.0760253906192 4.73399999999674 12830.107163339782 1848.857172467459 1833.4827956162678 1848.857172467459 15.374376851191073 10561647.834054627 6843.70486211981 15.374376851191073 6843.70486211981 6828.33048526862 8000.0
220000.0 230000.0 7890.146003906237 291.0697500000024 176.75165289811522 482.93700000000536 50.06400000001304 12510.0 1795.0 1780.0 1795.0 15.0 9686263.0 5875.0 15.0 5875.0 5860.0 8000.0
230000.0 240000.0 7963.397648437502 352.03099999999785 135.39299649242722 434.0689999999886 77.65400000000955 12510.0 1859.0 1844.0 1859.0 15.0 9760657.0 6219.0 15.0 6219.0 6204.0 8000.0
240000.0 250000.0 7781.862597656203 318.5258000000031 160.07059995501558 550.4980000000214 147.6699999999837 14192.0 1862.0 1845.0 1862.0 17.0 11895479.0 7401.0 17.0 7401.0 7384.0 8000.0
250000.0 260000.0 8449.724068359355 191.68360000000104 41.582276716569986 258.3389999999781 134.90000000002328 12510.0 1690.0 1675.0 1690.0 15.0 9749747.0 6187.0 15.0 6187.0 6172.0 8000.0
260000.0 270000.0 8243.88047656254 212.98699999999954 84.8535120703001 412.59499999997206 118.85700000001816 12510.0 1620.0 1605.0 1620.0 15.0 9704870.0 5723.0 15.0 5723.0 5708.0 8000.0
270000.0 280000.0 7926.060999999987 356.4094999999991 144.23518764955375 445.81199999997625 64.51799999998184 12510.0 1666.0 1651.0 1666.0 15.0 9893945.0 6294.0 15.0 6294.0 6279.0 8000.0
280000.0 290000.0 7447.303849609452 378.7121249999909 143.38668118904113 582.4369999999763 152.62300000002142 14192.0 2044.0 2027.0 2044.0 17.0 11780326.0 7181.0 17.0 7181.0 7164.0 8000.0
290000.0 300000.0 8171.156349609431 225.22939999999943 112.03961313670186 396.5929999999935 57.99599999998463 12510.0 1525.0 1510.0 1525.0 15.0 9841281.0 5997.0 15.0 5997.0 5982.0 8000.0
