ts te idle avg_span std_span max_span min_span c_bytes_all c_ack_cnt c_ack_cnt_p c_pkts_all c_pkts_data s_bytes_all s_ack_cnt s_ack_cnt_p s_pkts_all s_pkts_data videorate
0.0 10000.0 6473.039986328124 515.8596466619324 369.2552472965284 994.2930000000015 84.00700000000143 22468.658205339932 1981.6103145879056 1956.259176576813 1985.6103145879056 25.35113801109256 6700445.166110428 4396.235495808087 29.35113801109256 4396.235495808087 4362.884357796995 4400.0
10000.0 20000.0 4248.459146484369 559.8773679199221 298.97611153252797 983.2549999999974 26.927999999999884 20291.341794660068 2921.3896854120944 2896.740823423187 2922.3896854120944 23.64886198890744 12153826.833889572 7262.764504191913 25.64886198890744 7262.764504191913 7235.115642203005 6400.0
20000.0 30000.0 7260.142648437504 333.9025999999991 133.73025345340375 529.4890000000014 195.92899999999645 10828.0 1643.0 1629.0 1643.0 13.0 7407398.0 4497.0 14.0 4497.0 4482.0 8000.0
30000.0 40000.0 6988.6552265625 445.0655833333337 241.3686423150121 861.9380000000019 23.408000000003085 17169.0 2117.0 2097.0 2118.0 20.0 10067152.0 6537.0 21.0 6537.0 6515.0 8000.0
40000.0 50000.0 3298.169873046878 568.099588235295 344.2702855833374 991.2130000000034 15.009999999994761 12510.0 2929.0 2913.0 2929.0 15.0 11729162.0 7428.0 16.0 7428.0 7411.0 8000.0
50000.0 60000.0 7391.504847656237 369.96970000000294 305.5887187901232 841.1670000000013 23.23200000000361 14192.0 2003.0 1986.0 2003.0 17.0 9748457.0 6188.0 17.0 6188.0 6171.0 8000.0
60000.0 70000.0 7010.115412109371 419.25833333333463 233.17738906785365 883.3760000000038 95.33599999999569 10828.0 2031.0 2018.0 2031.0 13.0 9679631.0 6213.0 13.0 6213.0 6200.0 8000.0
70000.0 80000.0 5948.401007812514 484.96218181818074 306.77150797648113 952.5240000000049 30.11599999999453 14192.0 2421.0 2404.0 2421.0 17.0 11726319.0 7376.0 17.0 7376.0 7359.0 8000.0
80000.0 90000.0 6281.803917968748 502.93870000000027 262.2452917997227 998.3329999999987 73.08800000000338 12510.0 1955.0 1940.0 1955.0 15.0 9925153.0 6044.0 15.0 6044.0 6029.0 8000.0
90000.0 100000.0 5785.160289062493 521.6771999999997 303.3660205790287 980.8410000000003 74.62600000000384 10828.0 1348.0 1335.0 1348.0 13.0 7688867.0 4350.0 13.0 4350.0 4337.0 8000.0
100000.0 110000.0 4408.637707031245 517.3339411764712 325.86663548902015 999.6729999999952 16.59100000000035 17999.0 2192.0 2170.0 2193.0 21.0 10655721.0 6624.0 23.0 6624.0 6599.0 6571.428571428572
110000.0 120000.0 6296.518390625017 393.68330769230556 315.736577133371 999.9459999999963 67.02799999999115 16361.0 2264.0 2245.0 2265.0 19.0 10355139.0 6602.0 20.0 6602.0 6581.0 7166.666666666667
120000.0 130000.0 6374.182623046887 496.5600999999995 271.84098211942336 852.685999999987 101.85599999999977 10828.0 1773.0 1759.0 1773.0 13.0 8012885.0 5231.0 14.0 5231.0 5216.0 8000.0
130000.0 140000.0 5301.435023437487 587.4273076923072 223.20777087256235 967.939000000013 297.5469999999914 17201.0 2313.0 2292.0 2314.0 20.0 11480153.0 7172.0 22.0 7172.0 7148.0 8000.0
140000.0 150000.0 4955.860921875021 572.9387545572923 312.55725261816355 998.7850000000035 25.252000000007683 12827.41201914059 2011.0631742330345 1995.6760864048142 2011.0631742330345 15.38708782822023 9329851.102761852 6072.222219116312 15.38708782822023 6072.222219116312 6056.835131288091 8000.0
150000.0 160000.0 5403.180130859371 599.4890790264449 283.6566960703703 999.9929999999877 81.74600000001374 14588.263597564333 2419.949168643876 2402.9817740126996 2420.949168643876 16.967394631176017 9699297.795501849 6046.635511138569 17.967394631176017 6046.635511138569 6027.668116507392 8000.0
160000.0 170000.0 4385.374125000031 569.7142084263365 310.4653453213187 998.2129999999888 25.815999999991618 13901.32438329508 2019.9876571230898 2003.3421395824862 2019.9876571230898 16.645517540603755 10614526.1017363 6741.14226974512 16.645517540603755 6741.14226974512 6724.496752204515 8000.0
170000.0 180000.0 7911.285484375025 365.0889999999975 336.01053215747976 996.6659999999974 23.965999999985797 7464.0 1434.0 1425.0 1434.0 9.0 5723002.0 3658.0 9.0 3658.0 3649.0 8000.0
180000.0 190000.0 4058.335798828106 628.9648571428594 332.92095337987445 999.9649999999965 107.0460000000021 18396.0 3261.0 3239.0 3261.0 22.0 15275710.0 9746.0 22.0 9746.0 9724.0 8000.0
190000.0 200000.0 6972.004507812468 484.06944444445094 234.26027001879297 813.44200000001 94.88800000000629 12510.0 1726.0 1711.0 1726.0 15.0 8359369.0 5282.0 15.0 5282.0 5267.0 8000.0
200000.0 210000.0 5034.842902343778 534.6355967447879 281.8580407775979 993.9519999999902 34.49799999999232 14192.0 2236.568667915351 2219.568667915351 2236.568667915351 17.0 9658830.113430828 5847.744075007004 17.0 5847.744075007004 5830.744075007004 8000.0
210000.0 220000.0 5513.897964843753 475.5018713942308 272.3239781455721 999.8850000000093 80.08999999999651 12904.127739650055 2351.7938114464014 2336.318958748028 2351.7938114464014 15.47485269837356 10333380.232771944 6458.472045618915 15.47485269837356 6458.472045618915 6442.997192920542 8000.0
220000.0 230000.0 5202.223255859368 483.11239339192736 331.58389098211074 999.9640000000072 1.5130000000062864 12115.872260349945 2238.637520638247 2224.112373336621 2238.637520638247 14.52514730162644 10277527.653797228 6599.783879374081 14.52514730162644 6599.783879374081 6585.258732072454 8000.0
230000.0 240000.0 3334.502302734385 649.9453333333295 327.57040445468573 999.9839999999967 12.013999999995576 12510.0 1955.0 1940.0 1955.0 15.0 9919143.0 6117.0 15.0 6117.0 6102.0 8000.0
240000.0 250000.0 5747.237662109372 542.7772999999986 227.25011565676414 980.7600000000093 266.5580000000191 12510.0 1752.0 1737.0 1752.0 15.0 9636585.0 6073.0 15.0 6073.0 6058.0 8000.0
250000.0 260000.0 7114.982867187529 394.48036363635697 158.83397413730862 649.0019999999786 195.35100000002421 14192.0 2174.0 2157.0 2174.0 17.0 11764424.0 7003.0 17.0 7003.0 6986.0 8000.0
260000.0 270000.0 5614.196187500027 534.0430999999983 293.83884406571286 977.9369999999763 137.954000000027 10828.0 1786.0 1772.0 1786.0 13.0 7900324.0 4891.0 13.0 4891.0 4877.0 8000.0
270000.0 280000.0 5901.106033203134 548.7779090909065 248.28031720394466 955.5 197.34299999999348 14192.0 2711.0 2694.0 2711.0 17.0 11818076.0 7777.0 17.0 7777.0 7760.0 8000.0
280000.0 290000.0 5959.534316406178 526.8202000000107 217.42797675082394 939.4070000000065 249.58600000001024 12510.0 2105.0 2090.0 2105.0 15.0 9573881.0 6135.0 15.0 6135.0 6120.0 8000.0
290000.0 300000.0 4570.562931640656 598.216846153843 291.72993286937503 996.2390000000014 144.85800000000745 14192.0 2765.0 2748.0 2765.0 17.0 11691374.0 7614.0 17.0 7614.0 7597.0 8000.0
