ts te idle avg_span std_span max_span min_span c_bytes_all c_ack_cnt c_ack_cnt_p c_pkts_all c_pkts_data s_bytes_all s_ack_cnt s_ack_cnt_p s_pkts_all s_pkts_data videorate
0.0 10000.0 8763.8150546875 390.01359531249983 230.22382413488714 710.2659999999996 140.96500000000015 11919.604521305517 340.4512662132456 327.6871006789695 344.372654724671 12.764165534276113 967058.1413796627 611.9683804809018 16.685554045701487 611.9683804809018 591.3614379237749 4400.0
10000.0 20000.0 3926.041812499996 523.105961697049 380.43791414104123 999.9820000000036 4.156999999999243 23797.696114011414 3646.317960820831 3617.8797332567365 3646.396572309406 28.43822756409497 13571834.25590901 8045.843333236215 28.5168390526696 8045.843333236215 8017.24788269497 5507.692307692308
20000.0 30000.0 6917.256457031246 334.84166927083425 166.78018519739754 539.2540000000008 46.12896289062337 12903.04408843771 1936.974286304846 1921.5052486149098 1936.974286304846 15.469037689936087 10491695.787660256 5917.548078309955 15.469037689936087 5917.548078309955 5902.0790406200185 8000.0
30000.0 40000.0 5490.308974609368 561.6363017578127 278.5315323207672 999.737000000001 203.86668164062576 14092.661840186507 2087.9889663136437 2071.110496290812 2087.9889663136437 16.878470022832023 12066170.38523927 7122.996912814547 16.878470022832023 7122.996912814547 7106.118442791714 8000.0
40000.0 50000.0 7094.535425781243 342.16583300781286 170.53784878613777 729.695000000007 77.38105273437395 12669.720169881497 1657.0285706771485 1641.8353280989497 1657.0285706771485 15.193242578198863 9733941.090050858 5472.293008528782 15.193242578198863 5472.293008528782 5457.099765950582 8000.0
50000.0 60000.0 3866.184671875002 589.0002316706724 289.04520803166616 998.4379999999946 153.9490644531179 12270.165250340404 1885.0602055790453 1869.3450449491875 1885.0602055790453 14.715160629857962 9279932.061467694 5132.067044397889 14.715160629857962 5132.067044397889 5116.351883768031 8000.0
60000.0 70000.0 6333.7232832031295 431.048754394531 230.1694935868013 935.4679999999935 38.49300000000221 15103.108015836951 2423.1787440912394 2404.6370481104354 2424.1787440912394 17.54169598080398 10915974.278293252 6419.283242231712 18.54169598080398 6419.283242231712 6398.741546250908 8000.0
70000.0 80000.0 6878.910181640633 367.7675998046878 189.86457593429904 737.2339999999967 175.55400000000373 12208.288161441435 1692.3610799649011 1677.7194075641394 1692.3610799649011 14.641672400761799 9174524.972059738 5260.665139704254 14.641672400761799 5260.665139704254 5246.023467303492 8000.0
80000.0 90000.0 4237.873925781256 612.7272519531252 374.3254862490613 999.130999999994 0.005000000004656613 16860.140047571622 2840.830312799696 2820.6567497978294 2840.830312799696 20.173563001866533 12100923.094529005 6422.484387081775 18.173563001866533 6422.484387081775 6404.310824079909 8000.0
90000.0 100000.0 6980.215193359385 322.5259863281244 175.8613257952333 647.8959999999934 101.76797070312023 12611.729182537802 1811.3866668191754 1796.2658483125986 1811.3866668191754 15.120818506576962 10162622.336840134 5606.673007892108 15.120818506576962 5606.673007892108 5591.552189385531 8000.0
100000.0 110000.0 4674.938568359372 446.4335691105785 361.18578584279567 990.3960000000079 28.856121093747788 14081.286348499656 1440.1721672026806 1423.3012808030373 1440.1721672026806 16.870886399643297 9542197.055334914 4032.7297124007328 16.870886399643297 4032.7297124007328 4015.8588260010893 8000.0
110000.0 120000.0 6249.886949218751 346.4964633413452 263.7429231561882 734.4320000000007 77.49299999998766 14314.172415120483 1783.4967051278688 1766.3516072476782 1783.4967051278688 17.145097880190598 12116111.719160099 5787.243708505233 17.145097880190598 5787.243708505233 5770.098610625043 8000.0
120000.0 130000.0 7764.556312499975 315.8759699218761 142.79099922410734 497.84799999999814 22.0596992187493 10868.383844829004 1374.753068085678 1361.7051062747173 1374.753068085678 13.047961810960814 7936232.822076107 4853.204044415896 13.047961810960814 4853.204044415896 4840.156082604935 8000.0
130000.0 140000.0 5706.0453671875 451.17961538461253 225.5305631204424 994.2209999999905 190.29099999999744 16393.0 2069.0 2048.0 2070.0 19.0 11844496.0 6999.0 21.0 6999.0 6975.0 8000.0
140000.0 150000.0 7190.318396484363 385.0431888671912 139.78480316734107 628.640000000014 189.66599999999744 12264.840784197044 1771.0166810543042 1756.3078440184406 1771.0166810543042 14.708837035863473 9303953.83854568 5439.545872899336 14.708837035863473 5439.545872899336 5424.837035863473 8000.0
150000.0 160000.0 7359.813373046898 303.376673295451 107.4168703130147 458.50500000000466 164.68400000000838 12601.343604631955 1727.1985922170284 1712.0901081260167 1727.1985922170284 15.108484091011825 10071321.188944098 5845.14061172221 15.108484091011825 5845.14061172221 5830.032127631199 8000.0
160000.0 170000.0 7502.6996191406215 317.98870046164797 181.15264150301226 663.0389999999898 99.84770507813664 12663.815611171 1597.7847267286675 1582.6020478555427 1597.7847267286675 15.182678873124702 10186785.972510222 6055.313515378453 15.182678873124702 6055.313515378453 6040.130836505329 8000.0
170000.0 180000.0 6789.653287109395 446.62169843749723 173.40534019273665 627.3839999999909 158.14892578125 12412.608021875869 1706.3647707210116 1691.4811230952587 1706.3647707210116 14.883647625752904 9803330.190377053 5676.483945061443 14.883647625752904 5676.483945061443 5661.600297435691 8000.0
180000.0 190000.0 4302.782259765634 435.8720707031258 333.67142493743233 997.0439999999944 10.590941406262573 16863.11332210089 1735.0565628582342 1714.4571685077678 1736.0565628582342 19.599394350466525 10884975.674298989 6065.912579448217 21.599394350466525 6065.912579448217 6042.313185097751 8000.0
190000.0 200000.0 6706.643755859346 350.8925362215933 204.80043795791576 780.8360000000102 145.63899999999558 12876.149426228552 2080.4475175672505 2065.012660766504 2080.4475175672505 15.4348568007465 10653429.689925602 6214.500688569704 15.4348568007465 6214.500688569704 6199.065831768958 8000.0
200000.0 210000.0 6387.346121093753 386.6419433593759 215.68440498753407 822.8800000000047 41.03205664062989 15756.015028650274 1949.874480156564 1930.6379098755865 1950.874480156564 18.236570280977208 11299734.773558345 6193.104454830244 20.236570280977208 6193.104454830244 6170.867884549267 8000.0
210000.0 220000.0 7175.19274414063 366.575822975849 261.20476680215006 858.9729999999981 57.52400000000489 12966.148043427107 1836.2578509256268 1820.7091919048494 1836.2578509256268 15.548659020777402 9969554.221748527 5776.908036414837 15.548659020777402 5776.908036414837 5761.359377394058 8000.0
220000.0 230000.0 7058.462271484372 381.746299804686 246.83763190253632 887.935999999987 69.79999999998836 12629.586115619486 1848.8217902464785 1833.6797639808972 1848.8217902464785 15.142026265581338 10160228.548397837 5644.682113263166 15.142026265581338 5644.682113263166 5629.540086997584 8000.0
230000.0 240000.0 6995.765740234347 394.10318980824246 333.6349337043215 986.9500000000116 29.132080078125 10919.10552411474 1446.5086269300111 1433.4787829841991 1446.6381143514623 13.029843945812118 8103266.47206105 4292.648224334545 13.159331367263462 4292.648224334545 4279.359405545832 8000.0
240000.0 250000.0 5869.049470703147 369.54704673548986 298.0758328239838 999.2579999999725 93.30999999999767 16368.27451798308 1928.6684005948234 1908.5433988849372 1929.538913173372 19.125001709886007 11876505.429632599 6732.759958077844 20.995514288434663 6732.759958077844 6709.8939312108605 8000.0
250000.0 260000.0 6070.265589843737 425.9264171549439 238.97128778028932 825.3369999999995 144.18400000000838 16054.744868181504 2075.9664777314483 2056.330201165912 2076.9664777314483 18.636276565536228 11119920.47030755 6162.078900463823 20.636276565536228 6162.078900463823 6139.442623898287 8000.0
260000.0 270000.0 7052.49435351562 401.3470994140604 230.47964192241707 798.8499999999767 64.50099999998929 11134.255131818496 1566.0335222685517 1552.669798834088 1566.0335222685517 13.363723434463772 8551870.52969245 5010.921099536177 13.363723434463772 5010.921099536177 4997.557376101713 8000.0
270000.0 280000.0 7095.443468749989 478.0577903645915 260.1381920564755 897.314000000013 59.75300000002608 14600.380034674881 2034.8711077502155 2017.3837205356372 2034.8711077502155 17.487387214578245 10854045.515691584 6476.70520270028 17.487387214578245 6476.70520270028 6459.217815485702 8000.0
280000.0 290000.0 6761.435800781241 370.40944424716605 137.95867228141938 632.7710000000079 177.24800000002142 12941.619965325119 1829.1288922497845 1813.6162794643628 1829.1288922497845 15.512612785421755 10805036.484308416 6176.29479729972 15.512612785421755 6176.29479729972 6160.782184514298 8000.0
290000.0 300000.0 6738.879253906256 413.5732105468749 209.97769497734967 747.4899999999907 115.43300000001909 12309.433788550443 1656.011268535808 1641.2494706871732 1656.011268535808 14.76179784863473 9406874.523663808 5283.364145369196 14.76179784863473 5283.364145369196 5268.602347520562 8000.0
