ts te idle avg_span std_span max_span min_span c_bytes_all c_ack_cnt c_ack_cnt_p c_pkts_all c_pkts_data s_bytes_all s_ack_cnt s_ack_cnt_p s_pkts_all s_pkts_data video_rate
0.0 10000.0 6354.021171875 661.533111111111 364.79650954588527 998.3909999999996 102.48300000000017 26475.0 2896.0 2866.0 2900.0 30.0 9901331.0 6017.0 34.0 6017.0 5979.0 4400.0
10000.0 20000.0 5922.267650390626 413.05958333333365 228.08284871489298 870.1929999999993 42.67700000000332 13340.0 2166.0 2149.0 2166.0 16.0 9788844.0 5863.0 17.0 5863.0 5845.0 8000.0
20000.0 30000.0 7103.95191601562 390.26467610677054 183.83995466459925 829.8740000000034 86.65099999999802 14292.674755824099 2412.5491274896995 2395.4147415019447 2412.5491274896995 17.13438598775463 11002968.516935013 6365.465627032385 17.13438598775463 6365.465627032385 6348.331241044631 8000.0
30000.0 40000.0 6375.336455078126 444.4127651909722 361.404785437767 827.0250000000015 72.81900000000314 10727.325244175901 1903.4508725103005 1890.5852584980553 1903.4508725103005 12.86561401224537 8691912.483064987 4994.534372967615 12.86561401224537 4994.534372967615 4981.668758955369 8000.0
40000.0 50000.0 4655.1518222656305 527.9177272727273 319.59608691255727 920.8439999999973 68.00400000000081 14192.0 2441.0 2424.0 2441.0 17.0 11801400.0 7348.0 17.0 7348.0 7331.0 8000.0
50000.0 60000.0 6802.896109375011 357.8640909090887 172.96303166020934 833.8619999999937 189.74199999999837 12510.0 2189.0 2173.0 2189.0 15.0 9902268.0 5821.0 15.0 5821.0 5805.0 8000.0
60000.0 70000.0 7642.844509765622 304.04610000000105 95.34522732266731 429.41300000000047 149.78100000000268 12510.0 2032.0 2017.0 2032.0 15.0 9884668.0 5794.0 15.0 5794.0 5779.0 8000.0
70000.0 80000.0 6817.79304296874 371.9641722005217 238.5877007304563 829.3450000000012 57.8350000000064 14282.699514816308 2293.7719010945457 2276.649519006921 2293.7719010945457 17.122382087624917 10616724.143960398 6588.868061531139 17.122382087624917 6588.868061531139 6571.745679443513 8000.0
80000.0 90000.0 6030.765910156231 402.66035759943503 351.67467211900646 843.4510000000009 60.763000000006286 12419.300485183692 2334.2280989054543 2319.350480993079 2334.2280989054543 14.877617912375083 10749794.856039602 6710.131938468861 14.877617912375083 6710.131938468861 6695.254320556487 8000.0
90000.0 100000.0 7975.838398437481 372.0184285714308 306.6608728225432 828.1929999999993 52.99000000000524 10828.0 1349.0 1336.0 1349.0 13.0 7880473.0 3799.0 13.0 3799.0 3786.0 8000.0
100000.0 110000.0 6428.348892578128 378.19660697115336 211.71904243261537 818.7449999999953 22.370999999999185 18587.957522628905 2223.0093723895366 2201.3823250002933 2224.0093723895366 21.62704738924329 10936294.8096065 6641.090830934632 22.62704738924329 6641.090830934632 6617.463783545389 8000.0
110000.0 120000.0 6288.63584960936 371.4572072916645 252.10653891421094 997.3159999999916 12.372999999992317 16620.042477371095 1637.9906276104632 1617.6176749997067 1638.9906276104632 19.372952610756705 10796803.1903935 5287.909169065368 21.372952610756705 5287.909169065368 5264.536216454611 8000.0
120000.0 130000.0 5799.4521679687605 424.3323147536027 259.05823289923495 884.5139999999956 60.81400000001304 15080.110532515318 2292.229420879562 2273.134221682793 2292.229420879562 18.095199196769336 10640988.40262532 6264.764767460289 19.095199196769336 6264.764767460289 6244.669568263519 8000.0
130000.0 140000.0 7149.189898437529 463.49887868923383 163.06048576442478 690.8979999999865 134.02600000001257 10759.889467484682 1620.7705791204378 1607.865778317207 1620.7705791204378 12.904800803230662 8627527.59737468 5153.235232539711 12.904800803230662 5153.235232539711 5140.330431736481 8000.0
140000.0 150000.0 4098.305511718732 640.154727272729 275.84380875346756 999.9310000000114 304.7930000000051 14192.0 2672.0 2655.0 2672.0 17.0 11876719.0 7190.0 17.0 7190.0 7173.0 8000.0
150000.0 160000.0 7442.119150390645 341.3380999999965 75.61657700744075 472.3530000000028 248.5439999999944 12510.0 1951.0 1936.0 1951.0 15.0 9216288.0 5555.0 15.0 5555.0 5540.0 8000.0
160000.0 170000.0 7322.263662109384 347.83366666667035 126.09711391934506 610.265000000014 179.67800000001444 14647.0 1717.0 1699.0 1718.0 17.0 9942661.0 5795.0 19.0 5795.0 5774.0 8000.0
170000.0 180000.0 7122.232666015625 375.06800514914687 271.8441795465376 836.0909999999858 53.54099999999744 12628.580718536616 1679.9035889903494 1664.7476555143728 1679.9035889903494 15.155933475976674 9107495.72988025 5289.929474031894 15.155933475976674 5289.929474031894 5274.773540555917 8000.0
180000.0 190000.0 6732.262716796889 347.38264160156126 175.71490014089213 642.0970000000088 60.397999999986496 16324.554720035074 2171.5976941762856 2152.6415513122247 2172.5976941762856 18.95614286406146 11758876.576542735 6947.574375468012 19.95614286406146 6947.574375468012 6926.618232603951 8000.0
190000.0 200000.0 5144.905320312508 500.3514134114569 251.70138692956888 866.2749999999942 84.49799999999232 12427.864561428312 2139.4987168333646 2123.610793173403 2139.4987168333646 14.887923659961867 10726488.693577016 6691.496150500095 15.887923659961867 6691.496150500095 6674.608226840132 8000.0
200000.0 210000.0 7874.415974609379 292.2749000000011 85.86900709342494 430.6710000000021 182.3060000000114 12510.0 1989.0 1974.0 1989.0 15.0 9760975.0 6067.0 15.0 6067.0 6052.0 8000.0
210000.0 220000.0 7199.356060546852 354.48042424665516 165.95161204249007 565.5890000000072 0.0 16249.776165437062 2791.2381940733844 2771.3085311690647 2794.2381940733844 19.92966290431955 11645306.0787585 7191.509867427307 20.92966290431955 7191.509867427307 7169.5802045229875 8000.0
220000.0 230000.0 5571.841822265618 397.22355429687497 278.4816428484889 849.2309999999998 35.674060546880355 15620.48879861732 1894.258408536066 1874.085466188816 1895.258408536066 18.1729423472501 8997040.170345802 5146.67792925371 21.1729423472501 5146.67792925371 5122.50498690646 8000.0
230000.0 240000.0 4920.634951171873 471.9628955078127 293.73810188203805 869.1059999999998 60.437999999994645 12435.735035945618 2229.5033973905493 2214.606002642119 2229.5033973905493 14.897394748430347 10642011.750895698 6352.812203318983 14.897394748430347 6352.812203318983 6337.914808570553 8000.0
240000.0 250000.0 4990.624927734316 537.9968181818205 260.15680742614205 996.3670000000275 235.7860000000219 12510.0 2333.0 2318.0 2333.0 15.0 10345747.0 6493.0 15.0 6493.0 6478.0 8000.0
250000.0 260000.0 8000.529695312551 268.62866666665974 138.24580080602854 513.4459999999963 83.85999999998603 10828.0 1732.0 1719.0 1732.0 13.0 7144804.0 4456.0 13.0 4456.0 4443.0 8000.0
260000.0 270000.0 6488.638869140646 359.05849999999435 242.13681779617858 864.6280000000261 69.85800000000745 14192.0 2575.0 2558.0 2575.0 17.0 11958503.0 7326.0 17.0 7326.0 7309.0 8000.0
270000.0 280000.0 6662.475001953135 352.7708333333382 270.29405643376947 862.4629999999888 72.60100000002421 14192.0 2357.0 2340.0 2357.0 17.0 11143884.0 6925.0 17.0 6925.0 6908.0 8000.0
280000.0 290000.0 5338.433312500012 475.0072727272742 326.43739516301486 886.4720000000088 70.16600000002654 12510.0 2040.0 2025.0 2040.0 15.0 9801766.0 6186.0 15.0 6186.0 6171.0 8000.0
290000.0 300000.0 6962.39147070318 368.9460999999952 195.93360494847065 826.6880000000237 214.99099999997998 12510.0 1958.0 1943.0 1958.0 15.0 9797563.0 5850.0 15.0 5850.0 5835.0 8000.0
