ts te idle avg_span std_span max_span min_span c_bytes_all c_ack_cnt c_ack_cnt_p c_pkts_all c_pkts_data s_bytes_all s_ack_cnt s_ack_cnt_p s_pkts_all s_pkts_data video_rate
0.0 10000.0 7438.853220703124 524.7864914550782 337.9116340820046 959.7779999999984 104.85900000000038 20112.656682711502 1216.3939764547283 1193.9217001094653 1220.3939764547283 22.47227634526307 5256039.376263364 3400.573957389443 26.47227634526307 3400.573957389443 3370.1016810441797 4400.0
10000.0 20000.0 4617.6210039062535 418.36612166819845 292.00520895011056 891.7330000000002 98.37000000000262 20189.343317288498 2798.6060235452715 2772.0782998905347 2799.6060235452715 23.52772365473693 12212208.623736637 7525.4260426105575 27.52772365473693 7525.4260426105575 7493.89831895582 6400.0
20000.0 30000.0 7689.1904570312545 280.1618181818174 129.27778973421346 503.3179999999993 128.69900000000052 16393.0 1800.0 1781.0 1801.0 19.0 11755093.0 6695.0 20.0 6695.0 6674.0 8000.0
30000.0 40000.0 7409.169363281246 259.9820909090909 147.76557062080104 549.0659999999989 131.29299999999785 12510.0 1469.0 1453.0 1469.0 15.0 9814060.0 5529.0 16.0 5529.0 5512.0 8000.0
40000.0 50000.0 8629.515746093748 191.7430108309656 89.16649975416438 351.672119140625 26.739000000001397 17136.07626504057 1719.9992649802566 1700.4480526389857 1721.8870680655743 19.551212341270798 9063786.30185775 5748.334753194688 21.439015426588497 5748.334753194688 5725.007934682782 8000.0
50000.0 60000.0 6706.2721464843635 322.9591567382825 198.21473548903322 617.4149999999936 44.44288085938024 12926.92373495943 1864.0007350197434 1847.5519473610143 1864.1129319344257 15.448787658729204 10183164.69814225 6465.665246805312 16.560984573411503 6465.665246805312 6447.992065317218 8000.0
60000.0 70000.0 7800.546935546881 318.66488789062566 182.13922675777258 608.02587890625 97.05400000000373 13218.800920752612 1812.2005797141128 1796.367485084913 1812.2005797141128 15.833094629199774 10350361.923579894 6222.8904177422155 15.833094629199774 6222.8904177422155 6207.057323113016 8000.0
70000.0 80000.0 5764.328574218744 473.8532563476571 219.0421643149851 985.1410000000033 264.13400000000547 13327.02075771849 1940.170124447278 1924.1887040189113 1940.170124447278 15.981420428366855 10853409.6949747 6630.35012697927 15.981420428366855 6630.35012697927 6614.368706550903 8000.0
80000.0 90000.0 3874.695070312504 614.065088341345 328.9126116193125 999.4879999999976 0.0 17483.3728882403 1758.9883833091542 1738.024757551149 1758.9883833091542 20.963625758005108 9447461.622166235 5640.618125845867 18.963625758005108 5640.618125845867 5621.654500087862 8000.0
90000.0 100000.0 6911.465199218743 401.3850896484364 255.44534760564338 948.051999999996 44.604999999995925 12696.805433288597 1840.640912529455 1825.4190533450267 1840.640912529455 15.221859184428263 10088939.759279171 6408.141329432648 15.221859184428263 6408.141329432648 6392.919470248219 8000.0
100000.0 110000.0 6685.605720703112 385.7293564453151 207.90367573083216 728.2649999999994 129.00500000000466 12777.982852768482 1459.209524927984 1443.8987022138049 1459.209524927984 15.310822714178894 9731835.54818238 5368.209524927984 15.310822714178894 5368.209524927984 5352.898702213805 8000.0
110000.0 120000.0 6630.520455078164 347.94150585937314 249.24131390527043 999.9629999999888 114.26800000001094 13607.517935507385 2173.4589706096176 2157.148136633023 2173.4589706096176 16.31083397659462 11210356.30696196 6818.741125816538 16.31083397659462 6818.741125816538 6802.430291839944 8000.0
120000.0 130000.0 7291.750806640601 344.0861951349441 217.8875497909088 685.810999999987 57.23510546874604 11144.499211724133 1578.3315044623987 1564.9531611531722 1578.3315044623987 13.378343309226487 8159041.144855661 4834.049349255478 13.378343309226487 4834.049349255478 4820.67100594625 8000.0
130000.0 140000.0 8021.165238281246 229.4954999999987 113.34310715625581 509.2380000000121 132.52900000000955 14192.0 1978.0 1961.0 1978.0 17.0 11745587.0 7215.0 17.0 7215.0 7198.0 8000.0
140000.0 150000.0 7970.075585937477 191.410583333333 113.03434612337045 450.3859999999986 0.0 12510.0 1474.0 1459.0 1474.0 15.0 9878274.0 5826.0 15.0 5826.0 5810.0 8000.0
150000.0 160000.0 8160.581332031259 206.0926999999996 64.89304595862976 317.08699999999953 120.41200000001118 12510.0 1676.0 1661.0 1676.0 15.0 9595597.0 5807.0 15.0 5807.0 5792.0 8000.0
160000.0 170000.0 7567.174904296844 347.0585039062571 236.3753165879526 762.3580000000075 85.05400000000373 14545.555377036888 1740.4838017532384 1723.5662775524818 1741.4838017532384 16.9175242007564 9673819.182373952 5798.224863733396 17.9175242007564 5798.224863733396 5779.30733953264 8000.0
170000.0 180000.0 6735.270960937487 293.0985444711539 214.8077678040418 693.3649999999907 33.52700000000186 13886.189399963685 1686.087335115109 1668.4505306020878 1686.087335115109 16.636804513021005 11130173.014498511 6397.818527400398 17.636804513021005 6397.818527400398 6379.181722887376 8000.0
180000.0 190000.0 7851.570771484374 353.5419869791658 288.5815288703471 818.0119999999879 28.206000000005588 12885.255222999427 1939.4288631316526 1923.9831918454302 1939.4288631316526 15.445671286222598 10630451.803127538 6609.956608866207 15.445671286222598 6609.956608866207 6594.510937579984 8000.0
190000.0 200000.0 7784.696751953103 249.30840000000316 106.37361747915111 509.63200000001234 148.94000000000233 12510.0 1672.0 1657.0 1672.0 15.0 9517688.0 5546.0 15.0 5546.0 5531.0 8000.0
200000.0 210000.0 6981.281955078128 370.9610000000023 248.7606860269531 986.051999999996 108.06899999998859 16393.0 2058.0 2039.0 2059.0 19.0 11368385.0 7266.0 20.0 7266.0 7245.0 8000.0
210000.0 220000.0 7107.703445312509 329.9157272727276 180.08525870047583 596.252999999997 154.00599999999395 12510.0 1779.0 1763.0 1779.0 15.0 9824265.0 5888.0 16.0 5888.0 5871.0 8000.0
220000.0 230000.0 7683.890589843708 291.8436000000074 152.6764294732826 661.7010000000009 171.35500000001048 12510.0 1514.0 1499.0 1514.0 15.0 8740593.0 5308.0 15.0 5308.0 5293.0 8000.0
230000.0 240000.0 7801.490333984373 311.62111111111074 148.44865332871913 521.877999999997 88.19800000000396 10828.0 1204.0 1191.0 1204.0 13.0 7521080.0 4228.0 13.0 4228.0 4215.0 8000.0
240000.0 250000.0 7180.15268359374 309.31290000000155 229.32716097529342 764.2079999999842 59.4890000000014 14192.0 1679.0 1662.0 1679.0 17.0 10737193.0 6419.0 17.0 6419.0 6402.0 8000.0
250000.0 260000.0 7896.826941406296 269.01930800780536 132.0438976996407 530.164999999979 123.90399999998044 12342.684029835476 1575.9059664196466 1561.1046789732861 1575.9059664196466 14.801287446360424 9357728.926174281 5666.391283701484 14.801287446360424 5666.391283701484 5651.589996255124 8000.0
260000.0 270000.0 7657.355607421894 262.6878266601513 125.68208187815765 560.6770000000251 104.72899999999208 16464.315970164524 2185.0940335803534 2165.8953210267136 2186.0940335803534 19.198712553639574 11776808.073825719 7273.608716298516 20.198712553639574 7273.608716298516 7252.410003744877 8000.0
270000.0 280000.0 7338.468082031235 300.6790999999968 195.2587331570579 600.8009999999776 62.47100000001956 12510.0 1828.0 1812.0 1828.0 15.0 10065458.0 6159.0 16.0 6159.0 6142.0 8000.0
280000.0 290000.0 7875.384251953103 318.4351428571473 175.56078157855302 461.6149999999907 26.134000000020023 12510.0 1693.0 1678.0 1693.0 15.0 9694329.0 6022.0 15.0 6022.0 6007.0 8000.0
290000.0 300000.0 7974.736851562513 268.21588888888556 89.18664717943855 422.04999999998836 159.7060000000056 12510.0 1540.0 1525.0 1540.0 15.0 9631263.0 5622.0 15.0 5622.0 5607.0 8000.0
