ts te idle avg_span std_span max_span min_span c_bytes_all c_ack_cnt c_ack_cnt_p c_pkts_all c_pkts_data s_bytes_all s_ack_cnt s_ack_cnt_p s_pkts_all s_pkts_data video_rate
0.0 10000.0 7034.136365234375 705.0976249999999 291.87545357269767 984.5720000000001 329.5709999999999 25623.0 1618.0 1589.0 1622.0 29.0 5193024.0 3174.0 47.0 3174.0 3123.0 2720.0
10000.0 20000.0 7243.093675781245 408.2771666666661 95.79351502802287 554.9309999999969 192.4230000000025 13340.0 2506.0 2489.0 2506.0 16.0 8952199.0 5346.0 28.0 5346.0 5317.0 7400.0
20000.0 30000.0 7304.1169082031265 460.29419999999953 176.92046610258552 914.0710000000036 334.6770000000033 14192.0 2293.0 2276.0 2293.0 17.0 11658964.0 6924.0 29.0 6924.0 6895.0 8000.0
30000.0 40000.0 8068.516763671883 341.1550999999992 51.440392119747045 409.3929999999964 276.23399999999674 12510.0 1620.0 1605.0 1620.0 15.0 9829697.0 5910.0 25.0 5910.0 5885.0 8000.0
40000.0 50000.0 7641.948525390617 413.3555 143.4051697466127 674.429999999993 285.4300000000003 12510.0 1793.0 1778.0 1793.0 15.0 9712450.0 5571.0 25.0 5571.0 5546.0 8000.0
50000.0 60000.0 6535.060880859368 478.7386363636364 223.67689045641887 824.255999999994 254.6180000000022 14192.0 2133.0 2115.0 2133.0 17.0 11728343.0 6651.0 30.0 6651.0 6620.0 8000.0
60000.0 70000.0 7834.658035156244 396.14755555555814 160.6442690396342 727.971000000005 264.1380000000063 12510.0 1826.0 1811.0 1826.0 15.0 9865239.0 6012.0 26.0 6012.0 5986.0 8000.0
70000.0 80000.0 7450.658951171878 455.15044444444516 120.99102248009278 661.2850000000035 298.52999999999884 12510.0 2005.0 1990.0 2005.0 15.0 9647092.0 5529.0 25.0 5529.0 5504.0 8000.0
80000.0 90000.0 7552.220880859386 410.7524000000005 148.95971550963478 774.448000000004 274.2140000000072 14647.0 1545.0 1528.0 1546.0 17.0 9959098.0 5507.0 29.0 5507.0 5477.0 8000.0
90000.0 100000.0 6367.990683593744 510.54593696732957 210.988219683183 925.0130000000063 305.39100000000326 14137.65750962443 2050.412544859663 2032.4770846344557 2050.412544859663 16.935460225207162 11683540.755976692 6781.041816198876 30.870920450414324 6781.041816198876 6749.170895748462 8000.0
100000.0 110000.0 7596.547261718733 391.13463259548814 225.00870422323882 719.948000000004 32.532693359375116 10882.34249037557 1436.5874551403372 1423.5229153655443 1436.5874551403372 13.064539774792838 7848293.244023307 4564.958183801124 23.129079549585676 4564.958183801124 4541.829104251538 8000.0
110000.0 120000.0 4482.1375722656085 597.8660666666692 308.6117919116552 997.8420000000042 125.5450000000128 18530.0 2146.0 2124.0 2147.0 21.0 11670384.0 6689.0 42.0 6689.0 6645.0 8000.0
120000.0 130000.0 7473.799080078112 433.74030000000204 151.10577191347252 775.0840000000026 272.72000000000116 14711.0 1689.0 1672.0 1690.0 17.0 9698438.0 5546.0 29.0 5546.0 5516.0 8000.0
130000.0 140000.0 6859.336539062497 409.6064545454574 69.82882978593192 499.96100000001024 282.15400000000955 12510.0 1688.0 1672.0 1688.0 15.0 9878708.0 5387.0 26.0 5387.0 5360.0 8000.0
140000.0 150000.0 6835.502417968761 516.0544999999984 123.76796681087943 768.0419999999867 367.6339999999909 12510.0 1644.0 1629.0 1644.0 15.0 9937844.0 5257.0 25.0 5257.0 5232.0 8000.0
150000.0 160000.0 7369.442220703117 420.1513000000006 107.33460511156343 642.7390000000014 346.0249999999942 12510.0 1736.0 1721.0 1736.0 15.0 9673485.0 5276.0 25.0 5276.0 5251.0 8000.0
160000.0 170000.0 6663.757767578121 495.66791666667024 180.30309567677898 820.8820000000123 271.05100000000675 18530.0 2460.0 2438.0 2462.0 21.0 11827767.0 6323.0 38.0 6323.0 6282.0 8000.0
170000.0 180000.0 7442.709333984356 434.9030000000028 133.79353088081302 676.9690000000119 290.51500000001397 12510.0 1818.0 1803.0 1818.0 15.0 10001851.0 5955.0 25.0 5955.0 5930.0 8000.0
180000.0 190000.0 7363.934458984382 377.77689628906376 76.02761007383184 517.9290000000037 252.75800000000163 12319.733495776854 1423.5210522073062 1408.7470219272861 1423.5210522073062 14.774030280020018 9384360.814043483 5438.340546465482 24.548060560040035 5438.340546465482 5413.792485905442 8000.0
190000.0 200000.0 7165.938884765637 368.78269516226004 179.2961850746699 643.6350000000093 0.0 12700.266504223146 1687.4789477926938 1672.2529780727139 1687.4789477926938 15.225969719979982 10121580.185956517 5702.659453534518 26.451939439959965 5702.659453534518 5676.207514094558 8000.0
200000.0 210000.0 7076.866734375042 502.79509999999425 172.33749582301002 791.7280000000028 264.73399999999674 14192.0 1869.0 1852.0 1869.0 17.0 12000753.0 6204.0 30.0 6204.0 6174.0 8000.0
210000.0 220000.0 7057.279796874995 420.4280000000015 216.20707496981214 847.3440000000119 251.14300000001094 10828.0 1349.0 1336.0 1349.0 13.0 7841146.0 4399.0 22.0 4399.0 4377.0 8000.0
220000.0 230000.0 7617.481134765607 404.04444444444704 161.38045517899022 815.6270000000077 272.6000000000058 12510.0 1802.0 1787.0 1802.0 15.0 9709130.0 5636.0 25.0 5636.0 5611.0 8000.0
230000.0 240000.0 7206.7860468750005 396.60018181818305 220.2301386857921 915.3289999999979 0.0 14192.0 2292.0 2275.0 2292.0 17.0 11582735.0 6801.0 28.0 6801.0 6773.0 8000.0
240000.0 250000.0 7213.6881757812225 408.16136363636576 130.00212018984615 780.4180000000051 263.1589999999851 14192.0 2156.0 2139.0 2156.0 17.0 12023568.0 6725.0 29.0 6725.0 6696.0 8000.0
250000.0 260000.0 7627.141439453117 376.80199999999604 32.107367029318105 449.9679999999935 336.92800000001444 12510.0 1765.0 1750.0 1765.0 15.0 9536987.0 5724.0 25.0 5724.0 5699.0 8000.0
260000.0 270000.0 7216.31759570312 451.63500000000283 175.56727933616008 812.0920000000042 256.1259999999893 10828.0 1311.0 1298.0 1311.0 13.0 7696348.0 4424.0 23.0 4424.0 4401.0 8000.0
270000.0 280000.0 6594.896279296838 394.7173333333388 242.60073777237173 999.7420000000275 224.55300000001444 12510.0 1555.0 1540.0 1555.0 15.0 9896544.0 5544.0 28.0 5544.0 5516.0 8000.0
280000.0 290000.0 7105.017857421946 426.27049999998997 130.1411474645524 780.6680000000051 332.82299999997485 14192.0 2078.0 2061.0 2078.0 17.0 11790486.0 6661.0 28.0 6661.0 6633.0 8000.0
