ts te idle avg_span std_span max_span min_span c_bytes_all c_ack_cnt c_ack_cnt_p c_pkts_all c_pkts_data s_bytes_all s_ack_cnt s_ack_cnt_p s_pkts_all s_pkts_data video_rate
0.0 10000.0 7336.939726562501 654.194119384766 280.55630120092934 986.857 349.6790000000001 18699.54824689491 1011.5217588084909 990.7554286323328 1015.5217588084909 20.76633017615795 2710029.1048334828 1656.6364980831647 33.63434696113086 1656.6364980831647 1619.0021511220339 3466.6666666666665
10000.0 20000.0 5019.4963554687565 506.0502878689232 310.89415271633663 994.6179999999986 29.955951171876222 20789.44544559772 2531.854522073484 2506.9901777614346 2531.854522073484 24.864344312049365 11508722.90474065 7295.598603828305 44.206086967823566 7295.598603828305 7251.392516860482 5527.272727272727
20000.0 30000.0 5715.251197265628 546.9181552734377 160.62206947702083 779.487121093749 249.03100000000268 11984.00630750737 2382.6237191180253 2368.2543936062325 2382.6237191180253 14.369325511792683 11313801.990425866 6995.76489808853 27.159566071045564 6995.76489808853 6968.605332017484 8000.0
30000.0 40000.0 6840.2190800781245 520.4072222222223 223.76856705968373 957.3119999999981 266.4930000000022 12510.0 2199.0 2184.0 2199.0 15.0 9867761.0 6199.0 26.0 6199.0 6173.0 8000.0
40000.0 50000.0 7098.900400390616 413.6145000000009 79.01092086828676 551.7099999999991 269.39800000000105 14192.0 2712.0 2695.0 2712.0 17.0 11572650.0 7373.0 29.0 7373.0 7344.0 8000.0
50000.0 60000.0 6079.342105468764 537.6791111111088 231.84320977194858 879.6839999999938 288.4320000000007 9146.0 1308.0 1297.0 1308.0 11.0 5987483.0 3826.0 19.0 3826.0 3807.0 8000.0
60000.0 70000.0 4268.954871093738 698.8439166666673 307.3216352598874 999.9670000000042 139.34299999999348 16714.0 3076.0 3056.0 3076.0 20.0 13915652.0 8888.0 36.0 8888.0 8852.0 8000.0
70000.0 80000.0 6864.8411855468585 474.6173333333362 210.92908153215635 885.9159999999974 275.36500000000524 11668.0 1635.0 1621.0 1635.0 14.0 7766579.0 4945.0 23.0 4945.0 4922.0 8000.0
80000.0 90000.0 5353.467843749997 544.3209999999997 159.76137751033494 791.3059999999969 294.0709999999963 15874.0 2859.0 2839.0 2859.0 19.0 13763402.0 8842.0 33.0 8842.0 8808.0 8000.0
90000.0 100000.0 7688.3473261718755 384.7008000000002 83.23043137485534 586.7839999999997 276.16300000000047 12510.0 2320.0 2305.0 2320.0 15.0 9742260.0 6282.0 26.0 6282.0 6256.0 8000.0
100000.0 110000.0 7647.989289062491 366.05466666666973 91.45547918249605 514.6870000000054 251.39500000000407 10828.0 1726.0 1713.0 1726.0 13.0 7854062.0 4978.0 22.0 4978.0 4956.0 8000.0
110000.0 120000.0 7020.260777343734 478.6693333333339 154.37762855171553 719.7360000000044 249.72000000000116 14192.0 2380.0 2363.0 2380.0 17.0 11973253.0 7749.0 28.0 7749.0 7721.0 8000.0
120000.0 130000.0 5931.089136718772 489.0373999999953 288.955537095707 979.5320000000065 182.82099999999627 12510.0 1998.0 1983.0 1998.0 15.0 9808940.0 6307.0 25.0 6307.0 6282.0 8000.0
130000.0 140000.0 5060.690816406219 588.8475559304007 282.27338683927206 999.5130000000063 273.74400000000605 15405.928741778094 2300.0300678455574 2281.54966694095 2300.0300678455574 18.480400904607436 11678613.639766349 7705.521383635309 32.480400904607436 7705.521383635309 7673.040982730701 8000.0
140000.0 150000.0 6265.935654296889 577.0990884765604 254.27131884093282 892.801999999996 260.0439999999944 12116.071258221906 2134.9699321544426 2120.45033305905 2134.9699321544426 14.519599095392566 10091604.360233651 6489.478616364691 25.519599095392564 6489.478616364691 6463.959017269299 8000.0
150000.0 160000.0 8021.384128906269 356.3236666666667 74.27274345108412 516.890000000014 266.6559999999881 10828.0 1536.0 1523.0 1536.0 13.0 7750250.0 5092.0 22.0 5092.0 5070.0 8000.0
160000.0 170000.0 7183.897771484364 482.17837500000314 202.78072892654885 787.630999999994 283.8379999999888 12510.0 1924.0 1909.0 1924.0 15.0 9784658.0 6187.0 25.0 6187.0 6162.0 8000.0
170000.0 180000.0 6078.85181835937 451.8761666666663 226.35117651714663 999.997000000003 187.4100000000035 14192.0 2503.0 2486.0 2503.0 17.0 11957653.0 7419.0 30.0 7419.0 7389.0 8000.0
180000.0 190000.0 6946.967423828144 420.1045000000013 278.7965553550407 971.7630000000063 3.176999999996042 12510.0 1916.0 1901.0 1916.0 15.0 9579388.0 6052.0 26.0 6052.0 6026.0 8000.0
190000.0 200000.0 5995.994300781254 572.4738181818208 281.53489223639815 999.9549999999872 261.2840000000142 14192.0 2267.0 2250.0 2267.0 17.0 12001644.0 7638.0 31.0 7638.0 7607.0 8000.0
200000.0 210000.0 7002.982070312486 475.0915000000008 277.0560472448507 999.359999999986 239.25500000000466 12510.0 2063.0 2048.0 2063.0 15.0 9741430.0 6249.0 27.0 6249.0 6222.0 8000.0
210000.0 220000.0 6977.532218749984 428.83340000000027 188.01792117726959 760.0929999999935 259.85699999998906 12510.0 2009.0 1994.0 2009.0 15.0 9689871.0 5784.0 25.0 5784.0 5759.0 8000.0
220000.0 230000.0 6775.702365234349 497.4140000000027 236.77310420210577 961.823000000004 260.15499999999884 12510.0 2078.0 2063.0 2078.0 15.0 9845497.0 6243.0 25.0 6243.0 6218.0 8000.0
230000.0 240000.0 6236.567212890659 564.1885555555507 293.0564088687195 895.6939999999886 141.15299999999115 14192.0 2179.0 2162.0 2179.0 17.0 11639181.0 7557.0 29.0 7557.0 7528.0 8000.0
240000.0 250000.0 7541.6980214844225 427.6911249999903 188.82500181570006 742.3570000000182 248.38099999999395 10828.0 1541.0 1528.0 1541.0 13.0 7985800.0 5254.0 22.0 5254.0 5232.0 8000.0
250000.0 260000.0 6386.186054687481 472.4399000000034 147.59260468333278 626.2530000000261 248.22299999999814 15012.0 2173.0 2154.0 2173.0 18.0 11506661.0 7438.0 30.0 7438.0 7407.0 8000.0
260000.0 270000.0 7621.449619140592 410.41466666667515 152.40598706087806 792.890000000014 298.20100000000093 12510.0 1858.0 1843.0 1858.0 15.0 9701857.0 6006.0 25.0 6006.0 5981.0 8000.0
270000.0 280000.0 7147.075441406167 384.1208888889006 124.85078473866238 592.5100000000093 252.13400000002002 12510.0 1940.0 1925.0 1940.0 15.0 9992113.0 6709.0 25.0 6709.0 6684.0 8000.0
280000.0 290000.0 6857.508425781329 446.0819999999891 198.584774340273 796.5939999999828 269.00699999998324 14192.0 2306.0 2289.0 2306.0 17.0 11783384.0 7549.0 28.0 7549.0 7521.0 8000.0
290000.0 300000.0 7322.164906250022 408.00659999999334 130.31034734919302 657.5009999999893 303.6919999999809 12510.0 1731.0 1716.0 1731.0 15.0 9550579.0 6018.0 25.0 6018.0 5993.0 8000.0
