ts te idle avg_span std_span max_span min_span c_bytes_all c_ack_cnt c_ack_cnt_p c_pkts_all c_pkts_data s_bytes_all s_ack_cnt s_ack_cnt_p s_pkts_all s_pkts_data videorate
0.0 10000.0 6508.836597656253 608.1575442116472 366.670031572711 999.5639999999985 22.3291015625 23336.24559908203 2184.3290794608165 2158.0224093684724 2188.3290794608165 26.306670092344113 6950483.52286937 4690.02592487749 46.47117009123572 4690.02592487749 4639.554754786254 4400.0
10000.0 20000.0 5575.180230468744 530.7622152622769 249.4275493985611 977.6348984374999 60.40299999999843 14764.754400917971 2532.6709205391835 2513.9775906315276 2532.6709205391835 17.693329907655887 9746282.47713063 6298.974075122509 32.52882990876428 6298.974075122509 6265.445245213745 6457.142857142857
20000.0 30000.0 6981.30912890625 452.5898000000001 45.04649306808902 553.2390000000014 408.9669999999969 12510.0 2078.0 2063.0 2078.0 15.0 9938362.0 6308.0 25.0 6308.0 6283.0 8000.0
30000.0 40000.0 7024.514435546873 452.10699999999923 53.92590693205198 506.5740000000005 352.8029999999999 12510.0 2052.0 2037.0 2052.0 15.0 9800678.0 6175.0 25.0 6175.0 6150.0 8000.0
40000.0 50000.0 6028.819767578119 506.4104695012015 210.35616866431673 895.0209999999934 263.1429999999964 16633.820189570793 2896.9260599918775 2877.5153036631327 2897.9260599918775 19.41075632874487 10617908.569226641 6779.09079065578 33.41075632874487 6779.09079065578 6744.680034327035 8000.0
50000.0 60000.0 6070.3932753906265 505.13826331676023 268.87303672425963 974.6760000000068 28.835999999995693 12173.179810429207 2207.0739400081225 2192.4846963368673 2207.0739400081225 14.58924367125513 11005774.430773359 6979.90920934422 25.58924367125513 6979.90920934422 6954.319965672965 8000.0
60000.0 70000.0 6285.9424511718535 525.2871000000029 123.9636932658109 745.6230000000069 385.0890000000072 12510.0 1780.0 1765.0 1780.0 15.0 9776952.0 6373.0 25.0 6373.0 6348.0 8000.0
70000.0 80000.0 6934.125216796863 437.82530000000116 137.28060933079183 736.122000000003 250.8969999999972 12510.0 1833.0 1818.0 1833.0 15.0 9910010.0 6512.0 25.0 6512.0 6487.0 8000.0
80000.0 90000.0 5120.935365234371 620.1530909090903 201.68168104984355 944.0460000000021 366.91599999999744 14192.0 2075.0 2057.0 2075.0 17.0 11836175.0 7746.0 29.0 7746.0 7716.0 8000.0
90000.0 100000.0 5571.150187499996 547.5584506392042 178.12718079134413 912.0040000000008 363.0770000000048 12427.488994834393 1681.388034712823 1665.4860287807155 1681.388034712823 14.902005932107354 9540763.786886666 6201.077622757952 25.804011864214708 6201.077622757952 6174.273610893737 8000.0
100000.0 110000.0 6687.2737675781245 536.4074042968757 272.9203840555586 908.1349999999948 90.0470429687557 14729.511005165608 2749.611965287177 2732.5139712192845 2750.611965287177 17.097994067892646 10021997.213113334 6227.922377242048 29.195988135785292 6227.922377242048 6197.726389106263 8000.0
110000.0 120000.0 7003.65544140627 431.7794999999984 53.737407304714075 506.4739999999874 371.9100000000035 12510.0 1802.0 1787.0 1802.0 15.0 9521299.0 6266.0 25.0 6266.0 6241.0 8000.0
120000.0 130000.0 6783.420570312475 501.07577777778107 293.46170519583245 960.515000000014 0.0 12510.0 1786.0 1771.0 1786.0 15.0 9900658.0 6355.0 24.0 6355.0 6331.0 8000.0
130000.0 140000.0 6559.701925781264 510.68859999999984 194.46476023359563 740.5409999999974 262.1160000000091 14192.0 2250.0 2233.0 2250.0 17.0 11680938.0 7709.0 29.0 7709.0 7680.0 8000.0
140000.0 150000.0 6567.391148437484 431.4356363636378 90.30184163157983 594.5620000000054 276.61699999999837 12510.0 1837.0 1821.0 1837.0 15.0 9861300.0 6350.0 25.0 6350.0 6324.0 8000.0
150000.0 160000.0 6813.840089843783 479.1110999999975 157.84355734675066 721.359999999986 277.372000000003 12510.0 1697.0 1682.0 1697.0 15.0 9634014.0 6030.0 25.0 6030.0 6005.0 8000.0
160000.0 170000.0 6641.616419921862 470.3347000000038 144.00604956895475 800.0860000000102 339.7250000000058 12510.0 2034.0 2019.0 2034.0 15.0 10028391.0 6286.0 25.0 6286.0 6261.0 8000.0
170000.0 180000.0 7057.746273437515 424.68159999999625 103.03932700155592 588.2859999999928 259.679999999993 12510.0 1731.0 1716.0 1731.0 15.0 9681341.0 6211.0 25.0 6211.0 6186.0 8000.0
180000.0 190000.0 5697.916140624962 481.86627204240983 275.9818706426426 999.9580000000133 100.7609999999986 19164.569927645993 2977.533438387336 2955.5013483378343 2979.533438387336 21.687433647766255 11675340.016436972 7313.437863700908 36.68837322561846 7313.437863700908 7274.404834073554 8000.0
190000.0 200000.0 6139.023357421858 475.9159326171866 203.42870329673966 839.3450000000012 256.42499999998836 11939.430072354005 1719.466561612664 1704.4986516621655 1719.466561612664 14.312566352233741 9673088.983563028 5543.562136299091 25.311626774381537 5543.562136299091 5517.595165926446 8000.0
200000.0 210000.0 6947.015724609373 440.0290000000008 126.86277374829331 614.5329999999958 256.2710000000079 12510.0 2136.0 2121.0 2136.0 15.0 9739700.0 6318.0 25.0 6318.0 6293.0 8000.0
210000.0 220000.0 6876.000037109363 438.622199999998 216.39559967378875 807.2550000000047 249.11600000000908 12510.0 1901.0 1886.0 1901.0 15.0 9680705.0 6319.0 25.0 6319.0 6294.0 8000.0
220000.0 230000.0 5620.40272460939 519.4201619466136 342.89443366742734 999.560999999987 106.116943359375 12510.0 1817.3391867318276 1802.169593365914 1817.3391867318276 15.0 9708216.07024078 6238.339186731828 26.0 6238.339186731828 6212.169593365914 8000.0
230000.0 240000.0 6587.274728515593 453.5495506036995 114.05563630205168 657.3839999999909 263.05300000001444 14192.0 2469.660813268172 2451.830406634086 2469.660813268172 17.0 11876050.92975922 7558.660813268172 28.0 7558.660813268172 7529.830406634086 8000.0
240000.0 250000.0 6517.81751171872 485.35710000000546 114.28032441175064 712.7579999999725 378.554999999993 12510.0 1799.0 1784.0 1799.0 15.0 9814155.0 6029.0 25.0 6029.0 6004.0 8000.0
250000.0 260000.0 7187.611601562472 413.8679000000062 60.6944884930452 530.7239999999874 337.01500000001397 12510.0 1894.0 1879.0 1894.0 15.0 9718392.0 6390.0 25.0 6390.0 6365.0 8000.0
260000.0 270000.0 6580.301109375025 478.90830000000426 142.54818350301957 778.0370000000112 306.48100000002887 12510.0 1862.0 1847.0 1862.0 15.0 9976861.0 6558.0 25.0 6558.0 6533.0 8000.0
270000.0 280000.0 6766.048152343661 500.3667000000132 199.02576109196343 728.1290000000154 261.93800000002375 14192.0 2348.0 2331.0 2348.0 17.0 11795703.0 7607.0 29.0 7607.0 7578.0 8000.0
280000.0 290000.0 7245.345054687525 402.6044999999984 179.67725528429307 722.3939999999711 256.5200000000186 12510.0 2066.0 2051.0 2066.0 15.0 9833329.0 6421.0 25.0 6421.0 6396.0 8000.0
290000.0 300000.0 6679.213999999978 463.21650000000375 218.70293679644212 790.3709999999846 253.8759999999893 12510.0 1898.0 1883.0 1898.0 15.0 9876129.0 6208.0 25.0 6208.0 6183.0 8000.0
