ts te idle avg_span std_span max_span min_span c_bytes_all c_ack_cnt c_ack_cnt_p c_pkts_all c_pkts_data s_bytes_all s_ack_cnt s_ack_cnt_p s_pkts_all s_pkts_data video_rate
0.0 10000.0 7034.5038203125005 620.7612680121524 287.6343491535384 998.8230000000003 59.78399999999965 25695.075948977777 1113.1323172562172 1084.076435644333 1117.1323172562172 29.055881611884253 3252782.5173819237 1977.6438792930865 33.05588161188425 1977.6438792930865 1940.5879976812023 2300.0
10000.0 20000.0 5399.866898437493 335.8149771050355 291.977633917606 928.086000000003 30.538000000000466 18325.924051022223 2956.867682743783 2933.923564355667 2956.867682743783 21.944118388115747 12069528.482618077 7501.356120706914 22.944118388115747 7501.356120706914 7477.412002318798 5990.0
20000.0 30000.0 8171.813904296876 207.67050000000017 89.80002339550478 404.66399999999703 103.95300000000134 12510.0 1541.0 1526.0 1541.0 15.0 9467792.0 5741.0 15.0 5741.0 5726.0 8000.0
30000.0 40000.0 7902.437982421878 232.16959999999963 155.51342002841204 538.1469999999972 37.01799999999639 12510.0 1761.0 1746.0 1761.0 15.0 9857808.0 5976.0 15.0 5976.0 5961.0 8000.0
40000.0 50000.0 2596.8899667968726 595.1666983173088 406.4320852078703 997.7550000000047 50.48200000000361 13736.105871464442 2025.9872252254572 2009.528667183338 2025.9872252254572 16.45855804211929 10661121.980696935 6915.827271533618 16.45855804211929 6915.827271533618 6899.368713491499 8000.0
50000.0 60000.0 6121.155576171863 373.7518219401051 188.02287645146026 689.7700000000041 107.81500000000233 12965.894128535558 1883.4617555701825 1867.3080684133918 1883.4617555701825 15.541441957880709 10560221.407072611 6447.621709262021 16.153687156790664 6447.621709262021 6430.855776906321 8000.0
60000.0 70000.0 7320.5028261718835 268.35655078124813 144.03406119616392 517.3579999999929 128.52700000000186 12510.0 1669.5510192043603 1654.1632644032702 1669.5510192043603 15.0 9871110.612230452 6080.55101920436 15.387754801090047 6080.55101920436 6064.77550960218 8000.0
70000.0 80000.0 7945.260523437493 230.56680000000196 116.54135080524448 476.25900000000547 112.2670000000071 12510.0 1750.0 1735.0 1750.0 15.0 9643215.0 5992.0 15.0 5992.0 5977.0 8000.0
80000.0 90000.0 6120.630128906254 488.9012921875008 372.48308264778325 997.9260000000068 111.85400000000664 13097.268206559784 2051.389545807997 2035.6904169906638 2051.389545807997 15.699128817333076 9799590.787935803 6179.08867462533 15.398257634666153 6179.08867462533 6163.690416990664 8000.0
90000.0 100000.0 3852.506212890643 425.4008255208328 343.4241283601104 998.0369999999966 3.2140000000072177 13113.377089903275 1889.21191092266 1873.4945963950252 1889.21191092266 15.717314527634928 10846773.156449128 6755.272453617834 16.01818571030185 6755.272453617834 6739.254267907531 8000.0
100000.0 110000.0 7035.509982421878 371.7778695312503 236.2516378589995 853.2069999999949 71.30100000000675 11319.354703536941 1577.398543269343 1563.814986614311 1577.398543269343 13.583556655031996 9008376.05561507 5320.638871756837 13.583556655031996 5320.638871756837 5307.055315101805 8000.0
110000.0 120000.0 5565.792957031255 349.4428875000022 298.2736519358573 968.4890000000014 67.25 15805.076861943902 1725.1711775195583 1705.7554092749695 1726.1711775195583 18.415768244588957 10672719.85612406 6674.1691982405155 20.415768244588957 6674.1691982405155 6651.753429995926 8000.0
120000.0 130000.0 7514.380195312522 261.6289715909066 170.03206068322606 582.6359999999986 58.15200000000186 13001.923138056098 2032.8288224804417 2017.2445907250305 2032.8288224804417 15.584231755411043 11019911.14387594 6808.8308017594845 15.584231755411043 6808.8308017594845 6793.246570004074 8000.0
130000.0 140000.0 5161.581808593735 506.30465642755735 390.61249832133944 998.8649999999907 29.255000000004657 12973.61251537323 1826.789589924365 1811.2451105090117 1826.789589924365 15.54447941535301 9209170.43675563 5770.817252154456 14.816161656369568 5770.817252154456 5756.001090498085 8000.0
140000.0 150000.0 6205.251195312507 401.2154038085937 266.9394629702166 978.2989999999991 26.05799999998999 13465.444231405367 2036.9005971624952 2020.7573607265674 2036.9005971624952 16.143236435927985 11833227.885363162 7346.596675839308 16.871554194911425 7346.596675839308 7329.7251216443965 8000.0
150000.0 160000.0 8110.850771484373 258.7595933593751 174.45959265467104 566.9949999999953 52.6929999999993 12772.943253221403 1880.3098129131397 1864.9975287644206 1880.3098129131397 15.312284148719005 10344552.677881211 6406.586072006237 15.312284148719005 6406.586072006237 6391.273787857518 8000.0
160000.0 170000.0 7962.98687890626 242.15774999999607 170.12373899559626 574.3379999999888 41.81899999998859 15384.0 1789.0 1771.0 1790.0 18.0 9690420.0 5848.0 19.0 5848.0 5828.0 8000.0
170000.0 180000.0 6512.655791015626 426.38744444444376 372.79036018053125 997.9780000000028 34.20699999999488 12510.0 1814.0 1799.0 1814.0 15.0 9890760.0 5953.0 15.0 5953.0 5938.0 8000.0
180000.0 190000.0 5437.053783203126 391.6607571614586 376.20159108622454 996.3030000000144 6.480999999999767 11189.223324641545 1644.5638591210704 1631.1424110769772 1644.5638591210704 13.421448044093315 8704991.045271738 5464.26022314899 13.421448044093315 5464.26022314899 5450.838775104897 8000.0
190000.0 200000.0 6049.070250000019 335.4192081473219 295.1839305160737 993.7900000000081 42.687000000005355 13830.776675358455 1917.4361408789296 1900.8575889230228 1917.4361408789296 16.578551955906683 10744902.954728262 6407.739776851009 16.578551955906683 6407.739776851009 6391.161224895102 8000.0
200000.0 210000.0 6301.996537109371 348.6657142857148 292.4427663764526 996.2479999999923 43.25399999998626 14192.0 1983.0 1966.0 1983.0 17.0 11801705.0 6887.0 17.0 6887.0 6870.0 8000.0
210000.0 220000.0 7869.597923828143 252.43107692307632 219.68191399250313 612.0249999999942 41.28599999999278 12510.0 1779.0 1764.0 1779.0 15.0 9884327.0 6073.0 15.0 6073.0 6058.0 8000.0
220000.0 230000.0 6804.444197265606 313.6211720525594 274.7407219132438 735.264892578125 44.579999999987194 12913.417198931591 1822.9479932504375 1807.473996625219 1822.9479932504375 15.473996625218785 9915607.298074506 6429.210994937828 14.736998312609392 6429.210994937828 6414.473996625219 8000.0
230000.0 240000.0 3976.692773437506 445.17793701172013 410.014055308003 999.8610000000044 0.060999999986961484 13726.020745031605 2258.9720997793506 2242.5203981338295 2258.9720997793506 16.451701645521354 11662211.68618603 7558.357653862902 17.188699958130748 7558.357653862902 7541.168953904771 8000.0
240000.0 250000.0 6666.03505273434 337.9251013849465 201.45634630739005 601.1780000000144 18.907115234382218 12572.562056036804 1823.0799069702118 1808.0056052409518 1823.0799069702118 15.074301729259862 9990786.015739461 6011.43135119927 15.074301729259862 6011.43135119927 5996.357049470009 8000.0
250000.0 260000.0 7638.852781249967 322.7374000000069 167.78043319184894 596.7660000000033 113.28299999999581 12510.0 1898.0 1883.0 1898.0 15.0 9687650.0 6070.0 15.0 6070.0 6055.0 8000.0
260000.0 270000.0 6861.760914062557 366.21370898437453 264.1522954080755 954.0599999999977 92.63699999998789 11183.79183766065 1538.8332333437606 1524.4166166718803 1538.8332333437606 13.416616671880302 7868656.01049093 5170.83323334376 13.416616671880302 5170.83323334376 5156.416616671881 8000.0
270000.0 280000.0 6174.836087890668 302.0576606770822 242.8932129048626 991.1539999999804 14.101000000024214 16646.20816233935 1861.1667666562394 1841.5833833281197 1862.1667666562394 19.583383328119698 11680726.98950907 7257.166766656239 20.583383328119698 7257.166766656239 7235.583383328119 8000.0
280000.0 290000.0 5059.611580078083 421.42550488281995 302.91322455947346 986.0260000000126 23.760999999998603 13982.028644684833 2186.969117571267 2169.218489727223 2186.969117571267 16.750627844043745 11353871.4046243 7290.020364641675 17.750627844043745 7290.020364641675 7271.269736797631 8000.0
290000.0 300000.0 6205.0096816406 399.8625392400638 166.5404905004712 533.50900000002 77.18093164061429 12719.971355315167 1911.030882428733 1895.7815102727768 1911.030882428733 15.249372155956255 10281561.5953757 6679.979635358325 15.249372155956255 6679.979635358325 6664.730263202369 8000.0
