ts te idle avg_span std_span max_span min_span c_bytes_all c_ack_cnt c_ack_cnt_p c_pkts_all c_pkts_data s_bytes_all s_ack_cnt s_ack_cnt_p s_pkts_all s_pkts_data videorate
0.0 10000.0 9686.955999999998 313.0440000000017  313.0440000000017 313.0440000000017 1738.0 3.0 2.0 4.0 1.0 1400.0 5.0 3.0 5.0 1.0 0.0
10000.0 20000.0 1593.161498046873 601.9783612583698 298.1962606283689 998.1719999999987 2.3649999999979627 46422.003033781984 1573.2108982008792 1517.1301716541539 1579.2108982008792 55.08072654672529 3019749.102181554 1861.2108982008792 84.08072654672529 1861.2108982008792 1772.1301716541539 1384.923076923077
20000.0 30000.0 307.9367226562463 672.0347430013029 319.9400631312759 999.9720000000016 0.17700000000331784 21348.00980569577 1814.8568263430795 1786.9333115890413 1815.8568263430795 25.541902736818752 4818161.858302139 2588.8589469934614 39.925635404420156 2588.8589469934614 2547.5516995718217 4100.0
30000.0 40000.0 96.33801367187698 773.0449983593754 293.2063742576857 999.8229999999967 13.099000000001979 24339.29860215713 1838.1069251329222 1808.9651299653437 1839.1069251329222 28.52340718479833 5535926.327009618 3049.3978660925327 38.111343340233965 3049.3978660925327 3009.6681347695185 3800.0
40000.0 50000.0 1974.4991152343791 592.5040137532554 293.4364969718459 997.5050000000047 66.7219999999943 28606.279578363254 1258.2185591244238 1223.9913457361918 1261.2185591244238 33.22721338823211 3212988.233999123 1687.3859666560363 52.89586835589626 1687.3859666560363 1632.4900983001398 2090.0
50000.0 60000.0 1190.3111640624993 704.7743128551156 301.82376344435113 994.2480000000069 84.65602734374988 24327.15731217649 1483.870830829193 1452.3714579634702 1485.870830829193 28.499372865723185 4951906.281657729 2644.2675009897325 47.73167179731965 2644.2675009897325 2594.5358291924126 3416.0
60000.0 70000.0 1548.7541464843816 692.2677801192431 373.48777068387153 999.4829999999929 17.164000000004307 22185.9921569536 1871.5526607072861 1844.474285223968 1873.5526607072861 26.078375483317814 6013710.570320136 3274.9151266405465 39.15675096663563 3274.9151266405465 3234.758375673911 3612.5
70000.0 80000.0 1194.8939843749831 726.5308188920449 338.72664699596993 997.8179999999993 37.81105859375384 18030.485103271796 1301.9957435144752 1280.948849092537 1302.9957435144752 21.046894421938 5397891.126049312 2277.668662284298 27.093788843876002 2277.668662284298 2249.574873440422 6200.0
80000.0 90000.0 453.3849882812501 665.2364069602277 363.9621541045465 997.7119999999995 0.0580000000045402 10274.443701768389 932.6378095139809 920.2968101246672 932.6378095139809 12.340999389313687 3283529.8908974044 1440.773266605119 20.681998778627374 1440.773266605119 1420.0912678264917 3700.0
90000.0 100000.0 455.46102343749953 718.2428566778267 286.28699514486294 999.9049999999988 231.37900000000081 17269.330705831584 1381.4615093631464 1360.8004013800137 1381.4615093631464 20.661107983132837 4478192.864014451 2673.1483024106915 33.322215966265674 2673.1483024106915 2639.8260864444255 3300.0
100000.0 110000.0 1259.6397968750098 632.9683681640606 337.0189788496085 997.4630000000034 0.0 22183.0 1511.0882372706133 1483.0882372706133 1514.0882372706133 26.0 5321864.745568534 3099.3734631267025 41.0 3099.3734631267025 3057.3734631267025 2370.0
110000.0 120000.0 3522.985185546888 636.3711428571405 270.2976604719183 998.1939999999886 312.9120000000112 18075.0 1636.0 1613.0 1637.0 21.0 6175326.0 3721.0 33.0 3721.0 3686.0 4828.571428571428
120000.0 130000.0 7712.036949218746 328.62308333333687 180.85182550337288 760.2140000000072 0.0 14679.0 2759.0 2742.0 2760.0 17.0 10036878.0 6435.0 29.0 6435.0 6405.0 6800.0
130000.0 140000.0 7050.777992187504 406.9358181818203 119.57292906742175 702.3729999999923 284.4690000000119 12510.0 1935.0 1919.0 1935.0 15.0 9702709.0 6273.0 26.0 6273.0 6246.0 8000.0
140000.0 150000.0 7548.116845703131 433.23220781249694 135.81348156772626 678.8859999999986 282.21100000001024 16388.03966986031 1950.5253974534953 1932.3680274800695 1951.3147399468517 18.15736997342586 9960732.23907996 6535.314739946852 28.946712466782323 6535.314739946852 6505.578684986713 8000.0
150000.0 160000.0 7475.073542968748 316.0869170673093 90.92102946481205 492.59700000000885 164.2509218750056 13608.96033013969 2075.4746025465047 2057.6319725199305 2075.6852600531483 16.84263002657414 9919413.76092004 6575.685260053148 29.053287533217677 6575.685260053148 6545.421315013287 8000.0
160000.0 170000.0 8181.930013671896 318.89709999999906 47.36928931385479 419.7589999999909 266.945000000007 12510.0 1991.0 1976.0 1991.0 15.0 9705874.0 6185.0 25.0 6185.0 6160.0 8000.0
170000.0 180000.0 6646.331955078116 447.51224999999977 141.97746281788537 776.7170000000042 298.2019999999902 18402.0 2250.0 2228.0 2251.0 21.0 11843971.0 7675.0 35.0 7675.0 7638.0 8000.0
180000.0 190000.0 7350.2464941406215 401.26110000000045 179.27003272868635 897.9919999999984 298.3269999999902 12510.0 1995.0 1980.0 1995.0 15.0 9815063.0 6121.0 25.0 6121.0 6096.0 8000.0
190000.0 200000.0 7822.472945312533 373.9458999999944 65.25339011278706 489.3999999999942 282.8649999999907 12510.0 2009.0 1994.0 2009.0 15.0 9553031.0 6094.0 25.0 6094.0 6069.0 8000.0
200000.0 210000.0 7900.864378906263 354.26000000000056 65.35580617410317 519.747000000003 278.67499999998836 12510.0 1978.0 1963.0 1978.0 15.0 10013344.0 6638.0 25.0 6638.0 6613.0 8000.0
210000.0 220000.0 7655.427312499989 432.2832999999984 216.31053804403453 913.3260000000009 249.1240000000107 16720.0 1905.0 1886.0 1906.0 19.0 9896886.0 6542.0 31.0 6542.0 6510.0 8000.0
220000.0 230000.0 5732.490525390633 578.1011666666649 308.7333899172353 999.3969999999972 86.16300000000047 18530.0 2473.0 2451.0 2474.0 21.0 11691172.0 7510.0 39.0 7510.0 7469.0 8000.0
230000.0 240000.0 6602.795035156247 432.9450000000017 248.44194191722048 964.9569999999949 36.320999999996275 12510.0 2086.0 2070.0 2086.0 15.0 9717988.0 6102.0 26.0 6102.0 6075.0 8000.0
240000.0 250000.0 7326.052468749986 463.3887023437477 199.61600126907848 866.47509765625 267.0889999999781 13968.73948995608 1825.981259022181 1809.5780254643855 1826.6268911584107 16.40323355779547 9448694.429649703 6158.118259550232 28.073298541038064 6158.118259550232 6129.399328872963 8000.0
250000.0 260000.0 5752.4784179686685 436.8786135817376 222.43275947437587 999.3130000000237 133.3989023437607 12319.260510043921 1700.018740977819 1684.4219745356147 1700.3731088415893 14.59676644220453 8327733.570350296 5459.881740449768 25.926701458961936 5459.881740449768 5432.600671127036 8000.0
260000.0 270000.0 7011.618666015624 452.5564000000071 190.2216973938019 764.2970000000205 253.5449999999837 14192.0 2437.0 2420.0 2437.0 17.0 11824711.0 7391.0 28.0 7391.0 7363.0 8000.0
270000.0 280000.0 6876.371019531274 445.79009090909545 157.15701578196308 710.0590000000084 254.10499999998137 17423.0 2004.0 1984.0 2005.0 19.0 9869213.0 6280.0 32.0 6280.0 6246.0 8000.0
280000.0 290000.0 6715.092218749982 472.4822727272774 144.3989080582514 771.9799999999814 312.0800000000163 18077.0 2860.0 2839.0 2861.0 21.0 11740668.0 7371.0 32.0 7371.0 7338.0 8000.0
290000.0 300000.0 6801.412328125094 465.8420999999915 197.13282620238812 846.5019999999786 303.9419999999809 12510.0 2211.0 2196.0 2211.0 15.0 9909231.0 6507.0 26.0 6507.0 6481.0 8000.0
