ts te idle avg_span std_span max_span min_span c_bytes_all c_ack_cnt c_ack_cnt_p c_pkts_all c_pkts_data s_bytes_all s_ack_cnt s_ack_cnt_p s_pkts_all s_pkts_data videorate
0.0 10000.0 6891.748150390627 632.3267675781244 351.7093761801971 999.6189999999988 85.08399999999892 21195.69423875031 2063.4658644893802 2039.6669402153302 2067.4658644893802 23.79892427405025 5248534.131076694 3377.2370650951825 27.79892427405025 3377.2370650951825 3345.4381408211325 4400.0
10000.0 20000.0 6516.260906249998 365.7851394531254 326.1678514810495 930.1949999999997 41.53600000000006 16873.30576124969 3303.5341355106198 3282.33305978467 3303.5341355106198 20.20107572594975 12064696.868923306 7369.7629349048175 21.20107572594975 7369.7629349048175 7347.561859178868 6400.0
20000.0 30000.0 7365.142156250004 357.7334999999992 148.69908737540345 593.2560000000012 176.22899999999936 12510.0 2081.0 2066.0 2081.0 15.0 9994821.0 6059.0 15.0 6059.0 6044.0 8000.0
30000.0 40000.0 7283.61899804687 362.9726000000002 211.44345210859598 785.2830000000031 138.8819999999978 12510.0 1441.0 1426.0 1441.0 15.0 9529707.0 5255.0 15.0 5255.0 5240.0 8000.0
40000.0 50000.0 7397.210996093752 321.9364999999998 163.0307310800672 661.5890000000072 78.93399999999383 13350.0 1440.0 1424.0 1440.0 16.0 9372973.0 5020.0 16.0 5020.0 5004.0 8000.0
50000.0 60000.0 7687.942744140615 318.4137000000017 136.27116083917102 617.6670000000013 193.7719999999972 14192.0 2134.0 2117.0 2134.0 17.0 11439601.0 6422.0 17.0 6422.0 6405.0 8000.0
60000.0 70000.0 6868.854533203121 364.5514545454551 245.59755549978934 783.7569999999978 124.1030000000028 14647.0 1409.0 1391.0 1410.0 17.0 9335739.0 5403.0 18.0 5403.0 5383.0 8000.0
70000.0 80000.0 7075.23151953124 349.075153846156 195.6422643682611 880.2430000000022 142.19800000000396 18562.0 2042.0 2020.0 2044.0 21.0 11778270.0 6597.0 24.0 6597.0 6570.0 8000.0
80000.0 90000.0 7510.753144531263 314.60433333333276 223.36023104976812 847.0019999999931 49.30999999999767 14679.0 1641.0 1622.0 1642.0 17.0 9487932.0 4959.0 20.0 4959.0 4936.0 8000.0
90000.0 100000.0 6226.911541015623 385.58354545454625 238.86027322950335 999.9239999999991 139.4140000000043 12510.0 1661.0 1645.0 1661.0 15.0 9576024.0 4955.0 16.0 4955.0 4938.0 8000.0
100000.0 110000.0 7396.281646484364 320.82799999999986 160.4398114011764 635.6970000000001 140.87799999999697 12510.0 1865.0 1850.0 1865.0 15.0 9588533.0 5971.0 15.0 5971.0 5956.0 8000.0
110000.0 120000.0 7625.458078125026 351.8215555555523 254.95952507217342 847.1449999999895 55.85699999998906 14615.0 1812.0 1795.0 1813.0 17.0 9951986.0 6059.0 18.0 6059.0 6040.0 8000.0
120000.0 130000.0 7358.423662109388 309.91058056640276 298.0578064436615 999.9489999999932 75.12899999998626 14711.0 1799.1961680806296 1780.7974453870866 1800.1961680806296 17.0 9794162.569344645 5652.196168080629 19.398722693543196 5652.196168080629 5630.398722693543 8000.0
130000.0 140000.0 6843.766960937501 406.1137541503922 175.48922953984513 580.7619999999879 122.8859999999986 12510.0 1604.8038319193704 1589.2025546129134 1604.8038319193704 15.0 9903141.430655355 5756.803831919371 15.601277306456804 5756.803831919371 5740.601277306457 8000.0
140000.0 150000.0 7411.008968749986 383.60911111111636 222.2963823679135 698.2460000000137 80.52999999999884 14192.0 1921.0 1904.0 1921.0 17.0 11795954.0 6891.0 17.0 6891.0 6874.0 8000.0
150000.0 160000.0 8131.534394531249 245.263400000002 47.68234125776747 307.8179999999993 170.59700000000885 12510.0 1431.0 1416.0 1431.0 15.0 9797495.0 5735.0 15.0 5735.0 5720.0 8000.0
160000.0 170000.0 6776.904798828153 394.99609090909047 296.1329449330006 936.4580000000133 48.84799999999814 17233.0 2200.0 2180.0 2201.0 20.0 11622597.0 6716.0 21.0 6716.0 6694.0 8000.0
170000.0 180000.0 6216.63007421876 355.9450000000003 273.8194312602121 966.3699999999953 55.64300000001094 12510.0 1877.0 1861.0 1877.0 15.0 9533412.0 5742.0 16.0 5742.0 5725.0 8000.0
180000.0 190000.0 7276.959072265658 327.5364999999962 117.29828313345536 523.5160000000033 193.9429999999993 12510.0 1820.0 1805.0 1820.0 15.0 10048063.0 5910.0 15.0 5910.0 5895.0 8000.0
190000.0 200000.0 7562.1917070312775 341.08949999999606 190.88553032482213 682.9249999999884 74.32399999999325 14647.0 1805.0 1788.0 1806.0 17.0 9689435.0 5743.0 18.0 5743.0 5724.0 8000.0
200000.0 210000.0 7383.632369140629 318.1530999999988 129.29156423065731 533.755999999994 157.98300000000745 12510.0 1596.0 1580.0 1596.0 15.0 9755766.0 5627.0 16.0 5627.0 5610.0 8000.0
210000.0 220000.0 7579.695382812497 338.18975000000137 179.39745873558948 534.6700000000128 123.89000000001397 12510.0 1709.0 1694.0 1709.0 15.0 9866359.0 5322.0 15.0 5322.0 5307.0 8000.0
220000.0 230000.0 6370.150439453137 387.0989166666647 233.00784698002164 999.0190000000002 58.271000000007916 17149.0 1621.0 1600.0 1622.0 20.0 11823892.0 5627.0 22.0 5627.0 5603.0 8000.0
230000.0 240000.0 7812.322673828079 357.81657142857773 196.07024161411871 614.426999999996 47.537000000011176 10828.0 1189.0 1176.0 1189.0 13.0 7879227.0 4198.0 13.0 4198.0 4185.0 8000.0
240000.0 250000.0 6410.127984374994 473.445000000007 227.88875177705123 991.5960000000196 226.41300000000047 14192.0 1819.0 1802.0 1819.0 17.0 11472397.0 6319.0 17.0 6319.0 6302.0 8000.0
250000.0 260000.0 6761.892841796856 410.77389999999434 264.6265898479377 923.5800000000163 133.0439999999944 12510.0 1677.0 1662.0 1677.0 15.0 9830422.0 4938.0 15.0 4938.0 4923.0 8000.0
260000.0 270000.0 7221.7340058593545 462.75675000000047 336.00050014280794 999.9789999999921 43.54999999998836 12510.0 1488.0 1473.0 1488.0 15.0 9914620.0 5519.0 15.0 5519.0 5504.0 8000.0
270000.0 280000.0 6995.7700312499655 384.3876666666733 281.7684878929949 938.1550000000279 77.68599999998696 14192.0 1814.0 1797.0 1814.0 17.0 11485982.0 6438.0 17.0 6438.0 6421.0 8000.0
280000.0 290000.0 7220.542779296869 439.23414285714637 205.02419404421022 636.4569999999949 116.78299999999581 12510.0 1384.0 1369.0 1384.0 15.0 9931693.0 5147.0 15.0 5147.0 5132.0 8000.0
290000.0 300000.0 7362.93304101564 422.9819999999932 193.89811015582464 672.9089999999851 71.32299999997485 13350.0 1437.0 1421.0 1437.0 16.0 9843215.0 5329.0 16.0 5329.0 5313.0 8000.0
