ts te idle avg_span std_span max_span min_span c_bytes_all c_ack_cnt c_ack_cnt_p c_pkts_all c_pkts_data s_bytes_all s_ack_cnt s_ack_cnt_p s_pkts_all s_pkts_data videorate
0.0 10000.0 0.0 0.0 0.0 0.0 0.0 0.0 0.0 0.0 0.0 0.0 0.0 0.0 0.0 0.0 0.0 0.0
10000.0 20000.0 3576.379423828126 613.2106842105268 284.2315707398252 999.9919999999984 262.71399999999994 33097.0 4479.0 4440.0 4483.0 38.0 13666625.0 9204.0 69.0 9204.0 9130.0 5230.7692307692305
20000.0 30000.0 6816.769082031242 458.0393000000011 97.040617876169 682.1259999999966 362.02900000000227 12510.0 2163.0 2148.0 2163.0 15.0 9663102.0 6333.0 25.0 6333.0 6308.0 8000.0
30000.0 40000.0 6674.977800781242 504.8727308238654 130.61244950062428 683.4830000000002 256.2960000000021 14101.258222654156 2635.7644717035596 2618.8722410353244 2635.7644717035596 16.89223066823534 11500341.8381359 7758.067790065943 29.78446133647068 7758.067790065943 7728.2833287294725 8000.0
40000.0 50000.0 6853.611103515621 413.3373600852263 121.30782070373328 529.4890000000014 75.28496093749709 12600.741777345844 2293.2355282964404 2278.1277589646756 2293.2355282964404 15.10776933176466 10055324.1618641 6733.932209934057 25.21553866352932 6733.932209934057 6708.7166712705275 8000.0
50000.0 60000.0 6495.490707031262 528.1916999999987 167.2914438809942 887.1459999999934 382.3990000000049 12510.0 1854.0 1839.0 1854.0 15.0 9732700.0 5999.0 25.0 5999.0 5974.0 8000.0
60000.0 70000.0 5901.231685546896 500.07030769230465 157.64729194702582 934.1579999999958 287.90499999999884 16297.0 2192.0 2172.0 2193.0 19.0 11804931.0 7481.0 34.0 7481.0 7445.0 8000.0
70000.0 80000.0 7153.3799335937365 429.41220000000175 58.58491495029378 560.6129999999976 363.8000000000029 13330.0 1867.0 1851.0 1867.0 16.0 9901510.0 6432.0 27.0 6432.0 6405.0 8000.0
80000.0 90000.0 6594.557580078137 475.61409999999887 101.47816578670061 683.6710000000021 335.1030000000028 12510.0 1613.0 1598.0 1613.0 15.0 9714355.0 6196.0 26.0 6196.0 6170.0 8000.0
90000.0 100000.0 5867.1461171874835 590.4036000000021 144.55068301249025 800.6330000000016 401.1490000000049 12510.0 1871.0 1856.0 1871.0 15.0 9814068.0 6267.0 25.0 6267.0 6242.0 8000.0
100000.0 110000.0 5960.737798828122 504.0069090909092 102.28644033248416 670.3959999999934 350.6579999999958 12510.0 1642.0 1626.0 1642.0 15.0 9761902.0 5865.0 26.0 5865.0 5838.0 8000.0
110000.0 120000.0 4731.4959687499795 597.682846153849 242.74241098945308 924.1020000000135 163.35800000000745 14192.0 2122.0 2105.0 2122.0 17.0 11609391.0 7494.0 33.0 7494.0 7461.0 8000.0
120000.0 130000.0 6696.193339843769 507.07599999999803 243.46718423000823 890.5439999999944 55.37299999999232 12510.0 1675.0 1660.0 1675.0 15.0 9819356.0 6125.0 25.0 6125.0 6100.0 8000.0
130000.0 140000.0 7087.93735156249 472.729700000002 85.83694262708578 615.9739999999874 361.49600000001374 12510.0 1737.0 1722.0 1737.0 15.0 10112170.0 5675.0 25.0 5675.0 5650.0 8000.0
140000.0 150000.0 6483.03596289063 491.3378999999986 92.12793101196279 662.9239999999991 396.66699999998673 12510.0 1373.0 1358.0 1373.0 15.0 9153430.0 5458.0 25.0 5458.0 5433.0 8000.0
150000.0 160000.0 6752.438146484405 474.8694999999978 105.97732426666548 723.8619999999937 397.8390000000072 12510.0 1494.0 1479.0 1494.0 15.0 9702389.0 5234.0 25.0 5234.0 5209.0 8000.0
160000.0 170000.0 1749.5516933593608 697.8738421052664 297.3569684534164 999.2129999999888 45.22500000000582 22532.0 1392.0 1364.0 1395.0 26.0 7933907.0 4090.0 45.0 4090.0 4042.0 4865.0
170000.0 180000.0 6894.918060546886 444.93099999999686 81.30142421877386 651.1810000000114 378.7619999999879 12510.0 1839.0 1824.0 1839.0 15.0 9810117.0 5714.0 25.0 5714.0 5689.0 8000.0
180000.0 190000.0 6653.398099609389 469.9204999999987 167.91419236109147 912.6739999999991 308.22000000000116 12510.0 1648.0 1633.0 1648.0 15.0 9764501.0 5625.0 25.0 5625.0 5600.0 8000.0
190000.0 200000.0 6775.212320312479 476.3127999999997 58.22512933395892 575.8820000000123 409.2969999999914 12510.0 1654.0 1639.0 1654.0 15.0 9180397.0 5166.0 25.0 5166.0 5141.0 8000.0
200000.0 210000.0 6156.12359765626 447.2438571428564 243.90872681988927 999.7429999999877 0.0 19215.0 1850.0 1828.0 1852.0 22.0 11803265.0 7075.0 38.0 7075.0 7035.0 8000.0
210000.0 220000.0 6289.361757812527 406.725499999998 203.34118457790441 668.2390000000014 28.64199999999255 10828.0 1086.0 1071.0 1086.0 13.0 7744529.0 4293.0 24.0 4293.0 4267.0 8000.0
220000.0 230000.0 2866.234019531257 609.6133124999997 362.79639912927314 999.93299999999 16.681884765625 13571.236350509336 1942.10619188958 1925.387932944067 1944.10619188958 15.71825894551312 10339969.262734104 5456.019729646723 27.23387468983702 5456.019729646723 5427.7858549568855 8000.0
230000.0 240000.0 5891.352912109374 519.3410000000003 132.48274864880648 775.2358847656287 360.70800000001327 16109.763649490666 2302.89380811042 2283.612067055933 2302.89380811042 19.28174105448688 13193188.737265896 7643.980270353277 34.76612531016298 7643.980270353277 7609.2141450431145 8000.0
240000.0 250000.0 6343.651968750055 528.6067540690032 225.0371516451374 940.7139999999781 240.800048828125 22084.599755299016 1796.1807155793363 1772.590357789668 1798.1807155793363 23.590357789668065 9444056.962855473 6053.97589447417 38.3855366845021 6053.97589447417 6013.590357789668 8000.0
250000.0 260000.0 3173.614400390652 585.588247558588 364.83010029579447 994.6489999999758 0.0 28259.400244700984 2319.8192844206637 2286.409642210332 2321.8192844206637 31.409642210331935 9858074.037144527 6633.02410552583 44.6144633154979 6633.02410552583 6586.409642210332 5033.333333333333
260000.0 270000.0 7401.4834492187365 366.0835999999952 162.3647011994939 616.0229999999865 28.065999999991618 9146.0 1082.0 1070.0 1082.0 11.0 5904769.0 3693.0 20.0 3693.0 3672.0 8000.0
270000.0 280000.0 3924.6835117187 635.9518571428614 360.49826320714055 999.994000000006 0.0 17144.0 2221.0 2201.0 2222.0 20.0 8145337.0 4904.0 32.0 4904.0 4871.0 8000.0
280000.0 290000.0 4790.9621699218405 611.0546923076976 320.61224699715825 994.1020000000135 173.25 18382.0 1545.0 1522.0 1546.0 22.0 6250383.0 4098.0 41.0 4098.0 4057.0 3115.2
290000.0 300000.0 7301.40805468749 404.3278000000049 67.51142661109743 476.00500000000466 265.2160000000149 12510.0 2083.0 2068.0 2083.0 15.0 9774862.0 6353.0 25.0 6353.0 6328.0 8000.0
