ts te idle avg_span std_span max_span min_span c_bytes_all c_ack_cnt c_ack_cnt_p c_pkts_all c_pkts_data s_bytes_all s_ack_cnt s_ack_cnt_p s_pkts_all s_pkts_data video_rate
0.0 10000.0 7569.62712890625 516.7199800781251 372.19789353623474 978.494999999999 14.260009765625 19686.173967788163 2026.9291641069192 2004.8967633802185 2030.9291641069192 22.032400726700686 4451026.03134759 2943.252005014967 37.88441464675251 2943.252005014967 2901.3675903682147 3800.0
10000.0 20000.0 3768.0602148437465 503.46013726128535 333.8403890270587 985.6949902343767 0.0 17759.744699839637 2337.7652464314624 2316.4992337706094 2337.7652464314624 21.266012660852823 11614283.73122302 7330.3734459018915 41.19802026617711 7330.3734459018915 7289.175425635715 6140.0
20000.0 30000.0 4585.409066406246 510.1194729352683 292.31095051025187 989.7790000000023 146.23799999999756 13527.634301580083 2252.5602670797143 2236.356809420029 2252.5602670797143 16.2034576596849 11460978.489465715 7675.400743744479 31.921307181547213 7675.400743744479 7643.479436562931 8000.0
30000.0 40000.0 5527.137728515627 575.8550097656248 231.79261749733368 981.0360000000001 266.21199999999953 14595.447030792115 2186.745322381904 2169.2471934291425 2186.745322381904 17.498128952761583 11758164.747963673 7683.973805338663 31.996257905523166 7683.973805338663 7651.977547433139 8000.0
40000.0 50000.0 2483.211134765639 598.5550034877213 382.20367443594813 981.2029999999941 47.400000000001455 12105.66645082529 2036.508832480817 2022.0080295280154 2036.508832480817 14.500802952801555 9806609.968406532 6058.260036910019 30.00160590560311 6058.260036910019 6028.258431004417 8000.0
50000.0 60000.0 3678.424355468742 480.68363769531334 316.247176191128 937.1330000000016 0.0 13142.513036249511 1927.4001781765396 1910.6412178999208 1927.4001781765396 15.758960276618911 10320690.477875307 6465.185200734668 28.99537254918662 6465.185200734668 6434.189828185481 8000.0
60000.0 70000.0 6691.604787109391 445.06190511067445 123.08329919548653 615.9649999999965 206.95299999999406 13877.312509122045 1897.465630279006 1880.8296200190327 1897.465630279006 16.636010259973325 11329885.645587673 7072.095591206826 29.794568523997846 7072.095591206826 7042.301022682827 8000.0
70000.0 80000.0 6471.0738515624835 500.33817151988677 244.5406012436247 952.2360000000044 31.7508867187571 12596.508003803154 1597.6253590636372 1582.521132553031 1597.6253590636372 15.10422651060621 9660229.908130487 6566.459171148486 29.20845302121242 6566.459171148486 6537.250718127274 8000.0
80000.0 90000.0 3359.355984374997 604.9147970052096 305.44210462914856 962.2229999999981 0.0 14587.241669131483 1762.1254878409486 1744.1983638542029 1763.1254878409486 16.92712398674571 9727585.37075792 6304.396727708406 34.78137196023713 6304.396727708406 6267.615355748168 8000.0
90000.0 100000.0 6419.526380859374 439.8426021484382 317.1315847331477 975.6589999999997 65.46204492187826 8845.785916679948 1069.9965306610304 1059.3626453967868 1069.9965306610304 10.63388526424384 5986488.215245718 3849.2863000445627 21.340646541741968 3849.2863000445627 3827.945653502821 8000.0
100000.0 110000.0 5241.922472656239 499.7448525390625 293.8984365697483 979.9389999999985 8.794999999998254 20521.032304486733 3227.542053390665 3203.2150386774397 3229.542053390665 23.327014713225108 13800485.100441584 8606.973259817609 40.21001744434289 8606.973259817609 8563.763242373265 8000.0
110000.0 120000.0 6060.264900390641 443.7910847981766 203.39207135989224 916.8960000000079 65.6279296875 13564.825006780717 1858.880402983219 1842.6117940530407 1858.880402983219 16.268608930178317 10164567.108642677 6441.629234344969 25.981229842463957 6441.629234344969 6415.6480045025055 8000.0
120000.0 130000.0 4666.930609375006 568.4611725260426 330.7487188199775 999.9139999999898 51.24499999999534 13220.115102921118 2343.4555251241372 2327.61215801853 2343.4555251241372 15.843367105607028 11407330.2049121 7224.714478084456 29.686734211214056 7224.714478084456 7195.027743873241 8000.0
130000.0 140000.0 1445.0534082031518 610.8743397135423 394.9426365262834 974.4739999999874 33.91000000000349 12374.214021914904 1959.6688146875974 1944.8344073437986 1959.6688146875974 14.834407343798663 9910610.966221862 6325.503222031396 30.668814687597326 6325.503222031396 6294.834407343798 8000.0
140000.0 150000.0 3788.340130859404 540.7521374162918 330.1422261809432 956.1669999999867 2.138999999995576 12236.872275024105 1627.5316746110288 1611.87079725972 1627.5316746110288 14.660877351308576 9247309.886893516 5606.687836657445 29.321754702617152 5606.687836657445 5576.366081954828 8000.0
150000.0 160000.0 6117.967798828089 443.9321111653674 213.1617685535489 914.445000000007 80.53125 13139.55742689671 1764.2293311379838 1748.4730460307796 1764.2293311379838 15.756285107204192 10276907.168233132 6460.802586763121 27.96348480980396 6460.802586763121 6432.839101953317 8000.0
160000.0 170000.0 6408.009781250003 457.43590583147306 137.48459454514244 727.6849999999977 189.90989648437244 16088.0928090898 2642.45343481903 2623.8065268708283 2643.45343481903 18.64690794820124 11503065.435947776 7224.7373264294465 35.842901301006904 7224.7373264294465 7187.894425128439 8000.0
170000.0 180000.0 6028.577429687488 522.6697470703148 322.0604158042116 953.4960000000137 0.0 13414.263467074483 2021.1167447443606 2005.0152224948733 2021.1167447443606 16.10152224948733 9745277.542703718 6395.269028118591 29.20304449897466 6395.269028118591 6366.065983619617 8000.0
180000.0 190000.0 2892.779511718749 558.5669285714268 421.291515155751 993.4960000000137 0.0 12510.0 1723.0 1708.0 1723.0 15.0 9718935.0 6159.0 28.0 6159.0 6131.0 8000.0
190000.0 200000.0 4881.612257812492 508.034167643229 310.0754762071859 914.926999999996 0.0 10858.796462488208 1396.6862980915014 1383.6639018539113 1396.6862980915014 13.02239623759022 8198637.485144213 4979.316639370038 25.625577076732153 4979.316639370038 4953.691062293306 8000.0
200000.0 210000.0 4553.637371093762 518.6175175781245 297.32434460834924 998.55799999999 0.0 13732.377362414409 2254.4979333228703 2238.0490357955177 2254.4979333228703 16.448897527352692 11610274.108560018 7240.045826456691 30.317010453153667 7240.045826456691 7209.728816003539 8000.0
210000.0 220000.0 4462.276607421867 609.9840591947118 185.04800965291577 974.6259999999893 368.97000000000116 14505.099604854635 2142.2820429559047 2123.89276632355 2142.2820429559047 17.38927663235498 11759354.10214747 7164.964378940846 30.778553264709963 7164.964378940846 7133.185825676135 8000.0
220000.0 230000.0 4022.182958984369 531.1659980468727 352.9958991164845 950.2870000000112 29.54199999998673 14762.726570242748 2618.5337256297234 2601.394296027021 2619.5337256297234 17.13942960270211 9710976.3041483 6347.673155232425 32.27885920540422 6347.673155232425 6314.3942960270215 8000.0
230000.0 240000.0 1554.460308593756 664.3328571428532 385.44025643948055 956.4489999999932 32.005999999993946 12510.0 1872.0 1857.0 1872.0 15.0 9368789.0 6271.0 30.0 6271.0 6241.0 8000.0
240000.0 250000.0 5413.164398437482 509.643245930992 264.2336654984902 963.1230000000214 58.135986328125 12599.684453018612 1916.7615550614753 1901.6666360862587 1916.7615550614753 15.094918975216723 9938978.417445885 6541.222887351881 28.679949445688926 6541.222887351881 6512.542937906192 8000.0
250000.0 260000.0 6073.408128906274 463.91330709135104 222.83840499112856 868.3119999999763 109.574951171875 13045.397346266871 1985.9528697105786 1970.3208189599832 1985.9528697105786 15.632050750595356 9938449.757789481 6244.263461400619 26.481210428923152 6244.263461400619 6217.782250971696 8000.0
260000.0 270000.0 6257.219021484372 549.2291730143188 113.81564452491321 665.2960488281096 268.90500000002794 14323.47193658676 2366.4909880354057 2349.318374444885 2366.4909880354057 17.172613590520342 11491566.001864007 7496.728222935209 33.63800675805276 7496.728222935209 7463.0902161771555 8000.0
270000.0 280000.0 5284.41998632811 493.80549837239477 389.7009118311778 973.789999999979 0.0 10911.446264127759 1593.7945871925403 1580.694170508873 1593.7945871925403 13.100416683667579 7811656.822900626 4937.7854283122915 24.200833367335157 4937.7854283122915 4913.584594944957 8000.0
280000.0 290000.0 5988.492144531221 545.8051666666676 211.23139176433392 887.4160000000265 271.97299999999814 15012.0 2168.0 2150.0 2168.0 18.0 11886635.0 7593.0 33.0 7593.0 7560.0 8000.0
