ts te idle avg_span std_span max_span min_span c_bytes_all c_ack_cnt c_ack_cnt_p c_pkts_all c_pkts_data s_bytes_all s_ack_cnt s_ack_cnt_p s_pkts_all s_pkts_data video_rate
0.0 10000.0 6810.962054687501 543.7873 290.3605628589888 867.3709999999992 97.57600000000093 21269.0 1767.0 1743.0 1771.0 24.0 5527865.0 3265.0 28.0 3265.0 3233.0 4400.0
10000.0 20000.0 3074.0789726562507 652.8583999999997 302.8669967583123 978.0299999999988 41.51400000000285 18386.0 2727.0 2704.0 2727.0 22.0 12380653.0 6794.0 23.0 6794.0 6770.0 5840.0
20000.0 30000.0 6389.23734765625 493.6690999999999 128.11210406554102 679.5720000000001 321.1140000000014 12510.0 1913.0 1898.0 1913.0 15.0 9542105.0 5808.0 15.0 5808.0 5793.0 8000.0
30000.0 40000.0 6570.039015624992 503.80880000000036 164.4814418520621 835.6589999999997 325.625 12510.0 1707.0 1692.0 1707.0 15.0 9685770.0 5375.0 15.0 5375.0 5360.0 8000.0
40000.0 50000.0 4050.5526953124936 583.291307692308 294.8143869817033 999.2829999999958 0.013999999995576218 14192.0 2088.0 2071.0 2088.0 17.0 11663533.0 6517.0 17.0 6517.0 6500.0 8000.0
50000.0 60000.0 8272.61997070312 347.00266232639035 341.26734227465016 995.9360000000015 26.427999999999884 12774.024127135279 974.5066133529742 959.1822204505504 974.5066133529742 15.32439290242377 7531722.901236856 3855.6716906125107 15.32439290242377 3855.6716906125107 3840.3472977100864 8000.0
60000.0 70000.0 6751.934759765616 408.7279199218768 159.04065378879136 606.099000000002 3.0240000000048894 12245.975872864721 1792.4933866470258 1777.8177795494496 1792.4933866470258 14.67560709757623 11914312.098763144 6561.328309387489 14.67560709757623 6561.328309387489 6546.652702289914 8000.0
70000.0 80000.0 7643.69750976564 332.38989999999905 134.1362623416537 499.80100000000675 47.036999999996624 12510.0 1497.0 1482.0 1497.0 15.0 9902267.0 5339.0 15.0 5339.0 5324.0 8000.0
80000.0 90000.0 6373.15668554687 491.9966000000015 160.23314544902615 847.9959999999992 344.6860000000015 12510.0 1733.0 1718.0 1733.0 15.0 9680290.0 5629.0 15.0 5629.0 5614.0 8000.0
90000.0 100000.0 5275.619990234365 567.6471818181824 373.53996846222736 998.5439999999944 5.387000000002445 12510.0 1828.0 1813.0 1828.0 15.0 9755949.0 5752.0 15.0 5752.0 5737.0 8000.0
100000.0 110000.0 6088.452707031247 472.8699975142054 243.62798619589742 874.5350000000035 142.49599999999919 14186.958538819777 2175.9878421240724 2158.9806718005825 2175.9878421240724 17.007170323489504 10658940.3492972 6536.438430240003 17.007170323489504 6536.438430240003 6519.431259916513 8000.0
110000.0 120000.0 4736.679142578127 546.9595022786452 227.77827032746495 933.377999999997 239.76900000000023 12515.041461180223 1970.0121578759279 1955.0193281994175 1970.0121578759279 14.992829676510496 10547262.6507028 6276.561569759997 14.992829676510496 6276.561569759997 6261.568740083487 8000.0
120000.0 130000.0 7157.369435546891 389.9847272727242 307.117493145573 999.9880000000121 0.0 12510.0 1823.0 1808.0 1823.0 15.0 9500706.0 5588.0 15.0 5588.0 5572.0 8000.0
130000.0 140000.0 7437.327705078118 323.0783999999985 144.6781138199232 679.9500000000116 196.5439999999944 12510.0 2087.0 2072.0 2087.0 15.0 9881275.0 6124.0 15.0 6124.0 6109.0 8000.0
140000.0 150000.0 3804.6094609375286 497.1570714285689 299.52677097085046 858.4649999999965 38.328999999997905 17201.0 2654.0 2633.0 2655.0 20.0 11766694.0 6993.0 22.0 6993.0 6969.0 8000.0
150000.0 160000.0 6519.589843750029 539.5349999999947 189.60312902305512 740.4139999999898 97.60399999999208 14647.0 2316.0 2299.0 2317.0 17.0 9695984.0 5967.0 18.0 5967.0 5948.0 8000.0
160000.0 170000.0 6507.137466796878 497.47589999999616 154.55908564145923 722.9120000000112 323.3319999999949 12510.0 2181.0 2166.0 2181.0 15.0 9743686.0 6169.0 15.0 6169.0 6154.0 8000.0
170000.0 180000.0 7868.648884765629 283.60577777777667 161.04609037226984 540.0089999999909 57.070000000006985 10828.0 1597.0 1584.0 1597.0 13.0 7822209.0 5028.0 13.0 5028.0 5015.0 8000.0
180000.0 190000.0 5739.926875000005 473.5842727272724 262.7871592860233 985.0810000000056 199.90400000000955 14192.0 2214.0 2197.0 2214.0 17.0 11749151.0 7329.0 17.0 7329.0 7312.0 8000.0
190000.0 200000.0 7684.763154296903 293.427999999997 71.12846414137515 389.877999999997 174.23600000000442 12510.0 1622.0 1607.0 1622.0 15.0 9508581.0 5512.0 15.0 5512.0 5497.0 8000.0
200000.0 210000.0 6486.3109941406 444.34708333333646 219.92165670754795 907.0780000000086 133.1020000000135 15448.0 1867.0 1848.0 1868.0 18.0 10109124.0 6235.0 20.0 6235.0 6213.0 8000.0
210000.0 220000.0 6519.137177734345 513.8592727272745 228.22972848474046 757.80799999999 92.49400000000605 14192.0 2051.0 2034.0 2051.0 17.0 11592622.0 6904.0 17.0 6904.0 6887.0 8000.0
220000.0 230000.0 7039.630492187542 430.3483999999968 197.22675491152577 780.1669999999867 217.34700000000885 12510.0 1855.0 1840.0 1855.0 15.0 9918268.0 5521.0 15.0 5521.0 5506.0 8000.0
230000.0 240000.0 7971.871941406251 323.74366666666657 211.49373904917636 627.6870000000054 85.32300000000396 12510.0 1876.0 1861.0 1876.0 15.0 9897822.0 6054.0 15.0 6054.0 6039.0 8000.0
240000.0 250000.0 7589.105126953102 339.4505000000005 197.7313872416348 608.5869999999995 71.34799999999814 12510.0 1581.0 1566.0 1581.0 15.0 9836114.0 6171.0 15.0 6171.0 6156.0 8000.0
250000.0 260000.0 6350.3720195312635 511.0642000000051 109.07831828838373 706.5410000000265 374.2160000000149 14192.0 2445.0 2428.0 2445.0 17.0 11806802.0 7400.0 17.0 7400.0 7383.0 8000.0
260000.0 270000.0 7115.772759765561 428.6953000000096 188.7054019930118 742.179999999993 97.41700000001583 12510.0 2062.0 2047.0 2062.0 15.0 9840747.0 6260.0 15.0 6260.0 6245.0 8000.0
270000.0 280000.0 6763.135998046957 465.5009999999951 84.60655295345816 630.3759999999893 340.8169999999809 12510.0 2025.0 2010.0 2025.0 15.0 9844872.0 6455.0 15.0 6455.0 6440.0 8000.0
280000.0 290000.0 5038.52468945313 560.545166666668 299.2658839286647 999.2829999999958 0.3800000000046566 14192.0 2365.0 2348.0 2365.0 17.0 11563612.0 7457.0 17.0 7457.0 7440.0 8000.0
290000.0 300000.0 7509.8122675780905 360.8856666666753 253.95145795308895 987.3040000000037 107.1359999999986 10828.0 1584.0 1571.0 1584.0 13.0 7687059.0 4907.0 13.0 4907.0 4894.0 8000.0
