ts te idle avg_span std_span max_span min_span c_bytes_all c_ack_cnt c_ack_cnt_p c_pkts_all c_pkts_data s_bytes_all s_ack_cnt s_ack_cnt_p s_pkts_all s_pkts_data videorate
0.0 10000.0 6656.722109375001 607.5885616122158 341.6822975277907 999.8029999999999 105.269287109375 23741.172996276167 2034.9398566856694 2008.2666426591813 2038.9398566856694 26.673214026487713 6783576.7876575375 4444.998328825205 46.45627109449045 4444.998328825205 4394.542057730715 4400.0
10000.0 20000.0 4272.601884765627 474.69078593749964 292.03521577064436 992.6679999999978 0.0 18107.415119670022 2387.470179461962 2364.4182294552597 2388.470179461962 21.051950006702537 12111363.556714866 7279.337684812539 43.99405697189005 7279.337684812539 7232.343627840648 7100.0
20000.0 30000.0 5921.4261113281245 479.6172586263019 212.3264967102589 782.8110000000015 161.97210351562535 12741.41188405381 2016.5899638523688 2001.315127885559 2016.5899638523688 15.27483596680975 10196905.655627597 6375.663986362257 29.5496719336195 6375.663986362257 6346.114314428638 8000.0
30000.0 40000.0 4331.928599609375 537.7522186104907 275.8153010370642 992.0369999999966 229.2739999999976 14139.397788103119 2413.887178914968 2396.9496518507126 2413.887178914968 16.937527064255484 11564518.256756356 7257.973468395539 33.87505412851097 7257.973468395539 7224.098414267028 8000.0
40000.0 50000.0 2825.2547675781243 587.5174871651787 330.1706000340438 995.8770000000004 28.560939453127503 12899.833021616067 2234.991620680196 2219.517890659428 2234.991620680196 15.473730020767912 9944104.97563241 6598.307958730045 28.947460041535823 6598.307958730045 6569.36049868851 8000.0
50000.0 60000.0 5667.900748046872 535.2870108309646 164.18863381421295 871.4309999999969 333.372000000003 12172.769190280816 2040.1212004048361 2025.5324574898596 2040.1212004048361 14.588742914976605 9916219.767611232 6499.718572874415 28.17748582995321 6499.718572874415 6471.541087044462 8000.0
60000.0 70000.0 6436.745796874995 502.53800000000047 129.68798838237325 769.2839999999997 391.9320000000007 12510.0 2044.0 2029.0 2044.0 15.0 9894479.0 6181.0 25.0 6181.0 6156.0 8000.0
70000.0 80000.0 5666.405609375011 595.3169090909082 163.6678737568554 840.3769999999931 394.63400000000547 12510.0 2102.0 2086.0 2102.0 15.0 9817275.0 6541.0 28.0 6541.0 6512.0 8000.0
80000.0 90000.0 3568.9996425781137 538.0752173177083 290.4654041867505 997.1560000000027 228.3619999999937 14036.026602772316 2185.04791411681 2168.2331556812132 2185.04791411681 16.814758435596573 11411735.157606458 7548.1045629031 33.62951687119315 7548.1045629031 7514.4750460319065 8000.0
90000.0 100000.0 4777.894835937521 522.0975954026429 301.14403854292243 991.2299999999959 96.86374023437384 13088.973397227684 1485.9520858831902 1470.7668443187868 1486.9520858831902 15.185241564403427 8219458.842393542 5302.8954370969 28.370483128806853 5302.8954370969 5273.5249539680935 8000.0
100000.0 110000.0 5126.564566406218 501.0392142857173 246.42189655678604 995.4239999999991 260.2930000000051 14192.0 2984.0 2967.0 2984.0 17.0 11849266.0 7574.0 34.0 7574.0 7540.0 8000.0
110000.0 120000.0 6231.68435937498 557.5046000000032 144.32500751675488 845.6900000000023 368.51600000000326 12510.0 1660.0 1645.0 1660.0 15.0 9774371.0 6332.0 26.0 6332.0 6306.0 8000.0
120000.0 130000.0 5873.35997070311 536.2395211588542 299.7454611362268 999.8660000000091 250.29899999999907 14101.786485404522 2459.8931914164496 2443.0003333577743 2459.8931914164496 16.892858058675202 11515956.153794859 7740.0725220581935 32.785716117350404 7740.0725220581935 7707.286805940843 8000.0
130000.0 140000.0 4101.785154296871 497.7532675781258 323.7275403411103 995.9569999999949 50.59574609374977 12600.213514595478 1933.1068085835504 1917.9996666422257 1933.1068085835504 15.107141941324796 10174306.846205141 6341.9274779418065 30.214283882649593 6341.9274779418065 6311.713194059157 8000.0
140000.0 150000.0 4488.9523046874965 658.6958181818217 190.51689819373883 979.9649999999965 439.6510000000126 12510.0 1807.0 1792.0 1807.0 15.0 9629091.0 5868.0 30.0 5868.0 5838.0 8000.0
150000.0 160000.0 5852.676640624995 556.4168000000005 153.43818568820993 809.7220000000088 390.5810000000056 12510.0 1789.0 1774.0 1789.0 15.0 9881738.0 6408.0 26.0 6408.0 6382.0 8000.0
160000.0 170000.0 6275.296083984373 465.4355454545452 195.75664486978118 801.640000000014 153.1140000000014 12510.0 1615.0 1599.0 1615.0 15.0 9860215.0 6216.0 25.0 6216.0 6190.0 8000.0
170000.0 180000.0 4300.2566777343745 607.0594999999981 285.6260700943594 995.6840000000084 232.72099999999045 12510.0 1555.0 1540.0 1555.0 15.0 9772467.0 6219.0 30.0 6219.0 6189.0 8000.0
180000.0 190000.0 6051.449578124972 441.02079213169884 198.29415268215953 792.8010000000068 248.58400000000256 16164.480325436505 2783.967798033168 2765.239199071842 2784.967798033168 18.728598961326014 11384886.594561795 7424.379035182384 36.45719792265203 7424.379035182384 7386.921837259732 8000.0
190000.0 200000.0 6361.686624999973 448.22262819602406 219.8129346565489 971.4580000000133 157.75891015626257 11056.519674563495 1535.032201966832 1521.760800928158 1535.032201966832 13.271401038673986 8339344.405438205 5333.6209648176155 23.54280207734797 5333.6209648176155 5310.078162740268 8000.0
200000.0 210000.0 6697.38504101563 467.52672727272676 152.76606801714567 766.3550000000105 262.38099999999395 14192.0 2107.0 2090.0 2107.0 17.0 11836486.0 7541.0 29.0 7541.0 7512.0 8000.0
210000.0 220000.0 6705.336798828124 504.9945000000036 91.14360825428813 647.7479999999923 379.1730000000098 12510.0 1834.0 1819.0 1834.0 15.0 9804597.0 6361.0 25.0 6361.0 6336.0 8000.0
220000.0 230000.0 5237.671601562528 499.15161388220776 223.43766975614886 991.2539999999863 231.47899999999208 14145.14240620776 1991.9187554421649 1974.9744057910866 1991.9187554421649 16.9443496510781 11173934.272813084 6797.125343401817 30.888699302156198 6797.125343401817 6766.236644099661 8000.0
230000.0 240000.0 3145.7861171875265 545.8428679687476 333.54580880541175 993.4750000000058 25.125019531260477 12556.85759379224 1887.0812445578351 1872.0255942089134 1887.0812445578351 15.055650348921901 10057877.727186916 6378.874656598183 30.111300697843802 6378.874656598183 6348.763355900339 8000.0
240000.0 250000.0 5233.230410156248 516.6023333333336 249.6704555355592 901.2880000000005 99.04100000002654 14711.0 2542.0 2525.0 2543.0 17.0 9854147.0 6184.0 31.0 6184.0 6152.0 8000.0
250000.0 260000.0 6587.753328124993 463.69460117187117 178.66259439282405 776.3960000000079 256.67399999999907 11539.99247171516 2055.826189044097 2041.9805922843407 2055.826189044097 13.845596759756722 9599737.781381764 6290.613562656876 25.691193519513444 6290.613562656876 6264.922369137363 8000.0
260000.0 270000.0 5004.597089843766 454.2763325520791 272.9701203969197 991.8329999999842 9.163000000000466 13480.00752828484 1725.1738109559026 1709.0194077156593 1725.1738109559026 16.154403240243276 10104508.218618236 6211.386437343123 31.308806480486552 6211.386437343123 6180.077630862637 8000.0
270000.0 280000.0 4515.362691406277 530.9624217354825 286.02739571902055 998.4079999999958 235.09600000001956 14029.218913065128 2129.548601680543 2112.741928387117 2129.548601680543 16.806673293426517 11420318.48955564 7405.847991872381 33.613346586853034 7405.847991872381 7372.234645285527 8000.0
280000.0 290000.0 2390.5270136718173 572.4710059814461 325.239789490313 981.9170000000158 102.23309570312267 12672.781086934872 1899.4513983194568 1883.2580716128832 1899.4513983194568 15.193326706573483 10235073.510444362 6130.152008127619 30.386653413146966 6130.152008127619 6098.765354714473 8000.0
290000.0 300000.0 5161.800289062492 633.1220999999962 168.26517533772042 926.1500000000233 424.1959999999963 12510.0 1767.0 1752.0 1767.0 15.0 9926552.0 6130.0 28.0 6130.0 6102.0 8000.0
