ts te idle avg_span std_span max_span min_span c_bytes_all c_ack_cnt c_ack_cnt_p c_pkts_all c_pkts_data s_bytes_all s_ack_cnt s_ack_cnt_p s_pkts_all s_pkts_data video_rate
0.0 10000.0 6204.962033203123 680.8896657986111 280.5919115028058 977.6460000000006 107.36999999999898 25168.609104120216 2640.3379495796185 2611.797784762645 2644.3379495796185 28.540164816973977 7930750.5972622465 5010.118652558409 32.54016481697398 5010.118652558409 4973.578487741435 4400.0
10000.0 20000.0 6599.878167968745 320.5274621394229 220.70782653167387 840.8300000000017 79.61899999999878 12900.390895879787 1777.6620504203815 1761.2022152373554 1777.6620504203815 15.459835183026023 8763698.402737753 5491.881347441591 16.459835183026023 5491.881347441591 5474.421512258565 6800.0
20000.0 30000.0 7514.808947265628 300.6025999999991 144.21373685625352 591.7260000000024 139.5789999999979 12510.0 1935.0 1920.0 1935.0 15.0 9693942.0 6009.0 15.0 6009.0 5994.0 8000.0
30000.0 40000.0 6751.615794921869 337.7356972656254 165.61977926347066 594.966064453125 159.32200000000012 16297.0 2162.7044772536087 2142.802984835739 2163.7044772536087 19.0 11804725.635818029 7295.704477253608 20.901492417869548 7295.704477253608 7272.90149241787 8000.0
40000.0 50000.0 7228.077513671873 329.80763050426253 195.58941702255657 675.9150000000009 65.01293554687436 12510.0 1705.2955227463913 1690.1970151642608 1705.2955227463913 15.0 9522959.364181971 5647.295522746392 15.098507582130454 5647.295522746392 5632.09850758213 8000.0
50000.0 60000.0 7473.78563476562 359.07909999999976 155.61119940304863 665.4660000000003 205.38099999999395 12510.0 1758.0 1743.0 1758.0 15.0 9866060.0 6067.0 15.0 6067.0 6052.0 8000.0
60000.0 70000.0 5401.546572265608 419.9189285714289 337.2645773806739 999.9959999999992 0.0 14679.0 1783.0 1765.0 1786.0 18.0 9832662.0 5724.0 19.0 5724.0 5704.0 8000.0
70000.0 80000.0 7774.274027343767 242.61281818181635 50.080012575514125 313.49499999999534 131.93499999999767 12510.0 1703.0 1687.0 1703.0 15.0 9612490.0 5887.0 16.0 5887.0 5870.0 8000.0
80000.0 90000.0 6554.403800781249 416.27463636363575 170.5362069891731 683.5589999999938 168.84500000000116 14192.0 2143.0 2126.0 2143.0 17.0 11744645.0 7278.0 17.0 7278.0 7261.0 8000.0
90000.0 100000.0 6829.501236328128 354.45499999999885 213.35151706514776 822.7719999999972 165.94199999999546 12510.0 1963.0 1948.0 1963.0 15.0 9812350.0 5975.0 15.0 5975.0 5960.0 8000.0
100000.0 110000.0 7553.362228515631 356.2102999999988 146.92295002260525 621.9049999999988 197.16099999999278 12510.0 1878.0 1863.0 1878.0 15.0 9823675.0 5977.0 15.0 5977.0 5962.0 8000.0
110000.0 120000.0 4539.146980468766 496.12599849759806 330.96049810194125 999.945000000007 12.969000000011874 14909.174899394855 2290.509628931589 2272.635025395741 2290.509628931589 17.874603535847385 11439637.205680886 7196.387631764508 17.874603535847385 7196.387631764508 7178.513028228661 8000.0
120000.0 130000.0 7806.200753906247 331.40262744140637 231.90642552295674 794.56700000001 117.74401953123743 10110.825100605147 1609.4903710684114 1597.3649746042588 1609.4903710684114 12.125396464152617 7647201.794319114 4780.612368235492 12.125396464152617 4780.612368235492 4768.486971771339 8000.0
130000.0 140000.0 7276.67605468753 325.65490909090624 185.10146252661883 661.9090000000142 139.63399999999092 15032.0 2044.0 2026.0 2044.0 18.0 11957310.0 7461.0 18.0 7461.0 7443.0 8000.0
140000.0 150000.0 7830.135310546844 317.60288888888965 136.26177073692108 501.5439999999944 145.2380000000121 10828.0 1432.0 1419.0 1432.0 13.0 7779221.0 4866.0 13.0 4866.0 4853.0 8000.0
150000.0 160000.0 5615.775099609367 577.381727272724 360.0645638540674 992.1119999999937 59.505999999993946 17201.0 2203.0 2183.0 2204.0 20.0 11831048.0 7185.0 21.0 7185.0 7163.0 8000.0
160000.0 170000.0 7080.509111328138 311.09290909090885 183.1225812457072 674.5979999999981 146.22299999999814 12510.0 1672.0 1656.0 1672.0 15.0 9878712.0 5694.0 16.0 5694.0 5677.0 8000.0
170000.0 180000.0 6176.125992187532 503.95172443181616 352.67092805807334 999.8949999999895 19.603999999992084 15699.542691256833 2224.57700044982 2205.7385337531655 2224.57700044982 18.838466696654674 11870352.986209683 6806.369602159137 18.838466696654674 6806.369602159137 6787.531135462482 8000.0
180000.0 190000.0 7207.885990234354 308.8946392045473 201.37790114632602 864.2699999999895 65.63800000000629 11822.457308743167 2139.42299955018 2125.2614662468345 2139.42299955018 14.161533303345326 9859482.013790317 6166.630397840863 14.161533303345326 6166.630397840863 6152.468864537518 8000.0
190000.0 200000.0 6314.644996093732 378.6250000000027 319.42318074961304 994.1630000000005 11.738000000012107 12510.0 2210.0 2195.0 2210.0 15.0 9854387.0 6224.0 15.0 6224.0 6209.0 8000.0
200000.0 210000.0 8068.773072265612 227.48709999999846 39.0981819482185 278.16500000000815 150.43599999998696 12510.0 2079.0 2064.0 2079.0 15.0 9854107.0 6223.0 15.0 6223.0 6208.0 8000.0
210000.0 220000.0 7150.033996093727 325.9247272727291 229.79100586754376 952.0089999999909 130.66099999999278 12510.0 1943.0 1927.0 1943.0 15.0 9867306.0 5967.0 15.0 5967.0 5951.0 8000.0
220000.0 230000.0 5935.966091796872 433.5211682942706 280.79539394412905 987.5899999999965 69.73099999999977 18535.693333707095 2339.650457863073 2318.080947822462 2340.650457863073 21.56951004061096 11658337.78993129 6921.812353507996 22.56951004061096 6921.812353507996 6898.242843467386 8000.0
230000.0 240000.0 7149.927792968781 388.0507919921889 340.83113883751736 988.3090000000084 26.481999999989057 15400.44114186257 1048.4889377930967 1029.6537340051498 1049.4889377930967 17.835203787946945 5196897.527244162 3111.0891110983684 19.835203787946945 3111.0891110983684 3089.2539073104213 3544.0
240000.0 250000.0 6093.8759199218475 378.8771717122436 327.5447023069525 993.1699999999837 48.095999999990454 11344.865524430334 1623.8606043438306 1610.2653181723886 1623.8606043438306 13.595286171442092 5587467.682824548 3406.0985353936358 13.595286171442092 3406.0985353936358 3392.5032492221935 4400.0
250000.0 260000.0 6222.147498046805 411.5412727272805 319.30350354077297 924.61599999998 1.003000000026077 12510.0 1742.0 1727.0 1742.0 15.0 8183519.0 5123.0 15.0 5123.0 5108.0 6560.0
260000.0 270000.0 7533.161339843762 351.7237999999896 148.4387414373779 526.75 131.795999999973 12510.0 1909.0 1894.0 1909.0 15.0 9739065.0 5774.0 15.0 5774.0 5759.0 8000.0
270000.0 280000.0 6903.815812499961 441.88460000000197 192.7923830815569 685.1570000000065 87.78200000000652 15032.0 2456.0 2438.0 2456.0 18.0 11880659.0 7051.0 18.0 7051.0 7033.0 8000.0
280000.0 290000.0 6335.808601562458 427.35370000001274 335.810981402081 997.3260000000009 1.4540000000270084 12510.0 2072.0 2057.0 2072.0 15.0 9957223.0 6071.0 15.0 6071.0 6056.0 8000.0
290000.0 300000.0 7313.256125000014 380.9324166666726 262.4810210983046 992.6469999999972 97.65000000002328 17844.0 2306.0 2284.0 2307.0 22.0 11752396.0 7126.0 23.0 7126.0 7102.0 8000.0
