ts te idle avg_span std_span max_span min_span c_bytes_all c_ack_cnt c_ack_cnt_p c_pkts_all c_pkts_data s_bytes_all s_ack_cnt s_ack_cnt_p s_pkts_all s_pkts_data videorate
0.0 10000.0 7107.811218749997 485.26065993923635 319.8156167852025 935.3179999999993 130.52500000000146 26146.182230179304 2410.6812482012965 2381.087017985513 2414.6812482012965 29.594230215783597 8791213.128020681 5907.826435251241 33.5942302157836 5907.826435251241 5870.232205035458 4400.0
10000.0 20000.0 6129.693156250003 285.33662182617127 275.14433268987744 813.5679999999993 33.663000000000466 13803.876484717237 2222.746673752089 2205.216736841491 2222.746673752089 16.529936910597776 10972552.354817059 6849.663570265336 17.529936910597776 6849.663570265336 6831.133633354738 7485.714285714285
20000.0 30000.0 7232.717103515621 325.37055468750026 216.88539662512122 827.6681113281229 54.114990234375 13771.985610899312 1982.7349956718904 1966.2265792732164 1982.7349956718904 16.50841639867387 9844147.241470136 6301.733580309142 16.50841639867387 6301.733580309142 6285.225163910468 8000.0
30000.0 40000.0 6015.9496113281275 332.93800676081725 349.7876206504209 831.2699999999968 42.34900000000198 13773.642410390126 1960.1224647384101 1943.6265100270969 1960.1224647384101 16.495954711313406 11821181.822417304 7277.318873010706 16.495954711313406 7277.318873010706 7260.822918299393 8000.0
40000.0 50000.0 4743.216294921876 512.1655383522725 333.01275506363964 938.1880000000019 29.773000000001048 13223.31326381402 1761.7146176363135 1745.843155872682 1761.7146176363135 15.871461763631348 9873497.45327482 6109.457541163576 15.871461763631348 6109.457541163576 6093.5860793999445 8000.0
50000.0 60000.0 7755.840328125007 434.3107099609377 408.4581923011246 998.7909999999974 35.68899999999849 12163.903133878026 1856.8548381558917 1842.2838705247134 1856.8548381558917 14.570967631178345 9859112.577042673 5921.853224865016 14.570967631178345 5921.853224865016 5907.282257233837 8000.0
60000.0 70000.0 7669.020929687482 281.0056244673311 156.94187690546104 604.6570000000065 55.16796875 12545.221209145322 2012.0078118795595 1996.9578961655875 2012.0078118795595 15.04991571397208 9822640.435258405 6112.009425170435 15.04991571397208 6112.009425170435 6096.959509456463 8000.0
70000.0 80000.0 7204.56153515623 363.0634553786065 224.37966227753822 786.9239999999991 33.686031250006636 15367.366227396325 1881.2291095054968 1862.4192813200211 1882.2291095054968 17.809828185475688 9856517.122971976 5831.44446527081 19.809828185475688 5831.44446527081 5809.634637085333 8000.0
80000.0 90000.0 4705.650763671889 432.2034942908649 401.7467740592564 998.0819999999949 33.747314453125 14689.327139928733 2314.7372335625855 2297.126495438035 2314.7372335625855 17.610738124550565 11779456.67948296 7387.646226762803 16.65218777972724 7387.646226762803 7370.994038983075 8000.0
90000.0 100000.0 6731.529181640639 352.28779811789786 237.39839434990225 836.3029999999999 92.78599999999278 12289.372235562507 1861.820397778472 1847.0857149686958 1861.820397778472 14.734682809776231 9927351.50775642 6502.248313742848 15.693233154599557 6502.248313742848 6486.5550805882485 8000.0
100000.0 110000.0 6486.214753906272 381.7806036658652 309.2694849709029 823.1579999999958 22.813999999998487 12926.76513474751 1704.1198933194917 1687.6442726752175 1704.1198933194917 15.475620644274109 9823066.435425082 6066.197011162653 16.47562064427411 6066.197011162653 6048.721390518379 8000.0
110000.0 120000.0 6725.331574218726 424.3679394531275 190.34568905425758 759.8630000000121 53.957275390625 12592.432602492629 1740.4594590407062 1725.360142652161 1740.4594590407062 15.099316388545336 9842798.460671056 6084.287562752045 15.099316388545336 6084.287562752045 6069.1882463635 8000.0
120000.0 130000.0 4708.003373046871 452.39692427884887 382.76654945134646 996.1380000000063 3.220999999990454 14651.081948751396 2091.174764801296 2073.609505018801 2091.174764801296 17.565259782495335 11727896.523318306 7350.780704191862 17.565259782495335 7350.780704191862 7333.215444409367 8000.0
130000.0 140000.0 5995.73201953122 362.33838834635634 353.26373758895534 830.9670000000042 34.19270898436662 11862.124165699035 1957.017972284714 1942.8106945799195 1957.017972284714 14.207277704794341 9938825.721786985 5995.078153394804 14.207277704794341 5995.078153394804 5980.87087569001 8000.0
140000.0 150000.0 7065.656250000029 366.58548650568065 240.49300032936668 832.2600488281169 54.935302734375 14624.640765250122 1629.7813532191087 1612.7697378392893 1630.7813532191087 17.011615379819425 9835673.960938863 6280.725357416487 18.011615379819425 6280.725357416487 6261.713742036668 8000.0
150000.0 160000.0 5959.582644531241 409.4727146809916 241.50948976275632 786.0050000000047 54.52587890625 10964.703958896302 1510.0690449693218 1495.906315782141 1510.0690449693218 13.162729187180673 8003348.130214525 4801.169024297512 14.162729187180673 4801.169024297512 4786.006295110332 8000.0
160000.0 170000.0 6764.979775390617 425.26433567708204 223.02572996890837 862.2250000000058 52.53599999999278 20590.965542968075 2346.5709170539344 2322.100309491881 2348.5709170539344 23.470607562053512 13619403.908737257 8251.70900388565 26.470607562053512 8251.70900388565 8222.238396323597 8000.0
170000.0 180000.0 7094.442917968758 303.8853797940352 307.90714976668676 882.265000000014 36.2770859375014 10479.081599843505 1488.8546048031017 1476.2870366105192 1488.8546048031017 12.567568192582534 7927796.081074666 5141.053118420802 12.567568192582534 5141.053118420802 5128.485550228219 8000.0
180000.0 190000.0 6474.247136718739 397.55790315755195 245.7234991929429 818.484999999986 58.85800000000745 15450.963455103156 2111.6362532830244 2093.0951854998757 2111.6362532830244 18.541067783148566 11671164.472108297 7187.720766826328 18.541067783148566 7187.720766826328 7169.179699043179 8000.0
190000.0 200000.0 7936.470037109364 335.4763996093767 336.0744586134894 999.9690000000119 23.497999999992317 12892.886550748146 1709.6091258749009 1694.172061120879 1709.6091258749009 15.437064754021677 9994241.505988631 6528.848759966367 15.437064754021677 6528.848759966367 6513.411695212344 8000.0
200000.0 210000.0 6553.868222656252 439.85130841619156 186.1029174861564 760.4249999999884 52.601318359375 12373.484220011973 2220.6563524704325 2205.820829313791 2220.6563524704325 14.835523156640933 9828571.062235879 6194.951386379436 14.835523156640933 6194.951386379436 6180.115863222796 8000.0
210000.0 220000.0 7294.239435546857 412.74005917968753 206.87380957457702 649.7656816406234 53.23291015625 12933.693621967202 1807.3720255952576 1791.8615513519237 1807.3720255952576 15.51047424333398 9954679.551808292 6243.210196554497 15.51047424333398 6243.210196554497 6227.699722311163 8000.0
220000.0 230000.0 8174.882507812494 199.78319975142156 67.9545228101826 269.6710000000021 50.360107421875 12484.917093126674 1813.603934587996 1798.634154957723 1813.603934587996 14.969779630273102 9744106.486618828 6044.682686117868 14.969779630273102 6044.682686117868 6029.712906487594 8000.0
230000.0 240000.0 6134.5424238280975 435.8269879557338 327.26313990287497 986.8090000000084 33.886962890625 14489.069394483362 2172.098243457418 2154.7282803315347 2172.098243457418 17.36996312588357 11856924.41658886 7467.394616285841 16.70663094723813 7467.394616285841 7450.6879853386035 8000.0
240000.0 250000.0 7190.3731699218915 359.9913632812439 272.45192015242634 993.7069999999949 53.282958984375 12232.114110421611 1665.2861129491762 1649.632963418548 1665.2861129491762 14.653149530628449 9822893.052710429 6112.827790903478 15.31648170927389 6112.827790903478 6097.511309194204 8000.0
250000.0 260000.0 7633.378519531223 275.51317008463957 203.61213332485227 774.625 50.069000000017695 14881.741112077449 1752.9551657279849 1735.698742187014 1753.9551657279849 17.2564235409709 9775160.014507137 6139.754496836689 18.2564235409709 6139.754496836689 6120.498073295719 8000.0
260000.0 270000.0 6443.224583984353 329.0776400240407 263.4467940050824 904.8850000000093 36.681999999971595 12095.481717842102 1783.478372777954 1767.9899495358893 1783.478372777954 14.4884232420647 9952565.64016165 5995.994684834585 15.4884232420647 5995.994684834585 5979.506261592521 8000.0
270000.0 280000.0 8173.459095703089 197.5344479758536 62.247878688386606 284.2930000000051 54.229248046875 12713.5674518455 1803.5016752694528 1788.2564132792777 1803.5016752694528 15.245261990175301 9866936.548150275 6204.237461239979 15.245261990175301 6204.237461239979 6188.992199249804 8000.0
280000.0 290000.0 7561.407662109355 265.3864577414775 144.68237884495787 531.1529999999912 52.415283203125 12162.014945264884 2058.410471708601 2043.8308051473905 2058.410471708601 14.579666561210464 9996453.06955087 6224.324164060577 14.579666561210464 6224.324164060577 6209.744497499366 8000.0
