ts te idle avg_span std_span max_span min_span c_bytes_all c_ack_cnt c_ack_cnt_p c_pkts_all c_pkts_data s_bytes_all s_ack_cnt s_ack_cnt_p s_pkts_all s_pkts_data videorate
0.0 10000.0 8237.565740234375 477.0624106445316 334.6478368986063 964.5159999999996 101.82700000000114 23381.233879035695 2311.4553094661005 2285.2100348539084 2315.4553094661005 26.24527461219201 7701366.505777917 5084.057532502338 30.24527461219201 5084.057532502338 5049.812257890147 4400.0
10000.0 20000.0 7813.506525390621 194.16219726562537 108.5701059678011 451.48399999999674 28.838999999999942 14169.660903037844 2085.7500745850934 2067.7667829446127 2085.7500745850934 16.98329164048112 9505787.157619366 6260.4392362627 17.98329164048112 6260.4392362627 6241.455944622219 7485.714285714285
20000.0 30000.0 7379.4223281250015 258.20463364955293 274.5497913422851 960.002999999997 31.68602343749808 14471.834845144744 2243.694500838062 2226.358067533469 2243.694500838062 17.336433304593243 11917865.233088046 7285.747756181776 17.336433304593243 7285.747756181776 7268.411322877184 8000.0
30000.0 40000.0 8529.868390625008 178.3420085227269 54.441786936559296 243.49199999999837 85.5110820312475 12195.821466127505 1583.0076544352112 1568.3839181677504 1583.0076544352112 14.623736267460735 9331791.656570492 5805.855396641834 14.623736267460735 5805.855396641834 5791.231660374373 8000.0
40000.0 50000.0 8258.869632812508 174.5963237304683 70.4639155452828 263.2450000000026 23.135880859372264 12737.85343063867 1592.0359433689234 1576.7622035119587 1592.0359433689234 15.27373985696465 9687283.565893633 5967.572647359653 15.27373985696465 5967.572647359653 5952.298907502688 8000.0
50000.0 60000.0 8166.135281249997 211.60151035156304 140.2758074992703 446.346000000005 22.313999999998487 11280.59547601554 1507.056517306609 1493.5189929883009 1507.056517306609 13.537524318308243 8776795.881050544 5073.327431051697 13.537524318308243 5073.327431051697 5059.789906733389 8000.0
60000.0 70000.0 8078.291042968747 367.57014285714416 371.50169441086365 901.351999999999 28.069000000003143 9146.0 988.0 977.0 988.0 11.0 5812168.0 3652.0 11.0 3652.0 3641.0 8000.0
70000.0 80000.0 6744.898525390614 440.3444124348959 359.16809613438966 999.400999999998 81.97299999999814 19610.055259443958 2821.463737902968 2797.9957387824884 2821.463737902968 23.467999120479757 16342153.047579357 10138.214934021467 23.467999120479757 10138.214934021467 10114.746934900988 8000.0
80000.0 90000.0 8110.856527343756 211.71473135653252 89.21708934781387 399.7749999999942 99.468994140625 12405.486651177656 1721.3348713175455 1706.4589964349116 1721.3348713175455 14.875874882633797 9410819.21732763 5738.773775618278 14.875874882633797 5738.773775618278 5723.897900735645 8000.0
90000.0 100000.0 6807.872970703131 361.3053000710219 187.3884560598893 696.3509999999951 70.477294921875 12434.701086534249 1713.9960515058854 1699.0854801442056 1713.9960515058854 14.910571361679631 9468907.024733853 5640.414320648672 14.910571361679631 5640.414320648672 5625.503749286992 8000.0
100000.0 110000.0 8061.765492187507 227.0678900923297 82.98299263810965 385.99099999999453 121.322998046875 12127.608193053436 1573.4362753330815 1558.898288697688 1573.4362753330815 14.537986635393583 10122339.062914094 5713.853543518823 14.537986635393583 5713.853543518823 5699.315556883429 8000.0
110000.0 120000.0 7895.615416015644 203.26531738280997 127.10625167155591 512.2969999999914 72.45691210936639 12021.674092600977 1638.8249850954753 1624.418079822322 1638.8249850954753 14.406905273153303 9702043.617254078 6205.998987915828 14.406905273153303 6205.998987915828 6191.592082642675 8000.0
120000.0 130000.0 6879.861000000004 363.467346354167 262.90011788999925 857.7950000000128 118.94099999999162 14165.659578502684 1878.8794778827996 1860.9053901093462 1878.8794778827996 16.974087773453377 11174963.995229527 6985.439041596579 16.974087773453377 6985.439041596579 6967.464953823126 8000.0
130000.0 140000.0 8147.885964843736 233.3299044744318 79.06164160044253 321.45900000000256 45.58100000000559 12352.815138687041 1496.064600962245 1481.2380260090385 1496.064600962245 14.82657495320655 9145369.034961464 5341.305396680351 14.82657495320655 5341.305396680351 5326.478821727144 8000.0
140000.0 150000.0 5686.154408203118 555.5980898437526 350.94479857008963 998.8129999999946 95.01000000000931 13903.58553502175 1834.1237160002097 1817.4832515001835 1834.1237160002097 16.640464500026205 11622200.17922197 7174.123716000209 16.640464500026205 7174.123716000209 7157.4832515001835 8000.0
150000.0 160000.0 7430.33767773438 359.53166779119056 177.2729823158014 584.5039999999863 51.49100000000908 11428.621380463615 1400.5184129448485 1386.799008029636 1400.5184129448485 13.719404915212287 8423703.303754931 4767.374664270596 13.719404915212287 4767.374664270596 4753.655259355384 8000.0
160000.0 170000.0 7935.9108691406145 307.713975585936 236.69910142838523 843.3559999999998 31.8070000000007 13879.793084514633 1810.3578710549418 1793.7177404701804 1810.3578710549418 16.640130584761508 10882941.517023101 6800.501619729193 16.640130584761508 6800.501619729193 6783.861489144432 8000.0
170000.0 180000.0 7636.587009765615 414.36645008680836 352.9695684857098 939.0070000000123 24.972999999998137 15823.314526050131 1791.281485596422 1772.9200669194029 1792.281485596422 18.36141867701916 10627053.677220922 6024.272309702424 19.36141867701916 6024.272309702424 6003.910891025404 8000.0
180000.0 190000.0 8057.198205078108 183.4034540264424 109.49424275961424 434.9439999999886 23.47599999999511 12376.016396608742 1476.0707028027596 1460.2298282224642 1476.0707028027596 14.84087458029542 9332957.933334706 5503.406701454635 15.84087458029542 5503.406701454635 5486.56582687434 8000.0
190000.0 200000.0 5610.245984375011 420.9686406250006 314.6546339004774 962.7930000000051 31.8179999999993 12988.145680801048 2088.8183269416245 2073.2658291104335 2088.8183269416245 15.552497831191353 11207943.996613797 6967.491504183748 15.552497831191353 6967.491504183748 6951.939006352556 8000.0
200000.0 210000.0 7080.540240234375 333.92266122159145 185.448982410906 708.7239999999874 190.4052734375 12180.911502371475 1796.9174899244306 1782.309612591191 1796.9174899244306 14.607877333239674 9603500.208611544 5969.91748992443 14.607877333239674 5969.91748992443 5955.309612591191 8000.0
210000.0 220000.0 7091.87553125 325.1222583451705 252.46714955820624 976.5180000000109 116.35800000000745 14233.179776764986 1675.2416267867322 1658.1760673194085 1675.2416267867322 17.06555946732373 10487356.999546276 6599.393305376618 17.06555946732373 6599.393305376618 6582.327745909294 8000.0
220000.0 230000.0 7646.056240234349 291.81497549716204 174.77509933331032 639.6540000000095 124.240966796875 11429.906138238075 1649.7063272071407 1636.0054609757608 1649.7063272071407 13.700866231379791 9515757.959191177 5809.295155528579 13.700866231379791 5809.295155528579 5795.594289297199 8000.0
230000.0 240000.0 8123.201027343748 259.25377521306984 121.4045840901589 462.72099999999045 60.95100000000093 11220.66476954996 1531.7479284809206 1518.283769424484 1531.7479284809206 13.464159056436259 8525175.3467172 5363.7980375514435 13.464159056436259 5363.7980375514435 5350.333878495007 8000.0
240000.0 250000.0 6800.125654296891 326.6748260091117 246.3782362182509 988.3319999999949 120.95799999998417 14864.67061405528 1788.4080139314467 1770.5905671030591 1788.4080139314467 17.817446828387407 11338574.801903786 7362.442503185487 17.817446828387407 7362.442503185487 7344.625056357099 8000.0
250000.0 260000.0 8154.245505859319 211.72453462358416 62.46793099803049 340.9000000000233 110.287109375 12091.719017555848 1863.2799897038742 1848.7843543404213 1863.2799897038742 14.495635363452903 9936354.930228567 6088.746430041753 14.495635363452903 6088.746430041753 6074.250794678302 8000.0
260000.0 270000.0 7697.054478515638 265.730996256505 177.90448373948578 658.8850000000093 69.09694335935637 14459.086796119824 1766.3592046862157 1749.0344055916214 1766.3592046862157 17.324799094594212 11139509.463586984 7001.0886761003685 17.324799094594212 7001.0886761003685 6983.763877005775 8000.0
270000.0 280000.0 7328.285505859414 283.60107492897345 180.49789803506513 712.7050000000163 105.2900390625 11881.31504720833 1824.6319946179765 1810.3898361108531 1824.6319946179765 14.242158507123404 9773999.157631034 5806.2759771758065 14.242158507123404 5806.2759771758065 5792.033818668684 8000.0
280000.0 290000.0 8138.425167968788 206.4952532552076 63.347885001071 302.6659609375056 105.6630859375 13220.968080192337 1793.0834939383024 1777.2309485137612 1793.0834939383024 15.852545424541168 10159989.86579005 6375.567444879038 15.852545424541168 6375.567444879038 6359.714899454497 8000.0
290000.0 300000.0 8098.129449218803 211.02608772786334 134.57177668333978 547.5069999999832 22.4881015624851 12640.366254025685 1582.2447059780734 1567.0868572002055 1582.2447059780734 15.157848777867914 9595210.283655852 6034.408513417169 15.157848777867914 6034.408513417169 6019.250664639301 8000.0
