ts te idle avg_span std_span max_span min_span c_bytes_all c_ack_cnt c_ack_cnt_p c_pkts_all c_pkts_data s_bytes_all s_ack_cnt s_ack_cnt_p s_pkts_all s_pkts_data videorate
0.0 10000.0 8436.299029296875 511.13601334635376 294.6340725545188 781.1059999999998 27.60099999999875 13389.594603793194 448.85380244723035 434.3521931069632 452.85380244723035 14.501609340267137 1580438.6686067046 1048.0243925155469 18.501609340267137 1048.0243925155469 1025.5227831752798 4400.0
10000.0 20000.0 4254.448054687498 509.8471780790445 337.4530818134097 985.1770000000033 25.807999999997264 24374.66827619367 3694.3882363121083 3664.2517662224623 3694.3882363121083 29.136470089646004 15497394.732651478 9626.216294024032 30.136470089646004 9626.216294024032 9595.079823934386 5784.615384615385
20000.0 30000.0 7926.364761718745 210.24252982954667 105.49952597187168 428.5520000000033 120.73489257812616 12385.435413217585 1796.7718845281013 1781.9198234672726 1796.7718845281013 14.852061060828486 9589941.511169903 5631.947621368889 14.852061060828486 5631.947621368889 5617.09556030806 8000.0
30000.0 40000.0 7611.724205078128 308.52925039062467 219.45130287776558 709.1500000000015 38.13799999999901 11786.140098006836 2173.109030068837 2158.9862742215696 2173.109030068837 14.122755847267458 10519908.656753458 6515.247453739196 14.122755847267458 6515.247453739196 6501.124697891928 8000.0
40000.0 50000.0 6924.088769531263 291.0365842848539 170.61821251679305 577.4219999999987 116.66199999999662 14738.100227217585 2053.4868416218083 2035.8207134723723 2053.4868416218083 17.66612814943613 10690181.161151892 6369.5097212363735 17.66612814943613 6369.5097212363735 6351.843593086937 8000.0
50000.0 60000.0 6902.812134765612 310.4573588423307 186.65755049418212 560.8399999999965 120.40200000000186 12795.484658459545 2162.386005736391 2147.046950322543 2162.386005736391 15.33905541384744 10659018.574234502 6397.945914324025 15.33905541384744 6397.945914324025 6382.606858910177 8000.0
60000.0 70000.0 6800.465212890616 321.0460255681828 251.00289583418342 883.4850000000006 124.721000000005 12312.71431512215 1865.3888543316368 1850.6231603706842 1865.3888543316368 14.76569396095267 9278801.701983502 5562.1413490474915 14.76569396095267 5562.1413490474915 5547.375655086539 8000.0
70000.0 80000.0 6931.9721855468815 312.45834055397694 177.64871253137912 565.3940000000002 137.70799999999872 12659.076292361244 2228.188277597842 2213.0112273693844 2228.188277597842 15.177050228457535 10196120.45565552 6113.314894850912 15.177050228457535 6113.314894850912 6098.137844622455 8000.0
80000.0 90000.0 5973.974160156256 375.8544579326923 281.660319957034 862.573000000004 103.64299999999639 16371.438201710065 2443.9581651788294 2423.9457682646844 2444.9581651788294 19.012396914144972 11879696.715445027 7227.049022216453 20.012396914144972 7227.049022216453 7205.036625302308 8000.0
90000.0 100000.0 6615.306724609371 311.9721731770842 198.6815921184235 610.9229999999952 112.14299999999639 12475.41829576328 2064.5573387256454 2048.59840963329 2064.5573387256454 14.95892909235544 9789748.58074543 5688.276556625918 15.95892909235544 5688.276556625918 5671.317627533563 8000.0
100000.0 110000.0 6940.329509765623 319.60144193891955 171.79089026095554 606.9210000000021 169.9780000000028 12304.900923621626 1945.785538033897 1931.0291236352964 1945.785538033897 14.756414398600507 9398506.559902908 5737.379355057011 14.756414398600507 5737.379355057011 5722.62294065841 8000.0
110000.0 120000.0 7025.426250000019 302.6094628906232 190.95054364365504 614.1059999999998 88.51000000000931 12713.69929718645 2103.6320676478585 2088.3901444920552 2103.6320676478585 15.241923155803384 10204354.13813124 6132.72163790364 15.241923155803384 6132.72163790364 6117.479714747837 8000.0
120000.0 130000.0 7504.511710937513 284.160236111108 176.62391012808368 516.3699999999953 48.89199999999255 11774.00636102896 1921.5051427997937 1907.3921328930287 1921.5051427997937 14.11300990676477 9945137.408382764 6096.215992569598 14.11300990676477 6096.215992569598 6082.102982662832 8000.0
130000.0 140000.0 6946.055732421897 368.47088515624637 210.79789834880407 651.359999999986 152.71299999998882 15046.524298718316 2603.9968537122395 2585.96909086396 2603.9968537122395 18.027762848279504 12014699.489862863 7551.677895293243 18.027762848279504 7551.677895293243 7533.650132444964 8000.0
140000.0 150000.0 7333.441964843747 266.75700195312805 199.78994281621843 744.7010000000009 94.19802929688012 12334.95596472953 1842.707961576526 1827.9158523547571 1842.707961576526 14.792109221769039 9502113.827062508 5707.280232654375 14.792109221769039 5707.280232654375 5692.488123432606 8000.0
150000.0 160000.0 7311.638718750008 279.46455486505346 179.62815638644093 676.2170000000042 114.74299999998766 12508.667288262008 1970.3808654804209 1955.3824482734587 1970.3808654804209 14.998417206962005 9812428.32387045 5942.259379921616 14.998417206962005 5942.259379921616 5927.260962714654 8000.0
160000.0 170000.0 7170.264451171854 284.1409247159106 181.82536581720848 623.140000000014 100.76500000001397 12501.967587027088 2001.495816394629 1986.5053560774945 2001.495816394629 14.99046031713431 9841852.70945415 5978.410222759744 14.99046031713431 5978.410222759744 5963.41976244261 8000.0
170000.0 180000.0 7724.724144531239 247.55286542968824 122.25816682221718 469.7719999999972 94.33600000001024 11918.412757856953 1774.7624127836607 1760.4770042284124 1774.7624127836607 14.285408555248306 10125422.578226257 6050.602784136485 14.285408555248306 6050.602784136485 6036.317375581237 8000.0
180000.0 190000.0 5627.347039062501 449.37473810369426 258.12875985386165 986.2850000000035 54.79300000000512 14576.979183447935 2226.1810399623964 2208.7132504291512 2226.1810399623964 17.467789533244947 11319341.378840312 6770.807723688338 17.467789533244947 6770.807723688338 6753.339934155093 8000.0
190000.0 200000.0 7315.888064453116 270.09740934244957 155.79095940010578 564.0979999999981 15.443013671872905 12971.171017174935 2226.89597396675 2211.346840750635 2226.89597396675 15.549133216114612 10694329.317059794 6435.923550329157 15.549133216114612 6435.923550329157 6420.374417113043 8000.0
200000.0 210000.0 8083.542189453146 214.19263636363428 87.1263182086172 353.30199999999604 71.92004687499139 12329.040808430324 1784.734599389199 1769.949515293676 1784.734599389199 14.785084095522947 9390552.340425879 5885.771751940028 14.785084095522947 5885.771751940028 5870.986667844505 8000.0
210000.0 220000.0 7302.121455078101 365.4242416992238 214.84487755836756 634.4290000000037 66.92300000000978 11800.512482207738 2083.054084721856 2068.9092048865696 2083.054084721856 14.144879835286474 9860003.528073443 6058.137367575089 14.144879835286474 6058.137367575089 6043.9924877398025 8000.0
220000.0 230000.0 7693.517164062505 332.7297903645797 265.3413155761821 726.929999999993 48.695000000006985 13607.091648462985 2401.779206982344 2385.463749370278 2401.779206982344 16.31545761206593 10728856.642310014 6530.138886222841 16.31545761206593 6530.138886222841 6513.823428610775 8000.0
230000.0 240000.0 7819.516732421878 405.1747525111631 286.3253392629244 925.1110000000044 64.29099999999744 11581.595095932662 1835.726965634783 1821.848057772244 1835.726965634783 13.878907862539133 8943986.27205196 5339.024582402784 13.878907862539133 5339.024582402784 5325.145674540245 8000.0
240000.0 250000.0 6655.912210937473 355.46588834635867 245.39270992856999 706.4997324218857 55.96500000002561 17018.452375997258 2569.703259064769 2549.837505689982 2570.703259064769 19.86575337478691 11925008.225307038 7277.811746408596 20.86575337478691 7277.811746408596 7255.94599303381 8000.0
250000.0 260000.0 7469.7098359374795 277.1970974786937 169.06605731241757 522.2270000000135 52.897999999986496 13556.952528070082 2163.569775300448 2147.314436537774 2163.569775300448 16.255338762673958 10597254.502641 6714.163671188619 16.255338762673958 6714.163671188619 6697.908332425945 8000.0
260000.0 270000.0 7974.17074804689 310.41699999999645 179.92157294220547 670.7679999999818 63.03299999999581 12510.0 1844.0 1829.0 1844.0 15.0 9931159.0 6068.0 15.0 6068.0 6053.0 8000.0
270000.0 280000.0 7210.019072265655 340.49882315340534 271.6074559126103 992.1990000000224 56.51899999997113 11569.420761079622 2134.2243876693638 2120.3598535811343 2134.2243876693638 13.864534088229394 9391711.575679976 5622.708158752033 13.864534088229394 5622.708158752033 5608.843624663803 8000.0
280000.0 290000.0 7603.282933593786 278.2363586647658 154.01554714044417 629.8579609374865 61.021999999997206 13450.579238920378 2022.7756123306362 2006.6401464188657 2022.7756123306362 16.135465911770606 10261236.424320024 6354.291841247967 16.135465911770606 6354.291841247967 6338.156375336196 8000.0
290000.0 300000.0 7400.564187500044 376.47038427733787 222.1013479279171 705.2910000000265 96.97999999998137 12004.13425912195 1811.7877932048623 1796.9409333660094 1812.2495081645757 14.385144879139716 9253591.636762952 5538.85721724211 14.385144879139716 5538.85721724211 5524.47207236297 8000.0
