ts te idle avg_span std_span max_span min_span c_bytes_all c_ack_cnt c_ack_cnt_p c_pkts_all c_pkts_data s_bytes_all s_ack_cnt s_ack_cnt_p s_pkts_all s_pkts_data videorate
0.0 10000.0 8294.559021484372 346.9028635602684 336.79672995528415 999.9530000000013 73.35599999999977 18632.365770672106 1375.0544215491027 1354.2521311463054 1379.0544215491027 20.80229040279746 4987752.990034769 3186.747355472818 24.80229040279746 3186.747355472818 3157.94506507002 4400.0
10000.0 20000.0 6868.7386230468765 260.1539570312495 206.0202236697861 783.1990000000005 24.099999999998545 18114.903648090774 2592.8641689605274 2570.179973901517 2592.8641689605274 21.68419505901106 13112414.576540655 7998.170969645219 22.68419505901106 7998.170969645219 7974.486774586208 7200.0
20000.0 30000.0 5966.988787109374 368.18999902343785 275.6181076220229 949.1900000000023 107.41700000000128 13726.077594127835 2291.837064608283 2275.3921401056073 2291.837064608283 16.444924502675853 11778988.079659713 7027.234479862951 16.444924502675853 7027.234479862951 7010.789555360275 8000.0
30000.0 40000.0 5904.968525390621 404.98880371093765 277.9150430977306 724.461000000003 58.19999999999709 12986.244533404826 1552.8440291367638 1537.2765323066687 1552.8440291367638 15.5674968300951 9908613.97612951 5597.504131078375 15.5674968300951 5597.504131078375 5581.936634248281 8000.0
40000.0 50000.0 4446.8172363281265 543.8770049715902 354.2853760148302 992.403999999995 106.99300000000221 12937.408453704458 1872.4003157453226 1856.8992225399022 1872.4003157453226 15.501093205420528 11319816.377635354 6480.343063940637 15.501093205420528 6480.343063940637 6464.841970735217 8000.0
50000.0 60000.0 5613.231787109384 463.7860996093752 216.23491428571708 942.0090000000055 217.10599999999977 12510.0 1907.0365226652134 1891.357681776809 1907.0365226652134 15.0 9823655.292181322 6087.357681776809 15.0 6087.357681776809 6071.678840888404 8000.0
60000.0 70000.0 7993.638267578135 272.46326402698736 52.238259831507406 361.8859999999986 195.2280000000028 12510.0 1980.9634773347866 1965.642318223191 1980.9634773347866 15.0 9847655.70781868 6460.642318223191 15.0 6460.642318223191 6445.321159111596 8000.0
70000.0 80000.0 6969.569726562506 359.23017480468724 330.5373868442597 993.8540000000066 44.929000000003725 15918.34780025437 2575.9678180982937 2557.487255161766 2576.9678180982937 18.480562936527523 10354802.683461584 6327.980858067415 19.480562936527523 6327.980858067415 6307.500295130887 8000.0
80000.0 90000.0 5717.31433593751 595.3949173828121 304.29162574925834 999.8589999999967 62.50500000000466 13415.007122909197 2119.292557541683 2103.2092730109375 2119.292557541683 16.08328453074512 10631393.662080219 6805.408897196139 15.519437063472477 6805.408897196139 6789.889460132667 8000.0
90000.0 100000.0 5032.665054687503 499.8873389559647 364.0138807979791 965.3429999999935 56.26799999999639 10365.645076836432 1448.7396243600238 1436.3034718272963 1448.7396243600238 12.436152532727355 8437905.654458197 5038.610244736446 13.0 5038.610244736446 5025.610244736446 8000.0
100000.0 110000.0 6212.958248046882 393.42114285714445 262.4547533739743 949.8730000000069 45.979000000006636 15832.0 2139.0 2120.0 2139.0 19.0 11720326.0 7081.0 19.0 7081.0 7062.0 8000.0
110000.0 120000.0 7485.267048828129 304.99816666666203 168.3000558871149 620.1639999999898 101.83499999999185 12510.0 1505.0 1490.0 1505.0 15.0 10040214.0 5883.0 15.0 5883.0 5868.0 8000.0
120000.0 130000.0 6776.052777343779 414.786917067303 384.8724279784347 999.9929999999877 0.0 15870.631518593844 1565.8945358696396 1547.4713932479863 1566.8945358696396 18.42314262165324 10032777.537582755 5942.169731273658 19.42314262165324 5942.169731273658 5921.746588652005 8000.0
130000.0 140000.0 5514.558513671858 505.1589066051158 295.23353756736725 998.2520000000077 168.07300000000396 13461.059132383187 1994.3454018053017 1977.2067265599098 1994.3454018053017 16.138675245391916 10526460.004022624 6444.431816518133 16.57685737834676 6444.431816518133 6426.854959139787 8000.0
140000.0 150000.0 3895.119074218732 471.2468646763404 350.56990860494193 982.3040000000037 4.36699999999837 12049.30934902297 1636.7600623250587 1622.321880192104 1636.7600623250587 14.438182132954841 10025411.45839462 5435.398452208209 15.0 5435.398452208209 5420.398452208209 8000.0
150000.0 160000.0 6566.449265625008 445.5116000000009 179.78517608536106 746.7669999999925 169.1820000000007 12510.0 1745.0 1730.0 1745.0 15.0 9924198.0 5933.0 15.0 5933.0 5918.0 8000.0
160000.0 170000.0 7641.36196679686 285.73509999999953 119.85266450980745 525.5890000000072 171.92499999998836 12510.0 1552.0 1537.0 1552.0 15.0 9721436.0 5336.0 15.0 5336.0 5321.0 8000.0
170000.0 180000.0 6349.217248046829 360.6225000000025 259.76719905838394 835.015000000014 43.22599999999511 12510.0 1633.0 1617.0 1633.0 15.0 9696898.0 5905.0 15.0 5905.0 5889.0 8000.0
180000.0 190000.0 7223.452386718767 317.2310029296859 256.16042589474813 990.1119999999937 52.04199999998673 14566.004444405451 1656.3511833044793 1638.8746436601887 1656.3511833044793 17.476539644290554 10311863.785112724 6201.043291852528 17.476539644290554 6201.043291852528 6183.566752208237 8000.0
190000.0 200000.0 4963.609859375021 504.7476637369812 251.82836601335615 913.1780000000144 81.9770000000135 12955.995555594549 1789.6488166955207 1774.1253563398113 1789.6488166955207 15.523460355709444 11337906.214887276 6940.956708147472 15.523460355709444 6940.956708147472 6925.433247791763 8000.0
200000.0 210000.0 7051.949849609373 395.46018181818494 130.50419443207306 648.5270000000019 195.75899999999092 14615.0 1491.0 1474.0 1492.0 17.0 9604978.0 5765.0 18.0 5765.0 5746.0 8000.0
210000.0 220000.0 8096.986593750014 289.1082841796867 131.13158444017137 472.7190000000119 72.38800000000629 13756.81034451241 1635.879185799547 1619.3896426653564 1635.879185799547 16.489543134190626 10381332.282194162 6368.529129622847 16.489543134190626 6368.529129622847 6352.039586488657 8000.0
220000.0 230000.0 6075.744869140646 418.0399021484365 306.2444255228388 729.3910000000033 61.02700000000186 12945.18965548759 1803.120814200453 1787.6103573346436 1803.120814200453 15.510456865809374 11198592.717805838 6659.470870377152 15.510456865809374 6659.470870377152 6643.960413511343 8000.0
230000.0 240000.0 4751.128890624997 410.2736428571391 363.3401802836514 939.9720000000088 10.853999999992084 12510.0 1589.0 1574.0 1589.0 15.0 9704939.0 5522.0 15.0 5522.0 5507.0 8000.0
240000.0 250000.0 6103.426720703137 431.6310000000045 314.8294135235718 974.1329999999725 54.493000000016764 12510.0 1904.0 1889.0 1904.0 15.0 9986080.0 6254.0 15.0 6254.0 6239.0 8000.0
250000.0 260000.0 6906.071917968686 377.0117436079626 210.02360795742808 719.484999999986 27.493000000016764 11829.751673210085 2020.7402487053396 2006.5424148268894 2020.7402487053396 14.197833878450123 8283087.876668577 4961.719047168498 14.197833878450123 4961.719047168498 4947.521213290048 8000.0
260000.0 270000.0 5599.14599609375 394.8396784855778 292.7966684907433 942.6840000000084 25.213999999978114 13190.248326789915 1863.2597512946604 1847.4575851731106 1863.2597512946604 15.802166121549877 11320239.123331422 6520.280952831501 15.802166121549877 6520.280952831501 6504.478786709952 8000.0
270000.0 280000.0 7275.739705078071 318.84341666667024 240.4631711496769 709.9309999999823 55.95899999997346 12510.0 1661.0 1646.0 1661.0 15.0 9595764.0 5677.0 15.0 5677.0 5662.0 8000.0
280000.0 290000.0 3374.6129882812384 652.7176666666686 380.0624487304296 998.50900000002 52.30999999999767 14192.0 1846.0 1829.0 1846.0 17.0 11703275.0 6623.0 17.0 6623.0 6606.0 8000.0
290000.0 300000.0 6577.728572265594 377.84900000001073 227.46854054230448 919.5040000000154 72.08100000000559 12510.0 1508.0 1493.0 1508.0 15.0 9698102.0 5274.0 15.0 5274.0 5259.0 8000.0
