ts te idle avg_span std_span max_span min_span c_bytes_all c_ack_cnt c_ack_cnt_p c_pkts_all c_pkts_data s_bytes_all s_ack_cnt s_ack_cnt_p s_pkts_all s_pkts_data videorate
0.0 10000.0 8539.119169921876 302.25248409598134 289.5850097232741 906.7779999999984 83.74299999999857 14755.166180920243 864.5826696595077 848.556746387361 868.5826696595077 16.0259232721467 1919593.5800821176 1231.23854617674 19.79297423776081 1231.23854617674 1207.4455719389794 4400.0
10000.0 20000.0 5956.013707031263 367.55049555121434 288.46541978975443 998.4259999999995 31.12000000000262 22782.377166016988 3148.4918266313266 3120.2629478287254 3148.4918266313266 27.2288788026006 14402714.356466213 8873.106455130146 28.46182783698649 8873.106455130146 8843.644627293159 5900.0
20000.0 30000.0 6117.431982421869 358.658423227164 292.7963668209052 875.4080000000031 76.847900390625 13681.932103385358 2317.0635323695587 2300.6782203171133 2317.0635323695587 16.38531205244518 11748201.529053524 7200.265829907234 16.38531205244518 7200.265829907234 7183.880517854787 8000.0
30000.0 40000.0 7445.531490234374 286.4317788085943 160.25958953022274 550.5809999999983 90.54908984374924 12248.383988409247 1848.5750336140454 1833.8909881644354 1848.5750336140454 14.684045449610236 10017378.38168468 6427.613297778456 14.684045449610236 6427.613297778456 6412.929252328846 8000.0
40000.0 50000.0 7754.441923828126 219.10544531250065 114.49091654324089 426.1319999999978 26.573000000003958 14254.310056763614 1652.9707426944105 1635.88496225281 1652.9707426944105 17.085780441600424 7920694.555598804 5017.045109649809 17.085780441600424 5017.045109649809 4999.95932920821 8000.0
50000.0 60000.0 6624.227457031244 417.74077088341267 291.34248810826995 999.9909999999945 102.240966796875 14159.207895938745 2338.705310031925 2321.7466308205962 2338.705310031925 16.958679211328676 11616273.020821186 7432.5633754143455 16.958679211328676 7432.5633754143455 7415.604696203017 8000.0
60000.0 70000.0 7536.081052734386 293.10699804687346 124.0135195317354 479.5390000000043 115.741943359375 14192.262972673507 1952.0185133157095 1935.0182009966195 1952.0185133157095 17.000312319089673 11598187.29404065 6717.749452542546 17.000312319089673 6717.749452542546 6700.749140223456 8000.0
70000.0 80000.0 6603.15179296874 316.06410644531206 315.95744623796514 974.1589999999997 8.229999999995925 11765.825694425668 1741.2476737506022 1727.143806915941 1741.2476737506022 14.103866834661252 9747423.275392994 5574.474938514107 14.103866834661252 5574.474938514107 5560.371071679446 8000.0
80000.0 90000.0 7796.418566406268 241.0832281901021 108.09355049355986 409.0639999999985 109.157958984375 13222.178784470549 1830.803988732708 1814.9458549986089 1830.803988732708 15.858133734099104 9816018.917203926 5650.2200162244335 15.858133734099104 5650.2200162244335 5634.361882490335 8000.0
90000.0 100000.0 6600.124660156245 370.7556399147738 275.6624287797662 934.0240000000049 99.30810546875 11197.977284378809 1894.1328173608904 1880.71068093922 1894.1328173608904 13.42213642167029 9436717.747949619 5798.000901833888 13.42213642167029 5798.000901833888 5784.578765412218 8000.0
100000.0 110000.0 6144.187833984368 372.7597660757232 269.1518572959626 857.9419999999955 75.04200000000128 13932.490933727473 2102.1771114109315 2085.4878750572802 2102.1771114109315 16.68923635365171 11551474.840134388 6674.039363525073 16.68923635365171 6674.039363525073 6657.350127171421 8000.0
110000.0 120000.0 5808.34963085936 447.2725900065125 284.86922309618126 919.2729999999865 58.12200000000303 11489.744600313243 1718.2448470254635 1703.4585777257582 1718.2448470254635 13.786269299705083 9037667.045103183 4963.367368724772 13.786269299705083 4963.367368724772 4948.581099425067 8000.0
120000.0 130000.0 5921.615183593734 381.50369963727593 261.10838651190784 895.5080000000016 67.46499999999651 19609.05417720045 2427.988807203609 2404.734547361667 2429.988807203609 22.254259841942076 11070404.440743411 6494.307118654679 25.254259841942076 6494.307118654679 6466.052858812736 8000.0
130000.0 140000.0 7789.291642578115 285.9892879971594 177.13412417960333 660.1300000000047 56.78599999999278 12096.088161376114 1768.9971261993119 1754.479960233863 1768.9971261993119 14.517165965448987 9247769.015725309 5101.00822592377 14.517165965448987 5101.00822592377 5086.491059958321 8000.0
140000.0 150000.0 7959.244773437502 305.4514865234349 147.4377470294696 531.7619999999879 113.324951171875 12691.479204407426 2139.941095886909 2124.74386346577 2139.941095886909 15.19723242113885 11026371.775306324 6502.952922575434 15.19723242113885 6502.952922575434 6487.755690154296 8000.0
150000.0 160000.0 7075.3628125000105 304.95415387835027 168.93616660410984 652.9580000000133 50.5109999999986 15100.318367106493 1792.2290412879865 1773.6394094919906 1793.2290412879865 17.58963179599597 9064880.15843335 5350.475202060525 19.58963179599597 5350.475202060525 5328.885570264529 8000.0
160000.0 170000.0 7848.975656250026 234.83349918619447 103.70456271507771 392.7960000000021 69.99201171874302 12455.468104472977 1792.0273766709684 1777.0995011186014 1792.0273766709684 14.927875552366913 9996437.933367973 5669.565837867462 14.927875552366913 5669.565837867462 5654.637962315096 8000.0
170000.0 180000.0 7519.545779296925 338.75573739345947 241.6065027671565 832.2809999999881 101.1469999999972 13181.462505088633 2019.3916548189925 2003.5982883462343 2019.3916548189925 15.793366472757938 11053615.218416318 6763.595206161435 15.793366472757938 6763.595206161435 6747.801839688678 8000.0
180000.0 190000.0 6339.7074765625 367.52690657552256 214.5543029375004 869.7630000000063 74.95300000000861 14590.271818924472 2043.4108313351435 2025.9189375774033 2043.4108313351435 17.49189375774033 11965158.914476037 7008.4108313351435 17.49189375774033 7008.4108313351435 6990.918937577403 8000.0
190000.0 200000.0 5624.816281250009 465.44519999999903 293.6220168015659 847.804999999993 67.80799999998999 12510.0 1655.0 1640.0 1655.0 15.0 8582601.0 4877.0 15.0 4877.0 4862.0 8000.0
200000.0 210000.0 6568.018548828142 377.69343294270703 394.95870491178516 999.1609999999928 23.203000000008615 16982.732132805 1058.9625042801522 1037.6351373848074 1058.9625042801522 20.327366895344618 4918048.860511216 2933.8858914465754 21.327366895344618 2933.8858914465754 2912.55852455123 3475.2
210000.0 220000.0 7267.078857421875 283.1173907877601 181.61651347172273 716.7850000000035 120.15200000000186 13342.250423641977 2289.0755826461805 2273.076366932918 2289.0755826461805 15.999215713262243 10273038.32340046 6558.929682363203 15.999215713262243 6558.929682363203 6542.930466649941 8000.0
220000.0 230000.0 6539.301429687504 348.46355575283684 266.48564266550545 859.0050000000047 97.697998046875 12456.117800368842 1861.3394184141318 1846.4034115253326 1861.3394184141318 14.936006888799099 9567083.02485363 5703.694686994365 14.936006888799099 5703.694686994365 5688.758680105566 8000.0
230000.0 240000.0 5397.414757812483 467.0729959309926 343.54844325952945 999.9079999999958 0.046000000002095476 12744.526101148305 2253.5408060266814 2238.280954008468 2253.5408060266814 15.259852018213467 11190572.588626228 6867.408050563003 15.259852018213467 6867.408050563003 6851.148198544789 8000.0
240000.0 250000.0 6123.082955078105 341.8200232872556 264.70693042971953 923.0999999999767 58.22399999998743 13571.857350979826 2012.2347126184147 1995.9577513394183 2012.2347126184147 16.276961278996232 10174142.871536208 6280.936868897538 16.276961278996232 6280.936868897538 6264.659907618542 8000.0
250000.0 260000.0 7197.499923828116 286.01363899739226 145.87316313080123 526.8699999999953 12.81298828125 12149.402704232045 1843.2831607454548 1828.7156860906657 1843.2831607454548 14.567474654789013 9574457.952021152 5958.349802693975 14.567474654789013 5958.349802693975 5943.782328039186 8000.0
260000.0 270000.0 6974.084894531174 298.1680239257839 169.50344535573356 572.4720000000088 99.75906835938804 13294.201771140817 2155.072860552975 2139.132044624045 2155.072860552975 15.940815928929759 10316157.824939862 6270.726841845176 15.940815928929759 6270.726841845176 6254.786025916247 8000.0
270000.0 280000.0 7437.5364628906245 247.26116569010387 152.5349569119572 488.7069999999949 0.08707226562546566 12271.830208392854 2021.0315618801524 2006.3157420198206 2021.0315618801524 14.715819860331923 9407131.564116154 6124.010626029151 14.715819860331923 6124.010626029151 6109.29480616882 8000.0
280000.0 290000.0 5003.075773437566 500.9463400065045 341.8457846862747 997.4249999999884 9.804892578104045 12940.610906246628 2469.494403435752 2454.0004113744712 2469.494403435752 15.493992061280982 11533009.666443266 7724.092559766908 15.493992061280982 7724.092559766908 7708.598567705627 8000.0
